frame, face_id, timestamp, confidence, success, AU01_r, AU02_r, AU04_r, AU05_r, AU06_r, AU07_r, AU09_r, AU10_r, AU12_r, AU14_r, AU15_r, AU17_r, AU20_r, AU23_r, AU25_r, AU26_r, AU45_r, AU01_c, AU02_c, AU04_c, AU05_c, AU06_c, AU07_c, AU09_c, AU10_c, AU12_c, AU14_c, AU15_c, AU17_c, AU20_c, AU23_c, AU25_c, AU26_c, AU28_c, AU45_c
1, 0, 0.000, 0.98, 1, 0.00, 0.00, 0.00, 0.00, 0.00, 0.00, 0.36, 0.32, 0.34, 0.00, 0.27, 0.29, 0.00, 0.00, 0.04, 0.00, 0.00, 0.00, 0.00, 0.00, 1.00, 0.00, 0.00, 0.00, 0.00, 1.00, 0.00, 1.00, 1.00, 0.00, 0.00, 0.00, 0.00, 0.00, 0.00
2, 0, 0.038, 0.98, 1, 0.00, 0.00, 0.00, 0.00, 0.00, 0.06, 0.35, 0.18, 0.39, 0.00, 0.13, 0.40, 0.00, 0.00, 0.01, 0.00, 0.34, 0.00, 0.00, 0.00, 1.00, 0.00, 0.00, 0.00, 0.00, 1.00, 0.00, 1.00, 1.00, 0.00, 0.00, 0.00, 0.00, 0.00, 0.00
3, 0, 0.075, 0.98, 1, 0.00, 0.00, 0.00, 0.00, 0.00, 0.06, 0.40, 0.07, 0.39, 0.00, 0.04, 0.46, 0.10, 0.00, 0.00, 0.00, 0.51, 0.00, 0.00, 0.00, 1.00, 0.00, 0.00, 0.00, 0.00, 1.00, 0.00, 0.00, 1.00, 0.00, 0.00, 0.00, 0.00, 0.00, 0.00
4, 0, 0.113, 0.98, 1, 0.00, 0.00, 0.00, 0.00, 0.00, 0.00, 0.40, 0.00, 0.48, 0.00, 0.00, 0.41, 0.16, 0.00, 0.00, 0.00, 0.62, 0.00, 0.00, 0.00, 1.00, 0.00, 0.00, 0.00, 0.00, 1.00, 0.00, 1.00, 1.00, 0.00, 0.00, 0.00, 0.00, 0.00, 1.00
5, 0, 0.151, 0.93, 1, 0.00, 0.00, 0.00, 0.00, 0.00, 0.00, 0.45, 0.15, 0.53, 0.00, 0.00, 0.46, 0.16, 0.00, 0.00, 0.00, 0.86, 0.00, 0.00, 0.00, 1.00, 0.00, 0.00, 0.00, 0.00, 1.00, 0.00, 1.00, 1.00, 0.00, 0.00, 0.00, 0.00, 0.00, 1.00
6, 0, 0.189, 0.88, 1, 0.00, 0.00, 0.00, 0.00, 0.00, 0.00, 0.39, 0.30, 0.54, 0.03, 0.00, 0.48, 0.06, 0.00, 0.00, 0.00, 1.07, 0.00, 0.00, 0.00, 1.00, 0.00, 0.00, 0.00, 0.00, 1.00, 0.00, 0.00, 1.00, 0.00, 0.00, 0.00, 0.00, 0.00, 1.00
7, 0, 0.226, 0.88, 1, 0.00, 0.00, 0.00, 0.00, 0.00, 0.00, 0.40, 0.36, 0.37, 0.03, 0.00, 0.43, 0.08, 0.00, 0.00, 0.00, 1.15, 0.00, 0.00, 0.00, 1.00, 0.00, 0.00, 0.00, 0.00, 1.00, 0.00, 0.00, 1.00, 0.00, 0.00, 0.00, 0.00, 0.00, 1.00
8, 0, 0.264, 0.88, 1, 0.00, 0.00, 0.00, 0.00, 0.00, 0.00, 0.37, 0.29, 0.25, 0.03, 0.00, 0.34, 0.08, 0.00, 0.00, 0.00, 1.06, 0.00, 0.00, 0.00, 1.00, 0.00, 0.00, 0.00, 0.00, 0.00, 0.00, 0.00, 1.00, 0.00, 0.00, 0.00, 0.00, 0.00, 1.00
9, 0, 0.302, 0.93, 1, 0.00, 0.00, 0.00, 0.00, 0.00, 0.00, 0.39, 0.21, 0.28, 0.00, 0.00, 0.24, 0.08, 0.00, 0.00, 0.00, 0.91, 0.00, 0.00, 0.00, 1.00, 0.00, 0.00, 0.00, 0.00, 0.00, 0.00, 0.00, 1.00, 0.00, 0.00, 0.00, 0.00, 0.00, 1.00
10, 0, 0.339, 0.88, 1, 0.00, 0.00, 0.00, 0.04, 0.00, 0.00, 0.54, 0.44, 0.45, 0.00, 0.00, 0.16, 0.00, 0.00, 0.05, 0.00, 0.57, 0.00, 0.00, 0.00, 1.00, 0.00, 0.00, 0.00, 0.00, 0.00, 0.00, 0.00, 0.00, 0.00, 0.00, 0.00, 0.00, 0.00, 0.00
11, 0, 0.377, 0.98, 1, 0.00, 0.00, 0.00, 0.13, 0.00, 0.00, 0.54, 0.64, 0.58, 0.00, 0.00, 0.08, 0.00, 0.00, 0.05, 0.00, 0.33, 0.00, 1.00, 0.00, 1.00, 0.00, 0.00, 0.00, 0.00, 0.00, 0.00, 0.00, 0.00, 0.00, 0.00, 0.00, 0.00, 0.00, 0.00
12, 0, 0.415, 0.98, 1, 0.00, 0.00, 0.00, 0.26, 0.00, 0.00, 0.60, 0.96, 0.64, 0.00, 0.00, 0.00, 0.00, 0.00, 0.05, 0.00, 0.18, 0.00, 1.00, 0.00, 1.00, 0.00, 0.00, 0.00, 0.00, 0.00, 0.00, 0.00, 0.00, 0.00, 0.00, 0.00, 0.00, 0.00, 0.00
13, 0, 0.452, 0.98, 1, 0.00, 0.00, 0.00, 0.40, 0.00, 0.00, 0.59, 1.04, 0.61, 0.00, 0.00, 0.00, 0.00, 0.00, 0.00, 0.00, 0.20, 0.00, 1.00, 0.00, 1.00, 0.00, 0.00, 0.00, 0.00, 0.00, 0.00, 0.00, 0.00, 0.00, 0.00, 0.00, 0.00, 0.00, 0.00
14, 0, 0.490, 0.98, 1, 0.00, 0.00, 0.00, 0.53, 0.00, 0.21, 0.66, 1.18, 0.51, 0.04, 0.05, 0.00, 0.06, 0.00, 0.00, 0.00, 0.12, 0.00, 0.00, 0.00, 1.00, 0.00, 0.00, 0.00, 0.00, 0.00, 0.00, 1.00, 0.00, 0.00, 0.00, 0.00, 0.00, 0.00, 0.00
15, 0, 0.528, 0.98, 1, 0.00, 0.00, 0.00, 0.41, 0.00, 0.21, 0.56, 1.06, 0.62, 0.04, 0.28, 0.00, 0.06, 0.00, 0.00, 0.00, 0.04, 0.00, 0.00, 0.00, 1.00, 0.00, 0.00, 0.00, 0.00, 0.00, 0.00, 1.00, 0.00, 0.00, 0.00, 0.00, 0.00, 0.00, 0.00
16, 0, 0.566, 0.98, 1, 0.00, 0.00, 0.00, 0.22, 0.00, 0.21, 0.37, 1.06, 0.70, 0.04, 0.51, 0.09, 0.06, 0.00, 0.00, 0.00, 0.02, 0.00, 0.00, 0.00, 1.00, 0.00, 0.00, 0.00, 0.00, 0.00, 0.00, 1.00, 0.00, 0.00, 0.00, 0.00, 0.00, 0.00, 0.00
17, 0, 0.603, 0.98, 1, 0.00, 0.00, 0.00, 0.00, 0.00, 0.00, 0.25, 1.02, 0.81, 0.00, 0.52, 0.27, 0.00, 0.00, 0.08, 0.00, 0.02, 0.00, 0.00, 0.00, 1.00, 0.00, 0.00, 0.00, 0.00, 0.00, 0.00, 1.00, 0.00, 0.00, 0.00, 0.00, 0.00, 0.00, 0.00
18, 0, 0.641, 0.98, 1, 0.00, 0.00, 0.00, 0.00, 0.00, 0.00, 0.21, 0.99, 0.71, 0.00, 0.46, 0.44, 0.00, 0.00, 0.10, 0.00, 0.02, 0.00, 0.00, 0.00, 1.00, 0.00, 0.00, 0.00, 0.00, 0.00, 0.00, 1.00, 1.00, 0.00, 0.00, 0.00, 0.00, 0.00, 0.00
19, 0, 0.679, 0.98, 1, 0.00, 0.00, 0.00, 0.00, 0.00, 0.39, 0.24, 0.96, 0.71, 0.00, 0.56, 0.62, 0.00, 0.00, 0.20, 0.00, 0.00, 0.00, 0.00, 0.00, 1.00, 0.00, 0.00, 0.00, 0.00, 1.00, 0.00, 1.00, 1.00, 0.00, 0.00, 0.00, 0.00, 0.00, 0.00
20, 0, 0.716, 0.98, 1, 0.00, 0.00, 0.00, 0.00, 0.02, 0.39, 0.25, 1.01, 0.69, 0.08, 0.71, 0.69, 0.00, 0.00, 0.45, 0.02, 0.00, 0.00, 0.00, 0.00, 1.00, 0.00, 0.00, 0.00, 0.00, 1.00, 0.00, 1.00, 1.00, 0.00, 0.00, 0.00, 0.00, 0.00, 0.00
21, 0, 0.754, 0.98, 1, 0.00, 0.00, 0.00, 0.00, 0.05, 0.70, 0.33, 1.19, 0.73, 0.08, 0.61, 0.84, 0.00, 0.00, 0.48, 0.03, 0.00, 0.00, 0.00, 0.00, 1.00, 0.00, 0.00, 0.00, 0.00, 1.00, 0.00, 1.00, 1.00, 0.00, 0.00, 0.00, 0.00, 0.00, 0.00
22, 0, 0.792, 0.98, 1, 0.00, 0.00, 0.00, 0.00, 0.06, 0.40, 0.27, 1.12, 0.75, 0.29, 0.39, 0.72, 0.00, 0.00, 0.47, 0.03, 0.00, 0.00, 0.00, 0.00, 1.00, 0.00, 0.00, 0.00, 0.00, 1.00, 0.00, 0.00, 1.00, 0.00, 0.00, 0.00, 0.00, 0.00, 0.00
23, 0, 0.830, 0.98, 1, 0.00, 0.00, 0.00, 0.00, 0.04, 0.44, 0.17, 0.99, 1.00, 0.41, 0.17, 0.64, 0.00, 0.00, 0.35, 0.01, 0.00, 0.00, 0.00, 0.00, 1.00, 0.00, 0.00, 0.00, 0.00, 1.00, 0.00, 0.00, 1.00, 0.00, 0.00, 0.00, 0.00, 0.00, 0.00
24, 0, 0.867, 0.98, 1, 0.00, 0.00, 0.00, 0.00, 0.01, 0.12, 0.04, 0.87, 1.15, 0.57, 0.11, 0.48, 0.00, 0.00, 0.51, 0.00, 0.00, 0.00, 0.00, 0.00, 1.00, 0.00, 0.00, 0.00, 0.00, 1.00, 0.00, 0.00, 1.00, 0.00, 0.00, 0.00, 0.00, 0.00, 0.00
25, 0, 0.905, 0.98, 1, 0.00, 0.00, 0.00, 0.00, 0.00, 0.04, 0.08, 0.74, 1.02, 0.36, 0.00, 0.41, 0.01, 0.00, 0.67, 0.01, 0.26, 0.00, 0.00, 0.00, 1.00, 0.00, 0.00, 0.00, 0.00, 1.00, 0.00, 0.00, 1.00, 0.00, 0.00, 0.00, 0.00, 0.00, 0.00
26, 0, 0.943, 0.93, 1, 0.00, 0.00, 0.00, 0.00, 0.00, 0.00, 0.17, 0.62, 0.64, 0.17, 0.00, 0.33, 0.01, 0.00, 0.56, 0.14, 0.52, 0.00, 0.00, 0.00, 1.00, 0.00, 0.00, 0.00, 0.00, 0.00, 0.00, 0.00, 1.00, 0.00, 0.00, 0.00, 0.00, 0.00, 1.00
27, 0, 0.980, 0.88, 1, 0.00, 0.00, 0.00, 0.00, 0.01, 0.00, 0.17, 0.41, 0.31, 0.00, 0.00, 0.16, 0.02, 0.00, 0.35, 0.19, 0.92, 0.00, 0.00, 0.00, 1.00, 0.00, 0.00, 0.00, 0.00, 0.00, 0.00, 0.00, 1.00, 0.00, 0.00, 0.00, 0.00, 0.00, 1.00
28, 0, 1.018, 0.88, 1, 0.00, 0.00, 0.00, 0.00, 0.01, 0.00, 0.09, 0.34, 0.25, 0.00, 0.00, 0.08, 0.13, 0.00, 0.34, 0.18, 1.06, 0.00, 0.00, 0.00, 1.00, 0.00, 0.00, 0.00, 0.00, 0.00, 0.00, 0.00, 1.00, 0.00, 0.00, 0.00, 0.00, 0.00, 1.00
29, 0, 1.056, 0.88, 1, 0.00, 0.00, 0.00, 0.00, 0.01, 0.00, 0.00, 0.39, 0.51, 0.06, 0.00, 0.00, 0.16, 0.00, 0.56, 0.06, 0.94, 0.00, 0.00, 0.00, 1.00, 0.00, 0.00, 0.00, 0.00, 0.00, 0.00, 0.00, 1.00, 0.00, 0.00, 0.00, 0.00, 0.00, 1.00
30, 0, 1.093, 0.93, 1, 0.00, 0.00, 0.00, 0.00, 0.00, 0.00, 0.00, 0.42, 0.74, 0.30, 0.00, 0.00, 0.15, 0.00, 0.69, 0.01, 0.79, 0.00, 0.00, 0.00, 1.00, 0.00, 0.00, 0.00, 0.00, 0.00, 0.00, 0.00, 0.00, 0.00, 0.00, 0.00, 0.00, 0.00, 1.00
31, 0, 1.131, 0.93, 1, 0.00, 0.00, 0.00, 0.00, 0.00, 0.00, 0.00, 0.44, 0.97, 0.63, 0.00, 0.02, 0.03, 0.00, 0.52, 0.09, 0.92, 0.00, 0.00, 0.00, 1.00, 0.00, 0.00, 0.00, 0.00, 1.00, 0.00, 0.00, 0.00, 0.00, 1.00, 0.00, 0.00, 0.00, 1.00
32, 0, 1.169, 0.88, 1, 0.00, 0.00, 0.00, 0.00, 0.00, 0.00, 0.00, 0.47, 1.11, 0.79, 0.00, 0.02, 0.00, 0.00, 0.20, 0.22, 0.81, 0.00, 0.00, 0.00, 1.00, 0.00, 0.00, 0.00, 0.00, 1.00, 1.00, 0.00, 0.00, 0.00, 1.00, 0.00, 0.00, 0.00, 1.00
33, 0, 1.207, 0.98, 1, 0.00, 0.00, 0.00, 0.00, 0.00, 0.00, 0.00, 0.33, 1.16, 0.87, 0.00, 0.05, 0.00, 0.02, 0.06, 0.43, 0.56, 0.00, 0.00, 0.00, 1.00, 0.00, 0.00, 0.00, 0.00, 1.00, 1.00, 0.00, 0.00, 0.00, 1.00, 0.00, 0.00, 0.00, 0.00
34, 0, 1.244, 0.98, 1, 0.00, 0.00, 0.00, 0.00, 0.06, 0.04, 0.00, 0.38, 1.28, 1.04, 0.00, 0.21, 0.00, 0.04, 0.00, 0.64, 0.03, 0.00, 0.00, 0.00, 1.00, 0.00, 0.00, 0.00, 0.00, 1.00, 1.00, 1.00, 1.00, 0.00, 1.00, 0.00, 0.00, 0.00, 0.00
35, 0, 1.282, 0.98, 1, 0.00, 0.00, 0.00, 0.00, 0.10, 0.06, 0.00, 0.13, 1.18, 1.00, 0.24, 0.95, 0.00, 0.27, 0.00, 0.65, 0.13, 0.00, 0.00, 0.00, 1.00, 0.00, 0.00, 0.00, 0.00, 1.00, 1.00, 1.00, 1.00, 0.00, 0.00, 0.00, 0.00, 0.00, 0.00
36, 0, 1.320, 0.88, 1, 0.00, 0.00, 0.00, 0.00, 0.14, 0.10, 0.00, 0.23, 1.16, 0.83, 0.57, 1.64, 0.00, 0.49, 0.00, 0.55, 0.25, 0.00, 0.00, 0.00, 1.00, 0.00, 0.00, 0.00, 0.00, 1.00, 0.00, 1.00, 1.00, 0.00, 0.00, 0.00, 0.00, 0.00, 0.00
37, 0, 1.357, 0.88, 1, 0.00, 0.00, 0.00, 0.00, 0.09, 0.36, 0.00, 0.23, 1.09, 0.72, 0.57, 2.22, 0.00, 0.76, 0.00, 0.61, 0.25, 0.00, 0.00, 0.00, 1.00, 0.00, 0.00, 0.00, 0.00, 0.00, 0.00, 1.00, 1.00, 0.00, 0.00, 0.00, 0.00, 0.00, 0.00
38, 0, 1.395, 0.88, 1, 0.00, 0.00, 0.00, 0.00, 0.09, 0.72, 0.00, 0.28, 1.03, 0.62, 0.33, 2.10, 0.00, 0.76, 0.00, 0.57, 0.15, 0.00, 1.00, 0.00, 1.00, 0.00, 0.00, 0.00, 0.00, 0.00, 0.00, 1.00, 1.00, 0.00, 0.00, 0.00, 0.00, 0.00, 0.00
39, 0, 1.433, 0.88, 1, 0.00, 0.00, 0.00, 0.00, 0.07, 0.93, 0.00, 0.31, 1.02, 0.63, 0.00, 2.05, 0.00, 0.70, 0.00, 0.46, 0.04, 0.00, 1.00, 0.00, 1.00, 0.00, 0.00, 0.00, 0.00, 0.00, 0.00, 1.00, 1.00, 0.00, 0.00, 0.00, 0.00, 0.00, 0.00
40, 0, 1.471, 0.93, 1, 0.00, 0.00, 0.00, 0.00, 0.07, 0.64, 0.00, 0.56, 1.17, 0.40, 0.00, 1.90, 0.00, 0.61, 0.15, 0.36, 0.33, 0.00, 0.00, 0.00, 1.00, 0.00, 0.00, 0.00, 0.00, 1.00, 0.00, 1.00, 1.00, 0.00, 0.00, 0.00, 0.00, 0.00, 0.00
41, 0, 1.508, 0.88, 1, 0.00, 0.00, 0.00, 0.00, 0.03, 0.25, 0.00, 0.77, 1.27, 0.49, 0.00, 1.94, 0.00, 0.52, 0.20, 0.44, 0.55, 0.00, 0.00, 0.00, 1.00, 0.00, 0.00, 0.00, 1.00, 1.00, 1.00, 1.00, 1.00, 0.00, 1.00, 0.00, 0.00, 0.00, 0.00
42, 0, 1.546, 0.88, 1, 0.00, 0.00, 0.00, 0.00, 0.10, 0.00, 0.00, 0.97, 1.33, 0.58, 0.00, 1.93, 0.00, 0.42, 0.29, 0.81, 0.77, 0.00, 0.00, 0.00, 1.00, 0.00, 0.00, 0.00, 1.00, 1.00, 1.00, 1.00, 1.00, 0.00, 1.00, 0.00, 0.00, 0.00, 0.00
43, 0, 1.584, 0.88, 1, 0.00, 0.00, 0.00, 0.00, 0.10, 0.00, 0.00, 1.01, 1.14, 0.87, 0.08, 2.00, 0.00, 0.43, 0.15, 0.67, 0.71, 0.00, 0.00, 0.00, 1.00, 0.00, 0.00, 0.00, 1.00, 1.00, 1.00, 1.00, 1.00, 0.00, 1.00, 0.00, 0.00, 0.00, 0.00
44, 0, 1.621, 0.88, 1, 0.00, 0.00, 0.03, 0.00, 0.13, 0.21, 0.00, 1.22, 1.15, 1.42, 0.08, 1.85, 0.00, 0.52, 0.23, 0.67, 0.54, 0.00, 0.00, 0.00, 1.00, 0.00, 0.00, 0.00, 1.00, 1.00, 1.00, 1.00, 1.00, 0.00, 1.00, 0.00, 0.00, 0.00, 0.00
45, 0, 1.659, 0.88, 1, 0.00, 0.00, 0.03, 0.00, 0.05, 0.21, 0.00, 1.28, 1.14, 1.77, 0.08, 1.76, 0.14, 0.72, 0.18, 0.78, 0.42, 0.00, 0.00, 0.00, 1.00, 0.00, 0.00, 0.00, 1.00, 1.00, 1.00, 1.00, 1.00, 0.00, 1.00, 0.00, 0.00, 0.00, 0.00
46, 0, 1.697, 0.88, 1, 0.00, 0.00, 0.03, 0.00, 0.07, 0.21, 0.00, 1.19, 1.29, 1.91, 0.03, 1.56, 0.25, 0.77, 0.23, 0.95, 0.41, 0.00, 0.00, 0.00, 1.00, 0.00, 0.00, 0.00, 1.00, 1.00, 1.00, 1.00, 1.00, 0.00, 1.00, 0.00, 0.00, 0.00, 0.00
47, 0, 1.734, 0.88, 1, 0.00, 0.00, 0.03, 0.00, 0.15, 0.04, 0.00, 1.08, 1.44, 1.71, 0.03, 1.49, 0.29, 0.72, 0.13, 1.23, 0.50, 0.00, 0.00, 0.00, 1.00, 0.00, 0.00, 0.00, 1.00, 1.00, 1.00, 1.00, 1.00, 0.00, 1.00, 0.00, 0.00, 0.00, 0.00
48, 0, 1.772, 0.88, 1, 0.00, 0.00, 0.03, 0.00, 0.19, 0.04, 0.00, 1.08, 1.46, 1.94, 0.03, 1.38, 0.17, 0.55, 0.13, 0.99, 0.50, 0.00, 0.00, 0.00, 1.00, 0.00, 0.00, 0.00, 1.00, 1.00, 1.00, 1.00, 1.00, 0.00, 1.00, 0.00, 0.00, 0.00, 0.00
49, 0, 1.810, 0.88, 1, 0.00, 0.00, 0.03, 0.00, 0.26, 0.04, 0.00, 1.28, 1.43, 2.09, 0.03, 1.39, 0.05, 0.36, 0.10, 0.91, 0.29, 0.00, 0.00, 0.00, 1.00, 0.00, 0.00, 0.00, 1.00, 1.00, 1.00, 1.00, 1.00, 0.00, 1.00, 0.00, 0.00, 0.00, 0.00
50, 0, 1.848, 0.88, 1, 0.00, 0.00, 0.02, 0.00, 0.27, 0.00, 0.00, 1.45, 1.27, 2.30, 0.15, 1.63, 0.01, 0.34, 0.10, 0.70, 0.19, 0.00, 0.00, 0.00, 1.00, 0.00, 0.00, 0.00, 1.00, 1.00, 1.00, 1.00, 1.00, 0.00, 1.00, 0.00, 0.00, 0.00, 0.00
51, 0, 1.885, 0.88, 1, 0.00, 0.00, 0.28, 0.00, 0.40, 0.00, 0.00, 1.49, 1.35, 2.32, 0.15, 1.76, 0.00, 0.39, 0.04, 0.70, 0.15, 0.00, 0.00, 0.00, 1.00, 0.00, 0.00, 0.00, 0.00, 1.00, 1.00, 1.00, 1.00, 0.00, 1.00, 0.00, 0.00, 0.00, 0.00
52, 0, 1.923, 0.88, 1, 0.00, 0.00, 0.42, 0.00, 0.50, 0.15, 0.00, 1.46, 1.35, 2.41, 0.11, 1.86, 0.00, 0.51, 0.03, 0.70, 0.20, 0.00, 1.00, 0.00, 1.00, 0.00, 0.00, 0.00, 0.00, 1.00, 1.00, 1.00, 1.00, 0.00, 1.00, 0.00, 0.00, 0.00, 0.00
53, 0, 1.961, 0.88, 1, 0.00, 0.00, 0.56, 0.00, 0.52, 0.30, 0.00, 1.24, 1.41, 2.38, 0.00, 1.85, 0.00, 0.55, 0.00, 0.58, 0.20, 0.00, 1.00, 0.00, 1.00, 0.00, 0.00, 0.00, 0.00, 1.00, 1.00, 1.00, 1.00, 0.00, 1.00, 0.00, 0.00, 0.00, 0.00
54, 0, 1.998, 0.88, 1, 0.00, 0.00, 0.31, 0.00, 0.48, 0.30, 0.00, 1.16, 1.43, 2.10, 0.00, 2.03, 0.00, 0.67, 0.00, 0.51, 0.15, 0.00, 1.00, 0.00, 1.00, 0.00, 0.00, 0.00, 0.00, 1.00, 1.00, 1.00, 1.00, 0.00, 1.00, 0.00, 0.00, 0.00, 0.00
55, 0, 2.036, 0.88, 1, 0.00, 0.00, 0.20, 0.00, 0.41, 0.15, 0.00, 1.07, 1.50, 1.95, 0.07, 2.23, 0.00, 0.64, 0.10, 0.70, 0.16, 0.00, 1.00, 0.00, 1.00, 0.00, 0.00, 0.00, 0.00, 1.00, 1.00, 1.00, 1.00, 0.00, 1.00, 0.00, 0.00, 0.00, 0.00
56, 0, 2.074, 0.88, 1, 0.00, 0.00, 0.04, 0.00, 0.36, 0.00, 0.00, 1.17, 1.53, 1.85, 0.16, 2.14, 0.00, 0.57, 0.10, 0.90, 0.38, 0.00, 1.00, 0.00, 1.00, 0.00, 0.00, 0.00, 0.00, 1.00, 1.00, 1.00, 1.00, 0.00, 1.00, 0.00, 0.00, 0.00, 0.00
57, 0, 2.112, 0.88, 1, 0.00, 0.00, 0.03, 0.00, 0.35, 0.00, 0.00, 1.20, 1.55, 1.95, 0.16, 2.07, 0.00, 0.36, 0.10, 1.09, 0.63, 0.00, 1.00, 0.00, 1.00, 0.00, 0.00, 0.00, 0.00, 1.00, 1.00, 1.00, 1.00, 0.00, 1.00, 0.00, 0.00, 0.00, 0.00
58, 0, 2.149, 0.88, 1, 0.00, 0.00, 0.00, 0.00, 0.25, 0.00, 0.00, 1.12, 1.49, 1.87, 0.15, 1.99, 0.00, 0.26, 0.00, 0.95, 0.74, 0.00, 1.00, 0.00, 1.00, 0.00, 0.00, 0.00, 0.00, 1.00, 1.00, 1.00, 1.00, 0.00, 1.00, 0.00, 0.00, 0.00, 0.00
59, 0, 2.187, 0.88, 1, 0.00, 0.00, 0.00, 0.00, 0.22, 0.00, 0.00, 1.04, 1.47, 1.85, 0.17, 2.08, 0.00, 0.19, 0.00, 0.83, 0.72, 0.00, 1.00, 0.00, 1.00, 0.00, 0.00, 0.00, 0.00, 1.00, 1.00, 1.00, 1.00, 0.00, 1.00, 0.00, 0.00, 0.00, 0.00
60, 0, 2.225, 0.88, 1, 0.12, 0.09, 0.06, 0.00, 0.19, 0.00, 0.00, 0.94, 1.48, 1.77, 0.26, 2.16, 0.00, 0.24, 0.00, 0.48, 0.58, 0.00, 1.00, 0.00, 1.00, 0.00, 0.00, 0.00, 0.00, 1.00, 1.00, 1.00, 1.00, 0.00, 1.00, 0.00, 0.00, 0.00, 0.00
61, 0, 2.262, 0.88, 1, 0.15, 0.09, 0.07, 0.00, 0.24, 0.11, 0.00, 0.89, 1.53, 1.53, 0.33, 2.34, 0.00, 0.22, 0.00, 0.32, 0.58, 0.00, 1.00, 0.00, 1.00, 0.00, 0.00, 0.00, 0.00, 1.00, 1.00, 1.00, 1.00, 0.00, 0.00, 0.00, 0.00, 0.00, 0.00
62, 0, 2.300, 0.88, 1, 0.22, 0.09, 0.07, 0.00, 0.27, 0.11, 0.00, 0.87, 1.56, 1.45, 0.22, 2.34, 0.04, 0.33, 0.00, 0.12, 0.34, 0.00, 1.00, 0.00, 1.00, 0.00, 0.00, 0.00, 0.00, 0.00, 1.00, 1.00, 1.00, 0.00, 0.00, 0.00, 0.00, 0.00, 0.00
63, 0, 2.338, 0.88, 1, 0.78, 0.47, 0.21, 0.00, 0.18, 0.11, 0.00, 0.58, 1.45, 1.39, 0.13, 1.93, 0.04, 0.31, 0.13, 0.12, 0.48, 0.00, 1.00, 0.00, 1.00, 0.00, 0.00, 0.00, 0.00, 0.00, 1.00, 1.00, 1.00, 0.00, 0.00, 0.00, 0.00, 0.00, 0.00
64, 0, 2.375, 0.88, 1, 1.12, 0.71, 0.20, 0.00, 0.11, 0.00, 0.00, 0.46, 1.35, 1.44, 0.07, 1.61, 0.04, 0.42, 0.13, 0.22, 0.44, 0.00, 1.00, 0.00, 1.00, 0.00, 0.00, 0.00, 0.00, 0.00, 1.00, 1.00, 1.00, 0.00, 0.00, 0.00, 0.00, 0.00, 0.00
65, 0, 2.413, 0.88, 1, 1.21, 0.74, 0.20, 0.00, 0.14, 0.04, 0.00, 0.41, 1.31, 1.73, 0.18, 1.86, 0.06, 0.47, 0.13, 0.26, 0.57, 0.00, 1.00, 0.00, 1.00, 0.00, 0.00, 0.00, 0.00, 0.00, 1.00, 1.00, 1.00, 0.00, 0.00, 0.00, 0.00, 0.00, 0.00
66, 0, 2.451, 0.88, 1, 0.72, 0.27, 0.01, 0.00, 0.25, 0.04, 0.00, 0.58, 1.28, 1.94, 0.25, 2.31, 0.15, 0.54, 0.00, 0.42, 0.41, 0.00, 1.00, 0.00, 1.00, 0.00, 0.00, 0.00, 0.00, 0.00, 1.00, 1.00, 1.00, 0.00, 0.00, 0.00, 0.00, 0.00, 0.00
67, 0, 2.489, 0.88, 1, 0.35, 0.04, 0.13, 0.00, 0.52, 0.14, 0.00, 0.85, 1.33, 2.04, 0.27, 2.74, 0.15, 0.60, 0.00, 0.46, 0.28, 0.00, 1.00, 0.00, 1.00, 0.00, 0.00, 0.00, 0.00, 0.00, 1.00, 1.00, 1.00, 0.00, 0.00, 0.00, 0.00, 0.00, 1.00
68, 0, 2.526, 0.88, 1, 0.18, 0.00, 0.26, 0.00, 0.59, 0.10, 0.00, 0.91, 1.33, 1.78, 0.35, 2.69, 0.09, 0.57, 0.00, 0.84, 0.11, 0.00, 0.00, 0.00, 1.00, 0.00, 0.00, 0.00, 0.00, 1.00, 1.00, 1.00, 1.00, 0.00, 0.00, 0.00, 0.00, 0.00, 1.00
69, 0, 2.564, 0.88, 1, 0.00, 0.00, 0.45, 0.00, 0.64, 0.10, 0.00, 1.18, 1.42, 1.82, 0.51, 2.70, 0.00, 0.59, 0.00, 1.42, 0.13, 0.00, 0.00, 0.00, 1.00, 0.00, 0.00, 0.00, 0.00, 1.00, 1.00, 1.00, 1.00, 0.00, 0.00, 0.00, 0.00, 0.00, 1.00
70, 0, 2.602, 0.88, 1, 0.00, 0.00, 0.33, 0.00, 0.60, 0.00, 0.00, 1.05, 1.33, 1.71, 0.42, 2.38, 0.00, 0.53, 0.00, 1.61, 0.13, 0.00, 0.00, 0.00, 1.00, 0.00, 0.00, 0.00, 0.00, 1.00, 1.00, 1.00, 1.00, 0.00, 1.00, 0.00, 0.00, 0.00, 1.00
71, 0, 2.639, 0.98, 1, 0.00, 0.00, 0.32, 0.00, 0.54, 0.00, 0.00, 1.00, 1.34, 1.66, 0.25, 2.31, 0.00, 0.46, 0.00, 1.79, 0.26, 0.00, 0.00, 0.00, 1.00, 0.00, 0.00, 0.00, 0.00, 1.00, 1.00, 1.00, 1.00, 0.00, 1.00, 0.00, 0.00, 0.00, 1.00
72, 0, 2.677, 0.88, 1, 0.00, 0.00, 0.13, 0.00, 0.51, 0.00, 0.00, 0.87, 1.33, 1.30, 0.02, 2.14, 0.00, 0.46, 0.00, 1.62, 0.12, 0.00, 0.00, 0.00, 1.00, 0.00, 0.00, 0.00, 0.00, 1.00, 1.00, 1.00, 1.00, 0.00, 1.00, 0.00, 0.00, 0.00, 1.00
73, 0, 2.715, 0.98, 1, 0.00, 0.00, 0.25, 0.00, 0.35, 0.08, 0.00, 0.70, 1.14, 0.87, 0.05, 1.65, 0.00, 0.47, 0.00, 1.29, 0.16, 0.00, 0.00, 0.00, 1.00, 0.00, 0.00, 0.00, 0.00, 1.00, 1.00, 1.00, 1.00, 0.00, 0.00, 0.00, 0.00, 0.00, 1.00
74, 0, 2.753, 0.88, 1, 0.00, 0.00, 0.20, 0.00, 0.27, 0.13, 0.00, 0.63, 0.87, 0.39, 0.07, 1.04, 0.00, 0.43, 0.00, 1.04, 0.15, 0.00, 0.00, 0.00, 1.00, 0.00, 0.00, 0.00, 0.00, 1.00, 0.00, 1.00, 1.00, 0.00, 0.00, 0.00, 0.00, 0.00, 1.00
75, 0, 2.790, 0.88, 1, 0.00, 0.00, 0.19, 0.00, 0.29, 0.50, 0.00, 0.54, 0.58, 0.00, 0.07, 0.68, 0.00, 0.29, 0.00, 0.84, 0.25, 0.00, 0.00, 0.00, 1.00, 0.00, 0.00, 0.00, 0.00, 1.00, 0.00, 1.00, 1.00, 0.00, 0.00, 0.00, 0.00, 0.00, 1.00
76, 0, 2.828, 0.98, 1, 0.00, 0.00, 0.06, 0.00, 0.45, 0.76, 0.00, 0.47, 0.67, 0.00, 0.04, 0.65, 0.00, 0.15, 0.19, 1.21, 0.21, 0.00, 0.00, 0.00, 1.00, 0.00, 0.00, 0.00, 0.00, 0.00, 0.00, 1.00, 1.00, 0.00, 0.00, 0.00, 0.00, 0.00, 1.00
77, 0, 2.866, 0.98, 1, 0.00, 0.00, 0.00, 0.00, 0.52, 1.22, 0.00, 0.45, 0.72, 0.00, 0.04, 0.57, 0.00, 0.05, 0.31, 1.41, 0.11, 0.00, 0.00, 0.00, 1.00, 0.00, 0.00, 0.00, 0.00, 0.00, 0.00, 1.00, 1.00, 0.00, 0.00, 0.00, 0.00, 0.00, 1.00
78, 0, 2.903, 0.98, 1, 0.00, 0.00, 0.34, 0.00, 0.42, 0.86, 0.14, 0.96, 0.53, 0.00, 0.14, 0.59, 0.00, 0.00, 0.31, 1.03, 0.13, 0.00, 0.00, 0.00, 1.00, 0.00, 0.00, 0.00, 0.00, 0.00, 0.00, 1.00, 1.00, 0.00, 0.00, 0.00, 0.00, 0.00, 1.00
79, 0, 2.941, 0.82, 1, 0.00, 0.00, 0.50, 0.00, 0.20, 0.64, 0.19, 1.41, 0.24, 0.00, 0.14, 0.89, 0.00, 0.00, 0.12, 0.58, 0.12, 0.00, 0.00, 0.00, 1.00, 0.00, 0.00, 0.00, 0.00, 0.00, 0.00, 1.00, 1.00, 0.00, 0.00, 0.00, 0.00, 0.00, 1.00
80, 0, 2.979, 0.88, 1, 0.00, 0.00, 0.65, 0.15, 0.24, 0.13, 0.28, 1.66, 0.18, 0.00, 0.11, 1.01, 0.00, 0.00, 0.00, 0.00, 0.11, 0.00, 0.00, 0.00, 1.00, 0.00, 0.00, 0.00, 0.00, 0.00, 0.00, 1.00, 1.00, 0.00, 0.00, 0.00, 0.00, 0.00, 1.00
81, 0, 3.016, 0.98, 1, 0.00, 0.00, 0.30, 0.32, 0.25, 0.12, 0.25, 1.16, 0.40, 0.10, 0.00, 0.71, 0.00, 0.00, 0.00, 0.17, 0.00, 0.00, 0.00, 0.00, 1.00, 0.00, 0.00, 0.00, 0.00, 0.00, 0.00, 1.00, 1.00, 0.00, 0.00, 0.00, 0.00, 0.00, 1.00
82, 0, 3.054, 0.98, 1, 0.00, 0.00, 0.14, 0.40, 0.25, 0.00, 0.26, 0.75, 0.54, 0.22, 0.01, 0.38, 0.15, 0.00, 0.00, 0.36, 0.12, 0.00, 0.00, 0.00, 1.00, 0.00, 0.00, 0.00, 0.00, 0.00, 0.00, 1.00, 1.00, 0.00, 0.00, 0.00, 0.00, 0.00, 0.00
83, 0, 3.092, 0.98, 1, 0.00, 0.00, 0.00, 0.55, 0.05, 0.00, 0.18, 0.41, 0.44, 0.34, 0.04, 0.33, 0.15, 0.00, 0.00, 0.76, 0.12, 0.00, 0.00, 0.00, 1.00, 0.00, 0.00, 0.00, 0.00, 0.00, 0.00, 1.00, 1.00, 0.00, 0.00, 0.00, 0.00, 0.00, 0.00
84, 0, 3.130, 0.88, 1, 0.00, 0.00, 0.00, 0.42, 0.00, 0.00, 0.09, 0.49, 0.31, 0.49, 0.04, 0.59, 0.15, 0.00, 0.00, 0.92, 0.12, 0.00, 0.00, 0.00, 1.00, 0.00, 0.00, 0.00, 0.00, 0.00, 0.00, 1.00, 1.00, 0.00, 0.00, 0.00, 0.00, 0.00, 0.00
85, 0, 3.167, 0.88, 1, 0.19, 0.05, 0.00, 0.56, 0.00, 0.00, 0.03, 0.80, 0.30, 0.37, 0.03, 0.64, 0.00, 0.00, 0.00, 0.72, 0.00, 0.00, 0.00, 0.00, 1.00, 0.00, 0.00, 0.00, 0.00, 0.00, 0.00, 1.00, 1.00, 0.00, 0.00, 0.00, 0.00, 0.00, 0.00
86, 0, 3.205, 0.98, 1, 0.38, 0.05, 0.00, 0.42, 0.00, 0.00, 0.01, 1.31, 0.38, 0.25, 0.04, 0.78, 0.07, 0.00, 0.25, 0.32, 0.00, 0.00, 0.00, 0.00, 1.00, 0.00, 0.00, 0.00, 0.00, 0.00, 0.00, 1.00, 1.00, 0.00, 0.00, 0.00, 0.00, 0.00, 0.00
87, 0, 3.243, 0.98, 1, 0.39, 0.06, 0.00, 0.48, 0.00, 0.00, 0.00, 1.40, 0.43, 0.00, 0.04, 0.75, 0.21, 0.00, 0.30, 0.02, 0.00, 0.00, 1.00, 0.00, 1.00, 0.00, 0.00, 0.00, 1.00, 0.00, 0.00, 1.00, 1.00, 0.00, 0.00, 0.00, 0.00, 0.00, 0.00
88, 0, 3.280, 0.88, 1, 0.20, 0.00, 0.00, 0.51, 0.00, 0.00, 0.00, 1.87, 0.46, 0.00, 0.04, 0.89, 0.26, 0.00, 0.32, 0.02, 0.00, 0.00, 1.00, 0.00, 1.00, 0.00, 0.00, 0.00, 1.00, 0.00, 0.00, 1.00, 1.00, 0.00, 0.00, 0.00, 0.00, 0.00, 0.00
89, 0, 3.318, 0.98, 1, 0.13, 0.00, 0.00, 0.50, 0.00, 0.00, 0.00, 2.18, 0.53, 0.00, 0.41, 0.96, 0.43, 0.00, 0.33, 0.02, 0.00, 0.00, 1.00, 0.00, 1.00, 0.00, 0.00, 0.00, 1.00, 1.00, 0.00, 1.00, 1.00, 0.00, 0.00, 0.00, 0.00, 0.00, 0.00
90, 0, 3.356, 0.98, 1, 0.16, 0.00, 0.00, 0.41, 0.00, 0.00, 0.00, 2.56, 0.59, 0.56, 0.69, 1.12, 0.29, 0.10, 0.37, 0.00, 0.00, 0.00, 1.00, 0.00, 1.00, 0.00, 0.00, 0.00, 1.00, 1.00, 0.00, 1.00, 1.00, 0.00, 0.00, 0.00, 0.00, 0.00, 0.00
91, 0, 3.394, 0.98, 1, 0.19, 0.00, 0.00, 0.16, 0.00, 0.00, 0.00, 2.42, 0.62, 1.16, 1.08, 1.17, 0.24, 0.19, 0.47, 0.00, 0.00, 1.00, 1.00, 0.00, 1.00, 0.00, 0.00, 0.00, 1.00, 1.00, 1.00, 1.00, 1.00, 0.00, 1.00, 0.00, 0.00, 0.00, 0.00
92, 0, 3.431, 0.98, 1, 0.06, 0.00, 0.00, 0.13, 0.00, 0.00, 0.00, 2.08, 0.60, 1.49, 0.92, 1.20, 0.00, 0.27, 0.37, 0.00, 0.00, 1.00, 1.00, 0.00, 1.00, 0.00, 0.00, 0.00, 1.00, 1.00, 1.00, 1.00, 1.00, 0.00, 1.00, 0.00, 0.00, 0.00, 0.00
93, 0, 3.469, 0.98, 1, 0.18, 0.00, 0.00, 0.13, 0.03, 0.07, 0.00, 2.02, 0.57, 1.27, 0.64, 1.20, 0.07, 0.19, 0.27, 0.01, 0.00, 1.00, 1.00, 0.00, 1.00, 0.00, 0.00, 0.00, 1.00, 1.00, 1.00, 1.00, 1.00, 0.00, 1.00, 0.00, 0.00, 0.00, 0.00
94, 0, 3.507, 0.98, 1, 0.32, 0.00, 0.00, 0.13, 0.03, 0.18, 0.01, 1.90, 0.58, 0.92, 0.25, 1.15, 0.07, 0.14, 0.15, 0.01, 0.00, 1.00, 1.00, 0.00, 1.00, 0.00, 0.00, 0.00, 1.00, 1.00, 1.00, 1.00, 1.00, 0.00, 1.00, 0.00, 0.00, 0.00, 0.00
95, 0, 3.544, 0.98, 1, 0.32, 0.00, 0.00, 0.00, 0.03, 0.31, 0.01, 1.94, 0.52, 1.07, 0.10, 1.22, 0.07, 0.18, 0.00, 0.01, 0.00, 1.00, 1.00, 0.00, 1.00, 0.00, 0.00, 0.00, 1.00, 1.00, 1.00, 1.00, 1.00, 0.00, 1.00, 0.00, 0.00, 0.00, 0.00
96, 0, 3.582, 0.98, 1, 0.17, 0.00, 0.00, 0.00, 0.00, 0.23, 0.01, 2.00, 0.55, 1.25, 0.10, 1.00, 0.00, 0.28, 0.00, 0.00, 0.00, 1.00, 1.00, 0.00, 1.00, 0.00, 0.00, 0.00, 1.00, 1.00, 1.00, 1.00, 1.00, 0.00, 1.00, 0.00, 0.00, 0.00, 0.00
97, 0, 3.620, 0.98, 1, 0.00, 0.00, 0.00, 0.00, 0.00, 0.13, 0.10, 2.10, 0.45, 1.55, 0.10, 0.93, 0.00, 0.45, 0.00, 0.00, 0.00, 1.00, 1.00, 0.00, 1.00, 0.00, 0.00, 0.00, 1.00, 1.00, 1.00, 1.00, 1.00, 0.00, 1.00, 0.00, 0.00, 0.00, 0.00
98, 0, 3.657, 0.98, 1, 0.00, 0.00, 0.00, 0.00, 0.00, 0.05, 0.23, 2.22, 0.40, 1.69, 0.00, 0.70, 0.21, 0.44, 0.00, 0.00, 0.00, 0.00, 1.00, 0.00, 1.00, 0.00, 0.00, 0.00, 1.00, 1.00, 1.00, 1.00, 1.00, 0.00, 1.00, 0.00, 0.00, 0.00, 0.00
99, 0, 3.695, 0.98, 1, 0.00, 0.00, 0.00, 0.00, 0.00, 0.05, 0.35, 2.20, 0.36, 1.77, 0.00, 0.76, 0.26, 0.45, 0.00, 0.00, 0.00, 0.00, 0.00, 0.00, 1.00, 0.00, 0.00, 0.00, 1.00, 1.00, 1.00, 1.00, 0.00, 0.00, 1.00, 0.00, 0.00, 0.00, 0.00
100, 0, 3.733, 0.98, 1, 0.00, 0.00, 0.00, 0.00, 0.00, 0.05, 0.25, 2.33, 0.42, 1.73, 0.32, 0.86, 0.26, 0.41, 0.00, 0.00, 0.00, 0.00, 0.00, 0.00, 1.00, 0.00, 0.00, 0.00, 1.00, 1.00, 1.00, 1.00, 0.00, 0.00, 1.00, 0.00, 0.00, 0.00, 0.00
101, 0, 3.771, 0.98, 1, 0.00, 0.00, 0.00, 0.00, 0.03, 0.00, 0.14, 2.41, 0.46, 1.54, 0.54, 0.96, 0.05, 0.48, 0.00, 0.00, 0.00, 0.00, 0.00, 0.00, 1.00, 0.00, 0.00, 0.00, 1.00, 1.00, 1.00, 1.00, 0.00, 0.00, 1.00, 0.00, 0.00, 0.00, 0.00
102, 0, 3.808, 0.98, 1, 0.00, 0.00, 0.00, 0.00, 0.05, 0.00, 0.03, 2.49, 0.55, 1.48, 0.69, 1.14, 0.00, 0.51, 0.00, 0.00, 0.00, 0.00, 0.00, 0.00, 1.00, 0.00, 0.00, 0.00, 1.00, 1.00, 1.00, 1.00, 0.00, 0.00, 1.00, 0.00, 0.00, 0.00, 0.00
103, 0, 3.846, 0.98, 1, 0.07, 0.00, 0.00, 0.00, 0.05, 0.00, 0.08, 2.39, 0.65, 1.55, 0.37, 1.17, 0.00, 0.42, 0.00, 0.00, 0.00, 0.00, 0.00, 0.00, 1.00, 0.00, 0.00, 0.00, 1.00, 1.00, 1.00, 1.00, 0.00, 0.00, 1.00, 0.00, 0.00, 0.00, 0.00
104, 0, 3.884, 0.98, 1, 0.10, 0.00, 0.00, 0.00, 0.03, 0.00, 0.12, 2.13, 0.66, 1.50, 0.21, 1.09, 0.00, 0.38, 0.00, 0.00, 0.00, 0.00, 0.00, 0.00, 1.00, 0.00, 0.00, 0.00, 1.00, 1.00, 0.00, 1.00, 1.00, 0.00, 1.00, 0.00, 0.00, 0.00, 0.00
105, 0, 3.921, 0.98, 1, 0.10, 0.00, 0.00, 0.03, 0.00, 0.00, 0.12, 2.13, 0.48, 1.36, 0.24, 0.94, 0.00, 0.25, 0.00, 0.13, 0.00, 1.00, 0.00, 0.00, 1.00, 0.00, 0.00, 0.00, 1.00, 1.00, 0.00, 1.00, 1.00, 0.00, 1.00, 0.00, 0.00, 0.00, 0.00
106, 0, 3.959, 0.98, 1, 0.13, 0.00, 0.00, 0.03, 0.00, 0.00, 0.07, 2.14, 0.36, 0.91, 0.44, 0.97, 0.00, 0.23, 0.00, 0.13, 0.04, 1.00, 0.00, 0.00, 1.00, 0.00, 0.00, 0.00, 1.00, 1.00, 1.00, 1.00, 1.00, 0.00, 1.00, 0.00, 0.00, 0.00, 0.00
107, 0, 3.997, 0.88, 1, 0.19, 0.00, 0.00, 0.03, 0.00, 0.00, 0.00, 2.29, 0.31, 0.59, 0.62, 1.02, 0.00, 0.11, 0.00, 0.13, 0.12, 1.00, 0.00, 0.00, 1.00, 0.00, 0.00, 0.00, 1.00, 1.00, 0.00, 1.00, 1.00, 0.00, 1.00, 0.00, 0.00, 0.00, 0.00
108, 0, 4.035, 0.88, 1, 0.29, 0.00, 0.00, 0.00, 0.00, 0.00, 0.00, 2.06, 0.43, 0.74, 0.47, 0.99, 0.14, 0.07, 0.00, 0.00, 0.12, 1.00, 0.00, 0.00, 1.00, 0.00, 0.00, 0.00, 1.00, 1.00, 0.00, 1.00, 1.00, 0.00, 1.00, 0.00, 0.00, 0.00, 0.00
109, 0, 4.072, 0.88, 1, 0.23, 0.00, 0.00, 0.00, 0.00, 0.00, 0.05, 2.08, 0.46, 0.80, 0.41, 1.01, 0.33, 0.02, 0.00, 0.00, 0.14, 1.00, 0.00, 0.00, 1.00, 0.00, 0.00, 0.00, 1.00, 1.00, 0.00, 1.00, 1.00, 0.00, 1.00, 0.00, 0.00, 0.00, 0.00
110, 0, 4.110, 0.88, 1, 0.27, 0.00, 0.00, 0.00, 0.00, 0.00, 0.05, 2.02, 0.38, 1.07, 0.17, 1.00, 0.33, 0.07, 0.00, 0.00, 0.46, 1.00, 0.00, 0.00, 1.00, 0.00, 0.00, 0.00, 1.00, 1.00, 1.00, 1.00, 1.00, 0.00, 1.00, 0.00, 0.00, 0.00, 0.00
111, 0, 4.148, 0.88, 1, 0.17, 0.00, 0.00, 0.00, 0.00, 0.00, 0.05, 1.96, 0.38, 0.73, 0.14, 0.85, 0.20, 0.07, 0.00, 0.00, 0.74, 1.00, 0.00, 0.00, 1.00, 0.00, 0.00, 0.00, 1.00, 1.00, 1.00, 1.00, 0.00, 0.00, 1.00, 0.00, 0.00, 0.00, 0.00
112, 0, 4.185, 0.88, 1, 0.14, 0.00, 0.00, 0.00, 0.00, 0.00, 0.05, 1.77, 0.40, 0.75, 0.00, 0.61, 0.00, 0.07, 0.00, 0.00, 0.83, 1.00, 0.00, 0.00, 1.00, 0.00, 0.00, 0.00, 1.00, 1.00, 1.00, 1.00, 0.00, 0.00, 1.00, 0.00, 0.00, 0.00, 0.00
113, 0, 4.223, 0.88, 1, 0.19, 0.00, 0.00, 0.00, 0.00, 0.00, 0.10, 1.72, 0.55, 0.88, 0.00, 0.39, 0.00, 0.00, 0.00, 0.16, 0.50, 1.00, 0.00, 0.00, 1.00, 0.00, 0.00, 0.00, 1.00, 1.00, 1.00, 1.00, 1.00, 0.00, 1.00, 0.00, 0.00, 0.00, 0.00
114, 0, 4.261, 0.98, 1, 0.24, 0.00, 0.00, 0.00, 0.00, 0.00, 0.09, 1.84, 0.45, 0.87, 0.00, 0.47, 0.00, 0.00, 0.00, 0.16, 0.28, 0.00, 0.00, 0.00, 1.00, 0.00, 0.00, 0.00, 1.00, 1.00, 1.00, 1.00, 1.00, 0.00, 1.00, 0.00, 0.00, 0.00, 0.00
115, 0, 4.298, 0.98, 1, 0.47, 0.00, 0.00, 0.10, 0.00, 0.00, 0.05, 1.93, 0.40, 1.07, 0.00, 0.80, 0.00, 0.10, 0.00, 0.16, 0.25, 0.00, 0.00, 0.00, 1.00, 0.00, 0.00, 0.00, 1.00, 0.00, 1.00, 1.00, 1.00, 0.00, 1.00, 0.00, 0.00, 0.00, 0.00
116, 0, 4.336, 0.98, 1, 0.55, 0.00, 0.00, 0.39, 0.00, 0.00, 0.00, 2.05, 0.23, 1.30, 0.00, 1.12, 0.00, 0.24, 0.00, 0.00, 0.33, 0.00, 0.00, 0.00, 1.00, 0.00, 0.00, 0.00, 1.00, 0.00, 1.00, 1.00, 1.00, 1.00, 1.00, 0.00, 0.00, 0.00, 0.00
117, 0, 4.374, 0.98, 1, 0.70, 0.00, 0.00, 0.84, 0.00, 0.02, 0.00, 1.80, 0.16, 1.40, 0.00, 1.47, 0.03, 0.41, 0.00, 0.00, 0.32, 0.00, 0.00, 0.00, 1.00, 0.00, 0.00, 0.00, 1.00, 0.00, 1.00, 1.00, 1.00, 1.00, 1.00, 0.00, 0.00, 0.00, 0.00
118, 0, 4.412, 0.98, 1, 0.69, 0.00, 0.00, 1.18, 0.00, 0.02, 0.00, 1.53, 0.03, 1.25, 0.00, 1.53, 0.06, 0.48, 0.00, 0.00, 0.34, 0.00, 0.00, 0.00, 1.00, 0.00, 0.00, 0.00, 1.00, 0.00, 1.00, 1.00, 1.00, 1.00, 1.00, 0.00, 0.00, 0.00, 0.00
119, 0, 4.449, 0.98, 1, 0.72, 0.25, 0.00, 1.45, 0.00, 0.02, 0.00, 1.53, 0.04, 0.72, 0.00, 1.85, 0.25, 0.53, 0.00, 0.00, 0.18, 0.00, 0.00, 0.00, 1.00, 0.00, 0.00, 0.00, 1.00, 0.00, 1.00, 1.00, 1.00, 1.00, 1.00, 0.00, 0.00, 0.00, 0.00
120, 0, 4.487, 0.98, 1, 0.99, 0.50, 0.00, 1.00, 0.00, 0.00, 0.00, 2.06, 0.06, 0.43, 0.00, 1.93, 0.29, 0.35, 0.00, 0.09, 0.14, 0.00, 0.00, 0.00, 1.00, 0.00, 0.00, 0.00, 0.00, 0.00, 1.00, 1.00, 1.00, 1.00, 1.00, 0.00, 0.00, 0.00, 0.00
121, 0, 4.525, 0.98, 1, 1.09, 0.50, 0.00, 0.81, 0.00, 0.00, 0.00, 1.91, 0.06, 0.49, 0.12, 1.98, 1.24, 0.51, 0.00, 0.70, 0.00, 0.00, 0.00, 0.00, 1.00, 0.00, 0.00, 0.00, 0.00, 0.00, 1.00, 1.00, 1.00, 1.00, 1.00, 0.00, 0.00, 0.00, 0.00
122, 0, 4.562, 0.98, 1, 1.18, 0.26, 0.00, 0.54, 0.00, 0.00, 0.01, 1.94, 0.16, 0.34, 0.27, 2.07, 1.92, 0.38, 0.05, 1.20, 0.00, 0.00, 0.00, 0.00, 1.00, 0.00, 0.00, 0.00, 0.00, 0.00, 1.00, 1.00, 1.00, 1.00, 0.00, 0.00, 0.00, 0.00, 0.00
123, 0, 4.600, 0.98, 1, 0.98, 0.08, 0.00, 0.60, 0.00, 0.00, 0.01, 1.79, 0.19, 0.84, 0.77, 1.84, 2.62, 0.44, 0.38, 1.84, 0.01, 0.00, 0.00, 0.00, 1.00, 0.00, 0.00, 0.00, 0.00, 0.00, 0.00, 1.00, 1.00, 1.00, 0.00, 0.00, 0.00, 0.00, 0.00
124, 0, 4.638, 0.98, 1, 0.81, 0.32, 0.00, 0.52, 0.00, 0.00, 0.01, 1.99, 0.19, 0.77, 0.97, 1.48, 2.31, 0.25, 0.90, 1.89, 0.01, 0.00, 0.00, 0.00, 1.00, 0.00, 0.00, 0.00, 0.00, 0.00, 0.00, 1.00, 1.00, 1.00, 0.00, 0.00, 0.00, 0.00, 0.00
125, 0, 4.675, 0.98, 1, 0.58, 0.67, 0.00, 0.65, 0.00, 0.00, 0.00, 1.57, 0.05, 1.11, 1.37, 1.04, 1.91, 0.43, 0.95, 1.79, 0.01, 0.00, 0.00, 0.00, 1.00, 0.00, 0.00, 0.00, 0.00, 0.00, 0.00, 1.00, 1.00, 1.00, 0.00, 0.00, 0.00, 0.00, 0.00
126, 0, 4.713, 0.98, 1, 0.37, 0.81, 0.00, 0.90, 0.00, 0.00, 0.00, 1.23, 0.00, 1.14, 1.29, 1.15, 1.40, 0.63, 0.81, 1.57, 0.00, 0.00, 1.00, 0.00, 1.00, 0.00, 0.00, 0.00, 1.00, 0.00, 0.00, 1.00, 1.00, 1.00, 0.00, 0.00, 0.00, 0.00, 0.00
127, 0, 4.751, 0.98, 1, 0.22, 0.78, 0.00, 1.13, 0.00, 0.00, 0.00, 1.25, 0.00, 1.25, 1.48, 1.33, 1.10, 0.63, 0.60, 1.11, 0.00, 0.00, 1.00, 0.00, 1.00, 0.00, 0.00, 0.00, 1.00, 0.00, 0.00, 1.00, 1.00, 1.00, 0.00, 0.00, 0.00, 0.00, 0.00
128, 0, 4.789, 0.98, 1, 0.19, 0.86, 0.00, 1.29, 0.00, 0.00, 0.00, 1.57, 0.00, 1.41, 1.45, 1.58, 0.92, 0.46, 0.83, 1.09, 0.00, 0.00, 1.00, 0.00, 1.00, 0.00, 0.00, 0.00, 1.00, 0.00, 0.00, 1.00, 1.00, 1.00, 0.00, 0.00, 0.00, 0.00, 0.00
129, 0, 4.826, 0.98, 1, 0.30, 1.08, 0.00, 1.66, 0.00, 0.00, 0.00, 1.74, 0.00, 1.40, 1.47, 1.65, 0.87, 0.27, 0.92, 0.84, 0.00, 0.00, 1.00, 0.00, 1.00, 0.00, 0.00, 0.00, 1.00, 0.00, 0.00, 1.00, 1.00, 1.00, 0.00, 0.00, 0.00, 0.00, 0.00
130, 0, 4.864, 0.98, 1, 0.34, 0.95, 0.00, 1.64, 0.00, 0.08, 0.00, 2.04, 0.00, 1.49, 1.70, 1.53, 1.09, 0.16, 0.88, 0.78, 0.00, 0.00, 1.00, 0.00, 1.00, 0.00, 0.00, 0.00, 1.00, 0.00, 0.00, 1.00, 1.00, 1.00, 0.00, 0.00, 0.00, 0.00, 0.00
131, 0, 4.902, 0.98, 1, 0.23, 0.79, 0.00, 1.39, 0.00, 0.08, 0.00, 1.81, 0.00, 1.08, 1.66, 1.10, 1.73, 0.13, 0.56, 0.75, 0.00, 0.00, 1.00, 0.00, 1.00, 0.00, 0.00, 0.00, 1.00, 0.00, 0.00, 1.00, 1.00, 1.00, 0.00, 0.00, 0.00, 0.00, 0.00
132, 0, 4.939, 0.98, 1, 0.16, 0.60, 0.00, 0.81, 0.00, 0.08, 0.00, 1.19, 0.00, 0.53, 1.53, 0.51, 2.99, 0.33, 0.34, 0.52, 0.00, 0.00, 1.00, 0.00, 1.00, 0.00, 0.00, 0.00, 0.00, 0.00, 0.00, 1.00, 1.00, 1.00, 0.00, 0.00, 0.00, 0.00, 0.00
133, 0, 4.977, 0.98, 1, 0.25, 0.52, 0.00, 0.78, 0.00, 0.00, 0.00, 0.41, 0.00, 0.08, 2.15, 0.76, 2.55, 0.57, 0.08, 0.83, 0.00, 1.00, 1.00, 0.00, 1.00, 0.00, 0.00, 0.00, 0.00, 0.00, 0.00, 1.00, 0.00, 1.00, 0.00, 0.00, 0.00, 0.00, 0.00
134, 0, 5.015, 0.98, 1, 0.39, 0.24, 0.00, 0.79, 0.00, 0.00, 0.00, 0.10, 0.00, 0.04, 1.97, 0.57, 1.62, 0.54, 0.07, 0.73, 0.00, 1.00, 1.00, 0.00, 1.00, 0.00, 0.00, 0.00, 0.00, 0.00, 0.00, 1.00, 0.00, 1.00, 0.00, 0.00, 0.00, 0.00, 0.00
135, 0, 5.053, 0.98, 1, 0.51, 0.00, 0.00, 1.20, 0.00, 0.00, 0.00, 0.31, 0.00, 0.15, 1.67, 0.84, 0.14, 0.28, 0.00, 0.75, 0.00, 1.00, 0.00, 0.00, 1.00, 0.00, 0.00, 0.00, 0.00, 0.00, 0.00, 1.00, 0.00, 1.00, 0.00, 0.00, 0.00, 0.00, 0.00
136, 0, 5.090, 0.98, 1, 0.39, 0.00, 0.00, 0.97, 0.00, 0.00, 0.00, 0.69, 0.00, 0.19, 0.52, 0.55, 0.03, 0.00, 0.00, 0.49, 0.00, 1.00, 0.00, 0.00, 1.00, 0.00, 0.00, 0.00, 0.00, 0.00, 0.00, 1.00, 0.00, 1.00, 0.00, 0.00, 0.00, 0.00, 0.00
137, 0, 5.128, 0.98, 1, 0.28, 0.00, 0.00, 0.86, 0.00, 0.00, 0.00, 1.06, 0.00, 0.16, 0.44, 0.66, 0.19, 0.00, 0.00, 0.42, 0.00, 1.00, 0.00, 0.00, 1.00, 0.00, 0.00, 0.00, 0.00, 0.00, 0.00, 1.00, 0.00, 0.00, 0.00, 0.00, 0.00, 0.00, 0.00
138, 0, 5.166, 0.98, 1, 0.47, 0.00, 0.00, 0.62, 0.00, 0.00, 0.00, 1.29, 0.00, 0.04, 0.44, 0.64, 0.21, 0.00, 0.00, 0.45, 0.05, 1.00, 0.00, 0.00, 1.00, 0.00, 0.00, 0.00, 0.00, 0.00, 0.00, 1.00, 0.00, 0.00, 0.00, 0.00, 0.00, 0.00, 0.00
139, 0, 5.203, 0.98, 1, 0.75, 0.00, 0.00, 0.63, 0.00, 0.00, 0.00, 1.31, 0.00, 0.00, 0.22, 0.60, 0.18, 0.00, 0.02, 0.26, 0.18, 1.00, 0.00, 0.00, 1.00, 0.00, 0.00, 0.00, 0.00, 0.00, 0.00, 1.00, 0.00, 0.00, 1.00, 0.00, 0.00, 0.00, 0.00
140, 0, 5.241, 0.93, 1, 0.81, 0.00, 0.00, 0.40, 0.00, 0.00, 0.00, 1.41, 0.00, 0.00, 0.71, 0.67, 0.02, 0.00, 0.02, 0.08, 0.22, 1.00, 0.00, 0.00, 1.00, 0.00, 0.00, 0.00, 0.00, 0.00, 0.00, 1.00, 1.00, 0.00, 1.00, 0.00, 0.00, 0.00, 0.00
141, 0, 5.279, 0.88, 1, 0.52, 0.00, 0.00, 0.15, 0.00, 0.00, 0.00, 1.50, 0.00, 0.12, 1.17, 0.60, 0.00, 0.00, 0.02, 0.00, 0.34, 1.00, 0.00, 0.00, 1.00, 0.00, 0.00, 0.00, 0.00, 0.00, 0.00, 0.00, 1.00, 0.00, 0.00, 0.00, 0.00, 0.00, 0.00
142, 0, 5.316, 0.88, 1, 0.32, 0.00, 0.00, 0.04, 0.00, 0.00, 0.00, 1.73, 0.00, 0.16, 1.52, 0.65, 0.00, 0.00, 0.00, 0.00, 0.21, 1.00, 0.00, 0.00, 1.00, 0.00, 0.00, 0.00, 0.00, 0.00, 0.00, 0.00, 1.00, 0.00, 0.00, 0.00, 0.00, 0.00, 0.00
143, 0, 5.354, 0.88, 1, 0.31, 0.00, 0.00, 0.04, 0.00, 0.00, 0.00, 1.78, 0.03, 0.16, 1.04, 0.76, 0.00, 0.00, 0.00, 0.00, 0.17, 1.00, 1.00, 0.00, 1.00, 0.00, 0.00, 0.00, 0.00, 0.00, 0.00, 0.00, 1.00, 0.00, 0.00, 0.00, 0.00, 0.00, 0.00
144, 0, 5.392, 0.98, 1, 0.30, 0.01, 0.00, 0.04, 0.00, 0.00, 0.00, 1.83, 0.04, 0.04, 0.86, 1.11, 0.00, 0.00, 0.00, 0.00, 0.23, 0.00, 1.00, 0.00, 1.00, 0.00, 0.00, 0.00, 0.00, 0.00, 0.00, 0.00, 1.00, 0.00, 0.00, 0.00, 0.00, 0.00, 0.00
145, 0, 5.430, 0.98, 1, 0.22, 0.05, 0.00, 0.00, 0.00, 0.00, 0.00, 1.66, 0.22, 0.02, 0.51, 0.92, 0.00, 0.00, 0.00, 0.00, 0.44, 0.00, 1.00, 0.00, 1.00, 0.00, 0.00, 0.00, 0.00, 1.00, 0.00, 1.00, 1.00, 0.00, 0.00, 0.00, 0.00, 0.00, 0.00
146, 0, 5.467, 0.98, 1, 0.12, 0.05, 0.00, 0.00, 0.00, 0.00, 0.00, 1.44, 0.37, 0.28, 0.34, 0.83, 0.10, 0.00, 0.00, 0.00, 0.84, 0.00, 1.00, 0.00, 1.00, 0.00, 0.00, 0.00, 1.00, 1.00, 0.00, 1.00, 0.00, 0.00, 0.00, 0.00, 0.00, 0.00, 0.00
147, 0, 5.505, 0.88, 1, 0.03, 0.04, 0.00, 0.01, 0.00, 0.00, 0.00, 1.24, 0.55, 0.50, 0.11, 0.47, 0.20, 0.00, 0.00, 0.00, 0.97, 0.00, 1.00, 0.00, 1.00, 0.00, 0.00, 0.00, 1.00, 1.00, 0.00, 0.00, 0.00, 0.00, 1.00, 0.00, 0.00, 0.00, 0.00
148, 0, 5.543, 0.88, 1, 0.00, 0.00, 0.00, 0.01, 0.00, 0.00, 0.00, 1.03, 0.47, 0.76, 0.21, 0.51, 0.25, 0.00, 0.00, 0.00, 1.05, 0.00, 1.00, 0.00, 1.00, 0.00, 0.00, 0.00, 1.00, 1.00, 0.00, 0.00, 0.00, 0.00, 1.00, 0.00, 0.00, 0.00, 0.00
149, 0, 5.580, 0.98, 1, 0.00, 0.00, 0.00, 0.01, 0.00, 0.00, 0.08, 0.97, 0.48, 0.86, 0.15, 0.46, 0.14, 0.00, 0.00, 0.00, 0.78, 0.00, 1.00, 0.00, 1.00, 0.00, 0.00, 0.00, 1.00, 1.00, 0.00, 0.00, 0.00, 0.00, 1.00, 0.00, 0.00, 0.00, 0.00
150, 0, 5.618, 0.93, 1, 0.02, 0.00, 0.00, 0.00, 0.00, 0.00, 0.10, 0.84, 0.35, 0.68, 0.10, 0.34, 0.12, 0.00, 0.00, 0.00, 0.55, 0.00, 1.00, 0.00, 1.00, 0.00, 0.00, 0.00, 0.00, 1.00, 0.00, 0.00, 0.00, 0.00, 1.00, 0.00, 0.00, 0.00, 0.00
151, 0, 5.656, 0.98, 1, 0.02, 0.00, 0.00, 0.00, 0.00, 0.00, 0.10, 1.03, 0.25, 0.61, 0.06, 0.28, 0.21, 0.00, 0.00, 0.00, 0.26, 0.00, 1.00, 0.00, 1.00, 0.00, 0.00, 0.00, 0.00, 1.00, 0.00, 0.00, 0.00, 0.00, 1.00, 0.00, 0.00, 0.00, 0.00
152, 0, 5.694, 0.98, 1, 0.02, 0.00, 0.00, 0.00, 0.00, 0.00, 0.06, 1.00, 0.06, 0.25, 0.06, 0.11, 0.39, 0.00, 0.00, 0.00, 0.29, 0.00, 1.00, 0.00, 1.00, 0.00, 0.00, 0.00, 0.00, 1.00, 0.00, 0.00, 0.00, 1.00, 1.00, 0.00, 0.00, 0.00, 0.00
153, 0, 5.731, 0.93, 1, 0.00, 0.00, 0.00, 0.06, 0.00, 0.00, 0.04, 0.98, 0.01, 0.21, 0.22, 0.08, 0.31, 0.00, 0.00, 0.00, 0.23, 0.00, 1.00, 0.00, 1.00, 0.00, 0.00, 0.00, 0.00, 1.00, 0.00, 0.00, 0.00, 1.00, 1.00, 0.00, 0.00, 0.00, 0.00
154, 0, 5.769, 0.98, 1, 0.03, 0.00, 0.00, 0.06, 0.00, 0.00, 0.11, 0.76, 0.00, 0.00, 0.36, 0.01, 0.19, 0.00, 0.00, 0.00, 0.35, 0.00, 0.00, 0.00, 1.00, 0.00, 0.00, 0.00, 0.00, 1.00, 0.00, 0.00, 0.00, 1.00, 1.00, 0.00, 0.00, 0.00, 0.00
155, 0, 5.807, 0.98, 1, 0.03, 0.00, 0.00, 0.15, 0.00, 0.00, 0.13, 0.88, 0.03, 0.09, 0.36, 0.09, 0.01, 0.00, 0.00, 0.00, 0.39, 0.00, 0.00, 0.00, 1.00, 0.00, 0.00, 0.00, 0.00, 1.00, 0.00, 0.00, 0.00, 0.00, 0.00, 0.00, 0.00, 0.00, 0.00
156, 0, 5.844, 0.98, 1, 0.03, 0.00, 0.00, 0.08, 0.00, 0.00, 0.19, 1.07, 0.07, 0.28, 0.20, 0.23, 0.00, 0.00, 0.00, 0.17, 0.44, 0.00, 0.00, 0.00, 1.00, 0.00, 0.00, 0.00, 0.00, 1.00, 0.00, 0.00, 0.00, 0.00, 0.00, 0.00, 0.00, 0.00, 0.00
157, 0, 5.882, 0.98, 1, 0.05, 0.00, 0.00, 0.14, 0.00, 0.00, 0.19, 1.31, 0.16, 0.48, 0.14, 0.44, 0.00, 0.00, 0.00, 0.25, 0.32, 0.00, 0.00, 0.00, 1.00, 0.00, 0.00, 0.00, 0.00, 1.00, 0.00, 0.00, 0.00, 0.00, 0.00, 0.00, 0.00, 0.00, 0.00
158, 0, 5.920, 0.98, 1, 0.15, 0.00, 0.00, 0.09, 0.00, 0.00, 0.22, 1.51, 0.21, 0.51, 0.17, 0.57, 0.00, 0.00, 0.00, 0.34, 0.20, 0.00, 0.00, 0.00, 1.00, 0.00, 0.00, 0.00, 0.00, 1.00, 0.00, 0.00, 0.00, 0.00, 0.00, 0.00, 0.00, 0.00, 0.00
159, 0, 5.957, 0.98, 1, 0.21, 0.00, 0.00, 0.19, 0.00, 0.00, 0.36, 1.59, 0.23, 0.48, 0.17, 0.60, 0.00, 0.00, 0.00, 0.21, 0.08, 0.00, 0.00, 0.00, 1.00, 0.00, 0.00, 0.00, 0.00, 1.00, 0.00, 0.00, 0.00, 0.00, 0.00, 0.00, 0.00, 0.00, 0.00
160, 0, 5.995, 0.98, 1, 0.15, 0.07, 0.00, 0.17, 0.00, 0.00, 0.34, 1.55, 0.14, 0.28, 0.04, 0.48, 0.00, 0.04, 0.00, 0.13, 0.15, 0.00, 1.00, 0.00, 1.00, 0.00, 0.00, 0.00, 0.00, 1.00, 0.00, 0.00, 0.00, 0.00, 0.00, 0.00, 0.00, 0.00, 0.00
161, 0, 6.033, 0.98, 1, 0.06, 0.07, 0.00, 0.13, 0.00, 0.00, 0.28, 1.41, 0.05, 0.25, 0.06, 0.31, 0.11, 0.04, 0.00, 0.04, 0.07, 0.00, 1.00, 0.00, 1.00, 0.00, 0.00, 0.00, 0.00, 0.00, 0.00, 0.00, 0.00, 0.00, 0.00, 0.00, 0.00, 0.00, 0.00
162, 0, 6.071, 0.98, 1, 0.02, 0.12, 0.00, 0.03, 0.00, 0.00, 0.14, 1.41, 0.00, 0.16, 0.06, 0.26, 0.26, 0.04, 0.00, 0.01, 0.10, 0.00, 1.00, 0.00, 1.00, 0.00, 0.00, 0.00, 0.00, 0.00, 0.00, 0.00, 0.00, 1.00, 0.00, 0.00, 0.00, 0.00, 0.00
163, 0, 6.108, 0.98, 1, 0.02, 0.04, 0.00, 0.03, 0.00, 0.00, 0.13, 1.51, 0.00, 0.23, 0.05, 0.34, 0.52, 0.00, 0.00, 0.13, 0.03, 0.00, 0.00, 0.00, 1.00, 0.00, 0.00, 0.00, 0.00, 0.00, 0.00, 0.00, 0.00, 1.00, 0.00, 0.00, 0.00, 0.00, 0.00
164, 0, 6.146, 0.98, 1, 0.02, 0.04, 0.00, 0.03, 0.00, 0.01, 0.14, 1.59, 0.00, 0.15, 0.00, 0.31, 0.67, 0.00, 0.00, 0.26, 0.03, 0.00, 0.00, 0.00, 1.00, 0.00, 0.00, 0.00, 0.00, 0.00, 0.00, 0.00, 0.00, 1.00, 0.00, 0.00, 0.00, 0.00, 0.00
165, 0, 6.184, 0.98, 1, 0.00, 0.00, 0.00, 0.03, 0.02, 0.01, 0.18, 1.71, 0.02, 0.23, 0.00, 0.35, 0.53, 0.01, 0.00, 0.52, 0.00, 0.00, 0.00, 0.00, 1.00, 0.00, 0.00, 0.00, 0.00, 0.00, 0.00, 0.00, 0.00, 1.00, 0.00, 0.00, 0.00, 0.00, 0.00
166, 0, 6.221, 0.98, 1, 0.00, 0.00, 0.00, 0.00, 0.04, 0.01, 0.26, 1.78, 0.05, 0.34, 0.00, 0.37, 0.30, 0.01, 0.00, 0.66, 0.00, 0.00, 0.00, 0.00, 1.00, 0.00, 0.00, 0.00, 0.00, 0.00, 0.00, 0.00, 0.00, 0.00, 1.00, 0.00, 0.00, 0.00, 0.00
167, 0, 6.259, 0.98, 1, 0.00, 0.00, 0.00, 0.00, 0.09, 0.00, 0.31, 1.71, 0.12, 0.58, 0.00, 0.41, 0.03, 0.01, 0.00, 0.79, 0.00, 0.00, 0.00, 0.00, 1.00, 0.00, 0.00, 0.00, 0.00, 0.00, 0.00, 0.00, 0.00, 0.00, 1.00, 0.00, 0.00, 0.00, 0.00
168, 0, 6.297, 0.98, 1, 0.00, 0.00, 0.00, 0.11, 0.07, 0.00, 0.27, 1.52, 0.11, 0.67, 0.00, 0.25, 0.03, 0.01, 0.00, 0.65, 0.01, 0.00, 0.00, 0.00, 1.00, 0.00, 0.00, 0.00, 0.00, 0.00, 0.00, 0.00, 0.00, 0.00, 1.00, 0.00, 0.00, 0.00, 0.00
169, 0, 6.335, 0.93, 1, 0.00, 0.00, 0.00, 0.23, 0.05, 0.00, 0.16, 1.31, 0.08, 0.77, 0.00, 0.07, 0.00, 0.00, 0.00, 0.49, 0.01, 0.00, 0.00, 0.00, 1.00, 0.00, 0.00, 0.00, 0.00, 0.00, 0.00, 0.00, 0.00, 0.00, 1.00, 0.00, 0.00, 0.00, 0.00
170, 0, 6.372, 0.93, 1, 0.06, 0.00, 0.07, 0.44, 0.00, 0.00, 0.14, 0.96, 0.02, 0.53, 0.26, 0.18, 0.00, 0.02, 0.00, 0.28, 0.01, 0.00, 0.00, 0.00, 1.00, 0.00, 0.00, 0.00, 0.00, 0.00, 0.00, 0.00, 0.00, 0.00, 1.00, 0.00, 0.00, 0.00, 0.00
171, 0, 6.410, 0.98, 1, 0.06, 0.00, 0.08, 0.42, 0.00, 0.05, 0.13, 0.69, 0.06, 0.37, 0.26, 0.25, 0.00, 0.02, 0.00, 0.28, 0.00, 0.00, 0.00, 0.00, 1.00, 0.00, 0.00, 0.00, 0.00, 0.00, 0.00, 0.00, 0.00, 0.00, 1.00, 0.00, 0.00, 0.00, 0.00
172, 0, 6.448, 0.98, 1, 0.15, 0.00, 0.12, 0.29, 0.00, 0.05, 0.20, 0.52, 0.07, 0.15, 0.26, 0.52, 0.00, 0.02, 0.00, 0.30, 0.04, 0.00, 1.00, 0.00, 1.00, 0.00, 0.00, 0.00, 0.00, 0.00, 0.00, 0.00, 1.00, 0.00, 0.00, 0.00, 0.00, 0.00, 0.00
173, 0, 6.485, 0.98, 1, 0.19, 0.00, 0.10, 0.12, 0.00, 0.07, 0.24, 0.59, 0.08, 0.36, 0.00, 0.60, 0.00, 0.00, 0.00, 0.42, 0.05, 0.00, 1.00, 0.00, 1.00, 0.00, 0.00, 0.00, 0.00, 0.00, 0.00, 0.00, 1.00, 0.00, 0.00, 0.00, 0.00, 0.00, 0.00
174, 0, 6.523, 0.98, 1, 0.24, 0.00, 0.10, 0.07, 0.00, 0.03, 0.29, 0.68, 0.04, 0.39, 0.07, 0.69, 0.00, 0.00, 0.00, 0.36, 0.05, 0.00, 1.00, 0.00, 1.00, 0.00, 0.00, 0.00, 0.00, 1.00, 0.00, 0.00, 1.00, 0.00, 0.00, 0.00, 0.00, 0.00, 0.00
175, 0, 6.561, 0.98, 1, 0.23, 0.00, 0.06, 0.30, 0.00, 0.24, 0.31, 0.61, 0.13, 0.48, 0.12, 0.44, 0.00, 0.00, 0.00, 0.25, 0.02, 0.00, 1.00, 0.00, 1.00, 0.00, 0.00, 0.00, 0.00, 1.00, 0.00, 0.00, 0.00, 0.00, 0.00, 0.00, 0.00, 0.00, 0.00
176, 0, 6.598, 0.98, 1, 0.18, 0.00, 0.01, 0.38, 0.00, 0.29, 0.30, 0.67, 0.20, 0.45, 0.12, 0.30, 0.00, 0.00, 0.00, 0.09, 0.07, 0.00, 1.00, 0.00, 1.00, 0.00, 0.00, 0.00, 0.00, 1.00, 0.00, 0.00, 0.00, 0.00, 0.00, 0.00, 0.00, 0.00, 0.00
177, 0, 6.636, 0.98, 1, 0.19, 0.00, 0.00, 0.37, 0.00, 0.29, 0.30, 0.73, 0.28, 0.57, 0.05, 0.24, 0.00, 0.00, 0.00, 0.00, 0.09, 0.00, 0.00, 0.00, 1.00, 0.00, 0.00, 0.00, 0.00, 1.00, 0.00, 0.00, 0.00, 0.00, 0.00, 0.00, 0.00, 0.00, 0.00
178, 0, 6.674, 0.93, 1, 0.11, 0.00, 0.00, 0.18, 0.00, 0.08, 0.26, 0.96, 0.29, 0.70, 0.00, 0.34, 0.00, 0.00, 0.00, 0.08, 0.20, 0.00, 0.00, 0.00, 1.00, 0.00, 0.00, 0.00, 0.00, 1.00, 0.00, 0.00, 0.00, 0.00, 0.00, 0.00, 0.00, 0.00, 0.00
179, 0, 6.712, 0.93, 1, 0.06, 0.00, 0.00, 0.20, 0.00, 0.03, 0.26, 1.23, 0.35, 0.85, 0.14, 0.31, 0.00, 0.00, 0.00, 0.11, 0.13, 0.00, 0.00, 0.00, 1.00, 0.00, 0.00, 0.00, 0.00, 1.00, 0.00, 0.00, 0.00, 0.00, 0.00, 0.00, 0.00, 0.00, 0.00
180, 0, 6.749, 0.93, 1, 0.15, 0.00, 0.00, 0.17, 0.00, 0.03, 0.30, 1.71, 0.32, 1.01, 0.14, 0.41, 0.00, 0.00, 0.00, 0.11, 0.11, 0.00, 0.00, 0.00, 1.00, 0.00, 0.00, 0.00, 0.00, 1.00, 1.00, 0.00, 0.00, 0.00, 0.00, 0.00, 0.00, 0.00, 0.00
181, 0, 6.787, 0.98, 1, 0.20, 0.00, 0.00, 0.17, 0.00, 0.03, 0.36, 1.96, 0.27, 1.21, 0.14, 0.48, 0.00, 0.00, 0.00, 0.02, 0.00, 0.00, 1.00, 0.00, 1.00, 0.00, 0.00, 0.00, 1.00, 1.00, 1.00, 0.00, 0.00, 0.00, 0.00, 0.00, 0.00, 0.00, 0.00
182, 0, 6.825, 0.98, 1, 0.27, 0.00, 0.00, 0.09, 0.00, 0.00, 0.37, 2.14, 0.20, 1.46, 0.01, 0.53, 0.00, 0.00, 0.00, 0.00, 0.00, 0.00, 1.00, 0.00, 1.00, 0.00, 0.00, 0.00, 1.00, 1.00, 1.00, 0.00, 0.00, 0.00, 0.00, 0.00, 0.00, 0.00, 0.00
183, 0, 6.862, 0.98, 1, 0.20, 0.00, 0.00, 0.09, 0.00, 0.00, 0.26, 1.93, 0.24, 1.52, 0.01, 0.51, 0.00, 0.00, 0.00, 0.00, 0.00, 0.00, 1.00, 0.00, 1.00, 0.00, 0.00, 0.00, 1.00, 1.00, 1.00, 0.00, 0.00, 0.00, 0.00, 0.00, 0.00, 0.00, 0.00
184, 0, 6.900, 0.98, 1, 0.14, 0.00, 0.00, 0.05, 0.00, 0.00, 0.14, 1.85, 0.35, 1.35, 0.01, 0.46, 0.00, 0.00, 0.00, 0.00, 0.00, 0.00, 1.00, 0.00, 1.00, 0.00, 0.00, 0.00, 1.00, 1.00, 1.00, 0.00, 0.00, 0.00, 0.00, 0.00, 0.00, 0.00, 0.00
185, 0, 6.938, 0.98, 1, 0.18, 0.00, 0.00, 0.00, 0.00, 0.00, 0.05, 1.82, 0.36, 1.21, 0.00, 0.48, 0.31, 0.00, 0.00, 0.13, 0.00, 0.00, 1.00, 0.00, 1.00, 0.00, 0.00, 0.00, 1.00, 1.00, 1.00, 0.00, 0.00, 0.00, 0.00, 0.00, 0.00, 0.00, 0.00
186, 0, 6.976, 0.98, 1, 0.11, 0.00, 0.00, 0.00, 0.00, 0.00, 0.07, 1.90, 0.40, 1.26, 0.03, 0.47, 0.48, 0.00, 0.00, 0.20, 0.00, 0.00, 1.00, 0.00, 1.00, 0.00, 0.00, 0.00, 1.00, 1.00, 1.00, 0.00, 0.00, 0.00, 0.00, 0.00, 0.00, 0.00, 0.00
187, 0, 7.013, 0.98, 1, 0.11, 0.00, 0.00, 0.06, 0.00, 0.00, 0.11, 1.90, 0.36, 1.45, 0.07, 0.47, 0.62, 0.00, 0.00, 0.20, 0.00, 0.00, 1.00, 0.00, 1.00, 0.00, 0.00, 0.00, 0.00, 1.00, 1.00, 0.00, 0.00, 0.00, 0.00, 0.00, 0.00, 0.00, 0.00
188, 0, 7.051, 0.98, 1, 0.00, 0.00, 0.00, 0.06, 0.00, 0.00, 0.09, 1.75, 0.40, 1.39, 0.15, 0.42, 0.31, 0.02, 0.00, 0.08, 0.00, 0.00, 1.00, 0.00, 1.00, 0.00, 0.00, 0.00, 0.00, 1.00, 1.00, 0.00, 1.00, 0.00, 0.00, 0.00, 0.00, 0.00, 0.00
189, 0, 7.089, 0.98, 1, 0.02, 0.00, 0.00, 0.19, 0.00, 0.00, 0.04, 1.61, 0.45, 1.09, 0.27, 0.44, 0.14, 0.02, 0.00, 0.12, 0.00, 0.00, 1.00, 0.00, 1.00, 0.00, 0.00, 0.00, 0.00, 1.00, 0.00, 0.00, 1.00, 1.00, 0.00, 0.00, 0.00, 0.00, 0.00
190, 0, 7.126, 0.98, 1, 0.13, 0.00, 0.00, 0.37, 0.00, 0.00, 0.05, 1.46, 0.36, 0.63, 0.33, 0.50, 0.23, 0.02, 0.00, 0.12, 0.00, 0.00, 1.00, 0.00, 1.00, 0.00, 0.00, 0.00, 0.00, 1.00, 0.00, 0.00, 0.00, 1.00, 0.00, 0.00, 0.00, 0.00, 0.00
191, 0, 7.164, 0.98, 1, 0.13, 0.00, 0.00, 0.44, 0.00, 0.00, 0.11, 1.34, 0.29, 0.42, 0.41, 0.41, 0.48, 0.00, 0.00, 0.12, 0.00, 0.00, 1.00, 0.00, 1.00, 0.00, 0.00, 0.00, 0.00, 1.00, 0.00, 0.00, 0.00, 1.00, 0.00, 0.00, 0.00, 0.00, 0.00
192, 0, 7.202, 0.98, 1, 0.11, 0.00, 0.00, 0.34, 0.00, 0.00, 0.21, 1.32, 0.26, 0.30, 0.39, 0.29, 0.64, 0.00, 0.00, 0.04, 0.00, 0.00, 1.00, 0.00, 1.00, 0.00, 0.00, 0.00, 0.00, 1.00, 0.00, 0.00, 0.00, 1.00, 0.00, 0.00, 0.00, 0.00, 0.00
193, 0, 7.239, 0.98, 1, 0.00, 0.00, 0.00, 0.17, 0.00, 0.00, 0.16, 1.33, 0.28, 0.24, 0.47, 0.23, 0.61, 0.00, 0.00, 0.17, 0.00, 0.00, 1.00, 0.00, 1.00, 0.00, 0.00, 0.00, 0.00, 1.00, 0.00, 0.00, 0.00, 1.00, 0.00, 0.00, 0.00, 0.00, 0.00
194, 0, 7.277, 0.98, 1, 0.00, 0.00, 0.00, 0.17, 0.00, 0.00, 0.10, 1.35, 0.30, 0.09, 0.48, 0.33, 0.56, 0.00, 0.00, 0.32, 0.00, 0.00, 1.00, 0.00, 1.00, 0.00, 0.00, 0.00, 0.00, 1.00, 0.00, 0.00, 0.00, 1.00, 0.00, 0.00, 0.00, 0.00, 0.00
195, 0, 7.315, 0.98, 1, 0.05, 0.00, 0.06, 0.15, 0.00, 0.00, 0.12, 1.47, 0.23, 0.54, 0.35, 0.41, 0.63, 0.00, 0.00, 0.44, 0.00, 0.00, 1.00, 0.00, 1.00, 0.00, 0.00, 0.00, 0.00, 1.00, 0.00, 0.00, 0.00, 1.00, 0.00, 0.00, 0.00, 0.00, 0.00
196, 0, 7.353, 0.98, 1, 0.05, 0.00, 0.06, 0.11, 0.00, 0.00, 0.15, 1.67, 0.26, 1.05, 0.18, 0.48, 0.59, 0.00, 0.00, 0.51, 0.00, 0.00, 1.00, 0.00, 1.00, 0.00, 0.00, 0.00, 0.00, 1.00, 1.00, 0.00, 0.00, 1.00, 0.00, 0.00, 0.00, 0.00, 0.00
197, 0, 7.390, 0.98, 1, 0.05, 0.00, 0.06, 0.04, 0.00, 0.00, 0.25, 1.87, 0.30, 1.59, 0.00, 0.60, 0.60, 0.00, 0.00, 0.49, 0.00, 0.00, 1.00, 0.00, 1.00, 0.00, 0.00, 0.00, 0.00, 1.00, 1.00, 0.00, 0.00, 0.00, 0.00, 0.00, 0.00, 0.00, 0.00
198, 0, 7.428, 0.98, 1, 0.00, 0.00, 0.00, 0.03, 0.00, 0.00, 0.19, 1.85, 0.29, 1.60, 0.00, 0.53, 0.54, 0.00, 0.00, 0.48, 0.00, 0.00, 1.00, 0.00, 1.00, 0.00, 0.00, 0.00, 0.00, 1.00, 1.00, 0.00, 0.00, 0.00, 0.00, 0.00, 0.00, 0.00, 0.00
199, 0, 7.466, 0.98, 1, 0.00, 0.00, 0.00, 0.00, 0.00, 0.00, 0.20, 1.96, 0.26, 1.80, 0.00, 0.44, 0.44, 0.00, 0.00, 0.47, 0.00, 0.00, 1.00, 0.00, 1.00, 0.00, 0.00, 0.00, 0.00, 1.00, 1.00, 0.00, 0.00, 0.00, 0.00, 0.00, 0.00, 0.00, 0.00
200, 0, 7.503, 0.98, 1, 0.03, 0.00, 0.14, 0.07, 0.00, 0.00, 0.17, 1.87, 0.21, 1.47, 0.00, 0.27, 0.25, 0.00, 0.05, 0.34, 0.00, 0.00, 1.00, 0.00, 1.00, 0.00, 0.00, 0.00, 0.00, 1.00, 1.00, 0.00, 0.00, 0.00, 0.00, 0.00, 0.00, 0.00, 0.00
201, 0, 7.541, 0.98, 1, 0.03, 0.00, 0.14, 0.13, 0.00, 0.00, 0.17, 1.81, 0.22, 1.09, 0.00, 0.30, 0.07, 0.00, 0.18, 0.31, 0.00, 0.00, 1.00, 0.00, 1.00, 0.00, 0.00, 0.00, 1.00, 0.00, 1.00, 0.00, 0.00, 0.00, 0.00, 0.00, 0.00, 0.00, 0.00
202, 0, 7.579, 0.98, 1, 0.03, 0.00, 0.14, 0.18, 0.00, 0.00, 0.28, 1.74, 0.23, 0.61, 0.03, 0.37, 0.09, 0.00, 0.28, 0.12, 0.00, 0.00, 1.00, 0.00, 1.00, 0.00, 0.00, 0.00, 1.00, 0.00, 0.00, 0.00, 0.00, 0.00, 0.00, 0.00, 0.00, 0.00, 0.00
203, 0, 7.617, 0.98, 1, 0.00, 0.00, 0.00, 0.22, 0.00, 0.00, 0.36, 1.77, 0.25, 0.79, 0.03, 0.36, 0.27, 0.02, 0.22, 0.12, 0.00, 0.00, 1.00, 0.00, 1.00, 0.00, 0.00, 0.00, 1.00, 0.00, 0.00, 0.00, 0.00, 0.00, 0.00, 0.00, 0.00, 0.00, 0.00
204, 0, 7.654, 0.98, 1, 0.00, 0.00, 0.00, 0.23, 0.00, 0.00, 0.33, 1.87, 0.26, 1.01, 0.03, 0.27, 0.52, 0.02, 0.10, 0.09, 0.00, 0.00, 1.00, 0.00, 1.00, 0.00, 0.00, 0.00, 1.00, 0.00, 0.00, 0.00, 0.00, 0.00, 0.00, 0.00, 0.00, 0.00, 0.00
205, 0, 7.692, 0.98, 1, 0.01, 0.00, 0.00, 0.44, 0.00, 0.00, 0.19, 1.60, 0.25, 0.94, 0.19, 0.15, 0.43, 0.02, 0.00, 0.09, 0.00, 0.00, 0.00, 0.00, 1.00, 0.00, 0.00, 0.00, 1.00, 1.00, 0.00, 0.00, 0.00, 0.00, 0.00, 0.00, 0.00, 0.00, 0.00
206, 0, 7.730, 0.98, 1, 0.01, 0.00, 0.00, 0.58, 0.00, 0.00, 0.04, 1.43, 0.23, 0.69, 0.36, 0.12, 0.25, 0.00, 0.00, 0.09, 0.00, 0.00, 0.00, 0.00, 1.00, 0.00, 0.00, 0.00, 0.00, 1.00, 0.00, 0.00, 0.00, 0.00, 0.00, 0.00, 0.00, 0.00, 0.00
207, 0, 7.767, 0.98, 1, 0.04, 0.00, 0.01, 0.60, 0.00, 0.00, 0.01, 1.18, 0.15, 0.40, 0.41, 0.10, 0.00, 0.00, 0.00, 0.00, 0.00, 0.00, 0.00, 0.00, 1.00, 0.00, 0.00, 0.00, 0.00, 1.00, 0.00, 0.00, 0.00, 0.00, 0.00, 0.00, 0.00, 0.00, 0.00
208, 0, 7.805, 0.98, 1, 0.03, 0.00, 0.07, 0.50, 0.00, 0.00, 0.07, 1.20, 0.15, 0.39, 0.22, 0.11, 0.00, 0.00, 0.00, 0.05, 0.00, 0.00, 0.00, 0.00, 1.00, 0.00, 0.00, 0.00, 0.00, 1.00, 0.00, 0.00, 0.00, 0.00, 0.00, 0.00, 0.00, 0.00, 0.00
209, 0, 7.843, 0.98, 1, 0.03, 0.00, 0.07, 0.39, 0.00, 0.00, 0.07, 1.19, 0.12, 0.43, 0.07, 0.15, 0.00, 0.00, 0.00, 0.26, 0.00, 0.00, 0.00, 0.00, 1.00, 0.00, 0.00, 0.00, 0.00, 1.00, 0.00, 0.00, 0.00, 0.00, 0.00, 0.00, 0.00, 0.00, 0.00
210, 0, 7.880, 0.98, 1, 0.09, 0.00, 0.05, 0.61, 0.00, 0.00, 0.06, 1.36, 0.14, 0.69, 0.69, 0.33, 0.29, 0.00, 0.27, 0.26, 0.00, 0.00, 0.00, 0.00, 1.00, 0.00, 0.00, 0.00, 0.00, 1.00, 0.00, 0.00, 0.00, 0.00, 0.00, 0.00, 0.00, 0.00, 0.00
211, 0, 7.918, 0.98, 1, 0.09, 0.00, 0.00, 0.58, 0.00, 0.00, 0.06, 1.46, 0.16, 0.97, 0.69, 0.33, 0.31, 0.00, 0.27, 0.21, 0.00, 0.00, 1.00, 0.00, 1.00, 0.00, 0.00, 0.00, 0.00, 1.00, 0.00, 0.00, 0.00, 0.00, 0.00, 0.00, 0.00, 0.00, 0.00
212, 0, 7.956, 0.98, 1, 0.09, 0.00, 0.00, 0.56, 0.00, 0.00, 0.15, 1.58, 0.20, 1.16, 0.67, 0.34, 0.31, 0.00, 0.27, 0.00, 0.00, 0.00, 1.00, 0.00, 1.00, 0.00, 0.00, 0.00, 0.00, 1.00, 0.00, 0.00, 0.00, 0.00, 0.00, 0.00, 0.00, 0.00, 0.00
213, 0, 7.994, 0.98, 1, 0.07, 0.00, 0.00, 0.35, 0.00, 0.00, 0.21, 1.48, 0.17, 1.04, 0.07, 0.19, 0.01, 0.00, 0.00, 0.00, 0.00, 0.00, 1.00, 0.00, 1.00, 0.00, 0.00, 0.00, 0.00, 1.00, 0.00, 0.00, 0.00, 0.00, 0.00, 0.00, 0.00, 0.00, 0.00
214, 0, 8.031, 0.98, 1, 0.07, 0.00, 0.00, 0.26, 0.00, 0.00, 0.27, 1.35, 0.12, 0.71, 0.06, 0.25, 0.10, 0.00, 0.00, 0.00, 0.00, 0.00, 1.00, 0.00, 1.00, 0.00, 0.00, 0.00, 0.00, 1.00, 0.00, 0.00, 0.00, 0.00, 0.00, 0.00, 0.00, 0.00, 0.00
215, 0, 8.069, 0.98, 1, 0.07, 0.00, 0.00, 0.17, 0.00, 0.00, 0.22, 1.21, 0.12, 0.35, 0.06, 0.50, 0.17, 0.00, 0.00, 0.00, 0.00, 0.00, 1.00, 0.00, 1.00, 0.00, 0.00, 0.00, 0.00, 1.00, 0.00, 0.00, 0.00, 0.00, 0.00, 0.00, 0.00, 0.00, 0.00
216, 0, 8.107, 0.98, 1, 0.00, 0.00, 0.07, 0.05, 0.00, 0.00, 0.20, 1.11, 0.20, 0.13, 0.00, 0.71, 0.17, 0.00, 0.00, 0.01, 0.00, 0.00, 1.00, 0.00, 1.00, 0.00, 0.00, 0.00, 0.00, 1.00, 0.00, 0.00, 0.00, 0.00, 0.00, 0.00, 0.00, 0.00, 0.00
217, 0, 8.144, 0.98, 1, 0.05, 0.00, 0.14, 0.17, 0.00, 0.00, 0.11, 1.02, 0.28, 0.11, 0.00, 0.72, 0.08, 0.00, 0.00, 0.09, 0.00, 0.00, 1.00, 0.00, 1.00, 0.00, 0.00, 0.00, 0.00, 1.00, 0.00, 0.00, 0.00, 0.00, 0.00, 0.00, 0.00, 0.00, 0.00
218, 0, 8.182, 0.98, 1, 0.11, 0.00, 0.21, 0.30, 0.00, 0.00, 0.13, 0.91, 0.27, 0.14, 0.00, 0.49, 0.00, 0.00, 0.00, 0.10, 0.00, 0.00, 1.00, 0.00, 1.00, 0.00, 0.00, 0.00, 0.00, 1.00, 0.00, 0.00, 0.00, 0.00, 0.00, 0.00, 0.00, 0.00, 0.00
219, 0, 8.220, 0.98, 1, 0.21, 0.00, 0.14, 0.57, 0.00, 0.00, 0.09, 0.86, 0.23, 0.17, 0.00, 0.43, 0.00, 0.00, 0.00, 0.08, 0.00, 0.00, 1.00, 0.00, 1.00, 0.00, 0.00, 0.00, 0.00, 1.00, 0.00, 0.00, 0.00, 0.00, 0.00, 0.00, 0.00, 0.00, 0.00
220, 0, 8.258, 0.98, 1, 0.22, 0.00, 0.07, 0.46, 0.00, 0.00, 0.06, 0.84, 0.22, 0.52, 0.00, 0.35, 0.00, 0.00, 0.00, 0.01, 0.00, 0.00, 1.00, 0.00, 1.00, 0.00, 0.00, 0.00, 0.00, 1.00, 0.00, 0.00, 0.00, 0.00, 0.00, 0.00, 0.00, 0.00, 0.00
221, 0, 8.295, 0.88, 1, 0.27, 0.00, 0.00, 0.51, 0.00, 0.00, 0.00, 0.89, 0.29, 0.86, 0.00, 0.26, 0.05, 0.00, 0.00, 0.00, 0.00, 0.00, 1.00, 0.00, 1.00, 0.00, 0.00, 0.00, 0.00, 1.00, 1.00, 0.00, 0.00, 0.00, 0.00, 0.00, 0.00, 0.00, 0.00
222, 0, 8.333, 0.88, 1, 0.33, 0.00, 0.00, 0.53, 0.00, 0.00, 0.00, 0.90, 0.32, 1.16, 0.00, 0.06, 0.08, 0.00, 0.00, 0.00, 0.00, 0.00, 1.00, 0.00, 1.00, 0.00, 0.00, 0.00, 0.00, 1.00, 1.00, 0.00, 0.00, 0.00, 0.00, 0.00, 0.00, 0.00, 0.00
223, 0, 8.371, 0.98, 1, 0.27, 0.00, 0.00, 0.73, 0.00, 0.00, 0.00, 1.16, 0.37, 1.29, 0.00, 0.04, 0.08, 0.00, 0.00, 0.14, 0.00, 0.00, 1.00, 0.00, 1.00, 0.00, 0.00, 0.00, 0.00, 1.00, 1.00, 0.00, 0.00, 0.00, 0.00, 0.00, 0.00, 0.00, 0.00
224, 0, 8.408, 0.98, 1, 0.16, 0.00, 0.00, 0.72, 0.00, 0.00, 0.00, 1.34, 0.39, 1.47, 0.00, 0.11, 0.03, 0.00, 0.00, 0.32, 0.00, 0.00, 1.00, 0.00, 1.00, 0.00, 0.00, 0.00, 0.00, 1.00, 1.00, 0.00, 0.00, 0.00, 0.00, 0.00, 0.00, 0.00, 0.00
225, 0, 8.446, 0.98, 1, 0.00, 0.00, 0.00, 0.43, 0.02, 0.00, 0.01, 1.63, 0.49, 1.47, 0.39, 0.11, 0.10, 0.00, 0.15, 0.32, 0.00, 0.00, 1.00, 0.00, 1.00, 0.00, 0.00, 0.00, 0.00, 1.00, 1.00, 0.00, 0.00, 0.00, 0.00, 0.00, 0.00, 0.00, 0.00
226, 0, 8.484, 0.98, 1, 0.00, 0.00, 0.00, 0.19, 0.04, 0.00, 0.01, 1.58, 0.58, 1.38, 0.52, 0.25, 0.15, 0.00, 0.19, 0.19, 0.00, 0.00, 0.00, 0.00, 1.00, 0.00, 0.00, 0.00, 0.00, 1.00, 1.00, 0.00, 0.00, 0.00, 0.00, 0.00, 0.00, 0.00, 0.00
227, 0, 8.521, 0.98, 1, 0.00, 0.00, 0.00, 0.00, 0.11, 0.00, 0.08, 1.64, 0.58, 1.19, 0.52, 0.32, 0.27, 0.04, 0.19, 0.02, 0.00, 0.00, 0.00, 0.00, 1.00, 0.00, 0.00, 0.00, 0.00, 1.00, 1.00, 0.00, 0.00, 0.00, 1.00, 0.00, 0.00, 0.00, 0.00
228, 0, 8.559, 0.98, 1, 0.00, 0.00, 0.00, 0.08, 0.09, 0.00, 0.06, 1.48, 0.55, 1.56, 0.14, 0.56, 0.23, 0.05, 0.04, 0.11, 0.00, 0.00, 0.00, 0.00, 1.00, 0.00, 0.00, 0.00, 0.00, 0.00, 1.00, 0.00, 1.00, 0.00, 1.00, 0.00, 0.00, 0.00, 0.00
229, 0, 8.597, 0.88, 1, 0.00, 0.00, 0.00, 0.32, 0.08, 0.00, 0.06, 1.56, 0.48, 1.83, 0.00, 0.76, 0.29, 0.09, 0.00, 0.39, 0.00, 0.00, 0.00, 0.00, 1.00, 0.00, 0.00, 0.00, 0.00, 0.00, 1.00, 0.00, 1.00, 0.00, 1.00, 0.00, 0.00, 0.00, 0.00
230, 0, 8.635, 0.98, 1, 0.00, 0.00, 0.00, 0.40, 0.06, 0.00, 0.00, 1.95, 0.54, 2.18, 0.00, 0.95, 0.37, 0.06, 0.00, 0.41, 0.00, 0.00, 0.00, 0.00, 1.00, 0.00, 0.00, 0.00, 1.00, 0.00, 1.00, 0.00, 1.00, 0.00, 1.00, 0.00, 0.00, 0.00, 0.00
231, 0, 8.672, 0.98, 1, 0.00, 0.00, 0.00, 0.50, 0.06, 0.00, 0.00, 2.30, 0.53, 1.99, 0.00, 1.09, 0.44, 0.04, 0.00, 0.32, 0.00, 0.00, 0.00, 0.00, 1.00, 0.00, 0.00, 0.00, 1.00, 0.00, 1.00, 0.00, 1.00, 0.00, 1.00, 0.00, 0.00, 0.00, 0.00
232, 0, 8.710, 0.98, 1, 0.00, 0.00, 0.00, 0.26, 0.06, 0.00, 0.00, 2.55, 0.42, 1.80, 0.23, 1.14, 0.42, 0.01, 0.00, 0.02, 0.00, 0.00, 0.00, 0.00, 1.00, 0.00, 0.00, 0.00, 1.00, 0.00, 1.00, 0.00, 1.00, 0.00, 1.00, 0.00, 0.00, 0.00, 0.00
233, 0, 8.748, 0.88, 1, 0.00, 0.00, 0.00, 0.33, 0.00, 0.00, 0.00, 2.29, 0.30, 1.53, 0.23, 0.98, 0.22, 0.05, 0.00, 0.00, 0.00, 0.00, 0.00, 0.00, 1.00, 0.00, 0.00, 0.00, 1.00, 0.00, 1.00, 0.00, 1.00, 0.00, 1.00, 0.00, 0.00, 0.00, 0.00
234, 0, 8.785, 0.98, 1, 0.00, 0.00, 0.00, 0.29, 0.03, 0.00, 0.11, 2.23, 0.22, 1.39, 0.23, 0.71, 0.09, 0.05, 0.00, 0.00, 0.00, 0.00, 0.00, 0.00, 1.00, 0.00, 0.00, 0.00, 1.00, 0.00, 1.00, 0.00, 1.00, 0.00, 1.00, 0.00, 0.00, 0.00, 0.00
235, 0, 8.823, 0.93, 1, 0.00, 0.00, 0.00, 0.45, 0.03, 0.00, 0.11, 1.97, 0.24, 1.40, 0.00, 0.36, 0.08, 0.18, 0.00, 0.00, 0.00, 0.00, 0.00, 0.00, 1.00, 0.00, 0.00, 0.00, 1.00, 0.00, 1.00, 0.00, 1.00, 0.00, 1.00, 0.00, 0.00, 0.00, 0.00
236, 0, 8.861, 0.98, 1, 0.00, 0.00, 0.00, 0.48, 0.03, 0.00, 0.11, 1.73, 0.25, 1.49, 0.00, 0.41, 0.12, 0.23, 0.00, 0.00, 0.00, 0.00, 0.00, 0.00, 1.00, 0.00, 0.00, 0.00, 1.00, 0.00, 1.00, 0.00, 1.00, 0.00, 1.00, 0.00, 0.00, 0.00, 0.00
237, 0, 8.899, 0.98, 1, 0.00, 0.00, 0.00, 0.35, 0.00, 0.00, 0.07, 1.60, 0.23, 1.35, 0.33, 0.53, 0.33, 0.35, 0.00, 0.00, 0.00, 0.00, 1.00, 0.00, 1.00, 0.00, 0.00, 0.00, 1.00, 0.00, 1.00, 0.00, 1.00, 0.00, 1.00, 0.00, 0.00, 0.00, 0.00
238, 0, 8.936, 0.98, 1, 0.00, 0.00, 0.00, 0.43, 0.00, 0.00, 0.07, 1.57, 0.28, 1.26, 0.33, 0.68, 0.25, 0.33, 0.00, 0.00, 0.09, 0.00, 1.00, 0.00, 1.00, 0.00, 0.00, 0.00, 1.00, 0.00, 1.00, 0.00, 1.00, 0.00, 1.00, 0.00, 0.00, 0.00, 0.00
239, 0, 8.974, 0.98, 1, 0.00, 0.00, 0.00, 0.38, 0.00, 0.01, 0.10, 1.62, 0.35, 1.15, 0.33, 0.64, 0.34, 0.30, 0.00, 0.07, 0.20, 0.00, 1.00, 0.00, 1.00, 0.00, 0.00, 0.00, 0.00, 0.00, 1.00, 0.00, 1.00, 0.00, 1.00, 0.00, 0.00, 0.00, 0.00
240, 0, 9.012, 0.98, 1, 0.00, 0.06, 0.00, 0.38, 0.00, 0.01, 0.12, 1.49, 0.35, 1.12, 0.00, 0.57, 0.22, 0.18, 0.04, 0.22, 0.20, 0.00, 1.00, 0.00, 1.00, 0.00, 0.00, 0.00, 0.00, 1.00, 0.00, 0.00, 1.00, 0.00, 0.00, 0.00, 0.00, 0.00, 0.00
241, 0, 9.049, 0.98, 1, 0.01, 0.21, 0.00, 0.27, 0.00, 0.01, 0.17, 1.50, 0.32, 1.09, 0.00, 0.54, 0.22, 0.06, 0.04, 0.32, 0.11, 0.00, 1.00, 0.00, 1.00, 0.00, 0.00, 0.00, 1.00, 1.00, 0.00, 0.00, 1.00, 0.00, 0.00, 0.00, 0.00, 0.00, 0.00
242, 0, 9.087, 0.98, 1, 0.07, 0.22, 0.00, 0.28, 0.02, 0.00, 0.18, 1.45, 0.22, 1.04, 0.00, 0.61, 0.10, 0.00, 0.04, 0.28, 0.00, 0.00, 1.00, 0.00, 1.00, 0.00, 0.00, 0.00, 0.00, 1.00, 0.00, 0.00, 1.00, 0.00, 0.00, 0.00, 0.00, 0.00, 0.00
243, 0, 9.125, 0.98, 1, 0.07, 0.16, 0.00, 0.31, 0.07, 0.08, 0.10, 1.64, 0.36, 1.21, 0.00, 0.77, 0.10, 0.00, 0.00, 0.25, 0.00, 0.00, 1.00, 0.00, 1.00, 0.00, 0.00, 0.00, 0.00, 1.00, 0.00, 0.00, 1.00, 0.00, 0.00, 0.00, 0.00, 0.00, 0.00
244, 0, 9.162, 0.98, 1, 0.06, 0.00, 0.00, 0.18, 0.13, 0.08, 0.04, 1.76, 0.50, 1.21, 0.00, 0.70, 0.15, 0.00, 0.00, 0.15, 0.00, 0.00, 0.00, 0.00, 1.00, 0.00, 0.00, 0.00, 0.00, 1.00, 0.00, 0.00, 1.00, 0.00, 0.00, 0.00, 0.00, 0.00, 0.00
245, 0, 9.200, 0.98, 1, 0.00, 0.00, 0.00, 0.03, 0.11, 0.08, 0.03, 1.75, 0.48, 1.00, 0.03, 0.53, 0.15, 0.00, 0.01, 0.15, 0.00, 0.00, 0.00, 0.00, 1.00, 0.00, 0.00, 0.00, 0.00, 1.00, 0.00, 0.00, 1.00, 0.00, 1.00, 0.00, 0.00, 0.00, 0.00
246, 0, 9.238, 0.98, 1, 0.00, 0.00, 0.00, 0.00, 0.06, 0.00, 0.12, 1.51, 0.39, 0.83, 0.03, 0.25, 0.17, 0.00, 0.01, 0.03, 0.00, 0.00, 0.00, 0.00, 1.00, 0.00, 1.00, 0.00, 0.00, 1.00, 0.00, 0.00, 0.00, 0.00, 1.00, 0.00, 0.00, 0.00, 0.00
247, 0, 9.276, 0.98, 1, 0.00, 0.00, 0.00, 0.00, 0.00, 0.00, 0.15, 1.31, 0.28, 0.83, 0.03, 0.11, 0.32, 0.00, 0.01, 0.03, 0.00, 0.00, 0.00, 0.00, 1.00, 0.00, 0.00, 0.00, 0.00, 1.00, 0.00, 0.00, 0.00, 1.00, 1.00, 0.00, 0.00, 0.00, 0.00
248, 0, 9.313, 0.98, 1, 0.00, 0.00, 0.00, 0.06, 0.00, 0.00, 0.12, 1.31, 0.36, 1.03, 0.00, 0.04, 0.50, 0.00, 0.00, 0.00, 0.00, 0.00, 0.00, 0.00, 1.00, 0.00, 0.00, 0.00, 0.00, 1.00, 0.00, 0.00, 0.00, 1.00, 0.00, 0.00, 0.00, 0.00, 0.00
249, 0, 9.351, 0.98, 1, 0.00, 0.00, 0.00, 0.06, 0.00, 0.00, 0.03, 1.31, 0.44, 1.20, 0.00, 0.00, 0.52, 0.00, 0.00, 0.00, 0.03, 0.00, 0.00, 0.00, 1.00, 0.00, 0.00, 0.00, 0.00, 1.00, 0.00, 0.00, 0.00, 1.00, 0.00, 0.00, 0.00, 0.00, 0.00
250, 0, 9.389, 0.98, 1, 0.00, 0.00, 0.00, 0.10, 0.03, 0.02, 0.00, 1.27, 0.54, 0.89, 0.00, 0.44, 0.41, 0.13, 0.00, 0.00, 0.03, 0.00, 0.00, 0.00, 1.00, 0.00, 0.00, 0.00, 0.00, 1.00, 0.00, 0.00, 0.00, 1.00, 0.00, 0.00, 0.00, 0.00, 0.00
251, 0, 9.426, 0.98, 1, 0.00, 0.00, 0.00, 0.10, 0.06, 0.02, 0.00, 1.23, 0.63, 0.69, 0.00, 0.90, 0.36, 0.28, 0.00, 0.00, 0.03, 0.00, 0.00, 0.00, 1.00, 0.00, 0.00, 0.00, 0.00, 1.00, 0.00, 0.00, 1.00, 1.00, 0.00, 0.00, 0.00, 0.00, 0.00
252, 0, 9.464, 0.98, 1, 0.00, 0.00, 0.00, 0.10, 0.08, 0.02, 0.02, 1.24, 0.66, 0.32, 0.00, 1.24, 0.46, 0.38, 0.00, 0.00, 0.00, 0.00, 0.00, 0.00, 1.00, 0.00, 0.00, 0.00, 0.00, 1.00, 0.00, 0.00, 1.00, 0.00, 0.00, 0.00, 0.00, 0.00, 0.00
253, 0, 9.502, 0.98, 1, 0.00, 0.00, 0.00, 0.05, 0.05, 0.00, 0.02, 1.39, 0.60, 0.38, 0.00, 1.27, 0.36, 0.25, 0.00, 0.00, 0.00, 0.00, 0.00, 0.00, 1.00, 0.00, 0.00, 0.00, 0.00, 1.00, 0.00, 0.00, 1.00, 0.00, 0.00, 0.00, 0.00, 0.00, 0.00
254, 0, 9.540, 0.98, 1, 0.00, 0.00, 0.00, 0.13, 0.02, 0.00, 0.02, 1.49, 0.57, 0.52, 0.00, 1.11, 0.22, 0.09, 0.02, 0.11, 0.00, 0.00, 0.00, 0.00, 1.00, 0.00, 0.00, 0.00, 0.00, 1.00, 0.00, 0.00, 1.00, 0.00, 0.00, 0.00, 0.00, 0.00, 0.00
255, 0, 9.577, 0.98, 1, 0.00, 0.00, 0.00, 0.21, 0.00, 0.00, 0.00, 1.67, 0.54, 0.95, 0.06, 0.95, 0.00, 0.00, 0.02, 0.11, 0.00, 0.00, 1.00, 0.00, 1.00, 0.00, 0.00, 0.00, 0.00, 1.00, 1.00, 0.00, 1.00, 0.00, 0.00, 0.00, 0.00, 0.00, 0.00
256, 0, 9.615, 0.98, 1, 0.00, 0.00, 0.00, 0.40, 0.00, 0.00, 0.00, 1.74, 0.64, 1.29, 0.32, 0.69, 0.00, 0.00, 0.02, 0.12, 0.00, 0.00, 1.00, 0.00, 1.00, 0.00, 0.00, 0.00, 0.00, 1.00, 1.00, 0.00, 0.00, 0.00, 0.00, 0.00, 0.00, 0.00, 0.00
257, 0, 9.653, 0.98, 1, 0.00, 0.00, 0.00, 0.47, 0.00, 0.00, 0.00, 1.88, 0.74, 1.50, 0.45, 0.62, 0.00, 0.02, 0.00, 0.01, 0.00, 0.00, 1.00, 0.00, 1.00, 0.00, 0.00, 0.00, 1.00, 1.00, 1.00, 0.00, 0.00, 0.00, 0.00, 0.00, 0.00, 0.00, 0.00
258, 0, 9.690, 0.98, 1, 0.00, 0.00, 0.00, 0.51, 0.00, 0.00, 0.00, 2.01, 0.83, 1.26, 0.49, 0.73, 0.00, 0.02, 0.00, 0.01, 0.00, 0.00, 1.00, 0.00, 1.00, 0.00, 0.00, 0.00, 1.00, 1.00, 1.00, 0.00, 0.00, 0.00, 0.00, 0.00, 0.00, 0.00, 0.00
259, 0, 9.728, 0.98, 1, 0.02, 0.00, 0.04, 0.62, 0.02, 0.08, 0.00, 2.21, 0.78, 0.83, 0.37, 0.83, 0.00, 0.02, 0.00, 0.00, 0.00, 0.00, 1.00, 0.00, 1.00, 0.00, 0.00, 0.00, 1.00, 1.00, 1.00, 0.00, 0.00, 0.00, 0.00, 0.00, 0.00, 0.00, 0.00
260, 0, 9.766, 0.98, 1, 0.02, 0.00, 0.04, 0.73, 0.07, 0.08, 0.00, 2.11, 0.67, 0.44, 0.27, 0.60, 0.48, 0.07, 0.00, 0.00, 0.00, 0.00, 1.00, 0.00, 1.00, 0.00, 0.00, 0.00, 0.00, 1.00, 0.00, 0.00, 0.00, 0.00, 0.00, 0.00, 0.00, 0.00, 0.00
261, 0, 9.803, 0.98, 1, 0.02, 0.00, 0.04, 0.88, 0.13, 0.08, 0.00, 1.96, 0.57, 0.31, 0.24, 0.36, 1.01, 0.15, 0.00, 0.00, 0.00, 0.00, 0.00, 0.00, 1.00, 0.00, 0.00, 0.00, 0.00, 1.00, 0.00, 0.00, 0.00, 0.00, 0.00, 0.00, 0.00, 0.00, 0.00
262, 0, 9.841, 0.98, 1, 0.00, 0.00, 0.01, 0.79, 0.10, 0.00, 0.04, 1.71, 0.53, 0.54, 0.19, 0.43, 1.03, 0.21, 0.03, 0.00, 0.00, 0.00, 0.00, 0.00, 1.00, 0.00, 0.00, 0.00, 0.00, 1.00, 0.00, 0.00, 0.00, 0.00, 0.00, 0.00, 0.00, 0.00, 0.00
263, 0, 9.879, 0.98, 1, 0.00, 0.00, 0.04, 0.59, 0.05, 0.00, 0.04, 1.83, 0.57, 0.72, 0.35, 0.79, 0.64, 0.18, 0.03, 0.00, 0.00, 0.00, 0.00, 0.00, 1.00, 0.00, 0.00, 0.00, 0.00, 1.00, 0.00, 0.00, 0.00, 0.00, 0.00, 0.00, 0.00, 0.00, 0.00
264, 0, 9.917, 0.98, 1, 0.00, 0.00, 0.10, 0.32, 0.00, 0.00, 0.08, 1.84, 0.65, 0.97, 0.28, 0.99, 0.36, 0.11, 0.06, 0.00, 0.00, 0.00, 0.00, 0.00, 1.00, 0.00, 0.00, 0.00, 0.00, 1.00, 0.00, 0.00, 0.00, 0.00, 0.00, 0.00, 0.00, 0.00, 0.00
265, 0, 9.954, 0.98, 1, 0.01, 0.00, 0.13, 0.12, 0.00, 0.00, 0.04, 1.93, 0.69, 1.11, 0.43, 0.74, 0.33, 0.06, 0.07, 0.00, 0.00, 0.00, 0.00, 0.00, 1.00, 0.00, 0.00, 0.00, 0.00, 1.00, 0.00, 0.00, 0.00, 0.00, 1.00, 0.00, 0.00, 0.00, 0.00
266, 0, 9.992, 0.98, 1, 0.01, 0.00, 0.10, 0.33, 0.00, 0.00, 0.04, 1.88, 0.54, 1.35, 0.59, 0.47, 0.39, 0.07, 0.09, 0.00, 0.00, 0.00, 0.00, 0.00, 1.00, 0.00, 0.00, 0.00, 0.00, 1.00, 0.00, 0.00, 0.00, 0.00, 1.00, 0.00, 0.00, 0.00, 0.00
267, 0, 10.030, 0.98, 1, 0.01, 0.00, 0.04, 0.67, 0.00, 0.00, 0.00, 1.89, 0.36, 1.49, 0.95, 0.29, 0.29, 0.09, 0.09, 0.00, 0.00, 0.00, 0.00, 0.00, 1.00, 0.00, 0.00, 0.00, 0.00, 1.00, 0.00, 0.00, 0.00, 0.00, 0.00, 0.00, 0.00, 0.00, 0.00
268, 0, 10.067, 0.98, 1, 0.10, 0.00, 0.00, 0.93, 0.00, 0.00, 0.00, 1.81, 0.24, 1.51, 0.83, 0.25, 0.29, 0.08, 0.04, 0.00, 0.05, 0.00, 0.00, 0.00, 1.00, 0.00, 0.00, 0.00, 0.00, 1.00, 0.00, 0.00, 0.00, 0.00, 0.00, 0.00, 0.00, 0.00, 0.00
269, 0, 10.105, 0.88, 1, 0.25, 0.00, 0.00, 0.70, 0.00, 0.00, 0.00, 1.81, 0.32, 1.31, 0.48, 0.41, 0.15, 0.04, 0.02, 0.00, 0.12, 0.00, 0.00, 0.00, 1.00, 0.00, 0.00, 0.00, 0.00, 1.00, 0.00, 0.00, 0.00, 0.00, 0.00, 0.00, 0.00, 0.00, 0.00
270, 0, 10.143, 0.88, 1, 0.35, 0.00, 0.00, 0.39, 0.00, 0.00, 0.00, 1.80, 0.46, 1.28, 0.12, 0.34, 0.06, 0.00, 0.16, 0.00, 0.12, 0.00, 0.00, 0.00, 1.00, 0.00, 0.00, 0.00, 0.00, 1.00, 0.00, 0.00, 0.00, 0.00, 1.00, 0.00, 0.00, 0.00, 0.00
271, 0, 10.181, 0.98, 1, 0.25, 0.00, 0.00, 0.13, 0.00, 0.00, 0.00, 1.88, 0.52, 1.22, 0.00, 0.29, 0.11, 0.00, 0.16, 0.00, 0.07, 0.00, 0.00, 0.00, 1.00, 0.00, 0.00, 0.00, 0.00, 1.00, 0.00, 0.00, 0.00, 0.00, 1.00, 0.00, 0.00, 0.00, 0.00
272, 0, 10.218, 0.98, 1, 0.10, 0.00, 0.00, 0.03, 0.00, 0.00, 0.00, 1.93, 0.55, 1.37, 0.00, 0.05, 0.14, 0.00, 0.16, 0.00, 0.00, 0.00, 0.00, 0.00, 1.00, 0.00, 0.00, 0.00, 0.00, 1.00, 0.00, 0.00, 0.00, 0.00, 0.00, 0.00, 0.00, 0.00, 0.00
273, 0, 10.256, 0.98, 1, 0.01, 0.00, 0.00, 0.01, 0.00, 0.00, 0.01, 1.92, 0.57, 1.49, 0.00, 0.06, 0.08, 0.00, 0.00, 0.00, 0.00, 0.00, 0.00, 0.00, 1.00, 0.00, 0.00, 0.00, 0.00, 1.00, 0.00, 0.00, 0.00, 0.00, 0.00, 0.00, 0.00, 0.00, 0.00
274, 0, 10.294, 0.98, 1, 0.04, 0.00, 0.00, 0.01, 0.04, 0.19, 0.10, 1.77, 0.63, 1.64, 0.00, 0.08, 0.08, 0.02, 0.00, 0.00, 0.00, 0.00, 0.00, 0.00, 1.00, 0.00, 0.00, 0.00, 0.00, 1.00, 1.00, 0.00, 0.00, 0.00, 1.00, 0.00, 0.00, 0.00, 0.00
275, 0, 10.331, 0.98, 1, 0.04, 0.00, 0.00, 0.01, 0.04, 0.19, 0.22, 1.57, 0.58, 1.46, 0.00, 0.15, 0.18, 0.02, 0.15, 0.00, 0.00, 0.00, 0.00, 0.00, 1.00, 0.00, 0.00, 0.00, 0.00, 1.00, 1.00, 0.00, 0.00, 0.00, 1.00, 0.00, 0.00, 0.00, 0.00
276, 0, 10.369, 0.98, 1, 0.03, 0.00, 0.00, 0.00, 0.04, 0.19, 0.23, 1.63, 0.43, 1.28, 0.00, 0.29, 0.18, 0.02, 0.15, 0.04, 0.00, 0.00, 0.00, 0.00, 1.00, 0.00, 0.00, 0.00, 0.00, 1.00, 1.00, 0.00, 0.00, 0.00, 1.00, 0.00, 0.00, 0.00, 0.00
277, 0, 10.407, 0.98, 1, 0.00, 0.00, 0.00, 0.00, 0.00, 0.00, 0.14, 1.69, 0.32, 1.21, 0.19, 0.51, 0.14, 0.01, 0.24, 0.06, 0.00, 0.00, 0.00, 0.00, 1.00, 0.00, 0.00, 0.00, 0.00, 1.00, 1.00, 0.00, 1.00, 0.00, 1.00, 0.00, 0.00, 0.00, 0.00
278, 0, 10.444, 0.98, 1, 0.00, 0.00, 0.00, 0.05, 0.00, 0.00, 0.03, 1.89, 0.28, 1.37, 0.19, 0.68, 0.03, 0.01, 0.09, 0.22, 0.00, 0.00, 0.00, 0.00, 1.00, 0.00, 0.00, 0.00, 0.00, 1.00, 1.00, 0.00, 1.00, 0.00, 1.00, 0.00, 0.00, 0.00, 0.00
279, 0, 10.482, 0.98, 1, 0.00, 0.00, 0.00, 0.26, 0.00, 0.00, 0.00, 1.93, 0.28, 1.29, 0.62, 0.88, 0.04, 0.01, 0.09, 0.20, 0.00, 0.00, 0.00, 0.00, 1.00, 0.00, 0.00, 0.00, 0.00, 1.00, 1.00, 0.00, 1.00, 0.00, 1.00, 0.00, 0.00, 0.00, 0.00
280, 0, 10.520, 0.98, 1, 0.00, 0.00, 0.00, 0.26, 0.00, 0.00, 0.00, 2.12, 0.32, 1.11, 0.43, 0.77, 0.33, 0.00, 0.00, 0.18, 0.00, 0.00, 0.00, 0.00, 1.00, 0.00, 0.00, 0.00, 0.00, 1.00, 1.00, 0.00, 1.00, 0.00, 1.00, 0.00, 0.00, 0.00, 0.00
281, 0, 10.558, 0.98, 1, 0.00, 0.00, 0.00, 0.34, 0.00, 0.00, 0.00, 2.13, 0.41, 1.12, 0.43, 0.73, 0.47, 0.00, 0.00, 0.02, 0.00, 0.00, 0.00, 0.00, 1.00, 0.00, 0.00, 0.00, 0.00, 1.00, 0.00, 0.00, 1.00, 0.00, 1.00, 0.00, 0.00, 0.00, 0.00
282, 0, 10.595, 0.98, 1, 0.00, 0.00, 0.00, 0.28, 0.00, 0.00, 0.07, 2.10, 0.51, 1.39, 0.00, 0.65, 0.65, 0.00, 0.00, 0.00, 0.00, 0.00, 0.00, 0.00, 1.00, 0.00, 0.00, 0.00, 0.00, 1.00, 0.00, 0.00, 1.00, 1.00, 1.00, 0.00, 0.00, 0.00, 0.00
283, 0, 10.633, 0.98, 1, 0.16, 0.00, 0.00, 0.51, 0.00, 0.00, 0.07, 1.93, 0.47, 1.57, 0.00, 0.72, 0.52, 0.00, 0.00, 0.02, 0.00, 0.00, 0.00, 0.00, 1.00, 0.00, 0.00, 0.00, 0.00, 1.00, 0.00, 0.00, 0.00, 1.00, 0.00, 0.00, 0.00, 0.00, 0.00
284, 0, 10.671, 0.98, 1, 0.31, 0.00, 0.00, 0.65, 0.00, 0.00, 0.07, 1.88, 0.40, 1.63, 0.00, 0.76, 0.52, 0.00, 0.00, 0.04, 0.00, 0.00, 0.00, 0.00, 1.00, 0.00, 0.00, 0.00, 0.00, 1.00, 0.00, 0.00, 0.00, 1.00, 0.00, 0.00, 0.00, 0.00, 0.00
285, 0, 10.708, 0.98, 1, 0.34, 0.00, 0.00, 0.56, 0.04, 0.08, 0.13, 1.80, 0.48, 1.49, 0.00, 0.50, 0.37, 0.00, 0.00, 0.04, 0.01, 0.00, 0.00, 0.00, 1.00, 0.00, 0.00, 0.00, 0.00, 1.00, 0.00, 0.00, 0.00, 0.00, 0.00, 0.00, 0.00, 0.00, 0.00
286, 0, 10.746, 0.98, 1, 0.17, 0.00, 0.00, 0.42, 0.07, 0.08, 0.24, 1.79, 0.62, 1.36, 0.02, 0.38, 0.26, 0.05, 0.00, 0.06, 0.01, 0.00, 0.00, 0.00, 1.00, 0.00, 0.00, 0.00, 0.00, 1.00, 0.00, 0.00, 0.00, 0.00, 1.00, 0.00, 0.00, 0.00, 0.00
287, 0, 10.784, 0.98, 1, 0.03, 0.00, 0.00, 0.19, 0.09, 0.14, 0.24, 1.65, 0.67, 1.08, 0.49, 0.24, 0.25, 0.08, 0.00, 0.04, 0.01, 0.00, 0.00, 0.00, 1.00, 0.00, 0.00, 0.00, 0.00, 1.00, 0.00, 0.00, 0.00, 0.00, 0.00, 0.00, 0.00, 0.00, 0.00
288, 0, 10.822, 0.98, 1, 0.00, 0.00, 0.00, 0.21, 0.05, 0.06, 0.11, 1.57, 0.54, 0.83, 0.63, 0.36, 0.34, 0.11, 0.00, 0.04, 0.00, 0.00, 0.00, 0.00, 1.00, 0.00, 0.00, 0.00, 0.00, 1.00, 0.00, 0.00, 0.00, 0.00, 0.00, 0.00, 0.00, 0.00, 0.00
289, 0, 10.859, 0.98, 1, 0.05, 0.00, 0.00, 0.12, 0.01, 0.06, 0.03, 1.73, 0.42, 0.64, 0.60, 0.38, 0.29, 0.07, 0.07, 0.19, 0.00, 0.00, 0.00, 0.00, 1.00, 0.00, 0.00, 0.00, 0.00, 1.00, 1.00, 0.00, 0.00, 0.00, 0.00, 0.00, 0.00, 0.00, 0.00
290, 0, 10.897, 0.98, 1, 0.17, 0.00, 0.00, 0.17, 0.01, 0.00, 0.04, 2.06, 0.44, 0.79, 0.14, 0.27, 0.13, 0.04, 0.07, 0.19, 0.00, 0.00, 0.00, 0.00, 1.00, 0.00, 0.00, 0.00, 0.00, 1.00, 1.00, 0.00, 0.00, 0.00, 0.00, 0.00, 0.00, 0.00, 0.00
291, 0, 10.935, 0.98, 1, 0.17, 0.00, 0.00, 0.20, 0.01, 0.00, 0.05, 2.29, 0.47, 1.11, 0.05, 0.15, 0.00, 0.01, 0.07, 0.19, 0.00, 0.00, 0.00, 0.00, 1.00, 0.00, 0.00, 0.00, 1.00, 1.00, 1.00, 0.00, 0.00, 0.00, 0.00, 0.00, 0.00, 0.00, 0.00
292, 0, 10.972, 0.98, 1, 0.13, 0.00, 0.00, 0.38, 0.04, 0.05, 0.03, 2.34, 0.52, 1.59, 0.24, 0.00, 0.09, 0.00, 0.00, 0.00, 0.00, 0.00, 0.00, 0.00, 1.00, 0.00, 0.00, 0.00, 1.00, 1.00, 1.00, 0.00, 0.00, 0.00, 0.00, 0.00, 0.00, 0.00, 0.00
293, 0, 11.010, 0.98, 1, 0.00, 0.00, 0.00, 0.39, 0.03, 0.05, 0.03, 2.18, 0.55, 1.80, 0.34, 0.00, 0.13, 0.00, 0.03, 0.00, 0.00, 0.00, 0.00, 0.00, 1.00, 0.00, 0.00, 0.00, 1.00, 1.00, 1.00, 0.00, 0.00, 0.00, 0.00, 0.00, 0.00, 0.00, 0.00
294, 0, 11.048, 0.98, 1, 0.00, 0.00, 0.00, 0.50, 0.03, 0.05, 0.02, 2.10, 0.59, 1.66, 0.44, 0.25, 0.25, 0.00, 0.15, 0.00, 0.00, 0.00, 0.00, 0.00, 1.00, 0.00, 0.00, 0.00, 1.00, 1.00, 1.00, 0.00, 0.00, 0.00, 0.00, 0.00, 0.00, 0.00, 0.00
295, 0, 11.085, 0.98, 1, 0.00, 0.00, 0.00, 0.42, 0.00, 0.00, 0.00, 1.78, 0.50, 1.01, 0.24, 0.54, 0.17, 0.00, 0.20, 0.00, 0.00, 0.00, 1.00, 0.00, 1.00, 0.00, 0.00, 0.00, 1.00, 1.00, 1.00, 0.00, 0.00, 0.00, 0.00, 0.00, 0.00, 0.00, 0.00
296, 0, 11.123, 0.98, 1, 0.00, 0.00, 0.00, 0.40, 0.00, 0.01, 0.00, 1.59, 0.38, 0.40, 0.14, 0.83, 0.12, 0.00, 0.21, 0.00, 0.00, 0.00, 1.00, 0.00, 1.00, 0.00, 0.00, 0.00, 0.00, 1.00, 0.00, 0.00, 0.00, 0.00, 0.00, 0.00, 0.00, 0.00, 0.00
297, 0, 11.161, 0.98, 1, 0.00, 0.00, 0.00, 0.23, 0.00, 0.01, 0.00, 1.52, 0.24, 0.00, 0.06, 0.96, 0.00, 0.00, 0.17, 0.00, 0.00, 0.00, 1.00, 0.00, 1.00, 0.00, 0.00, 0.00, 0.00, 1.00, 0.00, 0.00, 0.00, 0.00, 0.00, 0.00, 0.00, 0.00, 0.00
298, 0, 11.199, 0.98, 1, 0.00, 0.00, 0.00, 0.21, 0.00, 0.07, 0.00, 1.55, 0.24, 0.00, 0.26, 1.12, 0.00, 0.00, 0.36, 0.00, 0.00, 0.00, 1.00, 0.00, 1.00, 0.00, 0.00, 0.00, 0.00, 1.00, 0.00, 0.00, 0.00, 0.00, 0.00, 0.00, 0.00, 0.00, 0.00
299, 0, 11.236, 0.98, 1, 0.01, 0.00, 0.00, 0.18, 0.02, 0.22, 0.09, 1.63, 0.26, 0.08, 0.49, 1.32, 0.00, 0.00, 0.61, 0.00, 0.00, 0.00, 1.00, 0.00, 1.00, 0.00, 0.00, 0.00, 0.00, 1.00, 0.00, 0.00, 0.00, 0.00, 0.00, 0.00, 0.00, 0.00, 0.00
300, 0, 11.274, 0.98, 1, 0.01, 0.00, 0.00, 0.37, 0.02, 0.27, 0.09, 1.51, 0.40, 0.34, 0.43, 0.94, 0.15, 0.00, 0.53, 0.00, 0.00, 0.00, 1.00, 0.00, 1.00, 0.00, 0.00, 0.00, 0.00, 1.00, 0.00, 0.00, 1.00, 0.00, 0.00, 0.00, 0.00, 0.00, 0.00
301, 0, 11.312, 0.98, 1, 0.01, 0.00, 0.00, 0.42, 0.03, 0.22, 0.09, 1.56, 0.50, 0.72, 0.23, 0.55, 0.17, 0.02, 0.29, 0.07, 0.00, 0.00, 1.00, 0.00, 1.00, 0.00, 0.00, 0.00, 0.00, 1.00, 0.00, 0.00, 1.00, 0.00, 0.00, 0.00, 0.00, 0.00, 0.00
302, 0, 11.349, 0.98, 1, 0.00, 0.00, 0.00, 0.43, 0.02, 0.06, 0.00, 1.57, 0.57, 1.05, 0.00, 0.15, 0.17, 0.04, 0.00, 0.11, 0.00, 0.00, 0.00, 0.00, 1.00, 0.00, 0.00, 0.00, 0.00, 1.00, 0.00, 0.00, 1.00, 0.00, 0.00, 0.00, 0.00, 0.00, 0.00
303, 0, 11.387, 0.98, 1, 0.00, 0.00, 0.00, 0.42, 0.02, 0.00, 0.00, 1.67, 0.56, 1.05, 0.00, 0.26, 0.03, 0.07, 0.00, 0.11, 0.00, 0.00, 0.00, 0.00, 1.00, 0.00, 0.00, 0.00, 0.00, 1.00, 0.00, 0.00, 1.00, 0.00, 0.00, 0.00, 0.00, 0.00, 0.00
304, 0, 11.425, 0.88, 1, 0.07, 0.00, 0.00, 0.38, 0.01, 0.00, 0.00, 1.79, 0.57, 0.79, 0.04, 0.45, 0.00, 0.05, 0.00, 0.05, 0.00, 0.00, 0.00, 0.00, 1.00, 0.00, 0.00, 0.00, 0.00, 1.00, 0.00, 0.00, 1.00, 0.00, 0.00, 0.00, 0.00, 0.00, 0.00
305, 0, 11.463, 0.88, 1, 0.07, 0.00, 0.00, 0.30, 0.00, 0.00, 0.02, 1.83, 0.64, 0.97, 0.04, 0.53, 0.00, 0.03, 0.00, 0.07, 0.05, 0.00, 0.00, 0.00, 1.00, 0.00, 0.00, 0.00, 0.00, 1.00, 0.00, 0.00, 1.00, 0.00, 0.00, 0.00, 0.00, 0.00, 0.00
306, 0, 11.500, 0.88, 1, 0.07, 0.00, 0.00, 0.09, 0.00, 0.00, 0.02, 1.92, 0.67, 1.22, 0.10, 0.66, 0.04, 0.08, 0.00, 0.19, 0.05, 0.00, 0.00, 0.00, 1.00, 0.00, 0.00, 0.00, 0.00, 1.00, 0.00, 0.00, 1.00, 0.00, 0.00, 0.00, 0.00, 0.00, 0.00
307, 0, 11.538, 0.88, 1, 0.00, 0.00, 0.00, 0.00, 0.00, 0.00, 0.02, 1.97, 0.52, 1.53, 0.23, 0.75, 0.17, 0.24, 0.11, 0.33, 0.05, 0.00, 0.00, 0.00, 1.00, 0.00, 0.00, 0.00, 0.00, 1.00, 0.00, 0.00, 1.00, 0.00, 0.00, 0.00, 0.00, 0.00, 0.00
308, 0, 11.576, 0.98, 1, 0.00, 0.00, 0.00, 0.00, 0.00, 0.00, 0.00, 2.08, 0.29, 1.35, 0.46, 0.89, 0.42, 0.41, 0.16, 0.35, 0.00, 0.00, 0.00, 0.00, 1.00, 0.00, 0.00, 0.00, 0.00, 1.00, 0.00, 0.00, 1.00, 0.00, 0.00, 0.00, 0.00, 0.00, 0.00
309, 0, 11.613, 0.98, 1, 0.00, 0.00, 0.00, 0.13, 0.00, 0.00, 0.00, 2.05, 0.19, 0.97, 0.49, 1.00, 0.58, 0.41, 0.30, 0.22, 0.00, 0.00, 0.00, 0.00, 1.00, 0.00, 0.00, 0.00, 0.00, 1.00, 0.00, 0.00, 1.00, 0.00, 0.00, 0.00, 0.00, 0.00, 0.00
310, 0, 11.651, 0.98, 1, 0.00, 0.00, 0.00, 0.31, 0.00, 0.00, 0.00, 1.99, 0.29, 0.95, 0.65, 0.91, 0.45, 0.25, 0.33, 0.20, 0.00, 0.00, 0.00, 0.00, 1.00, 0.00, 0.00, 0.00, 0.00, 1.00, 0.00, 0.00, 1.00, 0.00, 1.00, 0.00, 0.00, 0.00, 0.00
311, 0, 11.689, 0.98, 1, 0.01, 0.00, 0.00, 0.42, 0.00, 0.00, 0.00, 1.92, 0.43, 0.83, 1.10, 0.93, 0.20, 0.08, 0.36, 0.19, 0.00, 0.00, 0.00, 0.00, 1.00, 0.00, 0.00, 0.00, 1.00, 1.00, 0.00, 0.00, 1.00, 0.00, 1.00, 0.00, 0.00, 0.00, 0.00
312, 0, 11.726, 0.88, 1, 0.17, 0.00, 0.00, 0.47, 0.00, 0.00, 0.00, 1.91, 0.51, 1.11, 1.64, 0.95, 0.00, 0.00, 0.24, 0.19, 0.01, 0.00, 0.00, 0.00, 1.00, 0.00, 0.00, 0.00, 1.00, 1.00, 0.00, 0.00, 1.00, 1.00, 1.00, 0.00, 0.00, 0.00, 0.00
313, 0, 11.764, 0.88, 1, 0.19, 0.00, 0.00, 0.42, 0.00, 0.00, 0.00, 1.93, 0.54, 1.22, 1.40, 1.04, 0.22, 0.00, 0.11, 0.07, 0.08, 0.00, 0.00, 0.00, 1.00, 0.00, 0.00, 0.00, 1.00, 1.00, 1.00, 0.00, 1.00, 0.00, 1.00, 0.00, 0.00, 0.00, 0.00
314, 0, 11.802, 0.88, 1, 0.19, 0.00, 0.00, 0.42, 0.00, 0.00, 0.00, 2.07, 0.57, 1.41, 0.71, 1.08, 0.40, 0.00, 0.03, 0.00, 0.12, 0.00, 0.00, 0.00, 1.00, 0.00, 0.00, 0.00, 1.00, 1.00, 1.00, 0.00, 1.00, 0.00, 1.00, 0.00, 0.00, 0.00, 0.00
315, 0, 11.840, 0.88, 1, 0.04, 0.00, 0.00, 0.23, 0.00, 0.00, 0.01, 2.06, 0.66, 1.51, 0.07, 1.04, 0.57, 0.00, 0.03, 0.03, 0.10, 0.00, 0.00, 0.00, 1.00, 0.00, 0.00, 0.00, 1.00, 1.00, 1.00, 0.00, 1.00, 0.00, 1.00, 0.00, 0.00, 0.00, 0.00
316, 0, 11.877, 0.88, 1, 0.01, 0.00, 0.00, 0.11, 0.00, 0.00, 0.01, 1.94, 0.68, 1.20, 0.00, 0.92, 0.50, 0.00, 0.13, 0.24, 0.04, 0.00, 0.00, 0.00, 1.00, 0.00, 0.00, 0.00, 1.00, 1.00, 1.00, 0.00, 1.00, 0.00, 0.00, 0.00, 0.00, 0.00, 0.00
317, 0, 11.915, 0.88, 1, 0.06, 0.00, 0.00, 0.00, 0.00, 0.00, 0.01, 1.92, 0.76, 1.12, 0.05, 0.85, 0.56, 0.00, 0.13, 0.47, 0.00, 0.00, 0.00, 0.00, 1.00, 0.00, 0.00, 0.00, 1.00, 1.00, 1.00, 0.00, 1.00, 0.00, 0.00, 0.00, 0.00, 0.00, 0.00
318, 0, 11.953, 0.88, 1, 0.08, 0.00, 0.00, 0.00, 0.00, 0.00, 0.00, 1.92, 0.66, 0.97, 0.05, 0.90, 0.48, 0.00, 0.11, 0.52, 0.00, 0.00, 0.00, 0.00, 1.00, 0.00, 0.00, 0.00, 0.00, 1.00, 1.00, 0.00, 1.00, 0.00, 0.00, 0.00, 0.00, 0.00, 0.00
319, 0, 11.990, 0.93, 1, 0.11, 0.00, 0.00, 0.00, 0.00, 0.00, 0.05, 1.90, 0.64, 0.99, 0.10, 1.00, 0.34, 0.00, 0.01, 0.50, 0.00, 0.00, 0.00, 0.00, 1.00, 0.00, 0.00, 0.00, 0.00, 1.00, 1.00, 0.00, 1.00, 0.00, 0.00, 0.00, 0.00, 0.00, 0.00
320, 0, 12.028, 0.88, 1, 0.13, 0.00, 0.00, 0.00, 0.00, 0.00, 0.06, 1.49, 0.49, 0.65, 0.12, 0.84, 0.09, 0.00, 0.00, 0.43, 0.00, 0.00, 0.00, 0.00, 1.00, 0.00, 0.00, 0.00, 0.00, 1.00, 1.00, 0.00, 1.00, 0.00, 0.00, 0.00, 0.00, 0.00, 0.00
321, 0, 12.066, 0.88, 1, 0.15, 0.00, 0.00, 0.00, 0.00, 0.00, 0.06, 1.28, 0.52, 0.57, 0.12, 0.65, 0.01, 0.00, 0.00, 0.43, 0.00, 0.00, 0.00, 0.00, 1.00, 0.00, 0.00, 0.00, 0.00, 1.00, 1.00, 0.00, 1.00, 0.00, 0.00, 0.00, 0.00, 0.00, 0.00
322, 0, 12.104, 0.93, 1, 0.17, 0.00, 0.00, 0.00, 0.00, 0.00, 0.02, 1.12, 0.50, 0.84, 0.33, 0.49, 0.00, 0.00, 0.00, 0.25, 0.00, 0.00, 0.00, 0.00, 1.00, 0.00, 0.00, 0.00, 0.00, 1.00, 1.00, 0.00, 1.00, 0.00, 1.00, 0.00, 0.00, 0.00, 0.00
323, 0, 12.141, 0.93, 1, 0.21, 0.00, 0.04, 0.22, 0.00, 0.00, 0.00, 1.36, 0.53, 1.29, 0.73, 0.67, 0.00, 0.00, 0.00, 0.12, 0.00, 0.00, 0.00, 0.00, 1.00, 0.00, 0.00, 0.00, 0.00, 1.00, 1.00, 0.00, 1.00, 0.00, 1.00, 0.00, 0.00, 0.00, 0.00
324, 0, 12.179, 0.93, 1, 0.24, 0.03, 0.18, 0.43, 0.00, 0.00, 0.00, 1.45, 0.46, 1.47, 0.96, 0.69, 0.00, 0.00, 0.00, 0.05, 0.00, 0.00, 0.00, 0.00, 1.00, 0.00, 0.00, 0.00, 0.00, 0.00, 1.00, 0.00, 1.00, 0.00, 0.00, 0.00, 0.00, 0.00, 0.00
325, 0, 12.217, 0.98, 1, 0.19, 0.03, 0.18, 0.43, 0.00, 0.00, 0.00, 1.26, 0.38, 0.96, 0.71, 0.90, 0.24, 0.00, 0.00, 0.05, 0.00, 0.00, 0.00, 0.00, 1.00, 0.00, 0.00, 0.00, 0.00, 1.00, 1.00, 0.00, 1.00, 0.00, 1.00, 0.00, 0.00, 0.00, 0.00
326, 0, 12.254, 0.98, 1, 0.08, 0.03, 0.14, 0.21, 0.00, 0.00, 0.00, 0.97, 0.27, 0.45, 0.23, 1.01, 0.54, 0.00, 0.00, 0.02, 0.00, 0.00, 0.00, 0.00, 1.00, 0.00, 0.00, 0.00, 0.00, 0.00, 0.00, 0.00, 1.00, 0.00, 1.00, 0.00, 0.00, 0.00, 0.00
327, 0, 12.292, 0.98, 1, 0.00, 0.00, 0.00, 0.04, 0.03, 0.00, 0.00, 0.90, 0.33, 0.00, 0.12, 1.14, 0.54, 0.00, 0.00, 0.00, 0.00, 0.00, 0.00, 0.00, 1.00, 0.00, 0.00, 0.00, 0.00, 0.00, 0.00, 0.00, 1.00, 0.00, 1.00, 0.00, 0.00, 0.00, 0.00
328, 0, 12.330, 0.98, 1, 0.00, 0.00, 0.00, 0.04, 0.03, 0.01, 0.00, 1.19, 0.29, 0.17, 0.12, 1.17, 0.46, 0.00, 0.00, 0.00, 0.00, 0.00, 0.00, 0.00, 1.00, 0.00, 0.00, 0.00, 0.00, 0.00, 0.00, 0.00, 1.00, 0.00, 0.00, 0.00, 0.00, 0.00, 0.00
329, 0, 12.367, 0.98, 1, 0.00, 0.00, 0.00, 0.04, 0.03, 0.03, 0.00, 1.56, 0.26, 0.33, 0.12, 1.13, 0.40, 0.01, 0.00, 0.00, 0.00, 0.00, 0.00, 0.00, 1.00, 0.00, 0.00, 0.00, 0.00, 0.00, 0.00, 0.00, 1.00, 0.00, 0.00, 0.00, 0.00, 0.00, 0.00
330, 0, 12.405, 0.98, 1, 0.00, 0.00, 0.00, 0.00, 0.09, 0.03, 0.00, 1.70, 0.23, 0.41, 0.27, 0.89, 0.40, 0.01, 0.00, 0.00, 0.04, 0.00, 0.00, 0.00, 1.00, 0.00, 0.00, 0.00, 0.00, 0.00, 0.00, 0.00, 1.00, 0.00, 0.00, 0.00, 0.00, 0.00, 0.00
331, 0, 12.443, 0.98, 1, 0.00, 0.00, 0.00, 0.04, 0.12, 0.03, 0.00, 1.61, 0.27, 0.41, 0.43, 0.62, 0.25, 0.01, 0.00, 0.00, 0.06, 0.00, 0.00, 0.00, 1.00, 0.00, 0.00, 0.00, 0.00, 0.00, 0.00, 0.00, 0.00, 0.00, 0.00, 0.00, 0.00, 0.00, 0.00
332, 0, 12.481, 0.98, 1, 0.00, 0.00, 0.00, 0.05, 0.16, 0.00, 0.00, 1.37, 0.31, 0.40, 0.57, 0.41, 0.00, 0.00, 0.00, 0.03, 0.10, 0.00, 0.00, 0.00, 1.00, 0.00, 0.00, 0.00, 0.00, 0.00, 0.00, 0.00, 0.00, 0.00, 0.00, 0.00, 0.00, 0.00, 0.00
333, 0, 12.518, 0.98, 1, 0.00, 0.00, 0.00, 0.16, 0.06, 0.00, 0.00, 1.25, 0.28, 0.61, 0.46, 0.55, 0.00, 0.00, 0.00, 0.18, 0.07, 0.00, 0.00, 0.00, 1.00, 0.00, 0.00, 0.00, 0.00, 0.00, 0.00, 0.00, 0.00, 0.00, 0.00, 0.00, 0.00, 0.00, 0.00
334, 0, 12.556, 0.98, 1, 0.00, 0.00, 0.00, 0.50, 0.10, 0.00, 0.05, 1.37, 0.29, 0.47, 0.35, 0.58, 0.00, 0.00, 0.00, 0.31, 0.06, 0.00, 0.00, 0.00, 1.00, 0.00, 0.00, 0.00, 0.00, 0.00, 0.00, 0.00, 0.00, 0.00, 0.00, 0.00, 0.00, 0.00, 0.00
335, 0, 12.594, 0.98, 1, 0.04, 0.00, 0.00, 0.58, 0.07, 0.00, 0.05, 1.51, 0.29, 0.51, 0.25, 0.74, 0.00, 0.01, 0.00, 0.35, 0.01, 0.00, 0.00, 0.00, 1.00, 0.00, 0.00, 0.00, 0.00, 0.00, 0.00, 0.00, 0.00, 0.00, 0.00, 0.00, 0.00, 0.00, 0.00
336, 0, 12.631, 0.98, 1, 0.14, 0.00, 0.00, 0.48, 0.07, 0.00, 0.05, 1.60, 0.22, 0.51, 0.15, 0.76, 0.00, 0.01, 0.00, 0.36, 0.00, 0.00, 0.00, 0.00, 1.00, 0.00, 0.00, 0.00, 0.00, 0.00, 0.00, 0.00, 0.00, 0.00, 0.00, 0.00, 0.00, 0.00, 0.00
337, 0, 12.669, 0.98, 1, 0.14, 0.00, 0.00, 0.11, 0.00, 0.00, 0.00, 1.57, 0.17, 0.59, 0.10, 0.75, 0.00, 0.01, 0.00, 0.41, 0.02, 0.00, 0.00, 0.00, 1.00, 0.00, 0.00, 0.00, 0.00, 0.00, 0.00, 0.00, 0.00, 0.00, 0.00, 0.00, 0.00, 0.00, 0.00
338, 0, 12.707, 0.98, 1, 0.16, 0.00, 0.00, 0.02, 0.00, 0.00, 0.00, 1.55, 0.14, 0.47, 0.06, 0.58, 0.00, 0.00, 0.00, 0.36, 0.02, 0.00, 0.00, 0.00, 1.00, 0.00, 0.00, 0.00, 0.00, 0.00, 0.00, 0.00, 0.00, 0.00, 1.00, 0.00, 0.00, 0.00, 0.00
339, 0, 12.745, 0.98, 1, 0.06, 0.00, 0.00, 0.00, 0.00, 0.00, 0.00, 1.54, 0.22, 0.19, 0.03, 0.62, 0.04, 0.00, 0.01, 0.19, 0.09, 0.00, 0.00, 0.00, 1.00, 0.00, 0.00, 0.00, 0.00, 0.00, 0.00, 0.00, 0.00, 0.00, 0.00, 0.00, 0.00, 0.00, 0.00
340, 0, 12.782, 0.98, 1, 0.06, 0.00, 0.00, 0.00, 0.00, 0.00, 0.00, 1.59, 0.36, 0.17, 0.03, 0.45, 0.04, 0.00, 0.01, 0.20, 0.18, 0.00, 0.00, 0.00, 1.00, 0.00, 0.00, 0.00, 0.00, 1.00, 0.00, 0.00, 0.00, 0.00, 1.00, 0.00, 0.00, 0.00, 0.00
341, 0, 12.820, 0.98, 1, 0.07, 0.00, 0.00, 0.00, 0.00, 0.00, 0.01, 1.52, 0.46, 0.16, 0.03, 0.28, 0.04, 0.00, 0.04, 0.43, 0.18, 0.00, 0.00, 0.00, 1.00, 0.00, 0.00, 0.00, 0.00, 1.00, 0.00, 0.00, 0.00, 0.00, 1.00, 0.00, 0.00, 0.00, 0.00
342, 0, 12.858, 0.98, 1, 0.09, 0.00, 0.00, 0.15, 0.00, 0.00, 0.09, 1.46, 0.43, 0.19, 0.00, 0.11, 0.00, 0.00, 0.03, 0.58, 0.22, 0.00, 0.00, 0.00, 1.00, 0.00, 0.00, 0.00, 0.00, 1.00, 0.00, 0.00, 0.00, 0.00, 1.00, 0.00, 0.00, 0.00, 0.00
343, 0, 12.895, 0.98, 1, 0.15, 0.00, 0.00, 0.22, 0.00, 0.00, 0.10, 1.28, 0.31, 0.12, 0.06, 0.24, 0.00, 0.00, 0.03, 0.59, 0.11, 0.00, 0.00, 0.00, 1.00, 0.00, 0.00, 0.00, 0.00, 1.00, 0.00, 0.00, 0.00, 0.00, 1.00, 0.00, 0.00, 0.00, 0.00
344, 0, 12.933, 0.88, 1, 0.11, 0.00, 0.00, 0.36, 0.00, 0.00, 0.13, 1.17, 0.22, 0.04, 0.19, 0.46, 0.00, 0.00, 0.00, 0.46, 0.11, 0.00, 0.00, 0.00, 1.00, 0.00, 0.00, 0.00, 0.00, 1.00, 0.00, 0.00, 0.00, 0.00, 1.00, 0.00, 0.00, 0.00, 0.00
345, 0, 12.971, 0.88, 1, 0.14, 0.00, 0.00, 0.21, 0.00, 0.00, 0.05, 1.11, 0.22, 0.20, 0.60, 0.53, 0.00, 0.06, 0.00, 0.49, 0.08, 0.00, 0.00, 0.00, 1.00, 0.00, 0.00, 0.00, 0.00, 1.00, 0.00, 0.00, 0.00, 0.00, 1.00, 0.00, 0.00, 0.00, 0.00
346, 0, 13.008, 0.98, 1, 0.16, 0.00, 0.00, 0.14, 0.00, 0.00, 0.04, 1.09, 0.20, 0.26, 0.77, 0.47, 0.00, 0.08, 0.00, 0.33, 0.18, 0.00, 0.00, 0.00, 1.00, 0.00, 0.00, 0.00, 0.00, 1.00, 0.00, 0.00, 0.00, 0.00, 1.00, 0.00, 0.00, 0.00, 0.00
347, 0, 13.046, 0.98, 1, 0.27, 0.00, 0.00, 0.01, 0.00, 0.00, 0.09, 1.11, 0.19, 0.46, 0.97, 0.28, 0.11, 0.13, 0.00, 0.20, 0.28, 0.00, 0.00, 0.00, 1.00, 0.00, 0.00, 0.00, 0.00, 1.00, 0.00, 0.00, 0.00, 0.00, 1.00, 0.00, 0.00, 0.00, 0.00
348, 0, 13.084, 0.98, 1, 0.33, 0.00, 0.00, 0.03, 0.00, 0.00, 0.21, 1.23, 0.18, 0.60, 0.56, 0.29, 0.11, 0.07, 0.00, 0.03, 0.32, 0.00, 0.00, 0.00, 1.00, 0.00, 0.00, 0.00, 0.00, 1.00, 0.00, 0.00, 0.00, 0.00, 1.00, 0.00, 0.00, 0.00, 0.00
349, 0, 13.122, 0.98, 1, 0.35, 0.00, 0.00, 0.03, 0.00, 0.00, 0.27, 1.35, 0.24, 0.85, 0.39, 0.37, 0.11, 0.05, 0.00, 0.00, 0.25, 0.00, 0.00, 0.00, 1.00, 0.00, 0.00, 0.00, 0.00, 0.00, 0.00, 0.00, 0.00, 0.00, 1.00, 0.00, 0.00, 0.00, 0.00
350, 0, 13.159, 0.98, 1, 0.20, 0.00, 0.00, 0.05, 0.04, 0.00, 0.23, 1.46, 0.27, 0.80, 0.05, 0.47, 0.06, 0.02, 0.00, 0.00, 0.15, 0.00, 0.00, 0.00, 1.00, 0.00, 0.00, 0.00, 0.00, 0.00, 0.00, 0.00, 0.00, 0.00, 0.00, 0.00, 0.00, 0.00, 0.00
351, 0, 13.197, 0.98, 1, 0.09, 0.00, 0.00, 0.19, 0.04, 0.00, 0.15, 1.31, 0.26, 0.47, 0.05, 0.37, 0.16, 0.02, 0.00, 0.00, 0.03, 0.00, 0.00, 0.00, 1.00, 0.00, 0.00, 0.00, 0.00, 0.00, 0.00, 0.00, 0.00, 0.00, 0.00, 0.00, 0.00, 0.00, 0.00
352, 0, 13.235, 0.98, 1, 0.00, 0.00, 0.00, 0.44, 0.04, 0.05, 0.08, 1.23, 0.23, 0.16, 0.00, 0.47, 0.16, 0.02, 0.00, 0.00, 0.00, 0.00, 0.00, 0.00, 1.00, 0.00, 0.00, 0.00, 0.00, 0.00, 0.00, 0.00, 0.00, 0.00, 0.00, 0.00, 0.00, 0.00, 0.00
353, 0, 13.272, 0.98, 1, 0.00, 0.00, 0.00, 0.50, 0.00, 0.05, 0.04, 1.23, 0.17, 0.00, 0.00, 0.43, 0.10, 0.00, 0.00, 0.00, 0.00, 0.00, 0.00, 0.00, 1.00, 0.00, 0.00, 0.00, 0.00, 0.00, 0.00, 0.00, 0.00, 1.00, 0.00, 0.00, 0.00, 0.00, 0.00
354, 0, 13.310, 0.98, 1, 0.00, 0.00, 0.00, 0.35, 0.05, 0.05, 0.05, 1.39, 0.17, 0.00, 0.00, 0.64, 0.08, 0.00, 0.00, 0.00, 0.00, 0.00, 0.00, 0.00, 1.00, 0.00, 0.00, 0.00, 0.00, 0.00, 0.00, 0.00, 0.00, 1.00, 0.00, 0.00, 0.00, 0.00, 0.00
355, 0, 13.348, 0.98, 1, 0.00, 0.00, 0.00, 0.10, 0.10, 0.00, 0.11, 1.50, 0.13, 0.00, 0.52, 0.72, 0.16, 0.01, 0.00, 0.00, 0.00, 0.00, 0.00, 0.00, 1.00, 0.00, 0.00, 0.00, 0.00, 0.00, 0.00, 0.00, 0.00, 1.00, 0.00, 0.00, 0.00, 0.00, 0.00
356, 0, 13.385, 0.98, 1, 0.00, 0.00, 0.00, 0.00, 0.16, 0.02, 0.16, 1.53, 0.14, 0.00, 1.09, 0.94, 0.22, 0.01, 0.00, 0.00, 0.00, 0.00, 0.00, 0.00, 1.00, 0.00, 0.00, 0.00, 0.00, 0.00, 0.00, 0.00, 0.00, 0.00, 0.00, 0.00, 0.00, 0.00, 0.00
357, 0, 13.423, 0.98, 1, 0.00, 0.00, 0.00, 0.00, 0.14, 0.09, 0.16, 1.51, 0.15, 0.00, 1.65, 1.04, 0.15, 0.01, 0.00, 0.11, 0.03, 0.00, 0.00, 0.00, 1.00, 0.00, 0.00, 0.00, 0.00, 0.00, 0.00, 0.00, 0.00, 1.00, 0.00, 0.00, 0.00, 0.00, 0.00
358, 0, 13.461, 0.98, 1, 0.00, 0.00, 0.00, 0.00, 0.18, 0.40, 0.22, 1.51, 0.12, 0.04, 1.49, 0.92, 0.06, 0.01, 0.00, 0.16, 0.04, 0.00, 1.00, 0.00, 1.00, 0.00, 0.00, 0.00, 0.00, 0.00, 0.00, 1.00, 0.00, 1.00, 0.00, 0.00, 0.00, 0.00, 0.00
359, 0, 13.499, 0.98, 1, 0.00, 0.00, 0.00, 0.00, 0.14, 0.38, 0.26, 1.61, 0.09, 0.16, 1.33, 0.81, 0.13, 0.01, 0.00, 0.27, 0.05, 0.00, 1.00, 0.00, 1.00, 0.00, 0.00, 0.00, 0.00, 0.00, 0.00, 1.00, 0.00, 1.00, 0.00, 0.00, 0.00, 0.00, 0.00
360, 0, 13.536, 0.98, 1, 0.00, 0.00, 0.00, 0.00, 0.11, 0.31, 0.21, 1.70, 0.11, 0.23, 1.65, 0.69, 0.22, 0.00, 0.03, 0.29, 0.09, 0.00, 1.00, 0.00, 1.00, 0.00, 0.00, 0.00, 0.00, 0.00, 0.00, 1.00, 0.00, 1.00, 1.00, 0.00, 0.00, 0.00, 0.00
361, 0, 13.574, 0.98, 1, 0.09, 0.00, 0.00, 0.00, 0.11, 0.00, 0.30, 1.93, 0.28, 0.76, 1.44, 0.75, 0.36, 0.00, 0.03, 0.32, 0.08, 0.00, 1.00, 0.00, 1.00, 0.00, 0.00, 0.00, 0.00, 0.00, 0.00, 1.00, 0.00, 0.00, 1.00, 0.00, 0.00, 0.00, 0.00
362, 0, 13.612, 0.98, 1, 0.19, 0.00, 0.00, 0.00, 0.15, 0.00, 0.39, 2.04, 0.46, 1.18, 1.16, 0.82, 0.36, 0.00, 0.03, 0.26, 0.07, 0.00, 1.00, 0.00, 1.00, 0.00, 0.00, 0.00, 1.00, 1.00, 1.00, 1.00, 0.00, 0.00, 1.00, 0.00, 0.00, 0.00, 0.00
363, 0, 13.649, 0.98, 1, 0.27, 0.00, 0.00, 0.00, 0.13, 0.00, 0.57, 2.14, 0.42, 1.56, 0.28, 0.87, 0.41, 0.00, 0.00, 0.23, 0.00, 0.00, 1.00, 0.00, 1.00, 0.00, 0.00, 0.00, 1.00, 1.00, 1.00, 1.00, 0.00, 1.00, 1.00, 0.00, 0.00, 0.00, 0.00
364, 0, 13.687, 0.98, 1, 0.24, 0.00, 0.00, 0.00, 0.06, 0.00, 0.55, 2.10, 0.30, 1.45, 0.12, 0.97, 0.38, 0.00, 0.00, 0.28, 0.00, 0.00, 1.00, 0.00, 1.00, 0.00, 0.00, 0.00, 1.00, 1.00, 1.00, 1.00, 0.00, 1.00, 1.00, 0.00, 0.00, 0.00, 0.00
365, 0, 13.725, 0.98, 1, 0.14, 0.00, 0.00, 0.00, 0.03, 0.11, 0.45, 1.87, 0.16, 0.98, 0.00, 0.71, 0.42, 0.00, 0.00, 0.23, 0.05, 0.00, 1.00, 0.00, 1.00, 0.00, 0.00, 0.00, 1.00, 1.00, 1.00, 0.00, 0.00, 1.00, 0.00, 0.00, 0.00, 0.00, 0.00
366, 0, 13.763, 0.98, 1, 0.07, 0.00, 0.00, 0.00, 0.05, 0.11, 0.28, 1.58, 0.14, 0.53, 0.21, 0.37, 0.28, 0.00, 0.17, 0.12, 0.22, 0.00, 1.00, 0.00, 1.00, 0.00, 0.00, 0.00, 0.00, 0.00, 0.00, 0.00, 0.00, 0.00, 0.00, 0.00, 0.00, 0.00, 0.00
367, 0, 13.800, 0.98, 1, 0.02, 0.00, 0.00, 0.00, 0.16, 0.11, 0.19, 1.46, 0.15, 0.07, 0.49, 0.01, 0.16, 0.00, 0.31, 0.00, 0.25, 0.00, 1.00, 0.00, 1.00, 0.00, 0.00, 0.00, 0.00, 0.00, 0.00, 0.00, 0.00, 0.00, 0.00, 0.00, 0.00, 0.00, 0.00
368, 0, 13.838, 0.98, 1, 0.02, 0.00, 0.00, 0.00, 0.20, 0.00, 0.21, 1.37, 0.22, 0.13, 0.85, 0.01, 0.00, 0.00, 0.31, 0.00, 0.33, 0.00, 1.00, 0.00, 1.00, 0.00, 0.00, 0.00, 0.00, 0.00, 0.00, 0.00, 0.00, 0.00, 0.00, 0.00, 0.00, 0.00, 0.00
369, 0, 13.876, 0.98, 1, 0.02, 0.00, 0.00, 0.00, 0.25, 0.12, 0.38, 1.44, 0.25, 0.22, 1.04, 0.01, 0.21, 0.00, 0.13, 0.00, 0.15, 0.00, 0.00, 0.00, 1.00, 0.00, 0.00, 0.00, 0.00, 0.00, 0.00, 0.00, 0.00, 0.00, 0.00, 0.00, 0.00, 0.00, 0.00
370, 0, 13.913, 0.98, 1, 0.09, 0.00, 0.00, 0.05, 0.15, 0.12, 0.32, 1.63, 0.20, 0.59, 0.76, 0.34, 0.39, 0.00, 0.00, 0.22, 0.20, 0.00, 0.00, 0.00, 1.00, 0.00, 0.00, 0.00, 0.00, 0.00, 0.00, 0.00, 0.00, 0.00, 0.00, 0.00, 0.00, 0.00, 0.00
371, 0, 13.951, 0.98, 1, 0.23, 0.00, 0.00, 0.11, 0.07, 0.12, 0.27, 1.89, 0.12, 0.95, 0.40, 0.43, 0.50, 0.00, 0.00, 0.34, 0.22, 0.00, 0.00, 0.00, 1.00, 0.00, 0.00, 0.00, 0.00, 0.00, 0.00, 0.00, 0.00, 0.00, 0.00, 0.00, 0.00, 0.00, 0.00
372, 0, 13.989, 0.88, 1, 0.29, 0.00, 0.00, 0.11, 0.00, 0.00, 0.21, 1.98, 0.05, 1.26, 0.00, 0.74, 0.44, 0.00, 0.00, 0.34, 0.35, 0.00, 0.00, 0.00, 1.00, 0.00, 0.00, 0.00, 0.00, 0.00, 1.00, 0.00, 0.00, 0.00, 0.00, 0.00, 0.00, 0.00, 0.00
373, 0, 14.026, 0.88, 1, 0.30, 0.00, 0.00, 0.10, 0.00, 0.00, 0.31, 1.65, 0.02, 1.19, 0.00, 0.69, 0.26, 0.00, 0.00, 0.24, 0.27, 0.00, 0.00, 0.00, 1.00, 0.00, 0.00, 0.00, 0.00, 0.00, 1.00, 0.00, 0.00, 0.00, 0.00, 0.00, 0.00, 0.00, 0.00
374, 0, 14.064, 0.98, 1, 0.35, 0.00, 0.00, 0.10, 0.00, 0.00, 0.34, 1.37, 0.00, 1.01, 0.02, 0.84, 0.15, 0.00, 0.00, 0.34, 0.34, 0.00, 0.00, 0.00, 1.00, 0.00, 0.00, 0.00, 0.00, 0.00, 1.00, 0.00, 0.00, 0.00, 0.00, 0.00, 0.00, 0.00, 0.00
375, 0, 14.102, 0.98, 1, 0.35, 0.00, 0.00, 0.10, 0.00, 0.00, 0.27, 1.51, 0.02, 0.68, 0.02, 0.72, 0.02, 0.04, 0.00, 0.34, 0.26, 0.00, 0.00, 0.00, 1.00, 0.00, 0.00, 0.00, 0.00, 0.00, 0.00, 0.00, 0.00, 0.00, 0.00, 0.00, 0.00, 0.00, 0.00
376, 0, 14.140, 0.98, 1, 0.30, 0.00, 0.00, 0.06, 0.00, 0.00, 0.23, 1.79, 0.07, 0.48, 0.02, 0.63, 0.02, 0.07, 0.00, 0.22, 0.32, 0.00, 0.00, 0.00, 1.00, 0.00, 0.00, 0.00, 0.00, 0.00, 0.00, 0.00, 1.00, 0.00, 0.00, 0.00, 0.00, 0.00, 0.00
377, 0, 14.177, 0.98, 1, 0.23, 0.00, 0.00, 0.00, 0.00, 0.14, 0.26, 2.04, 0.07, 0.18, 0.00, 0.78, 0.09, 0.07, 0.00, 0.14, 0.24, 0.00, 0.00, 0.00, 1.00, 0.00, 0.00, 0.00, 0.00, 0.00, 0.00, 0.00, 0.00, 0.00, 0.00, 0.00, 0.00, 0.00, 0.00
378, 0, 14.215, 0.98, 1, 0.23, 0.00, 0.00, 0.02, 0.00, 0.14, 0.27, 1.88, 0.05, 0.12, 0.00, 0.90, 0.18, 0.03, 0.00, 0.15, 0.19, 0.00, 0.00, 0.00, 1.00, 0.00, 0.00, 0.00, 0.00, 0.00, 0.00, 0.00, 0.00, 1.00, 0.00, 0.00, 0.00, 0.00, 0.00
379, 0, 14.253, 0.98, 1, 0.25, 0.00, 0.00, 0.03, 0.00, 0.14, 0.23, 1.65, 0.00, 0.04, 0.00, 0.96, 0.29, 0.00, 0.00, 0.18, 0.13, 0.00, 0.00, 0.00, 1.00, 0.00, 0.00, 0.00, 0.00, 0.00, 0.00, 0.00, 0.00, 1.00, 0.00, 0.00, 0.00, 0.00, 0.00
380, 0, 14.290, 0.98, 1, 0.14, 0.00, 0.00, 0.08, 0.00, 0.00, 0.11, 1.74, 0.00, 0.28, 0.11, 0.95, 0.40, 0.00, 0.00, 0.34, 0.00, 0.00, 0.00, 0.00, 1.00, 0.00, 0.00, 0.00, 0.00, 0.00, 0.00, 0.00, 0.00, 1.00, 0.00, 0.00, 0.00, 0.00, 0.00
381, 0, 14.328, 0.98, 1, 0.08, 0.00, 0.00, 0.15, 0.00, 0.00, 0.05, 1.89, 0.00, 0.65, 0.33, 1.00, 0.51, 0.01, 0.00, 0.59, 0.00, 0.00, 0.00, 0.00, 1.00, 0.00, 0.00, 0.00, 0.00, 0.00, 0.00, 0.00, 0.00, 1.00, 0.00, 0.00, 0.00, 0.00, 0.00
382, 0, 14.366, 0.98, 1, 0.07, 0.00, 0.06, 0.27, 0.00, 0.00, 0.00, 1.98, 0.00, 1.12, 0.44, 0.94, 0.44, 0.01, 0.00, 0.73, 0.00, 0.00, 0.00, 0.00, 1.00, 0.00, 0.00, 0.00, 0.00, 0.00, 0.00, 0.00, 0.00, 1.00, 0.00, 0.00, 0.00, 0.00, 0.00
383, 0, 14.404, 0.98, 1, 0.11, 0.00, 0.11, 0.30, 0.00, 0.00, 0.00, 1.97, 0.00, 1.39, 0.44, 0.82, 0.26, 0.01, 0.00, 0.66, 0.00, 0.00, 0.00, 0.00, 1.00, 0.00, 0.00, 0.00, 0.00, 0.00, 0.00, 0.00, 0.00, 0.00, 0.00, 0.00, 0.00, 0.00, 0.00
384, 0, 14.441, 0.98, 1, 0.14, 0.00, 0.11, 0.25, 0.00, 0.00, 0.00, 2.08, 0.00, 1.44, 0.43, 0.76, 0.04, 0.00, 0.00, 0.58, 0.00, 0.00, 0.00, 0.00, 1.00, 0.00, 0.00, 0.00, 0.00, 0.00, 0.00, 0.00, 0.00, 0.00, 0.00, 0.00, 0.00, 0.00, 0.00
385, 0, 14.479, 0.98, 1, 0.07, 0.00, 0.05, 0.17, 0.00, 0.00, 0.03, 2.13, 0.00, 1.15, 0.33, 0.82, 0.16, 0.00, 0.00, 0.45, 0.00, 0.00, 0.00, 0.00, 1.00, 0.00, 0.00, 0.00, 0.00, 0.00, 0.00, 0.00, 0.00, 0.00, 0.00, 0.00, 0.00, 0.00, 0.00
386, 0, 14.517, 0.98, 1, 0.05, 0.00, 0.00, 0.08, 0.00, 0.00, 0.07, 2.01, 0.00, 0.82, 0.21, 0.73, 0.33, 0.00, 0.00, 0.23, 0.00, 0.00, 0.00, 0.00, 1.00, 0.00, 0.00, 0.00, 0.00, 0.00, 0.00, 0.00, 0.00, 0.00, 0.00, 0.00, 0.00, 0.00, 0.00
387, 0, 14.554, 0.98, 1, 0.01, 0.00, 0.00, 0.11, 0.00, 0.00, 0.07, 1.86, 0.00, 0.57, 0.00, 0.72, 0.57, 0.02, 0.00, 0.05, 0.00, 0.00, 0.00, 0.00, 1.00, 0.00, 0.00, 0.00, 0.00, 0.00, 0.00, 0.00, 0.00, 0.00, 0.00, 0.00, 0.00, 0.00, 0.00
388, 0, 14.592, 0.98, 1, 0.01, 0.00, 0.00, 0.12, 0.00, 0.00, 0.03, 1.87, 0.00, 0.49, 0.00, 0.69, 0.57, 0.02, 0.00, 0.00, 0.00, 0.00, 0.00, 0.00, 1.00, 0.00, 0.00, 0.00, 0.00, 0.00, 0.00, 0.00, 0.00, 0.00, 0.00, 0.00, 0.00, 0.00, 0.00
389, 0, 14.630, 0.98, 1, 0.00, 0.00, 0.00, 0.12, 0.00, 0.00, 0.05, 1.96, 0.00, 0.48, 0.04, 0.74, 0.59, 0.02, 0.00, 0.00, 0.00, 0.00, 0.00, 0.00, 1.00, 0.00, 0.00, 0.00, 0.00, 0.00, 0.00, 0.00, 0.00, 0.00, 0.00, 0.00, 0.00, 0.00, 0.00
390, 0, 14.667, 0.98, 1, 0.00, 0.00, 0.00, 0.12, 0.00, 0.01, 0.11, 1.78, 0.00, 0.41, 0.15, 0.81, 0.42, 0.03, 0.00, 0.19, 0.00, 0.00, 0.00, 0.00, 1.00, 0.00, 0.00, 0.00, 0.00, 0.00, 0.00, 0.00, 0.00, 0.00, 0.00, 0.00, 0.00, 0.00, 0.00
391, 0, 14.705, 0.98, 1, 0.00, 0.00, 0.00, 0.08, 0.00, 0.01, 0.14, 1.56, 0.00, 0.33, 0.26, 0.85, 0.39, 0.06, 0.00, 0.41, 0.00, 0.00, 0.00, 0.00, 1.00, 0.00, 0.00, 0.00, 0.00, 0.00, 0.00, 0.00, 0.00, 0.00, 0.00, 0.00, 0.00, 0.00, 0.00
392, 0, 14.743, 0.98, 1, 0.00, 0.00, 0.00, 0.08, 0.00, 0.15, 0.15, 1.58, 0.05, 0.24, 0.47, 0.82, 0.20, 0.06, 0.08, 0.71, 0.00, 0.00, 0.00, 0.00, 1.00, 0.00, 0.00, 0.00, 0.00, 0.00, 0.00, 0.00, 0.00, 0.00, 0.00, 0.00, 0.00, 0.00, 0.00
393, 0, 14.781, 0.98, 1, 0.00, 0.00, 0.00, 0.17, 0.00, 0.36, 0.23, 1.81, 0.11, 0.17, 0.62, 0.61, 0.13, 0.03, 0.16, 0.70, 0.00, 0.00, 0.00, 0.00, 1.00, 0.00, 0.00, 0.00, 0.00, 0.00, 0.00, 0.00, 0.00, 0.00, 0.00, 0.00, 0.00, 0.00, 0.00
394, 0, 14.818, 0.98, 1, 0.00, 0.00, 0.00, 0.37, 0.00, 0.54, 0.34, 2.15, 0.19, 0.12, 0.78, 0.50, 0.00, 0.00, 0.26, 0.61, 0.00, 0.00, 0.00, 0.00, 1.00, 0.00, 0.00, 0.00, 0.00, 0.00, 0.00, 0.00, 0.00, 0.00, 0.00, 0.00, 0.00, 0.00, 0.00
395, 0, 14.856, 0.98, 1, 0.05, 0.00, 0.00, 0.37, 0.00, 0.40, 0.28, 2.42, 0.15, 0.02, 1.30, 0.55, 0.00, 0.00, 0.49, 0.38, 0.00, 0.00, 0.00, 0.00, 1.00, 0.00, 0.00, 0.00, 0.00, 0.00, 0.00, 0.00, 0.00, 0.00, 0.00, 0.00, 0.00, 0.00, 0.00
396, 0, 14.894, 0.98, 1, 0.15, 0.00, 0.00, 0.35, 0.00, 0.21, 0.15, 2.48, 0.14, 0.00, 1.58, 0.62, 0.00, 0.00, 0.51, 0.24, 0.00, 0.00, 0.00, 0.00, 1.00, 0.00, 0.00, 0.00, 0.00, 0.00, 0.00, 0.00, 0.00, 0.00, 0.00, 0.00, 0.00, 0.00, 0.00
397, 0, 14.931, 0.98, 1, 0.27, 0.00, 0.00, 0.29, 0.00, 0.03, 0.00, 2.46, 0.09, 0.00, 1.78, 0.66, 0.00, 0.00, 0.46, 0.14, 0.00, 0.00, 0.00, 0.00, 1.00, 0.00, 0.00, 0.00, 0.00, 0.00, 0.00, 0.00, 0.00, 0.00, 0.00, 0.00, 0.00, 0.00, 0.00
398, 0, 14.969, 0.98, 1, 0.28, 0.00, 0.00, 0.39, 0.02, 0.03, 0.00, 2.33, 0.10, 0.00, 1.79, 0.66, 0.00, 0.00, 0.41, 0.21, 0.00, 0.00, 0.00, 0.00, 1.00, 0.00, 0.00, 0.00, 0.00, 0.00, 0.00, 0.00, 0.00, 0.00, 0.00, 0.00, 0.00, 0.00, 0.00
399, 0, 15.007, 0.98, 1, 0.28, 0.00, 0.00, 0.24, 0.02, 0.00, 0.00, 2.33, 0.07, 0.00, 1.61, 0.63, 0.08, 0.00, 0.38, 0.19, 0.00, 0.00, 0.00, 0.00, 1.00, 0.00, 0.00, 0.00, 0.00, 0.00, 0.00, 0.00, 0.00, 0.00, 0.00, 0.00, 0.00, 0.00, 0.00
400, 0, 15.045, 0.98, 1, 0.16, 0.00, 0.00, 0.10, 0.02, 0.00, 0.01, 2.16, 0.04, 0.00, 1.80, 0.51, 0.08, 0.00, 0.56, 0.18, 0.00, 0.00, 0.00, 0.00, 1.00, 0.00, 0.00, 0.00, 0.00, 0.00, 0.00, 0.00, 0.00, 0.00, 0.00, 0.00, 0.00, 0.00, 0.00
401, 0, 15.082, 0.98, 1, 0.10, 0.00, 0.00, 0.00, 0.00, 0.00, 0.01, 1.87, 0.02, 0.00, 1.96, 0.43, 0.08, 0.00, 0.63, 0.03, 0.00, 0.00, 0.00, 0.00, 1.00, 0.00, 0.00, 0.00, 0.00, 0.00, 0.00, 0.00, 0.00, 1.00, 0.00, 0.00, 0.00, 0.00, 0.00
402, 0, 15.120, 0.98, 1, 0.00, 0.00, 0.00, 0.02, 0.00, 0.01, 0.04, 1.60, 0.00, 0.00, 2.40, 0.33, 0.00, 0.00, 0.88, 0.04, 0.00, 0.00, 0.00, 0.00, 1.00, 0.00, 0.00, 0.00, 0.00, 0.00, 0.00, 0.00, 0.00, 1.00, 0.00, 0.00, 0.00, 0.00, 0.00
403, 0, 15.158, 0.98, 1, 0.00, 0.00, 0.00, 0.04, 0.00, 0.01, 0.09, 1.71, 0.01, 0.06, 2.46, 0.34, 0.00, 0.00, 0.89, 0.17, 0.00, 0.00, 0.00, 0.00, 1.00, 0.00, 0.00, 0.00, 0.00, 0.00, 0.00, 0.00, 0.00, 1.00, 0.00, 0.00, 0.00, 0.00, 0.00
404, 0, 15.195, 0.98, 1, 0.05, 0.00, 0.00, 0.21, 0.00, 0.01, 0.16, 1.94, 0.01, 0.10, 1.66, 0.60, 0.00, 0.03, 0.57, 0.38, 0.00, 0.00, 0.00, 0.00, 1.00, 0.00, 0.00, 0.00, 0.00, 0.00, 0.00, 0.00, 0.00, 1.00, 0.00, 0.00, 0.00, 0.00, 0.00
405, 0, 15.233, 0.98, 1, 0.09, 0.00, 0.01, 0.19, 0.00, 0.01, 0.27, 1.96, 0.01, 0.39, 0.98, 0.57, 0.14, 0.03, 0.24, 0.35, 0.00, 0.00, 0.00, 0.00, 1.00, 0.00, 0.00, 0.00, 0.00, 0.00, 0.00, 0.00, 0.00, 1.00, 0.00, 0.00, 0.00, 0.00, 0.00
406, 0, 15.271, 0.98, 1, 0.12, 0.00, 0.01, 0.17, 0.00, 0.01, 0.29, 1.75, 0.00, 0.49, 0.55, 0.47, 0.32, 0.03, 0.08, 0.22, 0.00, 0.00, 0.00, 0.00, 1.00, 0.00, 0.00, 0.00, 0.00, 0.00, 0.00, 0.00, 0.00, 1.00, 0.00, 0.00, 0.00, 0.00, 0.00
407, 0, 15.308, 0.98, 1, 0.07, 0.00, 0.01, 0.00, 0.00, 0.00, 0.21, 1.47, 0.00, 0.68, 0.80, 0.06, 0.55, 0.00, 0.12, 0.00, 0.00, 0.00, 0.00, 0.00, 1.00, 0.00, 0.00, 0.00, 0.00, 0.00, 0.00, 0.00, 0.00, 1.00, 0.00, 0.00, 0.00, 0.00, 0.00
408, 0, 15.346, 0.98, 1, 0.10, 0.00, 0.00, 0.01, 0.00, 0.00, 0.17, 1.43, 0.00, 0.54, 0.77, 0.08, 0.76, 0.00, 0.16, 0.00, 0.00, 0.00, 0.00, 0.00, 1.00, 0.00, 0.00, 0.00, 0.00, 0.00, 0.00, 0.00, 0.00, 1.00, 0.00, 0.00, 0.00, 0.00, 0.00
409, 0, 15.384, 0.98, 1, 0.11, 0.00, 0.00, 0.04, 0.00, 0.00, 0.09, 1.51, 0.00, 0.53, 1.19, 0.12, 1.11, 0.00, 0.14, 0.00, 0.00, 0.00, 0.00, 0.00, 1.00, 0.00, 0.00, 0.00, 0.00, 0.00, 0.00, 0.00, 0.00, 1.00, 0.00, 0.00, 0.00, 0.00, 0.00
410, 0, 15.422, 0.98, 1, 0.21, 0.00, 0.00, 0.05, 0.00, 0.00, 0.09, 1.62, 0.00, 0.33, 1.56, 0.26, 0.89, 0.00, 0.40, 0.05, 0.00, 0.00, 0.00, 0.00, 1.00, 0.00, 0.00, 0.00, 0.00, 0.00, 0.00, 0.00, 0.00, 1.00, 0.00, 0.00, 0.00, 0.00, 0.00
411, 0, 15.459, 0.98, 1, 0.27, 0.00, 0.00, 0.18, 0.00, 0.00, 0.00, 1.73, 0.00, 0.24, 2.08, 0.46, 0.65, 0.00, 0.53, 0.12, 0.00, 0.00, 0.00, 0.00, 1.00, 0.00, 0.00, 0.00, 0.00, 0.00, 0.00, 0.00, 0.00, 1.00, 0.00, 0.00, 0.00, 0.00, 0.00
412, 0, 15.497, 0.98, 1, 0.34, 0.00, 0.00, 0.17, 0.00, 0.00, 0.00, 1.98, 0.00, 0.10, 2.21, 0.92, 0.29, 0.00, 0.63, 0.26, 0.00, 0.00, 0.00, 0.00, 1.00, 0.00, 0.00, 0.00, 0.00, 0.00, 0.00, 0.00, 1.00, 1.00, 0.00, 0.00, 0.00, 0.00, 0.00
413, 0, 15.535, 0.98, 1, 0.40, 0.00, 0.00, 0.31, 0.00, 0.01, 0.02, 2.14, 0.00, 0.08, 1.68, 1.17, 0.40, 0.00, 0.33, 0.39, 0.01, 0.00, 0.00, 0.00, 1.00, 0.00, 0.00, 0.00, 0.00, 0.00, 0.00, 0.00, 1.00, 0.00, 0.00, 0.00, 0.00, 0.00, 0.00
414, 0, 15.572, 0.98, 1, 0.43, 0.00, 0.00, 0.27, 0.00, 0.03, 0.05, 2.31, 0.00, 0.05, 1.30, 1.24, 0.41, 0.00, 0.15, 0.50, 0.01, 0.00, 0.00, 0.00, 1.00, 0.00, 0.00, 0.00, 0.00, 0.00, 0.00, 0.00, 1.00, 0.00, 0.00, 0.00, 0.00, 0.00, 0.00
415, 0, 15.610, 0.98, 1, 0.40, 0.00, 0.00, 0.26, 0.00, 0.03, 0.16, 2.54, 0.06, 0.17, 0.71, 1.08, 0.34, 0.00, 0.00, 0.42, 0.01, 0.00, 0.00, 0.00, 1.00, 0.00, 0.00, 0.00, 0.00, 0.00, 0.00, 0.00, 1.00, 0.00, 0.00, 0.00, 0.00, 0.00, 0.00
416, 0, 15.648, 0.98, 1, 0.31, 0.00, 0.04, 0.21, 0.00, 0.02, 0.20, 2.64, 0.12, 0.42, 0.71, 0.76, 0.39, 0.00, 0.00, 0.32, 0.00, 0.00, 0.00, 0.00, 1.00, 0.00, 0.00, 0.00, 0.00, 0.00, 0.00, 0.00, 0.00, 0.00, 0.00, 0.00, 0.00, 0.00, 0.00
417, 0, 15.686, 0.98, 1, 0.16, 0.00, 0.04, 0.11, 0.00, 0.00, 0.29, 2.56, 0.21, 0.72, 0.50, 0.42, 0.35, 0.00, 0.00, 0.29, 0.00, 0.00, 0.00, 0.00, 1.00, 0.00, 0.00, 0.00, 1.00, 0.00, 0.00, 0.00, 0.00, 0.00, 0.00, 0.00, 0.00, 0.00, 0.00
418, 0, 15.723, 0.98, 1, 0.07, 0.00, 0.04, 0.33, 0.00, 0.06, 0.28, 2.17, 0.27, 0.88, 0.31, 0.19, 0.27, 0.00, 0.00, 0.32, 0.00, 0.00, 0.00, 0.00, 1.00, 0.00, 0.00, 0.00, 1.00, 0.00, 0.00, 0.00, 0.00, 0.00, 0.00, 0.00, 0.00, 0.00, 0.00
419, 0, 15.761, 0.98, 1, 0.00, 0.00, 0.00, 0.22, 0.00, 0.06, 0.36, 2.05, 0.29, 0.98, 0.24, 0.40, 0.15, 0.00, 0.00, 0.53, 0.00, 0.00, 0.00, 0.00, 1.00, 0.00, 0.00, 0.00, 1.00, 0.00, 0.00, 0.00, 0.00, 0.00, 0.00, 0.00, 0.00, 0.00, 0.00
420, 0, 15.799, 0.98, 1, 0.00, 0.00, 0.00, 0.22, 0.00, 0.06, 0.37, 2.18, 0.27, 1.10, 0.29, 0.44, 0.26, 0.00, 0.00, 0.67, 0.00, 0.00, 0.00, 0.00, 1.00, 0.00, 0.00, 0.00, 1.00, 0.00, 0.00, 0.00, 0.00, 0.00, 0.00, 0.00, 0.00, 0.00, 0.00
421, 0, 15.836, 0.98, 1, 0.00, 0.00, 0.00, 0.00, 0.00, 0.00, 0.41, 2.32, 0.21, 1.17, 0.43, 0.49, 0.45, 0.00, 0.00, 0.89, 0.00, 0.00, 0.00, 0.00, 1.00, 0.00, 0.00, 0.00, 1.00, 0.00, 0.00, 0.00, 0.00, 0.00, 0.00, 0.00, 0.00, 0.00, 0.00
422, 0, 15.874, 0.98, 1, 0.00, 0.00, 0.00, 0.00, 0.00, 0.02, 0.36, 2.24, 0.18, 1.12, 0.42, 0.24, 0.67, 0.00, 0.00, 0.78, 0.00, 0.00, 0.00, 0.00, 1.00, 0.00, 0.00, 0.00, 1.00, 0.00, 0.00, 0.00, 0.00, 0.00, 0.00, 0.00, 0.00, 0.00, 0.00
423, 0, 15.912, 0.98, 1, 0.00, 0.00, 0.00, 0.00, 0.00, 0.02, 0.32, 2.19, 0.14, 0.96, 0.57, 0.25, 0.66, 0.00, 0.00, 0.72, 0.00, 0.00, 0.00, 0.00, 1.00, 0.00, 0.00, 0.00, 0.00, 0.00, 0.00, 0.00, 0.00, 0.00, 0.00, 0.00, 0.00, 0.00, 0.00
424, 0, 15.949, 0.98, 1, 0.00, 0.00, 0.00, 0.13, 0.00, 0.02, 0.26, 2.24, 0.16, 0.86, 0.37, 0.26, 0.50, 0.00, 0.00, 0.59, 0.00, 0.00, 0.00, 0.00, 1.00, 0.00, 0.00, 0.00, 0.00, 0.00, 0.00, 0.00, 0.00, 0.00, 0.00, 0.00, 0.00, 0.00, 0.00
425, 0, 15.987, 0.98, 1, 0.00, 0.00, 0.00, 0.13, 0.00, 0.00, 0.22, 2.24, 0.13, 0.60, 0.44, 0.43, 0.24, 0.00, 0.00, 0.45, 0.00, 0.00, 0.00, 0.00, 1.00, 0.00, 0.00, 0.00, 0.00, 0.00, 0.00, 0.00, 0.00, 0.00, 0.00, 0.00, 0.00, 0.00, 0.00
426, 0, 16.025, 0.98, 1, 0.00, 0.00, 0.00, 0.13, 0.00, 0.00, 0.18, 2.11, 0.13, 0.41, 0.44, 0.56, 0.07, 0.00, 0.00, 0.30, 0.00, 0.00, 0.00, 0.00, 1.00, 0.00, 0.00, 0.00, 0.00, 0.00, 0.00, 0.00, 0.00, 0.00, 0.00, 0.00, 0.00, 0.00, 0.00
427, 0, 16.063, 0.98, 1, 0.00, 0.00, 0.00, 0.17, 0.00, 0.00, 0.13, 2.01, 0.12, 0.22, 0.61, 0.54, 0.00, 0.00, 0.00, 0.23, 0.00, 0.00, 0.00, 0.00, 1.00, 0.00, 0.00, 0.00, 0.00, 0.00, 0.00, 0.00, 0.00, 0.00, 0.00, 0.00, 0.00, 0.00, 0.00
428, 0, 16.100, 0.98, 1, 0.03, 0.00, 0.00, 0.38, 0.00, 0.03, 0.10, 2.02, 0.14, 0.29, 0.51, 0.42, 0.00, 0.00, 0.00, 0.26, 0.00, 0.00, 0.00, 0.00, 1.00, 0.00, 0.00, 0.00, 0.00, 0.00, 0.00, 0.00, 0.00, 0.00, 0.00, 0.00, 0.00, 0.00, 0.00
429, 0, 16.138, 0.98, 1, 0.03, 0.00, 0.00, 0.59, 0.00, 0.03, 0.12, 1.97, 0.18, 0.36, 0.27, 0.32, 0.00, 0.00, 0.00, 0.22, 0.00, 0.00, 0.00, 0.00, 1.00, 0.00, 0.00, 0.00, 0.00, 0.00, 0.00, 0.00, 0.00, 0.00, 0.00, 0.00, 0.00, 0.00, 0.00
430, 0, 16.176, 0.98, 1, 0.03, 0.00, 0.00, 0.59, 0.00, 0.03, 0.08, 1.55, 0.17, 0.29, 0.10, 0.33, 0.00, 0.00, 0.00, 0.16, 0.00, 0.00, 0.00, 0.00, 1.00, 0.00, 0.00, 0.00, 0.00, 0.00, 0.00, 0.00, 0.00, 0.00, 0.00, 0.00, 0.00, 0.00, 0.00
431, 0, 16.213, 0.98, 1, 0.00, 0.00, 0.00, 0.38, 0.00, 0.00, 0.06, 1.36, 0.18, 0.20, 0.00, 0.47, 0.00, 0.00, 0.00, 0.18, 0.00, 0.00, 0.00, 0.00, 1.00, 0.00, 0.00, 0.00, 0.00, 0.00, 0.00, 0.00, 0.00, 0.00, 0.00, 0.00, 0.00, 0.00, 0.00
432, 0, 16.251, 0.98, 1, 0.03, 0.00, 0.00, 0.17, 0.00, 0.00, 0.00, 1.25, 0.19, 0.00, 0.00, 0.53, 0.00, 0.00, 0.00, 0.25, 0.00, 0.00, 0.00, 0.00, 1.00, 0.00, 0.00, 0.00, 0.00, 0.00, 0.00, 0.00, 0.00, 0.00, 0.00, 0.00, 0.00, 0.00, 0.00
433, 0, 16.289, 0.98, 1, 0.09, 0.00, 0.00, 0.12, 0.00, 0.00, 0.00, 1.49, 0.15, 0.00, 0.08, 0.40, 0.00, 0.00, 0.00, 0.19, 0.00, 0.00, 0.00, 0.00, 1.00, 0.00, 0.00, 0.00, 0.00, 0.00, 0.00, 0.00, 0.00, 0.00, 0.00, 0.00, 0.00, 0.00, 0.00
434, 0, 16.327, 0.93, 1, 0.17, 0.00, 0.00, 0.12, 0.00, 0.00, 0.00, 1.69, 0.09, 0.00, 0.17, 0.56, 0.15, 0.00, 0.00, 0.24, 0.00, 0.00, 0.00, 0.00, 1.00, 0.00, 0.00, 0.00, 0.00, 0.00, 0.00, 0.00, 0.00, 0.00, 0.00, 0.00, 0.00, 0.00, 0.00
435, 0, 16.364, 0.93, 1, 0.36, 0.00, 0.00, 0.16, 0.00, 0.15, 0.03, 1.77, 0.02, 0.27, 0.57, 0.58, 0.34, 0.00, 0.00, 0.23, 0.00, 0.00, 0.00, 0.00, 1.00, 0.00, 0.00, 0.00, 0.00, 0.00, 0.00, 0.00, 0.00, 0.00, 0.00, 0.00, 0.00, 0.00, 0.00
436, 0, 16.402, 0.98, 1, 0.35, 0.00, 0.00, 0.05, 0.00, 0.15, 0.03, 1.66, 0.00, 0.52, 0.73, 0.53, 0.63, 0.00, 0.00, 0.38, 0.00, 0.00, 0.00, 0.00, 1.00, 0.00, 0.00, 0.00, 0.00, 0.00, 0.00, 0.00, 0.00, 1.00, 0.00, 0.00, 0.00, 0.00, 0.00
437, 0, 16.440, 0.98, 1, 0.32, 0.00, 0.00, 0.06, 0.00, 0.15, 0.03, 1.37, 0.00, 0.66, 0.86, 0.24, 0.77, 0.00, 0.00, 0.31, 0.00, 0.00, 0.00, 0.00, 1.00, 0.00, 0.00, 0.00, 0.00, 0.00, 0.00, 0.00, 0.00, 1.00, 0.00, 0.00, 0.00, 0.00, 0.00
438, 0, 16.477, 0.98, 1, 0.14, 0.00, 0.00, 0.01, 0.00, 0.00, 0.01, 1.16, 0.00, 0.45, 0.48, 0.21, 0.81, 0.00, 0.02, 0.41, 0.00, 0.00, 0.00, 0.00, 1.00, 0.00, 0.00, 0.00, 0.00, 0.00, 0.00, 0.00, 0.00, 1.00, 0.00, 0.00, 0.00, 0.00, 0.00
439, 0, 16.515, 0.98, 1, 0.10, 0.00, 0.00, 0.00, 0.00, 0.00, 0.05, 0.99, 0.00, 0.31, 0.25, 0.36, 0.52, 0.00, 0.02, 0.37, 0.00, 0.00, 0.00, 0.00, 1.00, 0.00, 0.00, 0.00, 0.00, 0.00, 0.00, 0.00, 0.00, 1.00, 0.00, 0.00, 0.00, 0.00, 0.00
440, 0, 16.553, 0.98, 1, 0.05, 0.00, 0.00, 0.00, 0.00, 0.00, 0.09, 1.09, 0.07, 0.74, 0.09, 0.50, 0.26, 0.00, 0.02, 0.42, 0.00, 0.00, 0.00, 0.00, 1.00, 0.00, 0.00, 0.00, 0.00, 0.00, 0.00, 0.00, 0.00, 0.00, 0.00, 0.00, 0.00, 0.00, 0.00
441, 0, 16.590, 0.98, 1, 0.02, 0.00, 0.00, 0.00, 0.00, 0.00, 0.16, 1.42, 0.18, 1.22, 0.09, 0.49, 0.03, 0.00, 0.00, 0.45, 0.00, 0.00, 0.00, 0.00, 1.00, 0.00, 0.00, 0.00, 0.00, 0.00, 1.00, 0.00, 0.00, 0.00, 0.00, 0.00, 0.00, 0.00, 0.00
442, 0, 16.628, 0.98, 1, 0.00, 0.00, 0.00, 0.06, 0.00, 0.00, 0.24, 1.89, 0.31, 1.67, 0.12, 0.37, 0.03, 0.00, 0.00, 0.56, 0.00, 0.00, 0.00, 0.00, 1.00, 0.00, 0.00, 0.00, 1.00, 0.00, 1.00, 0.00, 0.00, 0.00, 0.00, 0.00, 0.00, 0.00, 0.00
443, 0, 16.666, 0.98, 1, 0.00, 0.00, 0.00, 0.06, 0.00, 0.00, 0.30, 2.11, 0.34, 1.51, 0.12, 0.17, 0.00, 0.00, 0.00, 0.56, 0.00, 0.00, 0.00, 0.00, 1.00, 0.00, 0.00, 0.00, 1.00, 0.00, 1.00, 0.00, 0.00, 0.00, 0.00, 0.00, 0.00, 0.00, 0.00
444, 0, 16.704, 0.98, 1, 0.00, 0.00, 0.13, 0.21, 0.03, 0.00, 0.36, 2.11, 0.28, 1.40, 0.09, 0.18, 0.00, 0.00, 0.00, 0.45, 0.00, 0.00, 0.00, 0.00, 1.00, 0.00, 0.00, 0.00, 1.00, 0.00, 1.00, 0.00, 0.00, 0.00, 0.00, 0.00, 0.00, 0.00, 0.00
445, 0, 16.741, 0.98, 1, 0.00, 0.00, 0.13, 0.14, 0.03, 0.00, 0.24, 2.10, 0.23, 1.23, 0.06, 0.39, 0.00, 0.00, 0.00, 0.39, 0.00, 0.00, 0.00, 0.00, 1.00, 0.00, 0.00, 0.00, 1.00, 0.00, 1.00, 0.00, 0.00, 0.00, 0.00, 0.00, 0.00, 0.00, 0.00
446, 0, 16.779, 0.98, 1, 0.00, 0.00, 0.13, 0.14, 0.03, 0.00, 0.15, 2.03, 0.24, 1.13, 0.00, 0.61, 0.12, 0.00, 0.00, 0.33, 0.00, 0.00, 0.00, 0.00, 1.00, 0.00, 0.00, 0.00, 1.00, 0.00, 1.00, 0.00, 0.00, 0.00, 0.00, 0.00, 0.00, 0.00, 0.00
447, 0, 16.817, 0.98, 1, 0.00, 0.00, 0.00, 0.05, 0.00, 0.00, 0.03, 1.88, 0.25, 1.08, 0.02, 0.64, 0.12, 0.00, 0.00, 0.32, 0.00, 0.00, 0.00, 0.00, 1.00, 0.00, 0.00, 0.00, 1.00, 0.00, 0.00, 0.00, 0.00, 0.00, 0.00, 0.00, 0.00, 0.00, 0.00
448, 0, 16.854, 0.98, 1, 0.02, 0.00, 0.00, 0.05, 0.00, 0.00, 0.10, 2.05, 0.31, 0.80, 0.32, 0.80, 0.12, 0.00, 0.00, 0.38, 0.00, 0.00, 0.00, 0.00, 1.00, 0.00, 0.00, 0.00, 1.00, 0.00, 0.00, 0.00, 0.00, 0.00, 0.00, 0.00, 0.00, 0.00, 0.00
449, 0, 16.892, 0.98, 1, 0.04, 0.00, 0.00, 0.05, 0.00, 0.00, 0.14, 2.29, 0.37, 0.64, 0.67, 0.91, 0.00, 0.00, 0.00, 0.51, 0.00, 0.00, 0.00, 0.00, 1.00, 0.00, 0.00, 0.00, 0.00, 0.00, 0.00, 0.00, 1.00, 0.00, 0.00, 0.00, 0.00, 0.00, 0.00
450, 0, 16.930, 0.98, 1, 0.04, 0.00, 0.00, 0.00, 0.02, 0.00, 0.15, 2.11, 0.31, 0.29, 1.02, 1.03, 0.00, 0.00, 0.00, 0.42, 0.00, 0.00, 0.00, 0.00, 1.00, 0.00, 0.00, 0.00, 0.00, 0.00, 0.00, 0.00, 1.00, 0.00, 0.00, 0.00, 0.00, 0.00, 0.00
451, 0, 16.968, 0.98, 1, 0.03, 0.00, 0.00, 0.00, 0.02, 0.00, 0.18, 1.62, 0.22, 0.32, 0.77, 0.88, 0.00, 0.00, 0.00, 0.27, 0.00, 0.00, 0.00, 0.00, 1.00, 0.00, 0.00, 0.00, 0.00, 0.00, 0.00, 0.00, 1.00, 0.00, 0.00, 0.00, 0.00, 0.00, 0.00
452, 0, 17.005, 0.98, 1, 0.03, 0.00, 0.00, 0.07, 0.02, 0.00, 0.25, 1.19, 0.15, 0.32, 0.42, 0.87, 0.00, 0.00, 0.00, 0.07, 0.00, 0.00, 0.00, 0.00, 1.00, 0.00, 0.00, 0.00, 0.00, 1.00, 0.00, 0.00, 1.00, 0.00, 0.00, 0.00, 0.00, 0.00, 0.00
453, 0, 17.043, 0.98, 1, 0.03, 0.00, 0.00, 0.08, 0.00, 0.00, 0.35, 1.28, 0.23, 0.49, 0.05, 0.82, 0.00, 0.00, 0.00, 0.20, 0.00, 0.00, 0.00, 0.00, 1.00, 0.00, 0.00, 0.00, 0.00, 1.00, 0.00, 0.00, 1.00, 0.00, 0.00, 0.00, 0.00, 0.00, 0.00
454, 0, 17.081, 0.98, 1, 0.03, 0.00, 0.00, 0.23, 0.00, 0.08, 0.37, 1.30, 0.18, 0.60, 0.02, 0.76, 0.00, 0.00, 0.00, 0.25, 0.00, 0.00, 0.00, 0.00, 1.00, 0.00, 0.00, 0.00, 0.00, 1.00, 0.00, 0.00, 1.00, 0.00, 0.00, 0.00, 0.00, 0.00, 0.00
455, 0, 17.118, 0.98, 1, 0.00, 0.00, 0.00, 0.17, 0.00, 0.08, 0.26, 1.41, 0.08, 0.81, 0.13, 0.70, 0.21, 0.00, 0.00, 0.25, 0.00, 0.00, 0.00, 0.00, 1.00, 0.00, 0.00, 0.00, 0.00, 1.00, 0.00, 0.00, 1.00, 0.00, 0.00, 0.00, 0.00, 0.00, 0.00
456, 0, 17.156, 0.98, 1, 0.00, 0.00, 0.00, 0.17, 0.00, 0.08, 0.11, 1.62, 0.04, 0.89, 0.27, 0.66, 0.31, 0.00, 0.00, 0.18, 0.00, 0.00, 0.00, 0.00, 1.00, 0.00, 0.00, 0.00, 0.00, 0.00, 0.00, 0.00, 1.00, 0.00, 0.00, 0.00, 0.00, 0.00, 0.00
457, 0, 17.194, 0.98, 1, 0.00, 0.00, 0.00, 0.10, 0.00, 0.00, 0.00, 1.86, 0.08, 0.70, 0.42, 0.90, 0.44, 0.00, 0.00, 0.13, 0.00, 0.00, 0.00, 0.00, 1.00, 0.00, 0.00, 0.00, 0.00, 0.00, 0.00, 0.00, 1.00, 0.00, 0.00, 0.00, 0.00, 0.00, 0.00
458, 0, 17.231, 0.98, 1, 0.00, 0.00, 0.00, 0.10, 0.02, 0.00, 0.05, 1.97, 0.14, 0.57, 0.52, 0.98, 0.35, 0.00, 0.04, 0.15, 0.00, 0.00, 0.00, 0.00, 1.00, 0.00, 0.00, 0.00, 0.00, 0.00, 0.00, 0.00, 1.00, 0.00, 0.00, 0.00, 0.00, 0.00, 0.00
459, 0, 17.269, 0.98, 1, 0.00, 0.00, 0.00, 0.08, 0.02, 0.00, 0.08, 1.96, 0.20, 0.45, 0.70, 0.97, 0.29, 0.00, 0.17, 0.10, 0.00, 0.00, 0.00, 0.00, 1.00, 0.00, 0.00, 0.00, 0.00, 0.00, 0.00, 0.00, 1.00, 0.00, 0.00, 0.00, 0.00, 0.00, 0.00
460, 0, 17.307, 0.98, 1, 0.00, 0.00, 0.00, 0.00, 0.02, 0.00, 0.19, 1.94, 0.26, 0.83, 0.54, 0.73, 0.22, 0.00, 0.17, 0.10, 0.00, 0.00, 0.00, 0.00, 1.00, 0.00, 0.00, 0.00, 0.00, 0.00, 0.00, 0.00, 1.00, 0.00, 0.00, 0.00, 0.00, 0.00, 0.00
461, 0, 17.345, 0.98, 1, 0.00, 0.00, 0.00, 0.00, 0.00, 0.00, 0.23, 1.89, 0.30, 1.09, 0.33, 0.54, 0.13, 0.00, 0.13, 0.15, 0.00, 0.00, 0.00, 0.00, 1.00, 0.00, 0.00, 0.00, 0.00, 0.00, 1.00, 0.00, 1.00, 0.00, 0.00, 0.00, 0.00, 0.00, 0.00
462, 0, 17.382, 0.98, 1, 0.00, 0.00, 0.00, 0.00, 0.00, 0.00, 0.30, 1.89, 0.33, 1.48, 0.01, 0.55, 0.08, 0.00, 0.00, 0.34, 0.00, 0.00, 0.00, 0.00, 1.00, 0.00, 0.00, 0.00, 0.00, 0.00, 1.00, 0.00, 0.00, 0.00, 0.00, 0.00, 0.00, 0.00, 0.00
463, 0, 17.420, 0.98, 1, 0.00, 0.00, 0.00, 0.05, 0.00, 0.00, 0.25, 1.80, 0.34, 1.52, 0.04, 0.49, 0.03, 0.00, 0.00, 0.41, 0.00, 0.00, 0.00, 0.00, 1.00, 0.00, 0.00, 0.00, 1.00, 0.00, 1.00, 0.00, 0.00, 0.00, 0.00, 0.00, 0.00, 0.00, 0.00
464, 0, 17.458, 0.98, 1, 0.00, 0.00, 0.00, 0.05, 0.00, 0.00, 0.16, 1.68, 0.33, 1.46, 0.03, 0.54, 0.00, 0.00, 0.00, 0.50, 0.00, 0.00, 0.00, 0.00, 1.00, 0.00, 0.00, 0.00, 1.00, 0.00, 1.00, 0.00, 0.00, 0.00, 0.00, 0.00, 0.00, 0.00, 0.00
465, 0, 17.495, 0.98, 1, 0.00, 0.00, 0.00, 0.11, 0.00, 0.00, 0.06, 1.72, 0.30, 1.31, 0.13, 0.43, 0.17, 0.01, 0.00, 0.37, 0.01, 0.00, 0.00, 0.00, 1.00, 0.00, 0.00, 0.00, 1.00, 0.00, 1.00, 0.00, 0.00, 0.00, 0.00, 0.00, 0.00, 0.00, 0.00
466, 0, 17.533, 0.98, 1, 0.00, 0.00, 0.00, 0.25, 0.00, 0.00, 0.00, 1.81, 0.26, 1.11, 0.14, 0.64, 0.29, 0.13, 0.00, 0.22, 0.01, 0.00, 0.00, 0.00, 1.00, 0.00, 0.00, 0.00, 1.00, 0.00, 0.00, 0.00, 0.00, 0.00, 0.00, 0.00, 0.00, 0.00, 0.00
467, 0, 17.571, 0.98, 1, 0.00, 0.00, 0.00, 0.45, 0.00, 0.00, 0.00, 1.95, 0.22, 0.99, 0.19, 0.72, 0.38, 0.24, 0.00, 0.07, 0.01, 0.00, 0.00, 0.00, 1.00, 0.00, 0.00, 0.00, 1.00, 0.00, 0.00, 0.00, 0.00, 0.00, 0.00, 0.00, 0.00, 0.00, 0.00
468, 0, 17.609, 0.98, 1, 0.00, 0.00, 0.00, 0.56, 0.00, 0.00, 0.01, 1.85, 0.15, 0.85, 0.21, 0.89, 0.46, 0.26, 0.00, 0.01, 0.00, 0.00, 0.00, 0.00, 1.00, 0.00, 0.00, 0.00, 1.00, 0.00, 0.00, 0.00, 1.00, 1.00, 0.00, 0.00, 0.00, 0.00, 0.00
469, 0, 17.646, 0.98, 1, 0.00, 0.00, 0.00, 0.56, 0.00, 0.00, 0.04, 1.82, 0.09, 0.94, 0.16, 0.92, 0.54, 0.17, 0.00, 0.03, 0.00, 0.00, 0.00, 0.00, 1.00, 0.00, 0.00, 0.00, 1.00, 0.00, 0.00, 0.00, 1.00, 1.00, 0.00, 0.00, 0.00, 0.00, 0.00
470, 0, 17.684, 0.98, 1, 0.06, 0.00, 0.08, 0.66, 0.00, 0.00, 0.06, 1.77, 0.03, 0.86, 0.41, 1.09, 0.49, 0.14, 0.00, 0.09, 0.00, 0.00, 0.00, 0.00, 1.00, 0.00, 0.00, 0.00, 0.00, 0.00, 0.00, 0.00, 1.00, 0.00, 0.00, 0.00, 0.00, 0.00, 0.00
471, 0, 17.722, 0.98, 1, 0.10, 0.00, 0.08, 0.72, 0.00, 0.00, 0.05, 1.78, 0.03, 0.84, 0.41, 1.17, 0.25, 0.12, 0.00, 0.08, 0.00, 0.00, 0.00, 0.00, 1.00, 0.00, 0.00, 0.00, 0.00, 0.00, 0.00, 0.00, 1.00, 0.00, 0.00, 0.00, 0.00, 0.00, 0.00
472, 0, 17.759, 0.98, 1, 0.11, 0.00, 0.08, 0.57, 0.00, 0.00, 0.03, 1.83, 0.03, 0.69, 0.41, 1.13, 0.05, 0.09, 0.00, 0.07, 0.00, 0.00, 0.00, 0.00, 1.00, 0.00, 0.00, 0.00, 0.00, 0.00, 0.00, 0.00, 1.00, 0.00, 0.00, 0.00, 0.00, 0.00, 0.00
473, 0, 17.797, 0.98, 1, 0.05, 0.00, 0.00, 0.30, 0.00, 0.02, 0.01, 1.97, 0.03, 0.68, 0.11, 1.12, 0.00, 0.00, 0.00, 0.01, 0.00, 0.00, 0.00, 0.00, 1.00, 0.00, 0.00, 0.00, 0.00, 0.00, 0.00, 0.00, 1.00, 0.00, 0.00, 0.00, 0.00, 0.00, 0.00
474, 0, 17.835, 0.98, 1, 0.01, 0.00, 0.00, 0.12, 0.00, 0.02, 0.01, 2.15, 0.01, 0.83, 0.00, 1.17, 0.00, 0.00, 0.00, 0.15, 0.00, 0.00, 0.00, 0.00, 1.00, 0.00, 0.00, 0.00, 0.00, 0.00, 0.00, 0.00, 1.00, 0.00, 0.00, 0.00, 0.00, 0.00, 0.00
475, 0, 17.872, 0.98, 1, 0.10, 0.00, 0.00, 0.19, 0.00, 0.02, 0.01, 2.03, 0.00, 0.95, 0.50, 1.18, 0.00, 0.00, 0.00, 0.18, 0.13, 0.00, 0.00, 0.00, 1.00, 0.00, 0.00, 0.00, 0.00, 0.00, 0.00, 0.00, 1.00, 0.00, 0.00, 0.00, 0.00, 0.00, 0.00
476, 0, 17.910, 0.88, 1, 0.16, 0.00, 0.00, 0.31, 0.00, 0.00, 0.00, 1.93, 0.03, 1.21, 0.56, 0.96, 0.00, 0.00, 0.00, 0.23, 0.31, 0.00, 0.00, 0.00, 1.00, 0.00, 0.00, 0.00, 0.00, 0.00, 0.00, 0.00, 1.00, 0.00, 0.00, 0.00, 0.00, 0.00, 0.00
477, 0, 17.948, 0.88, 1, 0.27, 0.00, 0.00, 0.26, 0.00, 0.00, 0.00, 1.73, 0.04, 1.24, 0.56, 0.84, 0.00, 0.00, 0.00, 0.23, 0.35, 0.00, 0.00, 0.00, 1.00, 0.00, 0.00, 0.00, 0.00, 0.00, 0.00, 0.00, 1.00, 0.00, 0.00, 0.00, 0.00, 0.00, 0.00
478, 0, 17.986, 0.88, 1, 0.31, 0.00, 0.00, 0.28, 0.00, 0.00, 0.02, 1.81, 0.05, 1.21, 0.22, 0.80, 0.00, 0.00, 0.00, 0.20, 0.25, 0.00, 0.00, 0.00, 1.00, 0.00, 0.00, 0.00, 0.00, 0.00, 1.00, 0.00, 1.00, 0.00, 0.00, 0.00, 0.00, 0.00, 0.00
479, 0, 18.023, 0.88, 1, 0.38, 0.00, 0.00, 0.29, 0.00, 0.00, 0.05, 1.84, 0.05, 1.16, 0.24, 0.89, 0.00, 0.00, 0.00, 0.14, 0.07, 0.00, 0.00, 0.00, 1.00, 0.00, 0.00, 0.00, 0.00, 0.00, 1.00, 0.00, 1.00, 0.00, 1.00, 0.00, 0.00, 0.00, 0.00
480, 0, 18.061, 0.88, 1, 0.26, 0.00, 0.00, 0.29, 0.00, 0.00, 0.05, 1.71, 0.11, 1.12, 0.71, 1.00, 0.00, 0.00, 0.00, 0.09, 0.16, 0.00, 0.00, 0.00, 1.00, 0.00, 0.00, 0.00, 0.00, 0.00, 1.00, 0.00, 1.00, 0.00, 1.00, 0.00, 0.00, 0.00, 0.00
481, 0, 18.099, 0.88, 1, 0.13, 0.00, 0.00, 0.16, 0.00, 0.00, 0.03, 1.56, 0.13, 1.23, 1.02, 1.12, 0.00, 0.00, 0.00, 0.12, 0.26, 0.00, 0.00, 0.00, 1.00, 0.00, 0.00, 0.00, 1.00, 0.00, 1.00, 0.00, 1.00, 0.00, 1.00, 0.00, 0.00, 0.00, 0.00
482, 0, 18.136, 0.88, 1, 0.00, 0.00, 0.00, 0.00, 0.00, 0.00, 0.00, 1.51, 0.13, 1.29, 1.35, 1.26, 0.00, 0.00, 0.00, 0.23, 0.33, 0.00, 0.00, 0.00, 1.00, 0.00, 0.00, 0.00, 1.00, 0.00, 1.00, 0.00, 1.00, 0.00, 1.00, 0.00, 0.00, 0.00, 0.00
483, 0, 18.174, 0.88, 1, 0.05, 0.00, 0.00, 0.00, 0.00, 0.00, 0.00, 1.66, 0.15, 1.31, 1.38, 1.33, 0.00, 0.00, 0.00, 0.37, 0.29, 0.00, 0.00, 0.00, 1.00, 0.00, 0.00, 0.00, 1.00, 0.00, 1.00, 1.00, 1.00, 0.00, 1.00, 0.00, 0.00, 0.00, 0.00
484, 0, 18.212, 0.88, 1, 0.12, 0.00, 0.00, 0.00, 0.00, 0.00, 0.00, 1.53, 0.21, 1.20, 1.32, 1.02, 0.00, 0.00, 0.00, 0.67, 0.28, 0.00, 0.00, 0.00, 1.00, 0.00, 0.00, 0.00, 1.00, 1.00, 1.00, 1.00, 1.00, 0.00, 1.00, 0.00, 0.00, 0.00, 0.00
485, 0, 18.250, 0.88, 1, 0.19, 0.00, 0.00, 0.00, 0.00, 0.00, 0.00, 1.54, 0.39, 0.75, 1.37, 0.82, 0.00, 0.00, 0.00, 0.70, 0.35, 0.00, 0.00, 0.00, 1.00, 0.00, 0.00, 0.00, 1.00, 1.00, 1.00, 1.00, 1.00, 0.00, 1.00, 0.00, 0.00, 0.00, 0.00
486, 0, 18.287, 0.88, 1, 0.15, 0.00, 0.00, 0.00, 0.00, 0.00, 0.00, 1.64, 0.59, 0.61, 1.57, 0.69, 0.00, 0.00, 0.00, 0.82, 0.29, 0.00, 0.00, 0.00, 1.00, 0.00, 0.00, 0.00, 1.00, 1.00, 1.00, 1.00, 1.00, 0.00, 1.00, 0.00, 0.00, 0.00, 0.00
487, 0, 18.325, 0.88, 1, 0.12, 0.00, 0.00, 0.00, 0.00, 0.00, 0.04, 2.20, 0.75, 0.90, 1.67, 0.92, 0.00, 0.00, 0.00, 0.49, 0.16, 0.00, 0.00, 0.00, 1.00, 0.00, 0.00, 0.00, 1.00, 1.00, 1.00, 0.00, 1.00, 0.00, 1.00, 0.00, 0.00, 0.00, 0.00
488, 0, 18.363, 0.88, 1, 0.05, 0.00, 0.00, 0.01, 0.00, 0.00, 0.11, 2.44, 0.76, 1.36, 1.49, 0.90, 0.00, 0.00, 0.00, 0.34, 0.15, 0.00, 0.00, 0.00, 1.00, 0.00, 0.00, 0.00, 1.00, 1.00, 1.00, 1.00, 1.00, 0.00, 0.00, 0.00, 0.00, 0.00, 0.00
489, 0, 18.400, 0.88, 1, 0.10, 0.00, 0.00, 0.01, 0.00, 0.00, 0.32, 2.52, 0.69, 1.35, 0.79, 0.72, 0.00, 0.00, 0.00, 0.00, 0.12, 0.00, 0.00, 0.00, 1.00, 0.00, 0.00, 0.00, 1.00, 1.00, 0.00, 1.00, 1.00, 0.00, 0.00, 0.00, 0.00, 0.00, 0.00
490, 0, 18.438, 0.88, 1, 0.17, 0.00, 0.00, 0.12, 0.00, 0.00, 0.42, 2.42, 0.65, 0.87, 0.28, 0.66, 0.00, 0.00, 0.00, 0.00, 0.22, 0.00, 0.00, 0.00, 1.00, 0.00, 0.00, 0.00, 1.00, 1.00, 0.00, 1.00, 1.00, 0.00, 0.00, 0.00, 0.00, 0.00, 0.00
491, 0, 18.476, 0.88, 1, 0.29, 0.00, 0.00, 0.19, 0.00, 0.00, 0.48, 2.36, 0.66, 0.55, 0.00, 0.78, 0.00, 0.00, 0.00, 0.00, 0.25, 0.00, 0.00, 0.00, 1.00, 0.00, 0.00, 0.00, 1.00, 1.00, 0.00, 1.00, 1.00, 0.00, 0.00, 0.00, 0.00, 0.00, 0.00
492, 0, 18.513, 0.88, 1, 0.52, 0.00, 0.00, 0.19, 0.00, 0.00, 0.35, 2.38, 0.60, 0.51, 0.00, 0.85, 0.09, 0.00, 0.00, 0.04, 0.25, 0.00, 0.00, 0.00, 1.00, 0.00, 0.00, 0.00, 1.00, 1.00, 0.00, 1.00, 1.00, 0.00, 0.00, 0.00, 0.00, 0.00, 0.00
493, 0, 18.551, 0.88, 1, 0.68, 0.00, 0.00, 0.09, 0.00, 0.00, 0.34, 2.42, 0.54, 0.68, 0.00, 0.87, 0.20, 0.00, 0.00, 0.09, 0.31, 0.00, 0.00, 0.00, 1.00, 0.00, 0.00, 0.00, 1.00, 1.00, 0.00, 1.00, 1.00, 0.00, 0.00, 0.00, 0.00, 0.00, 0.00
494, 0, 18.589, 0.88, 1, 0.77, 0.00, 0.00, 0.00, 0.02, 0.00, 0.23, 2.45, 0.50, 0.95, 0.08, 0.83, 0.27, 0.00, 0.00, 0.09, 0.16, 0.00, 0.00, 0.00, 1.00, 0.00, 0.00, 0.00, 1.00, 1.00, 0.00, 1.00, 1.00, 0.00, 0.00, 0.00, 0.00, 0.00, 0.00
495, 0, 18.627, 0.88, 1, 0.55, 0.00, 0.00, 0.00, 0.02, 0.00, 0.18, 2.23, 0.47, 1.15, 0.08, 0.61, 0.18, 0.00, 0.00, 0.05, 0.25, 0.00, 0.00, 0.00, 1.00, 0.00, 0.00, 0.00, 1.00, 1.00, 0.00, 1.00, 1.00, 0.00, 0.00, 0.00, 0.00, 0.00, 0.00
496, 0, 18.664, 0.88, 1, 0.27, 0.00, 0.00, 0.00, 0.02, 0.00, 0.05, 1.80, 0.50, 1.14, 0.08, 0.34, 0.07, 0.00, 0.00, 0.07, 0.19, 0.00, 0.00, 0.00, 1.00, 0.00, 0.00, 0.00, 0.00, 1.00, 0.00, 0.00, 0.00, 0.00, 0.00, 0.00, 0.00, 0.00, 0.00
497, 0, 18.702, 0.88, 1, 0.06, 0.00, 0.00, 0.00, 0.00, 0.00, 0.03, 1.39, 0.50, 1.07, 0.00, 0.11, 0.00, 0.00, 0.00, 0.07, 0.25, 0.00, 0.00, 0.00, 1.00, 0.00, 0.00, 0.00, 0.00, 1.00, 0.00, 0.00, 0.00, 0.00, 0.00, 0.00, 0.00, 0.00, 0.00
498, 0, 18.740, 0.88, 1, 0.05, 0.00, 0.00, 0.00, 0.00, 0.00, 0.04, 1.30, 0.57, 1.02, 0.00, 0.11, 0.00, 0.00, 0.00, 0.14, 0.16, 0.00, 0.00, 0.00, 1.00, 0.00, 0.00, 0.00, 0.00, 1.00, 0.00, 0.00, 0.00, 0.00, 0.00, 0.00, 0.00, 0.00, 0.00
499, 0, 18.777, 0.93, 1, 0.16, 0.00, 0.00, 0.00, 0.00, 0.00, 0.12, 1.59, 0.51, 1.14, 0.00, 0.08, 0.04, 0.00, 0.00, 0.08, 0.06, 0.00, 0.00, 0.00, 1.00, 0.00, 0.00, 0.00, 0.00, 1.00, 0.00, 0.00, 0.00, 0.00, 0.00, 0.00, 0.00, 0.00, 0.00
500, 0, 18.815, 0.93, 1, 0.37, 0.00, 0.00, 0.00, 0.00, 0.00, 0.12, 1.91, 0.39, 1.33, 0.35, 0.32, 0.23, 0.00, 0.24, 0.37, 0.00, 0.00, 0.00, 0.00, 1.00, 0.00, 0.00, 0.00, 0.00, 1.00, 0.00, 0.00, 0.00, 0.00, 1.00, 0.00, 0.00, 0.00, 0.00
501, 0, 18.853, 0.98, 1, 0.46, 0.00, 0.00, 0.00, 0.00, 0.00, 0.08, 2.06, 0.35, 1.61, 0.81, 0.69, 0.36, 0.00, 0.57, 0.55, 0.10, 0.00, 0.00, 0.00, 1.00, 0.00, 0.00, 0.00, 0.00, 1.00, 0.00, 0.00, 0.00, 0.00, 1.00, 0.00, 0.00, 0.00, 0.00
502, 0, 18.891, 0.98, 1, 0.53, 0.00, 0.00, 0.00, 0.00, 0.00, 0.00, 1.99, 0.31, 1.70, 1.44, 0.85, 0.32, 0.00, 0.99, 0.80, 0.10, 0.00, 0.00, 0.00, 1.00, 0.00, 0.00, 0.00, 0.00, 1.00, 0.00, 0.00, 0.00, 0.00, 1.00, 0.00, 0.00, 0.00, 0.00
503, 0, 18.928, 0.93, 1, 0.50, 0.00, 0.00, 0.00, 0.00, 0.00, 0.00, 1.83, 0.33, 1.69, 1.85, 0.59, 0.12, 0.00, 1.18, 0.67, 0.10, 1.00, 0.00, 0.00, 1.00, 0.00, 0.00, 0.00, 1.00, 1.00, 1.00, 0.00, 0.00, 0.00, 1.00, 0.00, 0.00, 0.00, 0.00
504, 0, 18.966, 0.93, 1, 0.53, 0.00, 0.00, 0.00, 0.00, 0.00, 0.00, 1.77, 0.33, 1.62, 1.92, 0.37, 0.00, 0.00, 1.30, 0.62, 0.00, 1.00, 0.00, 0.00, 1.00, 0.00, 0.00, 0.00, 1.00, 1.00, 1.00, 0.00, 0.00, 0.00, 1.00, 0.00, 0.00, 0.00, 0.00
505, 0, 19.004, 0.93, 1, 0.47, 0.00, 0.00, 0.00, 0.00, 0.00, 0.12, 1.87, 0.39, 1.74, 1.29, 0.52, 0.07, 0.00, 1.15, 0.72, 0.07, 1.00, 0.00, 0.00, 1.00, 0.00, 0.00, 0.00, 0.00, 1.00, 1.00, 0.00, 0.00, 0.00, 1.00, 0.00, 0.00, 0.00, 0.00
506, 0, 19.041, 0.88, 1, 0.51, 0.00, 0.00, 0.01, 0.00, 0.00, 0.25, 1.91, 0.30, 1.57, 0.53, 0.49, 0.07, 0.00, 0.72, 0.71, 0.38, 1.00, 0.00, 0.00, 1.00, 0.00, 0.00, 0.00, 0.00, 0.00, 0.00, 0.00, 0.00, 0.00, 0.00, 0.00, 0.00, 0.00, 0.00
507, 0, 19.079, 0.88, 1, 0.67, 0.00, 0.00, 0.11, 0.00, 0.00, 0.35, 1.98, 0.18, 1.10, 0.00, 0.34, 0.07, 0.00, 0.27, 0.52, 0.59, 1.00, 0.00, 0.00, 1.00, 0.00, 0.00, 0.00, 0.00, 0.00, 0.00, 0.00, 0.00, 0.00, 0.00, 0.00, 0.00, 0.00, 0.00
508, 0, 19.117, 0.93, 1, 0.60, 0.00, 0.00, 0.11, 0.00, 0.00, 0.37, 1.75, 0.12, 0.78, 0.00, 0.14, 0.02, 0.00, 0.00, 0.34, 0.51, 1.00, 0.00, 0.00, 1.00, 0.00, 0.00, 0.00, 0.00, 0.00, 0.00, 0.00, 0.00, 0.00, 0.00, 0.00, 0.00, 0.00, 0.00
509, 0, 19.154, 0.98, 1, 0.43, 0.00, 0.00, 0.09, 0.00, 0.00, 0.42, 1.64, 0.20, 0.66, 0.00, 0.20, 0.05, 0.00, 0.00, 0.32, 0.21, 0.00, 0.00, 0.00, 1.00, 0.00, 0.00, 0.00, 1.00, 0.00, 0.00, 0.00, 0.00, 0.00, 0.00, 0.00, 0.00, 0.00, 0.00
510, 0, 19.192, 0.98, 1, 0.24, 0.00, 0.00, 0.00, 0.00, 0.00, 0.35, 1.66, 0.45, 1.07, 0.19, 0.32, 0.05, 0.00, 0.00, 0.41, 0.00, 0.00, 0.00, 0.00, 1.00, 0.00, 0.00, 0.00, 1.00, 0.00, 0.00, 0.00, 0.00, 0.00, 0.00, 0.00, 0.00, 0.00, 0.00
511, 0, 19.230, 0.98, 1, 0.29, 0.00, 0.00, 0.00, 0.00, 0.00, 0.27, 1.87, 0.55, 1.44, 0.33, 0.43, 0.03, 0.00, 0.00, 0.29, 0.08, 0.00, 0.00, 0.00, 1.00, 0.00, 0.00, 0.00, 1.00, 0.00, 1.00, 0.00, 0.00, 0.00, 0.00, 0.00, 0.00, 0.00, 0.00
512, 0, 19.268, 0.98, 1, 0.42, 0.00, 0.00, 0.00, 0.00, 0.00, 0.10, 2.14, 0.61, 1.81, 0.58, 0.55, 0.00, 0.00, 0.00, 0.32, 0.08, 0.00, 0.00, 0.00, 1.00, 0.00, 0.00, 0.00, 1.00, 0.00, 1.00, 0.00, 0.00, 0.00, 0.00, 0.00, 0.00, 0.00, 0.00
513, 0, 19.305, 0.98, 1, 0.46, 0.00, 0.00, 0.00, 0.00, 0.00, 0.07, 2.00, 0.60, 1.79, 0.39, 0.67, 0.00, 0.00, 0.12, 0.45, 0.11, 0.00, 0.00, 0.00, 1.00, 0.00, 0.00, 0.00, 1.00, 0.00, 1.00, 0.00, 0.00, 0.00, 1.00, 0.00, 0.00, 0.00, 0.00
514, 0, 19.343, 0.93, 1, 0.55, 0.00, 0.00, 0.00, 0.00, 0.00, 0.00, 2.00, 0.70, 1.72, 0.38, 0.66, 0.00, 0.00, 0.33, 0.48, 0.03, 0.00, 0.00, 0.00, 1.00, 0.00, 0.00, 0.00, 1.00, 0.00, 1.00, 0.00, 0.00, 0.00, 1.00, 0.00, 0.00, 0.00, 0.00
515, 0, 19.381, 0.93, 1, 0.47, 0.00, 0.00, 0.01, 0.02, 0.00, 0.00, 1.78, 0.83, 1.61, 0.48, 0.71, 0.27, 0.13, 0.51, 0.32, 0.27, 0.00, 0.00, 0.00, 1.00, 0.00, 0.00, 0.00, 1.00, 0.00, 1.00, 0.00, 0.00, 0.00, 1.00, 0.00, 0.00, 0.00, 0.00
516, 0, 19.418, 0.98, 1, 0.31, 0.00, 0.00, 0.06, 0.05, 0.00, 0.00, 1.84, 0.91, 1.69, 0.67, 0.68, 0.44, 0.18, 0.41, 0.17, 0.31, 0.00, 0.00, 0.00, 1.00, 0.00, 0.00, 0.00, 1.00, 0.00, 1.00, 0.00, 0.00, 0.00, 1.00, 0.00, 0.00, 0.00, 0.00
517, 0, 19.456, 0.93, 1, 0.27, 0.00, 0.00, 0.09, 0.06, 0.00, 0.00, 1.94, 0.91, 1.67, 0.59, 0.85, 0.66, 0.18, 0.19, 0.33, 0.33, 0.00, 0.00, 0.00, 1.00, 0.00, 0.00, 0.00, 1.00, 0.00, 1.00, 0.00, 0.00, 0.00, 1.00, 0.00, 0.00, 0.00, 0.00
518, 0, 19.494, 0.93, 1, 0.27, 0.00, 0.00, 0.10, 0.04, 0.00, 0.00, 2.04, 0.92, 1.85, 0.23, 0.84, 0.48, 0.05, 0.01, 0.58, 0.10, 0.00, 0.00, 0.00, 1.00, 0.00, 0.00, 0.00, 1.00, 0.00, 1.00, 0.00, 0.00, 0.00, 1.00, 0.00, 0.00, 0.00, 0.00
519, 0, 19.532, 0.93, 1, 0.33, 0.00, 0.00, 0.06, 0.01, 0.00, 0.00, 2.11, 0.92, 2.01, 0.04, 0.81, 0.36, 0.00, 0.00, 0.79, 0.02, 0.00, 0.00, 0.00, 1.00, 0.00, 0.00, 0.00, 1.00, 0.00, 1.00, 0.00, 0.00, 0.00, 1.00, 0.00, 0.00, 0.00, 0.00
520, 0, 19.569, 0.88, 1, 0.31, 0.00, 0.00, 0.22, 0.00, 0.00, 0.00, 1.99, 0.89, 1.89, 0.00, 0.51, 0.16, 0.03, 0.31, 0.78, 0.04, 0.00, 0.00, 0.00, 1.00, 0.00, 0.00, 0.00, 1.00, 0.00, 1.00, 0.00, 0.00, 0.00, 1.00, 0.00, 0.00, 0.00, 0.00
521, 0, 19.607, 0.88, 1, 0.36, 0.00, 0.00, 0.37, 0.00, 0.00, 0.00, 2.02, 0.88, 1.61, 0.00, 0.33, 0.11, 0.06, 0.61, 0.70, 0.13, 0.00, 0.00, 0.00, 1.00, 0.00, 0.00, 0.00, 1.00, 0.00, 1.00, 0.00, 0.00, 0.00, 1.00, 0.00, 0.00, 0.00, 0.00
522, 0, 19.645, 0.88, 1, 0.40, 0.00, 0.00, 0.53, 0.05, 0.00, 0.00, 2.01, 0.84, 1.30, 0.00, 0.40, 0.14, 0.07, 0.80, 0.61, 0.17, 0.00, 0.00, 0.00, 1.00, 0.00, 0.00, 0.00, 1.00, 0.00, 1.00, 0.00, 0.00, 0.00, 1.00, 0.00, 0.00, 0.00, 0.00
523, 0, 19.682, 0.88, 1, 0.38, 0.00, 0.00, 0.43, 0.05, 0.00, 0.00, 2.05, 0.82, 1.39, 0.00, 0.56, 0.12, 0.05, 0.49, 0.54, 0.13, 0.00, 0.00, 0.00, 1.00, 0.00, 0.00, 0.00, 1.00, 0.00, 1.00, 0.00, 1.00, 0.00, 1.00, 0.00, 0.00, 0.00, 0.00
524, 0, 19.720, 0.93, 1, 0.45, 0.00, 0.00, 0.26, 0.05, 0.00, 0.00, 2.17, 0.84, 1.47, 0.02, 0.94, 0.08, 0.02, 0.28, 0.63, 0.04, 0.00, 0.00, 0.00, 1.00, 0.00, 0.00, 0.00, 1.00, 0.00, 1.00, 0.00, 1.00, 0.00, 1.00, 0.00, 0.00, 0.00, 0.00
525, 0, 19.758, 0.93, 1, 0.59, 0.00, 0.00, 0.23, 0.00, 0.00, 0.00, 2.01, 0.75, 1.52, 0.02, 1.07, 0.01, 0.01, 0.09, 0.49, 0.00, 0.00, 0.00, 0.00, 1.00, 0.00, 0.00, 0.00, 1.00, 0.00, 1.00, 1.00, 1.00, 0.00, 1.00, 0.00, 0.00, 0.00, 0.00
526, 0, 19.795, 0.93, 1, 0.69, 0.00, 0.00, 0.21, 0.00, 0.00, 0.00, 1.85, 0.70, 1.37, 0.03, 1.14, 0.01, 0.00, 0.09, 0.40, 0.00, 0.00, 0.00, 0.00, 1.00, 0.00, 0.00, 0.00, 1.00, 0.00, 1.00, 1.00, 1.00, 0.00, 1.00, 0.00, 0.00, 0.00, 0.00
527, 0, 19.833, 0.93, 1, 0.72, 0.00, 0.00, 0.37, 0.00, 0.00, 0.00, 1.48, 0.61, 1.38, 0.01, 1.01, 0.01, 0.00, 0.00, 0.34, 0.00, 0.00, 0.00, 0.00, 1.00, 0.00, 0.00, 0.00, 1.00, 1.00, 1.00, 1.00, 1.00, 0.00, 1.00, 0.00, 0.00, 0.00, 0.00
528, 0, 19.871, 0.93, 1, 0.65, 0.00, 0.00, 0.24, 0.00, 0.00, 0.00, 1.59, 0.66, 1.29, 0.01, 1.06, 0.00, 0.00, 0.00, 0.62, 0.00, 0.00, 0.00, 0.00, 1.00, 0.00, 0.00, 0.00, 1.00, 1.00, 1.00, 1.00, 1.00, 0.00, 1.00, 0.00, 0.00, 0.00, 0.00
529, 0, 19.909, 0.93, 1, 0.60, 0.00, 0.00, 0.18, 0.00, 0.00, 0.00, 1.55, 0.72, 1.42, 0.00, 1.07, 0.00, 0.00, 0.00, 0.74, 0.00, 0.00, 0.00, 0.00, 1.00, 0.00, 0.00, 0.00, 1.00, 1.00, 1.00, 1.00, 1.00, 0.00, 1.00, 0.00, 0.00, 0.00, 0.00
530, 0, 19.946, 0.93, 1, 0.52, 0.00, 0.00, 0.05, 0.02, 0.00, 0.00, 1.49, 0.60, 1.29, 0.15, 1.02, 0.00, 0.00, 0.00, 0.53, 0.19, 0.00, 0.00, 0.00, 1.00, 0.00, 0.00, 0.00, 1.00, 1.00, 1.00, 1.00, 1.00, 0.00, 1.00, 0.00, 0.00, 0.00, 0.00
531, 0, 19.984, 0.98, 1, 0.48, 0.00, 0.00, 0.11, 0.05, 0.00, 0.00, 1.26, 0.45, 1.20, 0.31, 0.84, 0.00, 0.00, 0.00, 0.18, 0.37, 0.00, 0.00, 0.00, 1.00, 0.00, 0.00, 0.00, 1.00, 0.00, 1.00, 1.00, 1.00, 0.00, 1.00, 0.00, 0.00, 0.00, 0.00
532, 0, 20.022, 0.98, 1, 0.46, 0.00, 0.00, 0.18, 0.05, 0.00, 0.00, 1.21, 0.29, 1.12, 0.35, 0.72, 0.00, 0.00, 0.00, 0.04, 0.40, 0.00, 0.00, 0.00, 1.00, 0.00, 0.00, 0.00, 0.00, 0.00, 1.00, 1.00, 1.00, 0.00, 1.00, 0.00, 0.00, 0.00, 0.00
533, 0, 20.059, 0.93, 1, 0.38, 0.00, 0.00, 0.13, 0.05, 0.00, 0.00, 1.26, 0.39, 1.31, 0.19, 0.67, 0.00, 0.00, 0.00, 0.10, 0.25, 0.00, 0.00, 0.00, 1.00, 0.00, 0.00, 0.00, 0.00, 0.00, 1.00, 1.00, 1.00, 0.00, 1.00, 0.00, 0.00, 0.00, 0.00
534, 0, 20.097, 0.93, 1, 0.27, 0.00, 0.00, 0.06, 0.08, 0.00, 0.00, 1.33, 0.52, 1.65, 0.04, 0.66, 0.00, 0.00, 0.00, 0.25, 0.09, 0.00, 0.00, 0.00, 1.00, 0.00, 0.00, 0.00, 0.00, 0.00, 1.00, 1.00, 0.00, 0.00, 1.00, 0.00, 0.00, 0.00, 0.00
535, 0, 20.135, 0.93, 1, 0.35, 0.00, 0.00, 0.00, 0.08, 0.00, 0.00, 1.32, 0.49, 1.51, 0.00, 0.79, 0.00, 0.00, 0.00, 0.35, 0.06, 0.00, 0.00, 0.00, 1.00, 0.00, 0.00, 0.00, 0.00, 0.00, 1.00, 1.00, 0.00, 0.00, 1.00, 0.00, 0.00, 0.00, 0.00
536, 0, 20.173, 0.93, 1, 0.47, 0.00, 0.00, 0.00, 0.07, 0.00, 0.00, 1.36, 0.48, 1.43, 0.00, 0.75, 0.00, 0.00, 0.00, 0.43, 0.02, 0.00, 0.00, 0.00, 1.00, 0.00, 0.00, 0.00, 0.00, 0.00, 1.00, 0.00, 0.00, 0.00, 1.00, 0.00, 0.00, 0.00, 0.00
537, 0, 20.210, 0.98, 1, 0.63, 0.00, 0.00, 0.00, 0.00, 0.00, 0.00, 1.39, 0.43, 1.29, 0.00, 0.73, 0.00, 0.00, 0.00, 0.42, 0.00, 0.00, 0.00, 0.00, 1.00, 0.00, 0.00, 0.00, 0.00, 0.00, 1.00, 0.00, 0.00, 0.00, 1.00, 0.00, 0.00, 0.00, 0.00
538, 0, 20.248, 0.98, 1, 0.64, 0.00, 0.00, 0.00, 0.00, 0.00, 0.00, 1.46, 0.52, 1.53, 0.00, 0.50, 0.00, 0.00, 0.00, 0.49, 0.00, 0.00, 0.00, 0.00, 1.00, 0.00, 0.00, 0.00, 0.00, 0.00, 1.00, 0.00, 0.00, 0.00, 1.00, 0.00, 0.00, 0.00, 0.00
539, 0, 20.286, 0.93, 1, 0.67, 0.00, 0.00, 0.00, 0.00, 0.00, 0.00, 1.72, 0.56, 1.57, 0.00, 0.47, 0.00, 0.00, 0.00, 0.47, 0.00, 0.00, 0.00, 0.00, 1.00, 0.00, 0.00, 0.00, 0.00, 0.00, 1.00, 0.00, 0.00, 0.00, 1.00, 0.00, 0.00, 0.00, 0.00
540, 0, 20.323, 0.93, 1, 0.75, 0.00, 0.00, 0.04, 0.00, 0.00, 0.07, 1.72, 0.45, 1.60, 0.00, 0.51, 0.00, 0.00, 0.00, 0.58, 0.00, 0.00, 0.00, 0.00, 1.00, 0.00, 0.00, 0.00, 0.00, 0.00, 1.00, 0.00, 0.00, 0.00, 1.00, 0.00, 0.00, 0.00, 0.00
541, 0, 20.361, 0.98, 1, 0.76, 0.12, 0.04, 0.17, 0.04, 0.03, 0.20, 1.60, 0.39, 1.51, 0.00, 0.55, 0.00, 0.00, 0.00, 0.55, 0.00, 0.00, 0.00, 0.00, 1.00, 0.00, 0.00, 0.00, 0.00, 0.00, 1.00, 0.00, 0.00, 0.00, 1.00, 0.00, 0.00, 0.00, 0.00
542, 0, 20.399, 0.98, 1, 0.79, 0.27, 0.09, 0.28, 0.08, 0.07, 0.32, 1.26, 0.28, 1.46, 0.00, 0.55, 0.00, 0.00, 0.00, 0.59, 0.00, 0.00, 0.00, 0.00, 1.00, 0.00, 0.00, 0.00, 1.00, 0.00, 1.00, 0.00, 0.00, 0.00, 1.00, 0.00, 0.00, 0.00, 0.00
543, 0, 20.436, 0.98, 1, 0.72, 0.29, 0.09, 0.33, 0.08, 0.07, 0.32, 1.21, 0.37, 1.50, 0.00, 0.49, 0.00, 0.00, 0.00, 0.60, 0.00, 0.00, 0.00, 0.00, 1.00, 0.00, 0.00, 0.00, 1.00, 0.00, 1.00, 0.00, 0.00, 0.00, 1.00, 0.00, 0.00, 0.00, 0.00
544, 0, 20.474, 0.98, 1, 0.75, 0.17, 0.05, 0.20, 0.08, 0.04, 0.24, 1.18, 0.42, 1.50, 0.00, 0.55, 0.00, 0.00, 0.12, 0.68, 0.00, 0.00, 0.00, 0.00, 1.00, 0.00, 0.00, 0.00, 1.00, 0.00, 1.00, 0.00, 0.00, 0.00, 1.00, 0.00, 0.00, 0.00, 0.00
545, 0, 20.512, 0.98, 1, 0.66, 0.02, 0.00, 0.10, 0.04, 0.00, 0.17, 1.42, 0.50, 1.76, 0.09, 0.46, 0.20, 0.08, 0.31, 0.89, 0.00, 0.00, 0.00, 0.00, 1.00, 0.00, 0.00, 0.00, 1.00, 0.00, 1.00, 0.00, 0.00, 0.00, 1.00, 0.00, 0.00, 0.00, 0.00
546, 0, 20.550, 0.93, 1, 0.61, 0.00, 0.00, 0.00, 0.04, 0.00, 0.10, 1.65, 0.54, 1.87, 0.42, 0.39, 0.33, 0.08, 0.64, 1.10, 0.00, 0.00, 0.00, 0.00, 1.00, 0.00, 0.00, 0.00, 1.00, 0.00, 1.00, 0.00, 0.00, 0.00, 1.00, 0.00, 0.00, 0.00, 0.00
547, 0, 20.587, 0.93, 1, 0.52, 0.00, 0.00, 0.00, 0.00, 0.00, 0.05, 1.93, 0.53, 1.90, 0.53, 0.41, 0.47, 0.11, 0.81, 1.30, 0.00, 0.00, 0.00, 0.00, 1.00, 0.00, 0.00, 0.00, 1.00, 0.00, 1.00, 0.00, 0.00, 0.00, 1.00, 0.00, 0.00, 0.00, 0.00
548, 0, 20.625, 0.93, 1, 0.53, 0.00, 0.00, 0.00, 0.03, 0.00, 0.00, 1.86, 0.52, 1.68, 0.77, 0.54, 0.34, 0.03, 1.00, 1.30, 0.00, 0.00, 0.00, 0.00, 1.00, 0.00, 0.00, 0.00, 1.00, 0.00, 1.00, 0.00, 0.00, 0.00, 1.00, 0.00, 0.00, 0.00, 0.00
549, 0, 20.663, 0.93, 1, 0.45, 0.00, 0.00, 0.00, 0.03, 0.00, 0.00, 1.78, 0.42, 1.47, 0.68, 0.46, 0.44, 0.02, 0.97, 1.13, 0.00, 0.00, 0.00, 0.00, 1.00, 0.00, 0.00, 0.00, 1.00, 0.00, 1.00, 0.00, 0.00, 0.00, 1.00, 0.00, 0.00, 0.00, 0.00
550, 0, 20.700, 0.98, 1, 0.58, 0.00, 0.00, 0.17, 0.03, 0.00, 0.00, 1.75, 0.28, 1.16, 1.20, 0.33, 0.81, 0.00, 0.87, 0.68, 0.00, 0.00, 0.00, 0.00, 1.00, 0.00, 0.00, 0.00, 1.00, 0.00, 1.00, 0.00, 0.00, 1.00, 1.00, 0.00, 0.00, 0.00, 0.00
551, 0, 20.738, 0.98, 1, 0.70, 0.00, 0.00, 0.17, 0.00, 0.00, 0.00, 1.94, 0.12, 0.80, 1.51, 0.26, 1.03, 0.00, 0.56, 0.34, 0.04, 0.00, 0.00, 0.00, 1.00, 0.00, 0.00, 0.00, 1.00, 0.00, 0.00, 1.00, 0.00, 1.00, 1.00, 0.00, 0.00, 0.00, 0.00
552, 0, 20.776, 0.93, 1, 0.83, 0.00, 0.00, 0.28, 0.04, 0.00, 0.00, 2.09, 0.05, 0.32, 1.78, 0.21, 1.07, 0.00, 0.40, 0.04, 0.04, 0.00, 0.00, 0.00, 1.00, 0.00, 0.00, 0.00, 1.00, 0.00, 0.00, 1.00, 0.00, 1.00, 1.00, 0.00, 0.00, 0.00, 0.00
553, 0, 20.814, 0.93, 1, 0.74, 0.00, 0.00, 0.10, 0.04, 0.00, 0.00, 2.09, 0.05, 0.32, 1.60, 0.27, 0.55, 0.00, 0.22, 0.07, 0.06, 0.00, 0.00, 0.00, 1.00, 0.00, 0.00, 0.00, 1.00, 0.00, 0.00, 1.00, 0.00, 1.00, 1.00, 0.00, 0.00, 0.00, 0.00
554, 0, 20.851, 0.98, 1, 0.72, 0.01, 0.00, 0.13, 0.04, 0.00, 0.03, 2.02, 0.07, 0.27, 1.22, 0.34, 0.26, 0.00, 0.14, 0.07, 0.05, 0.00, 0.00, 0.00, 1.00, 0.00, 0.00, 0.00, 1.00, 0.00, 0.00, 1.00, 0.00, 1.00, 1.00, 0.00, 0.00, 0.00, 0.00
555, 0, 20.889, 0.98, 1, 0.50, 0.01, 0.00, 0.03, 0.00, 0.00, 0.03, 1.82, 0.13, 0.36, 0.87, 0.59, 0.10, 0.06, 0.11, 0.07, 0.07, 0.00, 0.00, 0.00, 1.00, 0.00, 0.00, 0.00, 1.00, 0.00, 0.00, 1.00, 0.00, 1.00, 1.00, 0.00, 0.00, 0.00, 0.00
556, 0, 20.927, 0.98, 1, 0.31, 0.01, 0.00, 0.07, 0.02, 0.00, 0.03, 1.70, 0.23, 0.39, 0.42, 0.60, 0.26, 0.06, 0.11, 0.08, 0.05, 0.00, 0.00, 0.00, 1.00, 0.00, 0.00, 0.00, 1.00, 0.00, 0.00, 1.00, 0.00, 1.00, 1.00, 0.00, 0.00, 0.00, 0.00
557, 0, 20.964, 0.98, 1, 0.06, 0.00, 0.00, 0.21, 0.04, 0.00, 0.01, 1.55, 0.40, 0.73, 0.16, 0.61, 0.53, 0.06, 0.20, 0.09, 0.01, 0.00, 0.00, 0.00, 1.00, 0.00, 0.00, 0.00, 1.00, 0.00, 0.00, 1.00, 0.00, 1.00, 1.00, 0.00, 0.00, 0.00, 0.00
558, 0, 21.002, 0.98, 1, 0.15, 0.00, 0.00, 0.25, 0.13, 0.00, 0.04, 1.45, 0.58, 1.14, 0.00, 0.49, 0.47, 0.00, 0.28, 0.16, 0.00, 0.00, 0.00, 0.00, 1.00, 0.00, 0.00, 0.00, 1.00, 1.00, 0.00, 0.00, 0.00, 1.00, 1.00, 0.00, 0.00, 0.00, 0.00
559, 0, 21.040, 0.98, 1, 0.12, 0.00, 0.00, 0.22, 0.18, 0.00, 0.04, 1.39, 0.69, 1.43, 0.00, 0.50, 0.31, 0.00, 0.65, 0.19, 0.00, 0.00, 0.00, 0.00, 1.00, 0.00, 0.00, 0.00, 0.00, 1.00, 0.00, 0.00, 0.00, 1.00, 1.00, 0.00, 0.00, 0.00, 0.00
560, 0, 21.077, 0.93, 1, 0.09, 0.00, 0.00, 0.06, 0.29, 0.00, 0.03, 1.08, 0.83, 1.21, 0.00, 0.47, 0.17, 0.00, 0.84, 0.56, 0.01, 0.00, 0.00, 0.00, 1.00, 0.00, 0.00, 0.00, 0.00, 1.00, 0.00, 0.00, 0.00, 0.00, 1.00, 0.00, 0.00, 0.00, 0.00
561, 0, 21.115, 0.98, 1, 0.00, 0.00, 0.00, 0.01, 0.31, 0.09, 0.01, 0.89, 0.88, 0.87, 0.00, 0.60, 0.13, 0.00, 0.94, 0.75, 0.01, 0.00, 0.00, 0.00, 1.00, 0.00, 0.00, 0.00, 0.00, 1.00, 0.00, 0.00, 0.00, 0.00, 1.00, 0.00, 0.00, 0.00, 0.00
562, 0, 21.153, 0.98, 1, 0.00, 0.00, 0.00, 0.00, 0.33, 0.11, 0.03, 0.68, 0.90, 0.66, 0.00, 0.43, 0.13, 0.00, 0.88, 0.69, 0.01, 0.00, 0.00, 0.00, 1.00, 0.00, 0.00, 0.00, 0.00, 1.00, 1.00, 0.00, 0.00, 0.00, 1.00, 0.00, 0.00, 0.00, 0.00
563, 0, 21.191, 0.93, 1, 0.00, 0.00, 0.00, 0.00, 0.27, 0.11, 0.02, 0.78, 0.75, 0.97, 0.00, 0.30, 0.00, 0.00, 0.75, 0.34, 0.00, 0.00, 0.00, 0.00, 1.00, 0.00, 0.00, 0.00, 0.00, 1.00, 0.00, 0.00, 0.00, 0.00, 1.00, 0.00, 0.00, 0.00, 0.00
564, 0, 21.228, 0.98, 1, 0.00, 0.00, 0.00, 0.00, 0.24, 0.03, 0.07, 1.04, 0.65, 1.36, 0.00, 0.16, 0.00, 0.00, 0.63, 0.15, 0.00, 0.00, 0.00, 0.00, 1.00, 0.00, 0.00, 0.00, 0.00, 1.00, 0.00, 0.00, 0.00, 0.00, 1.00, 0.00, 0.00, 0.00, 0.00
565, 0, 21.266, 0.98, 1, 0.00, 0.00, 0.00, 0.02, 0.20, 0.12, 0.05, 1.30, 0.57, 1.09, 0.00, 0.39, 0.00, 0.00, 0.32, 0.13, 0.00, 0.00, 0.00, 0.00, 1.00, 0.00, 0.00, 0.00, 0.00, 1.00, 0.00, 0.00, 0.00, 0.00, 0.00, 0.00, 0.00, 0.00, 0.00
566, 0, 21.304, 0.98, 1, 0.00, 0.00, 0.00, 0.07, 0.16, 0.25, 0.05, 1.52, 0.59, 0.58, 0.00, 0.59, 0.00, 0.00, 0.18, 0.07, 0.00, 0.00, 0.00, 0.00, 1.00, 0.00, 0.00, 0.00, 1.00, 1.00, 0.00, 0.00, 0.00, 0.00, 0.00, 0.00, 0.00, 0.00, 0.00
567, 0, 21.341, 0.98, 1, 0.00, 0.00, 0.00, 0.07, 0.09, 0.25, 0.00, 1.40, 0.52, 0.00, 0.00, 0.68, 0.22, 0.00, 0.01, 0.00, 0.00, 0.00, 0.00, 0.00, 1.00, 0.00, 0.00, 0.00, 1.00, 1.00, 0.00, 0.00, 0.00, 0.00, 0.00, 0.00, 0.00, 0.00, 0.00
568, 0, 21.379, 0.98, 1, 0.00, 0.00, 0.00, 0.05, 0.04, 0.25, 0.00, 1.45, 0.48, 0.25, 0.00, 0.71, 0.43, 0.00, 0.01, 0.00, 0.00, 0.00, 0.00, 0.00, 1.00, 0.00, 0.00, 0.00, 1.00, 1.00, 0.00, 1.00, 0.00, 0.00, 0.00, 0.00, 0.00, 0.00, 0.00
569, 0, 21.417, 0.98, 1, 0.00, 0.00, 0.00, 0.00, 0.01, 0.30, 0.00, 1.63, 0.34, 0.65, 0.28, 0.76, 0.74, 0.00, 0.14, 0.00, 0.00, 0.00, 0.00, 0.00, 1.00, 0.00, 0.00, 0.00, 1.00, 1.00, 0.00, 1.00, 0.00, 0.00, 0.00, 0.00, 0.00, 0.00, 0.00
570, 0, 21.455, 0.98, 1, 0.03, 0.00, 0.00, 0.00, 0.01, 0.30, 0.09, 1.69, 0.38, 1.13, 0.50, 0.84, 0.61, 0.06, 0.30, 0.00, 0.03, 0.00, 0.00, 0.00, 1.00, 0.00, 0.00, 0.00, 1.00, 1.00, 0.00, 0.00, 0.00, 0.00, 1.00, 0.00, 0.00, 0.00, 0.00
571, 0, 21.492, 0.98, 1, 0.14, 0.00, 0.00, 0.00, 0.01, 0.19, 0.22, 1.78, 0.41, 1.24, 0.58, 0.81, 0.46, 0.06, 0.60, 0.11, 0.03, 0.00, 0.00, 0.00, 1.00, 0.00, 0.00, 0.00, 1.00, 1.00, 0.00, 0.00, 1.00, 0.00, 1.00, 0.00, 0.00, 0.00, 0.00
572, 0, 21.530, 0.98, 1, 0.25, 0.00, 0.00, 0.00, 0.00, 0.00, 0.31, 1.68, 0.52, 1.20, 0.43, 0.71, 0.26, 0.06, 0.79, 0.22, 0.03, 0.00, 0.00, 0.00, 1.00, 0.00, 0.00, 0.00, 1.00, 1.00, 0.00, 0.00, 1.00, 0.00, 1.00, 0.00, 0.00, 0.00, 0.00
573, 0, 21.568, 0.98, 1, 0.30, 0.00, 0.00, 0.04, 0.00, 0.00, 0.34, 1.89, 0.53, 1.05, 0.21, 0.62, 0.33, 0.00, 0.79, 0.37, 0.00, 0.00, 0.00, 0.00, 1.00, 0.00, 0.00, 0.00, 1.00, 1.00, 0.00, 0.00, 1.00, 0.00, 1.00, 0.00, 0.00, 0.00, 0.00
574, 0, 21.605, 0.98, 1, 0.20, 0.00, 0.00, 0.04, 0.00, 0.00, 0.28, 1.86, 0.56, 0.97, 0.13, 0.58, 0.26, 0.00, 0.56, 0.58, 0.08, 0.00, 0.00, 0.00, 1.00, 0.00, 0.00, 0.00, 1.00, 1.00, 0.00, 0.00, 1.00, 0.00, 1.00, 0.00, 0.00, 0.00, 0.00
575, 0, 21.643, 0.93, 1, 0.18, 0.02, 0.07, 0.06, 0.02, 0.00, 0.19, 1.61, 0.61, 0.97, 0.00, 0.76, 0.15, 0.22, 0.31, 0.66, 0.08, 0.00, 0.00, 0.00, 1.00, 0.00, 0.00, 0.00, 1.00, 1.00, 0.00, 0.00, 1.00, 0.00, 1.00, 0.00, 0.00, 0.00, 0.00
576, 0, 21.681, 0.98, 1, 0.15, 0.02, 0.07, 0.02, 0.02, 0.01, 0.07, 1.34, 0.61, 0.98, 0.12, 0.85, 0.01, 0.36, 0.25, 0.51, 0.08, 0.00, 0.00, 0.00, 1.00, 0.00, 0.00, 0.00, 1.00, 1.00, 0.00, 0.00, 1.00, 0.00, 1.00, 0.00, 0.00, 0.00, 0.00
577, 0, 21.718, 0.98, 1, 0.27, 0.24, 0.08, 0.07, 0.08, 0.09, 0.05, 1.32, 0.61, 1.04, 0.14, 0.98, 0.05, 0.47, 0.23, 0.19, 0.00, 0.00, 1.00, 0.00, 1.00, 0.00, 0.00, 0.00, 0.00, 1.00, 0.00, 0.00, 1.00, 0.00, 1.00, 0.00, 0.00, 0.00, 0.00
578, 0, 21.756, 0.98, 1, 0.28, 0.54, 0.03, 0.08, 0.09, 0.11, 0.08, 1.44, 0.55, 1.06, 0.17, 0.97, 0.05, 0.43, 0.25, 0.07, 0.00, 0.00, 1.00, 0.00, 1.00, 0.00, 0.00, 0.00, 0.00, 1.00, 0.00, 0.00, 1.00, 0.00, 1.00, 0.00, 0.00, 0.00, 0.00
579, 0, 21.794, 0.98, 1, 0.30, 0.65, 0.03, 0.13, 0.09, 0.10, 0.08, 1.65, 0.55, 1.11, 0.05, 1.00, 0.04, 0.30, 0.33, 0.11, 0.00, 0.00, 1.00, 0.00, 1.00, 0.00, 0.00, 0.00, 0.00, 1.00, 0.00, 0.00, 1.00, 0.00, 1.00, 0.00, 0.00, 0.00, 0.00
580, 0, 21.832, 0.98, 1, 0.17, 0.43, 0.03, 0.10, 0.20, 0.02, 0.04, 1.86, 0.59, 1.09, 0.38, 1.15, 0.10, 0.21, 0.62, 0.18, 0.00, 0.00, 1.00, 0.00, 1.00, 0.00, 0.00, 0.00, 1.00, 1.00, 0.00, 0.00, 1.00, 0.00, 1.00, 0.00, 0.00, 0.00, 0.00
581, 0, 21.869, 0.98, 1, 0.07, 0.11, 0.00, 0.23, 0.33, 0.00, 0.00, 2.18, 0.76, 0.99, 0.43, 1.19, 0.15, 0.03, 0.79, 0.14, 0.00, 0.00, 1.00, 0.00, 1.00, 1.00, 0.00, 0.00, 1.00, 1.00, 0.00, 0.00, 1.00, 0.00, 1.00, 0.00, 0.00, 0.00, 0.00
582, 0, 21.907, 0.98, 1, 0.00, 0.00, 0.00, 0.18, 0.51, 0.00, 0.00, 2.32, 0.97, 0.75, 0.68, 1.18, 0.15, 0.03, 1.07, 0.10, 0.00, 0.00, 1.00, 0.00, 1.00, 1.00, 0.00, 0.00, 1.00, 1.00, 0.00, 0.00, 1.00, 0.00, 1.00, 1.00, 0.00, 0.00, 0.00
583, 0, 21.945, 0.98, 1, 0.00, 0.01, 0.00, 0.19, 0.54, 0.05, 0.06, 2.10, 0.99, 0.77, 0.44, 0.88, 0.05, 0.00, 0.99, 0.03, 0.00, 0.00, 1.00, 0.00, 1.00, 1.00, 0.00, 0.00, 1.00, 1.00, 0.00, 0.00, 1.00, 0.00, 1.00, 1.00, 0.00, 0.00, 0.00
584, 0, 21.982, 0.98, 1, 0.00, 0.02, 0.00, 0.06, 0.61, 0.13, 0.11, 1.96, 0.91, 0.80, 0.44, 0.62, 0.00, 0.00, 0.99, 0.00, 0.00, 0.00, 1.00, 0.00, 1.00, 1.00, 0.00, 0.00, 1.00, 1.00, 0.00, 0.00, 0.00, 0.00, 1.00, 1.00, 0.00, 0.00, 0.00
585, 0, 22.020, 0.98, 1, 0.00, 0.02, 0.03, 0.16, 0.48, 0.13, 0.13, 1.72, 0.69, 1.34, 0.28, 0.48, 0.14, 0.00, 0.72, 0.00, 0.00, 0.00, 1.00, 0.00, 1.00, 1.00, 0.00, 0.00, 1.00, 1.00, 0.00, 0.00, 0.00, 0.00, 1.00, 1.00, 0.00, 0.00, 0.00
586, 0, 22.058, 0.98, 1, 0.00, 0.01, 0.03, 0.16, 0.28, 0.08, 0.07, 1.59, 0.68, 1.76, 0.21, 0.33, 0.27, 0.01, 0.60, 0.03, 0.00, 0.00, 0.00, 0.00, 1.00, 1.00, 0.00, 0.00, 1.00, 1.00, 1.00, 0.00, 0.00, 0.00, 1.00, 0.00, 0.00, 0.00, 0.00
587, 0, 22.096, 0.98, 1, 0.02, 0.00, 0.03, 0.30, 0.09, 0.00, 0.01, 1.42, 0.65, 2.12, 0.13, 0.23, 0.27, 0.07, 0.44, 0.18, 0.00, 0.00, 0.00, 0.00, 1.00, 0.00, 0.00, 0.00, 1.00, 1.00, 1.00, 0.00, 0.00, 0.00, 1.00, 0.00, 0.00, 0.00, 0.00
588, 0, 22.133, 0.98, 1, 0.06, 0.00, 0.00, 0.25, 0.17, 0.00, 0.00, 1.35, 0.72, 2.10, 0.04, 0.14, 0.26, 0.13, 0.41, 0.46, 0.00, 0.00, 0.00, 0.00, 1.00, 0.00, 0.00, 0.00, 1.00, 1.00, 1.00, 0.00, 0.00, 0.00, 1.00, 0.00, 0.00, 0.00, 0.00
589, 0, 22.171, 0.98, 1, 0.07, 0.00, 0.02, 0.34, 0.23, 0.00, 0.00, 1.52, 0.72, 1.93, 0.00, 0.15, 0.13, 0.21, 0.51, 0.63, 0.00, 0.00, 0.00, 0.00, 1.00, 0.00, 0.00, 0.00, 1.00, 1.00, 1.00, 0.00, 0.00, 0.00, 1.00, 0.00, 0.00, 0.00, 0.00
590, 0, 22.209, 0.98, 1, 0.07, 0.00, 0.02, 0.18, 0.21, 0.00, 0.00, 1.83, 0.72, 1.59, 0.01, 0.33, 0.20, 0.15, 0.85, 0.56, 0.00, 0.00, 0.00, 0.00, 1.00, 0.00, 0.00, 0.00, 1.00, 1.00, 1.00, 0.00, 0.00, 0.00, 1.00, 0.00, 0.00, 0.00, 0.00
591, 0, 22.246, 0.98, 1, 0.05, 0.00, 0.02, 0.17, 0.10, 0.00, 0.00, 2.07, 0.66, 1.32, 0.01, 0.59, 0.37, 0.09, 0.95, 0.35, 0.00, 0.00, 0.00, 0.00, 1.00, 0.00, 0.00, 0.00, 1.00, 1.00, 1.00, 0.00, 0.00, 0.00, 1.00, 0.00, 0.00, 0.00, 0.00
592, 0, 22.284, 0.98, 1, 0.11, 0.00, 0.00, 0.04, 0.05, 0.00, 0.00, 2.13, 0.58, 1.02, 0.17, 0.82, 0.61, 0.00, 1.20, 0.27, 0.00, 0.00, 0.00, 0.00, 1.00, 0.00, 0.00, 0.00, 1.00, 1.00, 0.00, 0.00, 0.00, 0.00, 0.00, 0.00, 0.00, 0.00, 0.00
593, 0, 22.322, 0.98, 1, 0.20, 0.00, 0.05, 0.12, 0.05, 0.01, 0.06, 1.89, 0.41, 1.01, 0.16, 0.79, 0.54, 0.00, 0.76, 0.20, 0.00, 0.00, 0.00, 0.00, 1.00, 0.00, 0.00, 0.00, 1.00, 0.00, 0.00, 0.00, 0.00, 0.00, 0.00, 0.00, 0.00, 0.00, 0.00
594, 0, 22.359, 0.98, 1, 0.26, 0.00, 0.05, 0.20, 0.05, 0.01, 0.22, 1.82, 0.23, 0.85, 0.16, 0.64, 0.33, 0.06, 0.49, 0.13, 0.00, 0.00, 0.00, 0.00, 1.00, 0.00, 0.00, 0.00, 1.00, 0.00, 0.00, 0.00, 0.00, 0.00, 0.00, 0.00, 0.00, 0.00, 0.00
595, 0, 22.397, 0.98, 1, 0.19, 0.00, 0.05, 0.20, 0.10, 0.01, 0.23, 1.86, 0.25, 1.01, 0.10, 0.62, 0.10, 0.11, 0.00, 0.33, 0.00, 0.00, 0.00, 0.00, 1.00, 0.00, 0.00, 0.00, 1.00, 0.00, 1.00, 0.00, 0.00, 0.00, 1.00, 0.00, 0.00, 0.00, 0.00
596, 0, 22.435, 0.98, 1, 0.08, 0.00, 0.01, 0.13, 0.16, 0.00, 0.18, 2.08, 0.35, 1.18, 0.25, 0.67, 0.20, 0.13, 0.00, 0.57, 0.00, 0.00, 0.00, 0.00, 1.00, 0.00, 0.00, 0.00, 1.00, 0.00, 1.00, 1.00, 0.00, 0.00, 1.00, 0.00, 0.00, 0.00, 0.00
597, 0, 22.473, 0.98, 1, 0.00, 0.00, 0.00, 0.00, 0.25, 0.00, 0.06, 2.09, 0.55, 1.42, 0.25, 0.48, 0.10, 0.10, 0.07, 0.93, 0.00, 0.00, 0.00, 0.00, 1.00, 0.00, 0.00, 0.00, 1.00, 0.00, 1.00, 1.00, 0.00, 0.00, 1.00, 0.00, 0.00, 0.00, 0.00
598, 0, 22.510, 0.98, 1, 0.00, 0.00, 0.00, 0.00, 0.22, 0.00, 0.07, 1.91, 0.58, 1.08, 0.15, 0.41, 0.23, 0.10, 0.07, 0.75, 0.00, 0.00, 0.00, 0.00, 1.00, 0.00, 0.00, 0.00, 1.00, 0.00, 1.00, 1.00, 0.00, 0.00, 1.00, 0.00, 0.00, 0.00, 0.00
599, 0, 22.548, 0.98, 1, 0.00, 0.00, 0.00, 0.00, 0.21, 0.06, 0.14, 1.86, 0.68, 0.65, 0.00, 0.42, 0.13, 0.14, 0.14, 0.73, 0.00, 0.00, 0.00, 0.00, 1.00, 0.00, 0.00, 0.00, 1.00, 0.00, 1.00, 1.00, 0.00, 0.00, 1.00, 0.00, 0.00, 0.00, 0.00
600, 0, 22.586, 0.98, 1, 0.00, 0.00, 0.01, 0.01, 0.23, 0.06, 0.19, 1.81, 0.76, 0.32, 0.10, 0.58, 0.13, 0.10, 0.14, 0.38, 0.00, 0.00, 0.00, 0.00, 1.00, 0.00, 0.00, 0.00, 1.00, 0.00, 1.00, 1.00, 1.00, 0.00, 1.00, 0.00, 0.00, 0.00, 0.00
601, 0, 22.623, 0.98, 1, 0.00, 0.00, 0.01, 0.01, 0.21, 0.06, 0.31, 1.75, 0.82, 0.58, 0.10, 0.68, 0.00, 0.06, 0.14, 0.35, 0.00, 0.00, 0.00, 0.00, 1.00, 0.00, 0.00, 0.00, 1.00, 0.00, 1.00, 0.00, 1.00, 0.00, 0.00, 0.00, 0.00, 0.00, 0.00
602, 0, 22.661, 0.98, 1, 0.00, 0.00, 0.01, 0.01, 0.14, 0.00, 0.36, 1.45, 0.81, 0.86, 0.10, 0.73, 0.00, 0.00, 0.22, 0.32, 0.00, 0.00, 0.00, 0.00, 1.00, 0.00, 0.00, 0.00, 1.00, 0.00, 1.00, 0.00, 1.00, 0.00, 0.00, 0.00, 0.00, 0.00, 0.00
603, 0, 22.699, 0.98, 1, 0.00, 0.00, 0.00, 0.00, 0.02, 0.11, 0.39, 1.23, 0.65, 1.17, 0.00, 0.77, 0.01, 0.00, 0.27, 0.52, 0.00, 0.00, 0.00, 0.00, 1.00, 0.00, 0.00, 0.00, 0.00, 1.00, 0.00, 0.00, 1.00, 0.00, 0.00, 0.00, 0.00, 0.00, 0.00
604, 0, 22.736, 0.98, 1, 0.00, 0.00, 0.00, 0.00, 0.00, 0.11, 0.25, 1.05, 0.42, 1.28, 0.05, 0.56, 0.08, 0.00, 0.47, 0.55, 0.00, 0.00, 0.00, 0.00, 1.00, 0.00, 0.00, 0.00, 0.00, 1.00, 0.00, 0.00, 1.00, 0.00, 0.00, 0.00, 0.00, 0.00, 0.00
605, 0, 22.774, 0.98, 1, 0.00, 0.00, 0.00, 0.00, 0.00, 0.11, 0.12, 0.83, 0.40, 1.07, 0.19, 0.38, 0.08, 0.10, 0.32, 0.86, 0.00, 0.00, 0.00, 0.00, 1.00, 0.00, 0.00, 0.00, 0.00, 1.00, 0.00, 0.00, 1.00, 0.00, 0.00, 0.00, 0.00, 0.00, 0.00
606, 0, 22.812, 0.98, 1, 0.00, 0.00, 0.00, 0.00, 0.00, 0.00, 0.00, 0.71, 0.52, 0.74, 0.48, 0.39, 0.07, 0.19, 0.20, 1.12, 0.00, 0.00, 0.00, 0.00, 1.00, 0.00, 0.00, 0.00, 0.00, 1.00, 0.00, 0.00, 1.00, 0.00, 0.00, 0.00, 0.00, 0.00, 0.00
607, 0, 22.850, 0.98, 1, 0.00, 0.00, 0.00, 0.00, 0.00, 0.00, 0.02, 0.92, 0.73, 0.72, 0.44, 0.52, 0.00, 0.19, 0.05, 1.21, 0.00, 0.00, 0.00, 0.00, 1.00, 0.00, 0.00, 0.00, 0.00, 1.00, 0.00, 0.00, 1.00, 0.00, 0.00, 0.00, 0.00, 0.00, 0.00
608, 0, 22.887, 0.93, 1, 0.00, 0.00, 0.00, 0.00, 0.00, 0.00, 0.09, 1.14, 0.70, 1.12, 0.28, 0.51, 0.00, 0.09, 0.06, 0.82, 0.00, 0.00, 0.00, 0.00, 1.00, 0.00, 0.00, 0.00, 0.00, 1.00, 0.00, 0.00, 0.00, 0.00, 1.00, 0.00, 0.00, 0.00, 0.00
609, 0, 22.925, 0.93, 1, 0.00, 0.00, 0.00, 0.00, 0.00, 0.00, 0.18, 1.21, 0.60, 1.45, 0.00, 0.30, 0.00, 0.00, 0.20, 0.36, 0.00, 0.00, 0.00, 0.00, 1.00, 0.00, 0.00, 0.00, 0.00, 1.00, 0.00, 0.00, 0.00, 0.00, 1.00, 0.00, 0.00, 0.00, 0.00
610, 0, 22.963, 0.93, 1, 0.00, 0.00, 0.00, 0.02, 0.00, 0.00, 0.20, 1.11, 0.49, 1.08, 0.00, 0.32, 0.00, 0.00, 0.16, 0.12, 0.26, 0.00, 0.00, 0.00, 1.00, 0.00, 0.00, 0.00, 0.00, 1.00, 0.00, 0.00, 0.00, 0.00, 1.00, 0.00, 0.00, 0.00, 0.00
611, 0, 23.000, 0.88, 1, 0.00, 0.00, 0.00, 0.02, 0.01, 0.00, 0.12, 0.98, 0.39, 0.59, 0.00, 0.50, 0.00, 0.00, 0.15, 0.00, 0.39, 0.00, 0.00, 0.00, 1.00, 0.00, 0.00, 0.00, 0.00, 0.00, 0.00, 0.00, 0.00, 0.00, 1.00, 0.00, 0.00, 0.00, 0.00
612, 0, 23.038, 0.88, 1, 0.00, 0.00, 0.00, 0.02, 0.02, 0.00, 0.03, 0.97, 0.34, 0.18, 0.00, 0.76, 0.00, 0.03, 0.00, 0.00, 0.46, 0.00, 0.00, 0.00, 1.00, 0.00, 0.00, 0.00, 0.00, 0.00, 0.00, 1.00, 0.00, 0.00, 1.00, 0.00, 0.00, 0.00, 0.00
613, 0, 23.076, 0.88, 1, 0.00, 0.00, 0.00, 0.07, 0.02, 0.00, 0.00, 0.87, 0.32, 0.07, 0.00, 0.82, 0.00, 0.09, 0.00, 0.00, 0.24, 0.00, 0.00, 0.00, 1.00, 0.00, 0.00, 0.00, 0.00, 0.00, 0.00, 1.00, 0.00, 0.00, 1.00, 0.00, 0.00, 0.00, 0.00
614, 0, 23.114, 0.98, 1, 0.00, 0.00, 0.00, 0.16, 0.01, 0.00, 0.00, 0.97, 0.29, 0.05, 0.00, 0.81, 0.01, 0.11, 0.00, 0.00, 0.12, 0.00, 0.00, 0.00, 1.00, 0.00, 0.00, 0.00, 0.00, 0.00, 0.00, 1.00, 0.00, 0.00, 1.00, 0.00, 0.00, 0.00, 0.00
615, 0, 23.151, 0.98, 1, 0.00, 0.00, 0.07, 0.16, 0.00, 0.00, 0.22, 1.02, 0.19, 0.00, 0.19, 0.80, 0.01, 0.09, 0.00, 0.00, 0.11, 0.00, 0.00, 0.00, 1.00, 0.00, 0.00, 0.00, 0.00, 0.00, 0.00, 1.00, 0.00, 0.00, 1.00, 0.00, 0.00, 0.00, 0.00
616, 0, 23.189, 0.98, 1, 0.00, 0.00, 0.07, 0.10, 0.02, 0.00, 0.31, 1.15, 0.08, 0.00, 0.19, 0.82, 0.01, 0.07, 0.00, 0.00, 0.20, 0.00, 0.00, 0.00, 1.00, 0.00, 0.00, 0.00, 0.00, 0.00, 0.00, 1.00, 0.00, 0.00, 1.00, 0.00, 0.00, 0.00, 0.00
617, 0, 23.227, 0.98, 1, 0.00, 0.00, 0.07, 0.00, 0.03, 0.00, 0.41, 1.15, 0.00, 0.00, 0.19, 0.83, 0.00, 0.09, 0.00, 0.00, 0.29, 0.00, 0.00, 0.00, 1.00, 0.00, 0.00, 0.00, 0.00, 0.00, 0.00, 1.00, 0.00, 0.00, 1.00, 0.00, 0.00, 0.00, 0.00
618, 0, 23.264, 0.98, 1, 0.00, 0.00, 0.00, 0.00, 0.03, 0.00, 0.29, 1.10, 0.00, 0.06, 0.00, 0.81, 0.00, 0.17, 0.00, 0.07, 0.31, 0.00, 0.00, 0.00, 1.00, 0.00, 0.00, 0.00, 0.00, 0.00, 0.00, 1.00, 0.00, 0.00, 1.00, 0.00, 0.00, 0.00, 0.00
619, 0, 23.302, 0.98, 1, 0.06, 0.00, 0.00, 0.03, 0.01, 0.00, 0.29, 0.95, 0.00, 0.17, 0.00, 0.93, 0.02, 0.22, 0.00, 0.10, 0.23, 0.00, 0.00, 0.00, 1.00, 0.00, 0.00, 0.00, 0.00, 0.00, 0.00, 1.00, 0.00, 0.00, 1.00, 0.00, 0.00, 0.00, 0.00
620, 0, 23.340, 0.98, 1, 0.06, 0.00, 0.00, 0.03, 0.02, 0.00, 0.27, 0.87, 0.00, 0.35, 0.29, 0.91, 0.14, 0.18, 0.00, 0.10, 0.14, 0.00, 0.00, 0.00, 1.00, 0.00, 0.00, 0.00, 0.00, 0.00, 0.00, 1.00, 0.00, 0.00, 1.00, 0.00, 0.00, 0.00, 0.00
621, 0, 23.377, 0.98, 1, 0.08, 0.00, 0.00, 0.03, 0.02, 0.00, 0.26, 1.00, 0.00, 0.54, 0.47, 0.78, 0.14, 0.10, 0.00, 0.03, 0.11, 0.00, 0.00, 0.00, 1.00, 0.00, 0.00, 0.00, 0.00, 0.00, 0.00, 1.00, 0.00, 0.00, 1.00, 0.00, 0.00, 0.00, 0.00
622, 0, 23.415, 0.93, 1, 0.02, 0.00, 0.00, 0.00, 0.02, 0.00, 0.32, 1.22, 0.00, 0.61, 0.61, 0.61, 0.12, 0.01, 0.00, 0.00, 0.12, 0.00, 0.00, 0.00, 1.00, 0.00, 0.00, 0.00, 0.00, 0.00, 0.00, 1.00, 0.00, 0.00, 1.00, 0.00, 0.00, 0.00, 0.00
623, 0, 23.453, 0.88, 1, 0.02, 0.00, 0.00, 0.00, 0.00, 0.00, 0.39, 1.57, 0.00, 0.60, 0.32, 0.51, 0.16, 0.00, 0.00, 0.00, 0.31, 0.00, 0.00, 0.00, 1.00, 0.00, 0.00, 0.00, 0.00, 0.00, 0.00, 1.00, 0.00, 0.00, 1.00, 0.00, 0.00, 0.00, 0.00
624, 0, 23.491, 0.88, 1, 0.07, 0.00, 0.00, 0.00, 0.00, 0.00, 0.44, 1.70, 0.00, 0.36, 0.37, 0.46, 0.38, 0.00, 0.06, 0.00, 0.48, 0.00, 0.00, 0.00, 1.00, 0.00, 0.00, 0.00, 0.00, 0.00, 0.00, 1.00, 0.00, 0.00, 1.00, 0.00, 0.00, 0.00, 0.00
625, 0, 23.528, 0.93, 1, 0.07, 0.00, 0.00, 0.00, 0.00, 0.00, 0.41, 1.65, 0.00, 0.31, 0.23, 0.52, 0.37, 0.00, 0.15, 0.27, 0.47, 0.00, 0.00, 0.00, 1.00, 0.00, 0.00, 0.00, 0.00, 0.00, 0.00, 1.00, 0.00, 0.00, 1.00, 0.00, 0.00, 0.00, 0.00
626, 0, 23.566, 0.93, 1, 0.07, 0.00, 0.00, 0.06, 0.00, 0.00, 0.40, 1.38, 0.00, 0.34, 0.23, 0.46, 0.22, 0.00, 0.29, 0.58, 0.36, 0.00, 0.00, 0.00, 1.00, 0.00, 0.00, 0.00, 0.00, 0.00, 0.00, 1.00, 0.00, 0.00, 1.00, 0.00, 0.00, 0.00, 0.00
627, 0, 23.604, 0.93, 1, 0.00, 0.00, 0.00, 0.06, 0.00, 0.00, 0.35, 1.06, 0.00, 0.76, 0.00, 0.43, 0.00, 0.00, 0.46, 1.01, 0.21, 0.00, 0.00, 0.00, 1.00, 0.00, 0.00, 0.00, 0.00, 0.00, 0.00, 1.00, 0.00, 0.00, 1.00, 0.00, 0.00, 0.00, 0.00
628, 0, 23.641, 0.93, 1, 0.00, 0.00, 0.00, 0.06, 0.00, 0.00, 0.37, 0.89, 0.03, 0.97, 0.00, 0.17, 0.00, 0.00, 0.56, 1.09, 0.15, 0.00, 0.00, 0.00, 1.00, 0.00, 0.00, 0.00, 0.00, 0.00, 0.00, 0.00, 0.00, 0.00, 1.00, 0.00, 0.00, 0.00, 0.00
629, 0, 23.679, 0.93, 1, 0.00, 0.00, 0.00, 0.00, 0.00, 0.00, 0.32, 0.78, 0.03, 1.11, 0.00, 0.07, 0.00, 0.00, 0.62, 1.13, 0.08, 0.00, 0.00, 0.00, 1.00, 0.00, 0.00, 0.00, 0.00, 0.00, 0.00, 0.00, 0.00, 0.00, 0.00, 0.00, 0.00, 0.00, 0.00
630, 0, 23.717, 0.93, 1, 0.00, 0.00, 0.00, 0.00, 0.00, 0.00, 0.28, 0.74, 0.09, 1.00, 0.00, 0.04, 0.00, 0.00, 0.40, 1.30, 0.00, 0.00, 0.00, 0.00, 1.00, 0.00, 0.00, 0.00, 0.00, 0.00, 1.00, 0.00, 0.00, 0.00, 0.00, 0.00, 0.00, 0.00, 0.00
631, 0, 23.755, 0.93, 1, 0.00, 0.00, 0.00, 0.00, 0.02, 0.00, 0.21, 0.62, 0.26, 0.94, 0.00, 0.02, 0.00, 0.00, 0.30, 1.27, 0.00, 0.00, 0.00, 0.00, 1.00, 0.00, 0.00, 0.00, 0.00, 0.00, 1.00, 0.00, 0.00, 0.00, 0.00, 0.00, 0.00, 0.00, 0.00
632, 0, 23.792, 0.98, 1, 0.00, 0.00, 0.00, 0.03, 0.10, 0.02, 0.21, 0.61, 0.54, 0.97, 0.00, 0.00, 0.00, 0.00, 0.28, 1.06, 0.00, 0.00, 0.00, 0.00, 1.00, 0.00, 0.00, 0.00, 0.00, 1.00, 1.00, 0.00, 0.00, 0.00, 0.00, 0.00, 0.00, 0.00, 0.00
633, 0, 23.830, 0.98, 1, 0.00, 0.00, 0.00, 0.05, 0.17, 0.18, 0.26, 0.60, 0.76, 1.01, 0.00, 0.01, 0.00, 0.00, 0.31, 0.47, 0.00, 0.00, 0.00, 0.00, 1.00, 0.00, 0.00, 0.00, 0.00, 1.00, 1.00, 0.00, 0.00, 0.00, 0.00, 0.00, 0.00, 0.00, 0.00
634, 0, 23.868, 0.98, 1, 0.00, 0.00, 0.03, 0.05, 0.29, 0.28, 0.22, 0.70, 0.88, 1.14, 0.11, 0.03, 0.00, 0.00, 0.40, 0.15, 0.00, 0.00, 0.00, 0.00, 1.00, 0.00, 0.00, 0.00, 0.00, 1.00, 1.00, 0.00, 0.00, 0.00, 0.00, 0.00, 0.00, 0.00, 0.00
635, 0, 23.905, 0.98, 1, 0.00, 0.00, 0.03, 0.02, 0.34, 0.26, 0.24, 0.58, 0.96, 0.89, 0.11, 0.19, 0.09, 0.00, 0.50, 0.00, 0.00, 0.00, 0.00, 0.00, 1.00, 0.00, 0.00, 0.00, 0.00, 1.00, 1.00, 0.00, 0.00, 0.00, 0.00, 0.00, 0.00, 0.00, 0.00
636, 0, 23.943, 0.98, 1, 0.04, 0.00, 0.03, 0.00, 0.33, 0.10, 0.20, 0.50, 0.90, 0.86, 0.11, 0.33, 0.09, 0.00, 0.87, 0.28, 0.00, 0.00, 0.00, 0.00, 1.00, 0.00, 0.00, 0.00, 0.00, 1.00, 1.00, 0.00, 0.00, 0.00, 0.00, 1.00, 0.00, 0.00, 0.00
637, 0, 23.981, 0.93, 1, 0.04, 0.00, 0.00, 0.00, 0.27, 0.00, 0.28, 0.34, 0.80, 0.86, 0.18, 0.40, 0.09, 0.00, 1.10, 0.55, 0.00, 0.00, 0.00, 0.00, 1.00, 0.00, 0.00, 0.00, 0.00, 1.00, 1.00, 0.00, 0.00, 0.00, 1.00, 0.00, 0.00, 0.00, 0.00
638, 0, 24.018, 0.93, 1, 0.04, 0.00, 0.00, 0.00, 0.18, 0.00, 0.30, 0.28, 0.66, 1.10, 0.18, 0.32, 0.00, 0.00, 1.21, 0.93, 0.00, 0.00, 0.00, 0.00, 1.00, 0.00, 0.00, 0.00, 0.00, 1.00, 1.00, 0.00, 0.00, 0.00, 1.00, 1.00, 0.00, 0.00, 0.00
639, 0, 24.056, 0.98, 1, 0.00, 0.00, 0.00, 0.01, 0.17, 0.00, 0.31, 0.35, 0.68, 1.11, 0.23, 0.22, 0.09, 0.00, 0.99, 0.88, 0.00, 0.00, 0.00, 0.00, 1.00, 0.00, 0.00, 0.00, 0.00, 1.00, 1.00, 0.00, 0.00, 0.00, 1.00, 1.00, 0.00, 0.00, 0.00
640, 0, 24.094, 0.98, 1, 0.00, 0.00, 0.00, 0.01, 0.12, 0.00, 0.20, 0.73, 0.68, 1.06, 0.12, 0.16, 0.16, 0.00, 0.63, 0.61, 0.01, 0.00, 0.00, 0.00, 1.00, 0.00, 0.00, 0.00, 0.00, 1.00, 1.00, 0.00, 0.00, 0.00, 1.00, 1.00, 0.00, 0.00, 0.00
641, 0, 24.132, 0.98, 1, 0.00, 0.00, 0.00, 0.01, 0.14, 0.00, 0.07, 1.19, 0.69, 1.01, 0.21, 0.08, 0.25, 0.00, 0.27, 0.23, 0.04, 0.00, 0.00, 0.00, 1.00, 0.00, 0.00, 0.00, 1.00, 1.00, 0.00, 0.00, 0.00, 0.00, 1.00, 1.00, 0.00, 0.00, 0.00
642, 0, 24.169, 0.98, 1, 0.00, 0.00, 0.00, 0.00, 0.16, 0.00, 0.11, 1.34, 0.81, 1.03, 0.33, 0.02, 0.27, 0.00, 0.16, 0.03, 0.04, 0.00, 0.00, 0.00, 1.00, 0.00, 0.00, 0.00, 1.00, 1.00, 0.00, 0.00, 0.00, 0.00, 1.00, 1.00, 0.00, 0.00, 0.00
643, 0, 24.207, 0.88, 1, 0.00, 0.00, 0.00, 0.00, 0.14, 0.00, 0.29, 1.23, 0.95, 0.94, 0.28, 0.00, 0.20, 0.00, 0.24, 0.03, 0.26, 0.00, 0.00, 0.00, 1.00, 0.00, 0.00, 0.00, 1.00, 1.00, 0.00, 0.00, 0.00, 0.00, 1.00, 1.00, 0.00, 0.00, 0.00
644, 0, 24.245, 0.88, 1, 0.00, 0.00, 0.00, 0.00, 0.08, 0.00, 0.45, 1.32, 0.97, 0.61, 0.37, 0.12, 0.11, 0.00, 0.22, 0.03, 0.39, 0.00, 0.00, 0.00, 1.00, 0.00, 0.00, 0.00, 1.00, 1.00, 0.00, 0.00, 0.00, 0.00, 1.00, 1.00, 0.00, 0.00, 0.00
645, 0, 24.282, 0.88, 1, 0.10, 0.00, 0.00, 0.00, 0.02, 0.00, 0.48, 1.31, 0.72, 0.47, 0.19, 0.37, 0.02, 0.00, 0.15, 0.00, 0.69, 0.00, 0.00, 0.00, 1.00, 0.00, 0.00, 0.00, 1.00, 1.00, 0.00, 0.00, 0.00, 0.00, 1.00, 0.00, 0.00, 0.00, 0.00
646, 0, 24.320, 0.88, 1, 0.18, 0.00, 0.00, 0.00, 0.00, 0.00, 0.45, 1.23, 0.48, 0.34, 0.17, 0.60, 0.06, 0.00, 0.03, 0.00, 0.83, 0.00, 0.00, 0.00, 1.00, 0.00, 0.00, 0.00, 0.00, 0.00, 0.00, 0.00, 0.00, 0.00, 0.00, 0.00, 0.00, 0.00, 0.00
647, 0, 24.358, 0.88, 1, 0.52, 0.03, 0.00, 0.00, 0.00, 0.00, 0.33, 0.95, 0.32, 0.63, 0.09, 0.53, 0.06, 0.00, 0.00, 0.02, 1.04, 0.00, 0.00, 0.00, 1.00, 0.00, 0.00, 0.00, 0.00, 0.00, 0.00, 0.00, 0.00, 0.00, 0.00, 0.00, 0.00, 0.00, 0.00
648, 0, 24.396, 0.88, 1, 0.52, 0.03, 0.00, 0.00, 0.00, 0.00, 0.32, 0.98, 0.29, 0.71, 0.09, 0.33, 0.04, 0.00, 0.06, 0.02, 1.09, 0.00, 0.00, 0.00, 1.00, 0.00, 0.00, 0.00, 0.00, 0.00, 0.00, 1.00, 0.00, 0.00, 0.00, 0.00, 0.00, 0.00, 0.00
649, 0, 24.433, 0.93, 1, 0.56, 0.03, 0.00, 0.00, 0.00, 0.00, 0.25, 1.10, 0.28, 0.81, 0.09, 0.13, 0.03, 0.00, 0.28, 0.02, 1.00, 0.00, 0.00, 0.00, 1.00, 0.00, 0.00, 0.00, 0.00, 0.00, 0.00, 0.00, 0.00, 0.00, 0.00, 0.00, 0.00, 0.00, 0.00
650, 0, 24.471, 0.93, 1, 0.23, 0.00, 0.00, 0.00, 0.00, 0.00, 0.35, 1.09, 0.36, 0.62, 0.00, 0.63, 0.35, 0.00, 0.32, 0.27, 0.89, 0.00, 0.00, 0.00, 1.00, 0.00, 0.00, 0.00, 0.00, 0.00, 0.00, 0.00, 0.00, 0.00, 0.00, 0.00, 0.00, 0.00, 0.00
651, 0, 24.509, 0.93, 1, 0.12, 0.00, 0.00, 0.00, 0.00, 0.00, 0.32, 1.25, 0.45, 0.68, 0.00, 0.91, 0.39, 0.00, 0.36, 0.45, 0.76, 0.00, 0.00, 0.00, 1.00, 0.00, 0.00, 0.00, 1.00, 1.00, 0.00, 0.00, 0.00, 0.00, 0.00, 0.00, 0.00, 0.00, 0.00
652, 0, 24.546, 0.93, 1, 0.00, 0.00, 0.00, 0.00, 0.00, 0.00, 0.35, 1.29, 0.52, 0.78, 0.00, 1.26, 0.43, 0.00, 0.28, 0.57, 0.72, 0.00, 0.00, 0.00, 1.00, 0.00, 0.00, 0.00, 1.00, 1.00, 0.00, 0.00, 0.00, 0.00, 0.00, 0.00, 0.00, 0.00, 0.00
653, 0, 24.584, 0.93, 1, 0.00, 0.00, 0.00, 0.00, 0.04, 0.00, 0.24, 1.43, 0.57, 1.28, 0.00, 0.88, 0.15, 0.00, 0.42, 0.73, 0.57, 0.00, 0.00, 0.00, 1.00, 0.00, 0.00, 0.00, 1.00, 1.00, 0.00, 0.00, 0.00, 0.00, 0.00, 0.00, 0.00, 0.00, 0.00
654, 0, 24.622, 0.88, 1, 0.16, 0.00, 0.00, 0.00, 0.11, 0.00, 0.14, 1.56, 0.61, 1.46, 0.00, 0.89, 0.38, 0.00, 0.44, 0.90, 0.36, 0.00, 0.00, 0.00, 1.00, 0.00, 0.00, 0.00, 1.00, 1.00, 1.00, 0.00, 0.00, 0.00, 0.00, 0.00, 0.00, 0.00, 0.00
655, 0, 24.659, 0.88, 1, 0.16, 0.00, 0.00, 0.00, 0.24, 0.00, 0.02, 1.51, 0.87, 1.52, 0.14, 0.77, 0.38, 0.00, 0.85, 1.08, 0.13, 0.00, 0.00, 0.00, 1.00, 0.00, 0.00, 0.00, 1.00, 1.00, 1.00, 0.00, 0.00, 0.00, 0.00, 1.00, 0.00, 0.00, 0.00
656, 0, 24.697, 0.98, 1, 0.18, 0.00, 0.00, 0.00, 0.30, 0.00, 0.00, 1.51, 1.01, 1.48, 0.28, 0.69, 0.33, 0.00, 1.25, 1.02, 0.01, 0.00, 0.00, 0.00, 1.00, 0.00, 0.00, 0.00, 1.00, 1.00, 1.00, 0.00, 0.00, 0.00, 0.00, 1.00, 0.00, 0.00, 0.00
657, 0, 24.735, 0.93, 1, 0.07, 0.00, 0.00, 0.00, 0.43, 0.01, 0.00, 1.35, 1.17, 1.36, 0.34, 0.52, 0.06, 0.00, 1.52, 1.04, 0.00, 0.00, 0.00, 0.00, 1.00, 0.00, 0.00, 0.00, 1.00, 1.00, 1.00, 0.00, 0.00, 0.00, 0.00, 1.00, 0.00, 0.00, 0.00
658, 0, 24.773, 0.98, 1, 0.07, 0.00, 0.05, 0.00, 0.55, 0.01, 0.00, 1.44, 1.20, 1.54, 0.20, 0.46, 0.09, 0.00, 1.24, 1.17, 0.00, 0.00, 0.00, 0.00, 1.00, 0.00, 0.00, 0.00, 1.00, 1.00, 1.00, 0.00, 0.00, 0.00, 0.00, 1.00, 0.00, 0.00, 0.00
659, 0, 24.810, 0.98, 1, 0.05, 0.00, 0.05, 0.00, 0.66, 0.01, 0.00, 1.43, 1.31, 1.71, 0.06, 0.49, 0.38, 0.00, 0.94, 1.10, 0.00, 0.00, 0.00, 0.00, 1.00, 0.00, 0.00, 0.00, 1.00, 1.00, 1.00, 0.00, 0.00, 0.00, 0.00, 1.00, 0.00, 0.00, 0.00
660, 0, 24.848, 0.98, 1, 0.00, 0.00, 0.05, 0.17, 0.63, 0.00, 0.00, 1.35, 1.31, 1.84, 0.40, 0.74, 0.38, 0.00, 0.76, 1.07, 0.00, 0.00, 0.00, 0.00, 1.00, 0.00, 0.00, 0.00, 1.00, 1.00, 1.00, 0.00, 0.00, 0.00, 1.00, 1.00, 0.00, 0.00, 0.00
661, 0, 24.886, 0.98, 1, 0.00, 0.00, 0.00, 0.18, 0.52, 0.00, 0.00, 1.18, 1.20, 1.62, 0.58, 0.80, 0.28, 0.00, 0.76, 0.90, 0.00, 0.00, 0.00, 0.00, 1.00, 0.00, 0.00, 0.00, 1.00, 1.00, 1.00, 0.00, 0.00, 0.00, 1.00, 0.00, 0.00, 0.00, 0.00
662, 0, 24.923, 0.98, 1, 0.00, 0.00, 0.00, 0.28, 0.44, 0.00, 0.00, 1.10, 1.08, 1.26, 0.58, 0.96, 0.00, 0.00, 0.74, 0.91, 0.00, 0.00, 0.00, 0.00, 1.00, 0.00, 0.00, 0.00, 1.00, 1.00, 1.00, 0.00, 1.00, 0.00, 1.00, 0.00, 0.00, 0.00, 0.00
663, 0, 24.961, 0.98, 1, 0.00, 0.00, 0.00, 0.12, 0.37, 0.00, 0.00, 1.10, 1.04, 1.19, 0.19, 0.91, 0.00, 0.02, 0.52, 0.66, 0.00, 0.00, 0.00, 0.00, 1.00, 0.00, 0.00, 0.00, 1.00, 1.00, 1.00, 0.00, 1.00, 0.00, 1.00, 0.00, 0.00, 0.00, 0.00
664, 0, 24.999, 0.98, 1, 0.00, 0.00, 0.00, 0.11, 0.32, 0.00, 0.00, 1.14, 1.03, 1.29, 0.03, 1.17, 0.00, 0.07, 0.25, 0.53, 0.00, 0.00, 0.00, 0.00, 1.00, 0.00, 0.00, 0.00, 0.00, 1.00, 1.00, 1.00, 1.00, 0.00, 1.00, 0.00, 0.00, 0.00, 0.00
665, 0, 25.037, 0.98, 1, 0.00, 0.00, 0.00, 0.07, 0.25, 0.19, 0.03, 1.38, 1.02, 1.20, 0.18, 1.31, 0.00, 0.07, 0.00, 0.21, 0.00, 0.00, 0.00, 0.00, 1.00, 0.00, 0.00, 0.00, 0.00, 1.00, 1.00, 1.00, 1.00, 0.00, 1.00, 0.00, 0.00, 0.00, 0.00
666, 0, 25.074, 0.98, 1, 0.00, 0.00, 0.00, 0.13, 0.19, 0.39, 0.06, 1.62, 1.01, 0.98, 0.22, 1.38, 0.00, 0.05, 0.00, 0.12, 0.00, 0.00, 0.00, 0.00, 1.00, 0.00, 0.00, 0.00, 1.00, 1.00, 1.00, 1.00, 1.00, 0.00, 1.00, 0.00, 0.00, 0.00, 0.00
667, 0, 25.112, 0.98, 1, 0.03, 0.07, 0.00, 0.13, 0.17, 0.39, 0.08, 2.01, 1.00, 0.82, 0.19, 1.19, 0.05, 0.00, 0.00, 0.00, 0.00, 0.00, 0.00, 0.00, 1.00, 0.00, 0.00, 0.00, 1.00, 1.00, 1.00, 1.00, 1.00, 0.00, 1.00, 0.00, 0.00, 0.00, 0.00
668, 0, 25.150, 0.98, 1, 0.03, 0.07, 0.00, 0.08, 0.15, 0.20, 0.05, 2.19, 1.02, 0.91, 0.03, 1.15, 0.06, 0.00, 0.00, 0.00, 0.00, 0.00, 0.00, 0.00, 1.00, 0.00, 0.00, 0.00, 1.00, 1.00, 1.00, 1.00, 1.00, 0.00, 1.00, 0.00, 0.00, 0.00, 0.00
669, 0, 25.187, 0.93, 1, 0.07, 0.07, 0.00, 0.01, 0.09, 0.00, 0.03, 2.16, 0.98, 0.76, 0.00, 1.10, 0.06, 0.00, 0.03, 0.00, 0.00, 0.00, 0.00, 0.00, 1.00, 0.00, 0.00, 0.00, 1.00, 1.00, 1.00, 1.00, 1.00, 0.00, 1.00, 0.00, 0.00, 0.00, 0.00
670, 0, 25.225, 0.88, 1, 0.11, 0.00, 0.00, 0.01, 0.04, 0.00, 0.00, 1.88, 1.01, 0.79, 0.00, 0.96, 0.01, 0.00, 0.03, 0.00, 0.00, 0.00, 0.00, 0.00, 1.00, 0.00, 0.00, 0.00, 1.00, 1.00, 1.00, 1.00, 1.00, 0.00, 1.00, 0.00, 0.00, 0.00, 0.00
671, 0, 25.263, 0.88, 1, 0.11, 0.00, 0.00, 0.00, 0.00, 0.00, 0.00, 1.61, 1.00, 1.09, 0.00, 0.84, 0.00, 0.00, 0.10, 0.00, 0.00, 0.00, 0.00, 0.00, 1.00, 0.00, 0.00, 0.00, 1.00, 1.00, 1.00, 0.00, 1.00, 0.00, 1.00, 0.00, 0.00, 0.00, 0.00
672, 0, 25.300, 0.93, 1, 0.07, 0.00, 0.00, 0.03, 0.00, 0.00, 0.00, 1.51, 1.04, 1.65, 0.00, 0.66, 0.00, 0.00, 0.11, 0.00, 0.00, 0.00, 0.00, 0.00, 1.00, 0.00, 0.00, 0.00, 1.00, 1.00, 1.00, 0.00, 1.00, 0.00, 1.00, 0.00, 0.00, 0.00, 0.00
673, 0, 25.338, 0.93, 1, 0.04, 0.00, 0.00, 0.08, 0.00, 0.00, 0.00, 1.46, 1.08, 1.90, 0.00, 0.63, 0.00, 0.00, 0.12, 0.00, 0.00, 0.00, 0.00, 0.00, 1.00, 0.00, 0.00, 0.00, 0.00, 1.00, 1.00, 0.00, 1.00, 0.00, 1.00, 0.00, 0.00, 0.00, 0.00
674, 0, 25.376, 0.98, 1, 0.05, 0.00, 0.00, 0.08, 0.00, 0.00, 0.02, 1.36, 1.08, 1.89, 0.00, 0.41, 0.00, 0.00, 0.10, 0.15, 0.00, 0.00, 0.00, 0.00, 1.00, 0.00, 0.00, 0.00, 0.00, 1.00, 1.00, 0.00, 1.00, 0.00, 1.00, 0.00, 0.00, 0.00, 0.00
675, 0, 25.414, 0.98, 1, 0.05, 0.00, 0.00, 0.05, 0.00, 0.00, 0.02, 0.91, 1.04, 1.37, 0.00, 0.68, 0.00, 0.00, 0.10, 0.15, 0.00, 0.00, 0.00, 0.00, 1.00, 0.00, 0.00, 0.00, 0.00, 1.00, 1.00, 0.00, 1.00, 0.00, 1.00, 0.00, 0.00, 0.00, 0.00
676, 0, 25.451, 0.98, 1, 0.01, 0.00, 0.00, 0.08, 0.00, 0.00, 0.02, 0.55, 0.94, 0.98, 0.00, 0.88, 0.00, 0.00, 0.12, 0.15, 0.00, 0.00, 0.00, 0.00, 1.00, 0.00, 0.00, 0.00, 0.00, 1.00, 1.00, 0.00, 0.00, 0.00, 1.00, 0.00, 0.00, 0.00, 0.00
677, 0, 25.489, 0.98, 1, 0.00, 0.00, 0.00, 0.16, 0.03, 0.00, 0.00, 0.23, 0.90, 0.43, 0.00, 1.08, 0.00, 0.00, 0.07, 0.02, 0.00, 0.00, 0.00, 0.00, 1.00, 0.00, 0.00, 0.00, 0.00, 1.00, 1.00, 0.00, 0.00, 0.00, 1.00, 0.00, 0.00, 0.00, 0.00
678, 0, 25.527, 0.98, 1, 0.00, 0.00, 0.00, 0.16, 0.06, 0.00, 0.00, 0.37, 0.92, 0.67, 0.00, 0.80, 0.00, 0.00, 0.03, 0.02, 0.00, 0.00, 0.00, 0.00, 1.00, 0.00, 0.00, 0.00, 0.00, 1.00, 1.00, 0.00, 0.00, 0.00, 1.00, 0.00, 0.00, 0.00, 0.00
679, 0, 25.564, 0.98, 1, 0.00, 0.00, 0.00, 0.20, 0.22, 0.00, 0.02, 0.58, 0.99, 0.85, 0.00, 0.60, 0.00, 0.00, 0.00, 0.02, 0.00, 0.00, 0.00, 0.00, 1.00, 0.00, 0.00, 0.00, 0.00, 1.00, 1.00, 0.00, 0.00, 0.00, 1.00, 0.00, 0.00, 0.00, 0.00
680, 0, 25.602, 0.98, 1, 0.00, 0.00, 0.00, 0.13, 0.26, 0.00, 0.02, 0.81, 1.03, 1.15, 0.00, 0.65, 0.18, 0.07, 0.24, 0.08, 0.00, 0.00, 1.00, 0.00, 1.00, 0.00, 0.00, 0.00, 0.00, 1.00, 1.00, 0.00, 0.00, 0.00, 1.00, 0.00, 0.00, 0.00, 0.00
681, 0, 25.640, 0.98, 1, 0.00, 0.00, 0.00, 0.14, 0.30, 0.00, 0.02, 0.90, 1.15, 1.25, 0.01, 0.56, 0.19, 0.08, 0.40, 0.18, 0.00, 0.00, 1.00, 0.00, 1.00, 0.00, 0.00, 0.00, 0.00, 1.00, 1.00, 0.00, 0.00, 0.00, 1.00, 0.00, 0.00, 0.00, 0.00
682, 0, 25.678, 0.98, 1, 0.00, 0.00, 0.00, 0.05, 0.22, 0.00, 0.00, 0.94, 1.22, 1.34, 0.13, 0.60, 0.22, 0.10, 0.64, 0.45, 0.00, 0.00, 1.00, 0.00, 1.00, 0.00, 0.00, 0.00, 0.00, 1.00, 1.00, 0.00, 0.00, 0.00, 1.00, 0.00, 0.00, 0.00, 0.00
683, 0, 25.715, 0.98, 1, 0.00, 0.00, 0.00, 0.09, 0.18, 0.00, 0.00, 0.91, 1.28, 1.42, 0.27, 0.56, 0.04, 0.05, 0.68, 0.69, 0.00, 0.00, 1.00, 0.00, 1.00, 0.00, 0.00, 0.00, 0.00, 1.00, 1.00, 0.00, 0.00, 0.00, 1.00, 0.00, 0.00, 0.00, 0.00
684, 0, 25.753, 0.98, 1, 0.00, 0.09, 0.00, 0.08, 0.11, 0.00, 0.00, 0.90, 1.27, 1.57, 0.26, 0.69, 0.03, 0.03, 0.73, 0.87, 0.00, 0.00, 1.00, 0.00, 1.00, 0.00, 0.00, 0.00, 0.00, 1.00, 0.00, 0.00, 0.00, 0.00, 1.00, 1.00, 0.00, 0.00, 0.00
685, 0, 25.791, 0.88, 1, 0.00, 0.09, 0.00, 0.04, 0.07, 0.00, 0.00, 0.73, 1.17, 1.12, 0.14, 0.74, 0.00, 0.01, 0.89, 0.75, 0.00, 0.00, 1.00, 0.00, 1.00, 0.00, 0.00, 0.00, 0.00, 1.00, 0.00, 0.00, 0.00, 0.00, 1.00, 1.00, 0.00, 0.00, 0.00
686, 0, 25.828, 0.98, 1, 0.00, 0.09, 0.00, 0.00, 0.08, 0.00, 0.00, 0.50, 1.11, 0.67, 0.01, 0.71, 0.00, 0.05, 0.94, 0.77, 0.00, 0.00, 1.00, 0.00, 1.00, 0.00, 0.00, 0.00, 0.00, 1.00, 0.00, 0.00, 0.00, 0.00, 1.00, 1.00, 0.00, 0.00, 0.00
687, 0, 25.866, 0.98, 1, 0.00, 0.00, 0.00, 0.00, 0.11, 0.00, 0.00, 0.26, 1.04, 0.31, 0.06, 0.80, 0.00, 0.11, 1.16, 0.89, 0.00, 0.00, 1.00, 0.00, 1.00, 0.00, 0.00, 0.00, 0.00, 1.00, 0.00, 0.00, 0.00, 0.00, 1.00, 1.00, 1.00, 0.00, 0.00
688, 0, 25.904, 0.98, 1, 0.00, 0.00, 0.00, 0.00, 0.14, 0.00, 0.00, 0.14, 1.11, 0.61, 0.06, 0.77, 0.00, 0.11, 1.17, 1.19, 0.00, 0.00, 1.00, 0.00, 1.00, 0.00, 0.00, 0.00, 0.00, 1.00, 0.00, 0.00, 0.00, 0.00, 1.00, 1.00, 1.00, 0.00, 0.00
689, 0, 25.941, 0.98, 1, 0.00, 0.00, 0.00, 0.00, 0.15, 0.00, 0.00, 0.08, 1.13, 0.80, 0.06, 0.75, 0.00, 0.06, 1.22, 1.29, 0.00, 0.00, 0.00, 0.00, 1.00, 0.00, 0.00, 0.00, 0.00, 1.00, 0.00, 0.00, 0.00, 0.00, 1.00, 1.00, 1.00, 0.00, 0.00
690, 0, 25.979, 0.98, 1, 0.00, 0.00, 0.00, 0.00, 0.15, 0.00, 0.15, 0.51, 1.13, 0.96, 0.00, 0.41, 0.00, 0.00, 0.96, 1.32, 0.00, 0.00, 0.00, 0.00, 1.00, 0.00, 0.00, 0.00, 0.00, 1.00, 0.00, 0.00, 0.00, 0.00, 1.00, 1.00, 1.00, 0.00, 0.00
691, 0, 26.017, 0.88, 1, 0.00, 0.00, 0.00, 0.00, 0.08, 0.00, 0.15, 0.90, 1.09, 0.99, 0.00, 0.25, 0.00, 0.00, 0.67, 1.21, 0.00, 0.00, 0.00, 0.00, 1.00, 0.00, 0.00, 0.00, 1.00, 1.00, 1.00, 0.00, 0.00, 0.00, 0.00, 1.00, 1.00, 0.00, 0.00
692, 0, 26.055, 0.88, 1, 0.00, 0.00, 0.00, 0.00, 0.04, 0.00, 0.25, 1.40, 1.06, 1.28, 0.00, 0.06, 0.00, 0.00, 0.41, 1.06, 0.00, 0.00, 0.00, 0.00, 1.00, 0.00, 0.00, 0.00, 1.00, 1.00, 1.00, 0.00, 0.00, 0.00, 0.00, 1.00, 1.00, 0.00, 0.00
693, 0, 26.092, 0.88, 1, 0.00, 0.00, 0.00, 0.00, 0.04, 0.00, 0.11, 1.38, 1.06, 1.36, 0.00, 0.05, 0.00, 0.00, 0.42, 0.96, 0.00, 0.00, 0.00, 0.00, 1.00, 0.00, 0.00, 0.00, 1.00, 1.00, 1.00, 0.00, 0.00, 0.00, 0.00, 1.00, 1.00, 0.00, 0.00
694, 0, 26.130, 0.98, 1, 0.00, 0.00, 0.00, 0.00, 0.03, 0.00, 0.12, 1.36, 1.08, 1.41, 0.00, 0.05, 0.00, 0.00, 0.44, 0.97, 0.00, 0.00, 0.00, 0.00, 1.00, 0.00, 0.00, 0.00, 1.00, 1.00, 1.00, 0.00, 0.00, 0.00, 0.00, 1.00, 1.00, 0.00, 0.00
695, 0, 26.168, 0.98, 1, 0.00, 0.00, 0.00, 0.00, 0.06, 0.00, 0.02, 0.95, 1.17, 1.39, 0.00, 0.03, 0.00, 0.10, 0.56, 1.12, 0.00, 0.00, 1.00, 0.00, 1.00, 0.00, 0.00, 0.00, 1.00, 1.00, 1.00, 0.00, 0.00, 0.00, 0.00, 1.00, 1.00, 0.00, 0.00
696, 0, 26.205, 0.98, 1, 0.00, 0.00, 0.00, 0.00, 0.10, 0.00, 0.02, 0.51, 1.19, 1.43, 0.00, 0.03, 0.00, 0.11, 0.61, 1.18, 0.00, 0.00, 1.00, 0.00, 1.00, 0.00, 0.00, 0.00, 0.00, 1.00, 1.00, 0.00, 0.00, 0.00, 0.00, 1.00, 1.00, 0.00, 0.00
697, 0, 26.243, 0.98, 1, 0.00, 0.06, 0.00, 0.00, 0.16, 0.00, 0.15, 0.11, 1.25, 1.62, 0.00, 0.06, 0.01, 0.15, 0.60, 1.07, 0.00, 0.00, 1.00, 0.00, 1.00, 0.00, 0.00, 0.00, 0.00, 1.00, 1.00, 0.00, 0.00, 0.00, 0.00, 1.00, 1.00, 0.00, 0.00
698, 0, 26.281, 0.98, 1, 0.00, 0.10, 0.00, 0.00, 0.12, 0.00, 0.15, 0.03, 1.08, 1.46, 0.02, 0.06, 0.01, 0.06, 0.34, 0.63, 0.00, 0.00, 1.00, 0.00, 1.00, 0.00, 0.00, 0.00, 0.00, 1.00, 0.00, 0.00, 0.00, 0.00, 0.00, 1.00, 0.00, 0.00, 0.00
699, 0, 26.319, 0.98, 1, 0.00, 0.10, 0.00, 0.00, 0.07, 0.00, 0.14, 0.20, 0.92, 1.34, 0.02, 0.21, 0.01, 0.04, 0.12, 0.27, 0.00, 0.00, 1.00, 0.00, 1.00, 0.00, 0.00, 0.00, 0.00, 1.00, 0.00, 0.00, 0.00, 0.00, 0.00, 0.00, 0.00, 0.00, 0.00
700, 0, 26.356, 0.98, 1, 0.14, 0.04, 0.00, 0.00, 0.00, 0.00, 0.03, 0.70, 0.60, 0.95, 0.02, 0.42, 0.18, 0.00, 0.00, 0.04, 0.23, 0.00, 0.00, 0.00, 1.00, 0.00, 0.00, 0.00, 0.00, 1.00, 0.00, 0.00, 0.00, 0.00, 0.00, 0.00, 0.00, 0.00, 0.00
701, 0, 26.394, 0.88, 1, 0.25, 0.00, 0.00, 0.00, 0.00, 0.00, 0.10, 1.09, 0.46, 0.74, 0.00, 0.66, 0.40, 0.00, 0.00, 0.03, 0.48, 0.00, 0.00, 0.00, 1.00, 0.00, 0.00, 0.00, 0.00, 0.00, 0.00, 1.00, 0.00, 0.00, 0.00, 0.00, 0.00, 0.00, 0.00
702, 0, 26.432, 0.88, 1, 0.35, 0.00, 0.00, 0.00, 0.02, 0.00, 0.10, 1.48, 0.30, 0.42, 0.04, 0.75, 0.40, 0.00, 0.00, 0.12, 0.68, 0.00, 0.00, 0.00, 1.00, 0.00, 0.00, 0.00, 0.00, 0.00, 0.00, 1.00, 0.00, 0.00, 0.00, 0.00, 0.00, 0.00, 0.00
703, 0, 26.469, 0.93, 1, 0.23, 0.00, 0.00, 0.00, 0.13, 0.00, 0.10, 1.42, 0.37, 0.70, 0.10, 0.76, 0.55, 0.00, 0.28, 0.49, 0.45, 0.00, 0.00, 0.00, 1.00, 0.00, 0.00, 0.00, 1.00, 0.00, 0.00, 1.00, 0.00, 0.00, 0.00, 0.00, 0.00, 0.00, 0.00
704, 0, 26.507, 0.88, 1, 0.28, 0.00, 0.00, 0.00, 0.18, 0.00, 0.03, 1.48, 0.37, 0.89, 0.17, 0.74, 0.39, 0.00, 0.35, 0.69, 0.20, 0.00, 0.00, 0.00, 1.00, 0.00, 0.00, 0.00, 1.00, 0.00, 0.00, 1.00, 0.00, 0.00, 0.00, 0.00, 0.00, 0.00, 0.00
705, 0, 26.545, 0.93, 1, 0.33, 0.00, 0.00, 0.00, 0.22, 0.00, 0.06, 1.66, 0.32, 0.98, 0.62, 0.70, 0.76, 0.00, 0.49, 0.73, 0.00, 0.00, 0.00, 0.00, 1.00, 0.00, 0.00, 0.00, 1.00, 0.00, 0.00, 1.00, 0.00, 0.00, 1.00, 0.00, 0.00, 0.00, 0.00
706, 0, 26.582, 0.93, 1, 0.41, 0.00, 0.00, 0.00, 0.17, 0.00, 0.02, 2.10, 0.15, 0.51, 0.96, 0.54, 0.46, 0.00, 0.21, 0.37, 0.00, 0.00, 0.00, 0.00, 1.00, 0.00, 0.00, 0.00, 1.00, 0.00, 0.00, 1.00, 0.00, 0.00, 1.00, 0.00, 0.00, 0.00, 0.00
707, 0, 26.620, 0.98, 1, 0.40, 0.00, 0.00, 0.00, 0.20, 0.00, 0.04, 2.56, 0.04, 0.18, 1.26, 0.51, 0.47, 0.00, 0.17, 0.17, 0.00, 0.00, 0.00, 0.00, 1.00, 0.00, 0.00, 0.00, 1.00, 0.00, 0.00, 1.00, 0.00, 0.00, 1.00, 0.00, 0.00, 0.00, 0.00
708, 0, 26.658, 0.98, 1, 0.35, 0.00, 0.00, 0.00, 0.18, 0.00, 0.01, 2.69, 0.06, 0.34, 1.08, 0.58, 0.19, 0.00, 0.05, 0.21, 0.00, 0.00, 0.00, 0.00, 1.00, 0.00, 0.00, 0.00, 1.00, 0.00, 0.00, 1.00, 0.00, 0.00, 1.00, 0.00, 0.00, 0.00, 0.00
709, 0, 26.696, 0.98, 1, 0.25, 0.00, 0.00, 0.00, 0.26, 0.08, 0.01, 2.75, 0.23, 0.80, 0.93, 0.84, 0.31, 0.00, 0.14, 0.29, 0.00, 0.00, 0.00, 0.00, 1.00, 0.00, 0.00, 0.00, 1.00, 0.00, 0.00, 1.00, 0.00, 0.00, 1.00, 0.00, 0.00, 0.00, 0.00
710, 0, 26.733, 0.93, 1, 0.12, 0.00, 0.00, 0.00, 0.29, 0.08, 0.00, 2.46, 0.41, 1.32, 1.01, 0.98, 0.33, 0.00, 0.32, 0.29, 0.00, 0.00, 0.00, 0.00, 1.00, 0.00, 0.00, 0.00, 1.00, 0.00, 0.00, 1.00, 0.00, 0.00, 1.00, 0.00, 0.00, 0.00, 0.00
711, 0, 26.771, 0.98, 1, 0.02, 0.00, 0.00, 0.00, 0.30, 0.08, 0.00, 2.06, 0.54, 1.53, 1.11, 0.94, 0.25, 0.00, 0.41, 0.21, 0.00, 0.00, 0.00, 0.00, 1.00, 0.00, 0.00, 0.00, 1.00, 0.00, 0.00, 1.00, 0.00, 0.00, 1.00, 0.00, 0.00, 0.00, 0.00
712, 0, 26.809, 0.98, 1, 0.02, 0.00, 0.00, 0.05, 0.25, 0.00, 0.00, 1.69, 0.63, 1.70, 1.30, 0.79, 0.09, 0.00, 0.49, 0.16, 0.00, 0.00, 0.00, 0.00, 1.00, 0.00, 0.00, 0.00, 1.00, 1.00, 0.00, 1.00, 0.00, 0.00, 1.00, 0.00, 0.00, 0.00, 0.00
713, 0, 26.846, 0.98, 1, 0.00, 0.00, 0.00, 0.05, 0.20, 0.00, 0.00, 1.50, 0.66, 1.59, 1.20, 0.72, 0.00, 0.00, 0.61, 0.18, 0.00, 0.00, 0.00, 0.00, 1.00, 0.00, 0.00, 0.00, 1.00, 1.00, 1.00, 1.00, 0.00, 0.00, 1.00, 0.00, 0.00, 0.00, 0.00
714, 0, 26.884, 0.98, 1, 0.00, 0.00, 0.00, 0.05, 0.27, 0.00, 0.00, 1.56, 0.67, 1.21, 1.03, 0.73, 0.00, 0.05, 0.85, 0.08, 0.00, 0.00, 0.00, 0.00, 1.00, 0.00, 0.00, 0.00, 1.00, 1.00, 0.00, 1.00, 0.00, 0.00, 1.00, 0.00, 0.00, 0.00, 0.00
715, 0, 26.922, 0.98, 1, 0.09, 0.00, 0.00, 0.00, 0.30, 0.00, 0.07, 1.62, 0.59, 1.21, 0.71, 0.83, 0.00, 0.13, 0.68, 0.34, 0.00, 0.00, 0.00, 0.00, 1.00, 0.00, 0.00, 0.00, 1.00, 1.00, 0.00, 1.00, 0.00, 0.00, 1.00, 0.00, 0.00, 0.00, 0.00
716, 0, 26.960, 0.98, 1, 0.15, 0.00, 0.00, 0.00, 0.32, 0.00, 0.10, 1.66, 0.50, 1.29, 0.42, 0.88, 0.00, 0.18, 0.41, 0.40, 0.00, 0.00, 0.00, 0.00, 1.00, 0.00, 0.00, 0.00, 1.00, 0.00, 0.00, 1.00, 0.00, 0.00, 1.00, 0.00, 0.00, 0.00, 0.00
717, 0, 26.997, 0.98, 1, 0.15, 0.00, 0.00, 0.00, 0.27, 0.00, 0.10, 1.73, 0.46, 1.43, 0.17, 1.05, 0.02, 0.26, 0.17, 0.67, 0.00, 0.00, 0.00, 0.00, 1.00, 0.00, 0.00, 0.00, 1.00, 0.00, 0.00, 1.00, 0.00, 0.00, 1.00, 0.00, 0.00, 0.00, 0.00
718, 0, 27.035, 0.98, 1, 0.06, 0.00, 0.00, 0.01, 0.16, 0.00, 0.03, 1.71, 0.46, 1.24, 0.07, 1.10, 0.02, 0.31, 0.36, 0.52, 0.00, 0.00, 0.00, 0.00, 1.00, 0.00, 0.00, 0.00, 1.00, 0.00, 1.00, 1.00, 0.00, 0.00, 1.00, 0.00, 0.00, 0.00, 0.00
719, 0, 27.073, 0.98, 1, 0.00, 0.00, 0.00, 0.01, 0.10, 0.00, 0.00, 1.80, 0.55, 1.29, 0.02, 1.16, 0.02, 0.36, 0.58, 0.56, 0.00, 0.00, 0.00, 0.00, 1.00, 0.00, 0.00, 0.00, 1.00, 0.00, 1.00, 1.00, 0.00, 0.00, 1.00, 0.00, 0.00, 0.00, 0.00
720, 0, 27.110, 0.98, 1, 0.00, 0.00, 0.00, 0.01, 0.15, 0.00, 0.00, 1.90, 0.69, 1.98, 0.05, 1.02, 0.02, 0.37, 0.88, 0.51, 0.00, 0.00, 0.00, 0.00, 1.00, 0.00, 0.00, 0.00, 1.00, 0.00, 1.00, 1.00, 0.00, 0.00, 1.00, 0.00, 0.00, 0.00, 0.00
721, 0, 27.148, 0.98, 1, 0.00, 0.00, 0.00, 0.00, 0.28, 0.00, 0.00, 1.89, 0.77, 2.46, 0.05, 0.71, 0.05, 0.41, 1.12, 0.71, 0.00, 0.00, 0.00, 0.00, 1.00, 0.00, 0.00, 0.00, 1.00, 0.00, 1.00, 1.00, 0.00, 0.00, 0.00, 0.00, 0.00, 0.00, 0.00
722, 0, 27.186, 0.98, 1, 0.00, 0.00, 0.00, 0.02, 0.32, 0.00, 0.00, 1.80, 0.80, 2.74, 0.03, 0.60, 0.05, 0.49, 1.11, 1.01, 0.00, 0.00, 0.00, 0.00, 1.00, 0.00, 0.00, 0.00, 1.00, 1.00, 1.00, 1.00, 0.00, 0.00, 0.00, 0.00, 0.00, 0.00, 0.00
723, 0, 27.223, 0.98, 1, 0.00, 0.00, 0.00, 0.09, 0.29, 0.00, 0.00, 1.61, 0.79, 2.60, 0.00, 0.51, 0.03, 0.36, 0.70, 0.84, 0.00, 0.00, 0.00, 0.00, 1.00, 0.00, 0.00, 0.00, 1.00, 1.00, 1.00, 1.00, 0.00, 0.00, 1.00, 0.00, 0.00, 0.00, 0.00
724, 0, 27.261, 0.98, 1, 0.00, 0.00, 0.00, 0.09, 0.25, 0.00, 0.04, 1.69, 0.85, 2.51, 0.00, 0.63, 0.00, 0.24, 0.26, 0.52, 0.00, 0.00, 0.00, 0.00, 1.00, 0.00, 0.00, 0.00, 1.00, 1.00, 1.00, 1.00, 0.00, 0.00, 1.00, 0.00, 0.00, 0.00, 0.00
725, 0, 27.299, 0.98, 1, 0.00, 0.00, 0.00, 0.07, 0.17, 0.00, 0.04, 1.60, 0.79, 2.05, 0.00, 0.46, 0.00, 0.13, 0.14, 0.24, 0.00, 0.00, 0.00, 0.00, 1.00, 0.00, 0.00, 0.00, 1.00, 1.00, 1.00, 1.00, 0.00, 0.00, 1.00, 0.00, 0.00, 0.00, 0.00
726, 0, 27.337, 0.98, 1, 0.00, 0.00, 0.00, 0.12, 0.09, 0.00, 0.04, 1.53, 0.77, 1.44, 0.00, 0.59, 0.00, 0.16, 0.25, 0.30, 0.00, 0.00, 0.00, 0.00, 1.00, 0.00, 0.00, 0.00, 1.00, 1.00, 1.00, 1.00, 0.00, 0.00, 1.00, 0.00, 0.00, 0.00, 0.00
727, 0, 27.374, 0.98, 1, 0.00, 0.00, 0.00, 0.25, 0.11, 0.03, 0.00, 1.26, 0.73, 0.70, 0.00, 0.68, 0.02, 0.16, 0.38, 0.48, 0.00, 0.00, 0.00, 0.00, 1.00, 0.00, 0.00, 0.00, 0.00, 1.00, 1.00, 1.00, 1.00, 0.00, 0.00, 0.00, 0.00, 0.00, 0.00
728, 0, 27.412, 0.98, 1, 0.00, 0.00, 0.00, 0.42, 0.23, 0.25, 0.00, 1.17, 0.85, 0.55, 0.00, 0.92, 0.02, 0.08, 0.42, 0.59, 0.00, 0.00, 0.00, 0.00, 1.00, 0.00, 0.00, 0.00, 0.00, 1.00, 1.00, 1.00, 1.00, 0.00, 0.00, 0.00, 0.00, 0.00, 0.00
729, 0, 27.450, 0.98, 1, 0.00, 0.00, 0.00, 0.33, 0.34, 0.25, 0.00, 0.95, 0.91, 0.39, 0.00, 1.02, 0.02, 0.04, 0.57, 0.73, 0.00, 0.00, 0.00, 0.00, 1.00, 0.00, 0.00, 0.00, 0.00, 1.00, 1.00, 1.00, 1.00, 0.00, 0.00, 1.00, 0.00, 0.00, 0.00
730, 0, 27.487, 0.98, 1, 0.00, 0.00, 0.00, 0.23, 0.27, 0.22, 0.00, 0.97, 1.09, 0.64, 0.08, 0.73, 0.00, 0.00, 0.93, 0.53, 0.00, 0.00, 0.00, 0.00, 1.00, 0.00, 0.00, 0.00, 1.00, 1.00, 1.00, 0.00, 1.00, 0.00, 0.00, 1.00, 0.00, 0.00, 0.00
731, 0, 27.525, 0.98, 1, 0.04, 0.00, 0.00, 0.16, 0.23, 0.00, 0.00, 1.22, 1.31, 0.93, 0.27, 0.52, 0.00, 0.00, 1.42, 0.34, 0.00, 0.00, 0.00, 0.00, 1.00, 0.00, 0.00, 0.00, 1.00, 1.00, 1.00, 0.00, 1.00, 0.00, 0.00, 1.00, 0.00, 0.00, 0.00
732, 0, 27.563, 0.98, 1, 0.09, 0.00, 0.00, 0.17, 0.21, 0.00, 0.00, 1.57, 1.52, 1.32, 0.45, 0.28, 0.00, 0.00, 1.82, 0.14, 0.00, 0.00, 0.00, 0.00, 1.00, 0.00, 0.00, 0.00, 1.00, 1.00, 1.00, 0.00, 1.00, 0.00, 0.00, 1.00, 0.00, 0.00, 0.00
733, 0, 27.601, 0.98, 1, 0.09, 0.00, 0.00, 0.14, 0.31, 0.03, 0.00, 1.70, 1.64, 1.63, 0.57, 0.58, 0.00, 0.00, 1.84, 0.37, 0.00, 0.00, 0.00, 0.00, 1.00, 0.00, 0.00, 0.00, 1.00, 1.00, 1.00, 0.00, 1.00, 0.00, 0.00, 1.00, 0.00, 0.00, 0.00
734, 0, 27.638, 0.98, 1, 0.05, 0.00, 0.00, 0.03, 0.43, 0.03, 0.00, 1.69, 1.67, 1.78, 0.43, 0.73, 0.00, 0.00, 1.62, 0.61, 0.00, 0.00, 0.00, 0.00, 1.00, 0.00, 0.00, 0.00, 1.00, 1.00, 1.00, 0.00, 0.00, 0.00, 0.00, 1.00, 0.00, 0.00, 0.00
735, 0, 27.676, 0.98, 1, 0.04, 0.00, 0.00, 0.00, 0.48, 0.03, 0.00, 1.62, 1.58, 1.76, 0.25, 0.95, 0.17, 0.00, 1.52, 0.99, 0.00, 0.00, 0.00, 0.00, 1.00, 0.00, 0.00, 0.00, 1.00, 1.00, 1.00, 0.00, 0.00, 0.00, 0.00, 1.00, 1.00, 0.00, 0.00
736, 0, 27.714, 0.98, 1, 0.04, 0.00, 0.00, 0.00, 0.43, 0.00, 0.00, 1.47, 1.46, 1.54, 0.05, 0.82, 0.17, 0.00, 1.44, 1.18, 0.00, 0.00, 0.00, 0.00, 1.00, 0.00, 0.00, 0.00, 1.00, 1.00, 1.00, 0.00, 0.00, 0.00, 0.00, 1.00, 1.00, 0.00, 0.00
737, 0, 27.751, 0.98, 1, 0.04, 0.00, 0.00, 0.00, 0.27, 0.00, 0.00, 1.22, 1.36, 1.35, 0.00, 0.53, 0.17, 0.00, 1.51, 1.21, 0.01, 0.00, 0.00, 0.00, 1.00, 0.00, 0.00, 0.00, 1.00, 1.00, 1.00, 0.00, 0.00, 0.00, 0.00, 1.00, 1.00, 0.00, 0.00
738, 0, 27.789, 0.98, 1, 0.00, 0.00, 0.00, 0.00, 0.23, 0.00, 0.00, 1.04, 1.36, 1.39, 0.00, 0.26, 0.00, 0.00, 1.45, 1.06, 0.01, 0.00, 0.00, 0.00, 1.00, 0.00, 0.00, 0.00, 1.00, 1.00, 1.00, 0.00, 0.00, 0.00, 0.00, 1.00, 1.00, 0.00, 0.00
739, 0, 27.827, 0.98, 1, 0.00, 0.00, 0.00, 0.00, 0.30, 0.00, 0.08, 1.03, 1.29, 1.45, 0.00, 0.09, 0.00, 0.00, 1.45, 0.85, 0.01, 0.00, 0.00, 0.00, 1.00, 0.00, 0.00, 0.00, 1.00, 1.00, 1.00, 0.00, 0.00, 0.00, 0.00, 1.00, 1.00, 0.00, 0.00
740, 0, 27.864, 0.98, 1, 0.03, 0.05, 0.00, 0.00, 0.33, 0.00, 0.08, 1.20, 1.25, 1.50, 0.27, 0.45, 0.03, 0.00, 1.44, 0.96, 0.14, 0.00, 0.00, 0.00, 1.00, 0.00, 0.00, 0.00, 1.00, 1.00, 1.00, 0.00, 0.00, 0.00, 0.00, 1.00, 0.00, 0.00, 0.00
741, 0, 27.902, 0.98, 1, 0.03, 0.05, 0.00, 0.00, 0.35, 0.00, 0.08, 1.41, 1.27, 1.60, 0.34, 0.78, 0.03, 0.00, 1.16, 1.05, 0.20, 0.00, 0.00, 0.00, 1.00, 0.00, 0.00, 0.00, 1.00, 1.00, 1.00, 0.00, 1.00, 0.00, 0.00, 1.00, 0.00, 0.00, 0.00
742, 0, 27.940, 0.98, 1, 0.03, 0.05, 0.00, 0.01, 0.24, 0.00, 0.00, 1.61, 1.30, 1.59, 0.34, 1.16, 0.03, 0.06, 0.97, 1.17, 0.20, 0.00, 0.00, 0.00, 1.00, 0.00, 0.00, 0.00, 1.00, 1.00, 1.00, 0.00, 1.00, 0.00, 0.00, 1.00, 0.00, 0.00, 0.00
743, 0, 27.978, 0.98, 1, 0.07, 0.00, 0.00, 0.01, 0.20, 0.00, 0.00, 1.63, 1.33, 1.64, 0.07, 1.19, 0.04, 0.10, 0.76, 1.12, 0.06, 0.00, 0.00, 0.00, 1.00, 0.00, 0.00, 0.00, 1.00, 1.00, 1.00, 0.00, 1.00, 0.00, 0.00, 1.00, 0.00, 0.00, 0.00
744, 0, 28.015, 0.88, 1, 0.07, 0.00, 0.00, 0.01, 0.08, 0.00, 0.00, 1.58, 1.28, 1.83, 0.00, 1.03, 0.04, 0.15, 0.84, 1.01, 0.00, 0.00, 0.00, 0.00, 1.00, 0.00, 0.00, 0.00, 1.00, 1.00, 1.00, 0.00, 1.00, 0.00, 0.00, 1.00, 0.00, 0.00, 0.00
745, 0, 28.053, 0.88, 1, 0.10, 0.00, 0.00, 0.00, 0.16, 0.00, 0.00, 1.40, 1.22, 1.80, 0.00, 0.75, 0.04, 0.09, 0.95, 0.95, 0.00, 0.00, 0.00, 0.00, 1.00, 0.00, 0.00, 0.00, 1.00, 1.00, 1.00, 0.00, 1.00, 0.00, 0.00, 1.00, 0.00, 0.00, 0.00
746, 0, 28.091, 0.88, 1, 0.26, 0.00, 0.03, 0.00, 0.17, 0.00, 0.02, 1.38, 1.06, 1.65, 0.00, 0.60, 0.00, 0.04, 0.85, 0.86, 0.00, 0.00, 0.00, 0.00, 1.00, 0.00, 0.00, 0.00, 1.00, 1.00, 1.00, 0.00, 1.00, 0.00, 1.00, 1.00, 0.00, 0.00, 0.00
747, 0, 28.128, 0.88, 1, 0.38, 0.00, 0.03, 0.00, 0.18, 0.00, 0.20, 1.63, 0.85, 1.27, 0.00, 0.39, 0.01, 0.00, 0.70, 0.95, 0.00, 0.00, 0.00, 0.00, 1.00, 0.00, 0.00, 0.00, 1.00, 1.00, 1.00, 0.00, 0.00, 0.00, 1.00, 0.00, 0.00, 0.00, 0.00
748, 0, 28.166, 0.93, 1, 0.42, 0.00, 0.03, 0.00, 0.06, 0.00, 0.20, 1.96, 0.63, 1.36, 0.00, 0.45, 0.03, 0.00, 0.36, 0.90, 0.00, 0.00, 0.00, 0.00, 1.00, 0.00, 0.00, 0.00, 1.00, 1.00, 1.00, 0.00, 0.00, 0.00, 1.00, 0.00, 0.00, 0.00, 0.00
749, 0, 28.204, 0.98, 1, 0.31, 0.00, 0.00, 0.00, 0.02, 0.00, 0.19, 2.27, 0.47, 1.52, 0.00, 0.46, 0.03, 0.00, 0.15, 0.79, 0.11, 0.00, 0.00, 0.00, 1.00, 0.00, 0.00, 0.00, 0.00, 1.00, 1.00, 0.00, 0.00, 0.00, 1.00, 0.00, 0.00, 0.00, 0.00
750, 0, 28.242, 0.93, 1, 0.35, 0.00, 0.00, 0.00, 0.00, 0.00, 0.13, 1.93, 0.34, 1.51, 0.00, 0.62, 0.02, 0.06, 0.00, 0.42, 0.11, 0.00, 0.00, 0.00, 1.00, 0.00, 0.00, 0.00, 0.00, 1.00, 1.00, 0.00, 0.00, 0.00, 1.00, 0.00, 0.00, 0.00, 0.00
751, 0, 28.279, 0.93, 1, 0.44, 0.00, 0.00, 0.00, 0.00, 0.00, 0.24, 1.65, 0.30, 1.38, 0.00, 0.67, 0.00, 0.10, 0.01, 0.20, 0.11, 0.00, 0.00, 0.00, 1.00, 0.00, 0.00, 0.00, 1.00, 0.00, 1.00, 0.00, 1.00, 0.00, 0.00, 0.00, 0.00, 0.00, 0.00
752, 0, 28.317, 0.93, 1, 0.43, 0.00, 0.00, 0.06, 0.00, 0.00, 0.38, 1.29, 0.28, 1.10, 0.00, 0.43, 0.03, 0.10, 0.02, 0.00, 0.04, 0.00, 0.00, 0.00, 1.00, 0.00, 0.00, 0.00, 1.00, 0.00, 1.00, 1.00, 1.00, 0.00, 0.00, 0.00, 0.00, 0.00, 0.00
753, 0, 28.355, 0.98, 1, 0.30, 0.00, 0.00, 0.06, 0.00, 0.00, 0.44, 1.37, 0.21, 1.05, 0.06, 0.34, 0.23, 0.04, 0.01, 0.06, 0.12, 0.00, 0.00, 0.00, 1.00, 0.00, 0.00, 0.00, 1.00, 0.00, 1.00, 1.00, 0.00, 0.00, 0.00, 0.00, 0.00, 0.00, 0.00
754, 0, 28.392, 0.98, 1, 0.29, 0.00, 0.00, 0.10, 0.01, 0.00, 0.56, 1.38, 0.16, 0.98, 0.06, 0.19, 0.44, 0.00, 0.01, 0.06, 0.12, 0.00, 0.00, 0.00, 1.00, 0.00, 0.00, 0.00, 1.00, 0.00, 1.00, 1.00, 0.00, 0.00, 0.00, 0.00, 0.00, 0.00, 0.00
755, 0, 28.430, 0.98, 1, 0.19, 0.00, 0.00, 0.08, 0.01, 0.00, 0.43, 1.50, 0.12, 0.90, 0.08, 0.27, 0.41, 0.00, 0.00, 0.20, 0.23, 0.00, 0.00, 0.00, 1.00, 0.00, 0.00, 0.00, 1.00, 0.00, 1.00, 1.00, 0.00, 1.00, 1.00, 0.00, 0.00, 0.00, 0.00
756, 0, 28.468, 0.98, 1, 0.16, 0.00, 0.00, 0.07, 0.01, 0.00, 0.30, 1.52, 0.16, 0.93, 0.09, 0.25, 0.25, 0.00, 0.00, 0.35, 0.15, 0.00, 0.00, 0.00, 1.00, 0.00, 0.00, 0.00, 1.00, 0.00, 1.00, 1.00, 0.00, 1.00, 1.00, 0.00, 0.00, 0.00, 0.00
757, 0, 28.505, 0.98, 1, 0.00, 0.00, 0.00, 0.05, 0.03, 0.00, 0.13, 1.45, 0.16, 0.93, 0.12, 0.27, 0.05, 0.00, 0.00, 0.55, 0.15, 0.00, 0.00, 0.00, 1.00, 0.00, 0.00, 0.00, 1.00, 0.00, 1.00, 1.00, 0.00, 1.00, 1.00, 0.00, 0.00, 0.00, 0.00
758, 0, 28.543, 0.98, 1, 0.00, 0.00, 0.01, 0.18, 0.03, 0.00, 0.16, 1.16, 0.18, 1.14, 0.10, 0.20, 0.08, 0.01, 0.00, 0.68, 0.00, 0.00, 0.00, 0.00, 1.00, 0.00, 0.00, 0.00, 1.00, 0.00, 1.00, 1.00, 0.00, 1.00, 1.00, 0.00, 0.00, 0.00, 0.00
759, 0, 28.581, 0.98, 1, 0.00, 0.00, 0.04, 0.18, 0.05, 0.00, 0.16, 1.01, 0.22, 1.31, 0.03, 0.18, 0.04, 0.10, 0.00, 0.83, 0.00, 0.00, 0.00, 0.00, 1.00, 0.00, 0.00, 0.00, 1.00, 0.00, 1.00, 1.00, 0.00, 1.00, 1.00, 0.00, 0.00, 0.00, 0.00
760, 0, 28.619, 0.98, 1, 0.00, 0.00, 0.06, 0.17, 0.02, 0.00, 0.19, 1.33, 0.39, 1.60, 0.00, 0.35, 0.03, 0.13, 0.35, 1.00, 0.00, 0.00, 0.00, 0.00, 1.00, 0.00, 0.00, 0.00, 1.00, 1.00, 1.00, 0.00, 0.00, 0.00, 1.00, 0.00, 0.00, 0.00, 0.00
761, 0, 28.656, 0.98, 1, 0.00, 0.00, 0.06, 0.00, 0.04, 0.00, 0.24, 1.73, 0.53, 1.80, 0.00, 0.60, 0.00, 0.12, 0.64, 1.12, 0.00, 0.00, 0.00, 0.00, 1.00, 0.00, 0.00, 0.00, 1.00, 1.00, 1.00, 0.00, 0.00, 0.00, 1.00, 0.00, 0.00, 0.00, 0.00
762, 0, 28.694, 0.98, 1, 0.00, 0.00, 0.03, 0.11, 0.06, 0.00, 0.17, 2.03, 0.68, 1.76, 0.00, 0.99, 0.11, 0.06, 1.03, 1.16, 0.00, 0.00, 0.00, 0.00, 1.00, 0.00, 0.00, 0.00, 1.00, 1.00, 1.00, 0.00, 0.00, 0.00, 1.00, 0.00, 0.00, 0.00, 0.00
763, 0, 28.732, 0.98, 1, 0.00, 0.00, 0.02, 0.18, 0.16, 0.00, 0.12, 1.87, 0.82, 1.79, 0.00, 1.13, 0.15, 0.04, 1.07, 1.15, 0.00, 0.00, 0.00, 0.00, 1.00, 0.00, 0.00, 0.00, 1.00, 1.00, 1.00, 0.00, 1.00, 0.00, 1.00, 1.00, 0.00, 0.00, 0.00
764, 0, 28.769, 0.98, 1, 0.00, 0.00, 0.00, 0.20, 0.28, 0.00, 0.10, 1.86, 0.90, 1.89, 0.19, 1.31, 0.28, 0.04, 1.05, 0.92, 0.00, 0.00, 0.00, 0.00, 1.00, 0.00, 0.00, 0.00, 1.00, 1.00, 1.00, 0.00, 1.00, 0.00, 1.00, 1.00, 0.00, 0.00, 0.00
765, 0, 28.807, 0.98, 1, 0.00, 0.00, 0.00, 0.09, 0.33, 0.00, 0.16, 1.49, 0.99, 1.84, 0.19, 1.18, 0.19, 0.00, 1.05, 0.94, 0.00, 0.00, 0.00, 0.00, 1.00, 0.00, 0.00, 0.00, 1.00, 1.00, 1.00, 0.00, 1.00, 0.00, 1.00, 1.00, 0.00, 0.00, 0.00
766, 0, 28.845, 0.98, 1, 0.00, 0.00, 0.00, 0.02, 0.30, 0.00, 0.25, 1.38, 0.91, 1.81, 0.19, 0.84, 0.18, 0.00, 0.66, 0.90, 0.00, 0.00, 0.00, 0.00, 1.00, 0.00, 0.00, 0.00, 1.00, 1.00, 1.00, 0.00, 1.00, 0.00, 1.00, 1.00, 0.00, 0.00, 0.00
767, 0, 28.883, 0.98, 1, 0.00, 0.00, 0.00, 0.00, 0.26, 0.00, 0.29, 1.14, 0.88, 1.73, 0.00, 0.48, 0.08, 0.00, 0.39, 1.08, 0.00, 0.00, 0.00, 0.00, 1.00, 0.00, 0.00, 0.00, 1.00, 1.00, 1.00, 0.00, 0.00, 0.00, 1.00, 0.00, 0.00, 0.00, 0.00
768, 0, 28.920, 0.98, 1, 0.00, 0.00, 0.00, 0.00, 0.24, 0.00, 0.33, 1.20, 0.81, 1.94, 0.00, 0.20, 0.11, 0.00, 0.04, 0.92, 0.02, 0.00, 0.00, 0.00, 1.00, 0.00, 0.00, 0.00, 1.00, 1.00, 1.00, 0.00, 0.00, 0.00, 1.00, 0.00, 0.00, 0.00, 0.00
769, 0, 28.958, 0.98, 1, 0.03, 0.00, 0.00, 0.05, 0.19, 0.00, 0.40, 1.15, 0.74, 1.96, 0.00, 0.25, 0.39, 0.00, 0.08, 0.71, 0.02, 0.00, 0.00, 0.00, 1.00, 0.00, 0.00, 0.00, 1.00, 1.00, 1.00, 0.00, 0.00, 0.00, 1.00, 0.00, 0.00, 0.00, 0.00
770, 0, 28.996, 0.98, 1, 0.03, 0.00, 0.00, 0.10, 0.23, 0.13, 0.29, 1.25, 0.60, 1.41, 0.33, 0.58, 0.36, 0.19, 0.08, 0.49, 0.02, 0.00, 0.00, 0.00, 1.00, 0.00, 0.00, 0.00, 1.00, 1.00, 1.00, 0.00, 0.00, 0.00, 1.00, 0.00, 0.00, 0.00, 0.00
771, 0, 29.033, 0.98, 1, 0.03, 0.00, 0.00, 0.29, 0.32, 0.16, 0.31, 1.31, 0.51, 0.91, 0.49, 0.76, 0.30, 0.29, 0.04, 0.52, 0.00, 0.00, 0.00, 0.00, 1.00, 0.00, 0.00, 0.00, 1.00, 0.00, 1.00, 1.00, 0.00, 0.00, 1.00, 0.00, 0.00, 0.00, 0.00
772, 0, 29.071, 0.98, 1, 0.00, 0.00, 0.00, 0.41, 0.42, 0.16, 0.22, 1.35, 0.48, 0.49, 0.64, 0.95, 0.00, 0.38, 0.00, 0.58, 0.00, 0.00, 0.00, 0.00, 1.00, 0.00, 0.00, 0.00, 1.00, 0.00, 1.00, 1.00, 0.00, 0.00, 1.00, 0.00, 0.00, 0.00, 0.00
773, 0, 29.109, 0.98, 1, 0.00, 0.00, 0.00, 0.57, 0.40, 0.05, 0.26, 1.28, 0.48, 0.56, 0.43, 0.77, 0.00, 0.24, 0.00, 0.69, 0.00, 0.00, 0.00, 0.00, 1.00, 0.00, 0.00, 0.00, 1.00, 0.00, 1.00, 1.00, 0.00, 0.00, 1.00, 0.00, 0.00, 0.00, 0.00
774, 0, 29.146, 0.98, 1, 0.00, 0.00, 0.00, 0.58, 0.35, 0.04, 0.22, 1.35, 0.46, 0.44, 0.37, 0.77, 0.00, 0.17, 0.00, 0.66, 0.00, 0.00, 0.00, 0.00, 1.00, 0.00, 0.00, 0.00, 1.00, 0.00, 1.00, 1.00, 0.00, 0.00, 1.00, 0.00, 0.00, 0.00, 0.00
775, 0, 29.184, 0.98, 1, 0.00, 0.00, 0.00, 0.42, 0.28, 0.04, 0.14, 1.59, 0.56, 0.62, 0.22, 0.58, 0.00, 0.12, 0.00, 0.74, 0.00, 0.00, 0.00, 0.00, 1.00, 0.00, 0.00, 0.00, 1.00, 0.00, 1.00, 0.00, 0.00, 0.00, 1.00, 0.00, 0.00, 0.00, 0.00
776, 0, 29.222, 0.98, 1, 0.00, 0.00, 0.00, 0.21, 0.17, 0.01, 0.21, 1.78, 0.60, 1.01, 0.10, 0.58, 0.00, 0.07, 0.00, 0.67, 0.00, 0.00, 0.00, 0.00, 1.00, 0.00, 0.00, 0.00, 1.00, 0.00, 1.00, 0.00, 0.00, 0.00, 1.00, 0.00, 0.00, 0.00, 0.00
777, 0, 29.260, 0.98, 1, 0.00, 0.00, 0.00, 0.03, 0.07, 0.00, 0.29, 2.00, 0.68, 1.63, 0.03, 0.52, 0.00, 0.03, 0.00, 0.62, 0.00, 0.00, 0.00, 0.00, 1.00, 0.00, 0.00, 0.00, 1.00, 1.00, 1.00, 0.00, 0.00, 0.00, 1.00, 0.00, 0.00, 0.00, 0.00
778, 0, 29.297, 0.93, 1, 0.00, 0.00, 0.00, 0.08, 0.00, 0.00, 0.42, 2.08, 0.63, 1.80, 0.09, 0.53, 0.00, 0.00, 0.00, 0.58, 0.00, 0.00, 0.00, 0.00, 1.00, 0.00, 0.00, 0.00, 1.00, 1.00, 1.00, 0.00, 0.00, 0.00, 1.00, 0.00, 0.00, 0.00, 0.00
779, 0, 29.335, 0.93, 1, 0.00, 0.00, 0.00, 0.09, 0.05, 0.03, 0.35, 2.18, 0.65, 1.63, 0.26, 0.39, 0.00, 0.00, 0.04, 0.67, 0.00, 0.00, 0.00, 0.00, 1.00, 0.00, 0.00, 0.00, 1.00, 1.00, 1.00, 0.00, 0.00, 0.00, 1.00, 0.00, 0.00, 0.00, 0.00
780, 0, 29.373, 0.93, 1, 0.04, 0.00, 0.00, 0.12, 0.05, 0.03, 0.31, 1.79, 0.47, 1.31, 0.27, 0.32, 0.01, 0.00, 0.04, 0.51, 0.00, 0.00, 0.00, 0.00, 1.00, 0.00, 0.00, 0.00, 1.00, 0.00, 1.00, 0.00, 0.00, 0.00, 1.00, 0.00, 0.00, 0.00, 0.00
781, 0, 29.410, 0.98, 1, 0.04, 0.00, 0.00, 0.11, 0.05, 0.03, 0.24, 1.35, 0.31, 1.13, 0.21, 0.37, 0.01, 0.00, 0.04, 0.37, 0.00, 0.00, 0.00, 0.00, 1.00, 0.00, 0.00, 0.00, 0.00, 0.00, 1.00, 0.00, 0.00, 0.00, 1.00, 0.00, 0.00, 0.00, 0.00
782, 0, 29.448, 0.98, 1, 0.04, 0.00, 0.00, 0.24, 0.00, 0.00, 0.21, 0.89, 0.18, 1.30, 0.04, 0.48, 0.09, 0.00, 0.00, 0.28, 0.00, 0.00, 0.00, 0.00, 1.00, 0.00, 0.00, 0.00, 0.00, 0.00, 1.00, 0.00, 0.00, 0.00, 0.00, 0.00, 0.00, 0.00, 0.00
783, 0, 29.486, 0.98, 1, 0.00, 0.00, 0.00, 0.18, 0.00, 0.00, 0.14, 0.95, 0.22, 1.52, 0.00, 0.53, 0.09, 0.00, 0.00, 0.36, 0.00, 0.00, 0.00, 0.00, 1.00, 0.00, 0.00, 0.00, 0.00, 0.00, 1.00, 0.00, 0.00, 0.00, 0.00, 0.00, 0.00, 0.00, 0.00
784, 0, 29.524, 0.98, 1, 0.00, 0.00, 0.00, 0.14, 0.08, 0.00, 0.12, 0.91, 0.23, 1.42, 0.10, 0.49, 0.10, 0.00, 0.00, 0.41, 0.00, 0.00, 0.00, 0.00, 1.00, 0.00, 0.00, 0.00, 0.00, 0.00, 1.00, 0.00, 1.00, 0.00, 0.00, 0.00, 0.00, 0.00, 0.00
785, 0, 29.561, 0.98, 1, 0.08, 0.00, 0.00, 0.02, 0.16, 0.00, 0.11, 1.09, 0.39, 1.09, 0.23, 0.69, 0.02, 0.00, 0.01, 0.50, 0.00, 0.00, 0.00, 0.00, 1.00, 0.00, 0.00, 0.00, 0.00, 0.00, 1.00, 0.00, 1.00, 0.00, 0.00, 0.00, 0.00, 0.00, 0.00
786, 0, 29.599, 0.98, 1, 0.15, 0.00, 0.00, 0.06, 0.19, 0.00, 0.08, 1.21, 0.45, 0.82, 0.38, 0.82, 0.01, 0.00, 0.01, 0.53, 0.00, 0.00, 0.00, 0.00, 1.00, 0.00, 0.00, 0.00, 0.00, 0.00, 1.00, 1.00, 1.00, 0.00, 0.00, 0.00, 0.00, 0.00, 0.00
787, 0, 29.637, 0.98, 1, 0.21, 0.00, 0.00, 0.06, 0.12, 0.00, 0.02, 1.36, 0.48, 0.59, 0.44, 1.03, 0.00, 0.00, 0.15, 0.55, 0.00, 0.00, 0.00, 0.00, 1.00, 0.00, 0.00, 0.00, 0.00, 0.00, 1.00, 1.00, 0.00, 0.00, 0.00, 0.00, 0.00, 0.00, 0.00
788, 0, 29.674, 0.98, 1, 0.20, 0.00, 0.00, 0.08, 0.12, 0.00, 0.02, 1.43, 0.41, 0.54, 0.56, 0.93, 0.00, 0.00, 0.13, 0.42, 0.00, 0.00, 0.00, 0.00, 1.00, 0.00, 0.00, 0.00, 0.00, 0.00, 0.00, 0.00, 0.00, 0.00, 0.00, 0.00, 0.00, 0.00, 0.00
789, 0, 29.712, 0.98, 1, 0.19, 0.00, 0.00, 0.04, 0.16, 0.00, 0.00, 1.49, 0.39, 0.29, 0.74, 0.85, 0.00, 0.00, 0.13, 0.34, 0.00, 0.00, 0.00, 0.00, 1.00, 0.00, 0.00, 0.00, 0.00, 0.00, 0.00, 0.00, 0.00, 0.00, 1.00, 0.00, 0.00, 0.00, 0.00
790, 0, 29.750, 0.98, 1, 0.13, 0.00, 0.00, 0.09, 0.15, 0.00, 0.00, 1.47, 0.30, 0.34, 0.90, 0.58, 0.00, 0.00, 0.00, 0.20, 0.00, 0.00, 0.00, 0.00, 1.00, 0.00, 0.00, 0.00, 0.00, 0.00, 0.00, 0.00, 0.00, 0.00, 1.00, 0.00, 0.00, 0.00, 0.00
791, 0, 29.787, 0.98, 1, 0.05, 0.00, 0.00, 0.15, 0.09, 0.00, 0.00, 1.36, 0.17, 0.30, 0.65, 0.36, 0.00, 0.00, 0.00, 0.08, 0.00, 0.00, 0.00, 0.00, 1.00, 0.00, 0.00, 0.00, 0.00, 0.00, 0.00, 0.00, 0.00, 0.00, 1.00, 0.00, 0.00, 0.00, 0.00
792, 0, 29.825, 0.98, 1, 0.00, 0.00, 0.04, 0.15, 0.01, 0.00, 0.00, 1.19, 0.14, 0.55, 0.32, 0.24, 0.00, 0.00, 0.00, 0.11, 0.00, 0.00, 0.00, 0.00, 1.00, 0.00, 0.00, 0.00, 0.00, 0.00, 0.00, 0.00, 0.00, 0.00, 1.00, 0.00, 0.00, 0.00, 0.00
793, 0, 29.863, 0.98, 1, 0.00, 0.00, 0.04, 0.10, 0.01, 0.00, 0.00, 1.17, 0.20, 0.80, 0.00, 0.15, 0.00, 0.00, 0.00, 0.11, 0.00, 0.00, 0.00, 0.00, 1.00, 0.00, 0.00, 0.00, 0.00, 0.00, 0.00, 0.00, 0.00, 0.00, 1.00, 0.00, 0.00, 0.00, 0.00
794, 0, 29.901, 0.98, 1, 0.00, 0.00, 0.04, 0.13, 0.00, 0.00, 0.00, 1.23, 0.17, 1.12, 0.09, 0.10, 0.00, 0.00, 0.00, 0.21, 0.00, 0.00, 0.00, 0.00, 1.00, 0.00, 0.00, 0.00, 0.00, 0.00, 1.00, 0.00, 0.00, 0.00, 1.00, 0.00, 0.00, 0.00, 0.00
795, 0, 29.938, 0.98, 1, 0.00, 0.00, 0.00, 0.22, 0.01, 0.00, 0.03, 1.42, 0.11, 1.18, 0.34, 0.01, 0.00, 0.00, 0.00, 0.11, 0.00, 0.00, 0.00, 0.00, 1.00, 0.00, 0.00, 0.00, 0.00, 0.00, 1.00, 0.00, 0.00, 0.00, 1.00, 0.00, 0.00, 0.00, 0.00
796, 0, 29.976, 0.98, 1, 0.00, 0.00, 0.00, 0.27, 0.03, 0.00, 0.03, 1.70, 0.12, 1.10, 0.62, 0.14, 0.00, 0.00, 0.00, 0.11, 0.00, 0.00, 0.00, 0.00, 1.00, 0.00, 0.00, 0.00, 0.00, 0.00, 1.00, 0.00, 0.00, 0.00, 1.00, 0.00, 0.00, 0.00, 0.00
797, 0, 30.014, 0.98, 1, 0.00, 0.00, 0.00, 0.25, 0.03, 0.00, 0.03, 1.81, 0.20, 0.95, 0.62, 0.28, 0.00, 0.00, 0.00, 0.00, 0.00, 0.00, 0.00, 0.00, 1.00, 0.00, 0.00, 0.00, 1.00, 0.00, 1.00, 1.00, 0.00, 0.00, 1.00, 0.00, 0.00, 0.00, 0.00
798, 0, 30.051, 0.98, 1, 0.00, 0.00, 0.00, 0.16, 0.02, 0.00, 0.00, 1.84, 0.20, 0.94, 0.70, 0.42, 0.00, 0.00, 0.00, 0.00, 0.00, 0.00, 0.00, 0.00, 1.00, 0.00, 0.00, 0.00, 1.00, 0.00, 1.00, 1.00, 0.00, 0.00, 1.00, 0.00, 0.00, 0.00, 0.00
799, 0, 30.089, 0.98, 1, 0.00, 0.00, 0.00, 0.23, 0.03, 0.01, 0.00, 1.85, 0.16, 0.99, 0.79, 0.51, 0.00, 0.00, 0.00, 0.00, 0.00, 0.00, 0.00, 0.00, 1.00, 0.00, 0.00, 0.00, 1.00, 0.00, 1.00, 1.00, 0.00, 0.00, 1.00, 0.00, 0.00, 0.00, 0.00
800, 0, 30.127, 0.98, 1, 0.00, 0.00, 0.00, 0.11, 0.03, 0.01, 0.09, 1.78, 0.15, 1.15, 0.71, 0.50, 0.02, 0.00, 0.00, 0.23, 0.00, 0.00, 0.00, 0.00, 1.00, 0.00, 0.00, 0.00, 0.00, 0.00, 1.00, 1.00, 0.00, 0.00, 1.00, 0.00, 0.00, 0.00, 0.00
801, 0, 30.165, 0.98, 1, 0.00, 0.00, 0.00, 0.10, 0.03, 0.01, 0.18, 1.75, 0.17, 1.24, 0.38, 0.51, 0.02, 0.00, 0.00, 0.51, 0.00, 0.00, 0.00, 0.00, 1.00, 0.00, 0.00, 0.00, 0.00, 0.00, 1.00, 1.00, 0.00, 0.00, 1.00, 0.00, 0.00, 0.00, 0.00
802, 0, 30.202, 0.98, 1, 0.00, 0.00, 0.00, 0.05, 0.00, 0.00, 0.18, 1.57, 0.24, 1.26, 0.04, 0.41, 0.03, 0.00, 0.00, 0.79, 0.00, 0.00, 0.00, 0.00, 1.00, 0.00, 0.00, 0.00, 0.00, 0.00, 1.00, 1.00, 0.00, 0.00, 1.00, 0.00, 0.00, 0.00, 0.00
803, 0, 30.240, 0.98, 1, 0.00, 0.00, 0.00, 0.05, 0.00, 0.00, 0.12, 1.53, 0.27, 1.19, 0.15, 0.49, 0.04, 0.00, 0.00, 0.83, 0.00, 0.00, 0.00, 0.00, 1.00, 0.00, 0.00, 0.00, 0.00, 0.00, 1.00, 1.00, 0.00, 0.00, 1.00, 0.00, 0.00, 0.00, 0.00
804, 0, 30.278, 0.98, 1, 0.00, 0.00, 0.00, 0.07, 0.00, 0.00, 0.06, 1.49, 0.27, 1.19, 0.25, 0.58, 0.18, 0.00, 0.05, 0.80, 0.00, 0.00, 0.00, 0.00, 1.00, 0.00, 0.00, 0.00, 0.00, 0.00, 1.00, 1.00, 0.00, 0.00, 1.00, 0.00, 0.00, 0.00, 0.00
805, 0, 30.315, 0.98, 1, 0.00, 0.00, 0.00, 0.03, 0.14, 0.00, 0.06, 1.84, 0.36, 0.98, 1.00, 0.75, 0.16, 0.00, 0.23, 0.62, 0.00, 0.00, 0.00, 0.00, 1.00, 0.00, 0.00, 0.00, 0.00, 0.00, 1.00, 1.00, 0.00, 0.00, 1.00, 0.00, 0.00, 0.00, 0.00
806, 0, 30.353, 0.98, 1, 0.00, 0.00, 0.00, 0.03, 0.14, 0.00, 0.02, 2.12, 0.38, 0.77, 1.56, 0.93, 0.14, 0.00, 0.28, 0.43, 0.00, 0.00, 0.00, 0.00, 1.00, 0.00, 0.00, 0.00, 1.00, 0.00, 0.00, 1.00, 1.00, 0.00, 1.00, 0.00, 0.00, 0.00, 0.00
807, 0, 30.391, 0.98, 1, 0.00, 0.00, 0.00, 0.01, 0.15, 0.00, 0.00, 2.36, 0.43, 0.46, 2.18, 1.07, 0.00, 0.00, 0.29, 0.21, 0.00, 0.00, 0.00, 0.00, 1.00, 0.00, 0.00, 0.00, 1.00, 0.00, 0.00, 1.00, 1.00, 0.00, 1.00, 0.00, 0.00, 0.00, 0.00
808, 0, 30.428, 0.98, 1, 0.00, 0.00, 0.00, 0.00, 0.01, 0.00, 0.00, 2.33, 0.35, 0.49, 1.98, 1.04, 0.00, 0.00, 0.22, 0.11, 0.00, 0.00, 0.00, 0.00, 1.00, 0.00, 0.00, 0.00, 1.00, 0.00, 0.00, 1.00, 1.00, 0.00, 1.00, 0.00, 0.00, 0.00, 0.00
809, 0, 30.466, 0.98, 1, 0.00, 0.00, 0.00, 0.05, 0.01, 0.00, 0.00, 2.20, 0.28, 0.46, 2.09, 0.81, 0.00, 0.00, 0.36, 0.04, 0.00, 0.00, 0.00, 0.00, 1.00, 0.00, 0.00, 0.00, 1.00, 0.00, 0.00, 1.00, 1.00, 0.00, 1.00, 0.00, 0.00, 0.00, 0.00
810, 0, 30.504, 0.98, 1, 0.00, 0.00, 0.00, 0.08, 0.00, 0.00, 0.00, 1.82, 0.23, 0.66, 1.37, 0.52, 0.00, 0.00, 0.29, 0.25, 0.00, 0.00, 0.00, 0.00, 1.00, 0.00, 0.00, 0.00, 1.00, 0.00, 0.00, 1.00, 0.00, 0.00, 0.00, 0.00, 0.00, 0.00, 0.00
811, 0, 30.542, 0.98, 1, 0.00, 0.00, 0.00, 0.08, 0.00, 0.00, 0.00, 1.41, 0.18, 0.85, 0.79, 0.29, 0.00, 0.00, 0.19, 0.52, 0.00, 0.00, 0.00, 0.00, 1.00, 0.00, 0.00, 0.00, 0.00, 0.00, 1.00, 1.00, 0.00, 0.00, 0.00, 0.00, 0.00, 0.00, 0.00
812, 0, 30.579, 0.98, 1, 0.00, 0.00, 0.00, 0.04, 0.00, 0.00, 0.00, 1.20, 0.28, 1.23, 0.00, 0.18, 0.00, 0.00, 0.04, 0.85, 0.02, 0.00, 0.00, 0.00, 1.00, 0.00, 0.00, 0.00, 0.00, 0.00, 1.00, 1.00, 0.00, 0.00, 0.00, 0.00, 0.00, 0.00, 0.00
813, 0, 30.617, 0.98, 1, 0.00, 0.00, 0.00, 0.00, 0.00, 0.00, 0.00, 1.25, 0.37, 1.46, 0.00, 0.08, 0.00, 0.00, 0.04, 0.85, 0.04, 0.00, 0.00, 0.00, 1.00, 0.00, 0.00, 0.00, 0.00, 0.00, 1.00, 0.00, 0.00, 0.00, 0.00, 0.00, 0.00, 0.00, 0.00
814, 0, 30.655, 0.98, 1, 0.00, 0.00, 0.00, 0.00, 0.00, 0.00, 0.02, 1.40, 0.42, 1.67, 0.00, 0.13, 0.00, 0.00, 0.09, 0.95, 0.04, 0.00, 0.00, 0.00, 1.00, 0.00, 0.00, 0.00, 0.00, 0.00, 1.00, 0.00, 0.00, 0.00, 0.00, 0.00, 0.00, 0.00, 0.00
815, 0, 30.692, 0.98, 1, 0.02, 0.00, 0.00, 0.00, 0.00, 0.00, 0.02, 1.41, 0.40, 1.36, 0.00, 0.17, 0.00, 0.00, 0.05, 0.62, 0.02, 0.00, 0.00, 0.00, 1.00, 0.00, 0.00, 0.00, 0.00, 0.00, 1.00, 1.00, 0.00, 0.00, 0.00, 0.00, 0.00, 0.00, 0.00
816, 0, 30.730, 0.98, 1, 0.02, 0.00, 0.00, 0.04, 0.00, 0.00, 0.02, 1.48, 0.34, 0.84, 0.07, 0.26, 0.00, 0.00, 0.05, 0.42, 0.00, 0.00, 0.00, 0.00, 1.00, 0.00, 0.00, 0.00, 0.00, 0.00, 0.00, 1.00, 0.00, 0.00, 0.00, 0.00, 0.00, 0.00, 0.00
817, 0, 30.768, 0.98, 1, 0.02, 0.00, 0.00, 0.15, 0.00, 0.00, 0.00, 1.52, 0.30, 0.36, 0.07, 0.47, 0.00, 0.00, 0.00, 0.11, 0.00, 0.00, 0.00, 0.00, 1.00, 0.00, 0.00, 0.00, 0.00, 0.00, 0.00, 0.00, 0.00, 0.00, 0.00, 0.00, 0.00, 0.00, 0.00
818, 0, 30.806, 0.98, 1, 0.00, 0.00, 0.00, 0.15, 0.00, 0.00, 0.02, 1.55, 0.30, 0.38, 0.07, 0.54, 0.00, 0.00, 0.00, 0.28, 0.00, 0.00, 0.00, 0.00, 1.00, 0.00, 0.00, 0.00, 0.00, 0.00, 0.00, 0.00, 0.00, 0.00, 0.00, 0.00, 0.00, 0.00, 0.00
819, 0, 30.843, 0.98, 1, 0.00, 0.00, 0.00, 0.11, 0.00, 0.00, 0.04, 1.55, 0.34, 0.55, 0.00, 0.61, 0.00, 0.00, 0.00, 0.38, 0.00, 0.00, 0.00, 0.00, 1.00, 0.00, 0.00, 0.00, 0.00, 0.00, 0.00, 0.00, 0.00, 0.00, 0.00, 0.00, 0.00, 0.00, 0.00
820, 0, 30.881, 0.98, 1, 0.00, 0.00, 0.00, 0.06, 0.03, 0.00, 0.04, 1.54, 0.32, 0.63, 0.00, 0.67, 0.00, 0.00, 0.00, 0.57, 0.00, 0.00, 0.00, 0.00, 1.00, 0.00, 0.00, 0.00, 0.00, 0.00, 0.00, 0.00, 0.00, 0.00, 0.00, 0.00, 0.00, 0.00, 0.00
821, 0, 30.919, 0.98, 1, 0.00, 0.00, 0.00, 0.06, 0.04, 0.00, 0.02, 1.67, 0.25, 0.68, 0.00, 0.79, 0.00, 0.00, 0.00, 0.81, 0.00, 0.00, 0.00, 0.00, 1.00, 0.00, 0.00, 0.00, 0.00, 0.00, 0.00, 0.00, 0.00, 0.00, 1.00, 0.00, 0.00, 0.00, 0.00
822, 0, 30.956, 0.98, 1, 0.00, 0.00, 0.00, 0.06, 0.04, 0.00, 0.00, 1.72, 0.23, 0.71, 0.00, 0.81, 0.00, 0.00, 0.00, 1.07, 0.00, 0.00, 0.00, 0.00, 1.00, 0.00, 0.00, 0.00, 0.00, 0.00, 0.00, 0.00, 0.00, 0.00, 1.00, 0.00, 0.00, 0.00, 0.00
823, 0, 30.994, 0.98, 1, 0.00, 0.00, 0.00, 0.00, 0.01, 0.00, 0.00, 1.73, 0.28, 0.86, 0.00, 0.62, 0.00, 0.00, 0.00, 1.15, 0.00, 0.00, 0.00, 0.00, 1.00, 0.00, 0.00, 0.00, 0.00, 0.00, 0.00, 0.00, 0.00, 0.00, 1.00, 0.00, 0.00, 0.00, 0.00
824, 0, 31.032, 0.98, 1, 0.00, 0.00, 0.00, 0.05, 0.00, 0.00, 0.01, 1.67, 0.31, 0.90, 0.00, 0.50, 0.00, 0.00, 0.00, 1.06, 0.00, 0.00, 0.00, 0.00, 1.00, 0.00, 0.00, 0.00, 0.00, 0.00, 0.00, 0.00, 0.00, 0.00, 1.00, 0.00, 0.00, 0.00, 0.00
825, 0, 31.069, 0.98, 1, 0.00, 0.00, 0.00, 0.05, 0.00, 0.00, 0.01, 1.61, 0.33, 1.13, 0.10, 0.43, 0.00, 0.00, 0.00, 0.99, 0.00, 0.00, 0.00, 0.00, 1.00, 0.00, 0.00, 0.00, 0.00, 0.00, 0.00, 0.00, 0.00, 0.00, 1.00, 0.00, 0.00, 0.00, 0.00
826, 0, 31.107, 0.98, 1, 0.00, 0.00, 0.00, 0.05, 0.00, 0.00, 0.01, 1.55, 0.35, 1.26, 0.10, 0.35, 0.00, 0.00, 0.00, 1.06, 0.00, 0.00, 0.00, 0.00, 1.00, 0.00, 0.00, 0.00, 0.00, 0.00, 0.00, 0.00, 0.00, 0.00, 1.00, 0.00, 0.00, 0.00, 0.00
827, 0, 31.145, 0.98, 1, 0.00, 0.00, 0.00, 0.00, 0.00, 0.00, 0.02, 1.49, 0.39, 1.41, 0.10, 0.31, 0.00, 0.00, 0.04, 1.16, 0.14, 0.00, 0.00, 0.00, 1.00, 0.00, 0.00, 0.00, 0.00, 0.00, 0.00, 0.00, 0.00, 0.00, 0.00, 0.00, 0.00, 0.00, 0.00
828, 0, 31.183, 0.98, 1, 0.00, 0.00, 0.00, 0.05, 0.00, 0.00, 0.03, 1.54, 0.40, 1.30, 0.00, 0.36, 0.00, 0.00, 0.04, 1.26, 0.14, 0.00, 0.00, 0.00, 1.00, 0.00, 0.00, 0.00, 0.00, 0.00, 0.00, 0.00, 0.00, 0.00, 0.00, 0.00, 0.00, 0.00, 0.00
829, 0, 31.220, 0.98, 1, 0.00, 0.00, 0.03, 0.23, 0.00, 0.00, 0.09, 1.50, 0.36, 1.18, 0.00, 0.47, 0.00, 0.00, 0.04, 1.13, 0.14, 0.00, 0.00, 0.00, 1.00, 0.00, 0.00, 0.00, 0.00, 0.00, 0.00, 0.00, 0.00, 0.00, 0.00, 0.00, 0.00, 0.00, 0.00
830, 0, 31.258, 0.98, 1, 0.00, 0.00, 0.03, 0.23, 0.01, 0.00, 0.07, 1.54, 0.21, 0.96, 0.27, 0.50, 0.07, 0.00, 0.09, 0.77, 0.00, 0.00, 0.00, 0.00, 1.00, 0.00, 0.00, 0.00, 0.00, 0.00, 0.00, 0.00, 0.00, 0.00, 1.00, 0.00, 0.00, 0.00, 0.00
831, 0, 31.296, 0.98, 1, 0.00, 0.00, 0.03, 0.17, 0.01, 0.00, 0.06, 1.58, 0.08, 0.75, 0.47, 0.50, 0.17, 0.00, 0.15, 0.36, 0.00, 0.00, 0.00, 0.00, 1.00, 0.00, 0.00, 0.00, 0.00, 0.00, 0.00, 0.00, 0.00, 0.00, 1.00, 0.00, 0.00, 0.00, 0.00
832, 0, 31.333, 0.98, 1, 0.00, 0.00, 0.00, 0.00, 0.09, 0.00, 0.00, 1.62, 0.02, 0.53, 0.69, 0.31, 0.17, 0.00, 0.34, 0.18, 0.00, 0.00, 0.00, 0.00, 1.00, 0.00, 0.00, 0.00, 0.00, 0.00, 0.00, 0.00, 0.00, 1.00, 1.00, 0.00, 0.00, 0.00, 0.00
833, 0, 31.371, 0.98, 1, 0.00, 0.00, 0.00, 0.00, 0.08, 0.00, 0.00, 1.61, 0.06, 0.47, 0.47, 0.30, 0.28, 0.00, 0.34, 0.28, 0.00, 0.00, 0.00, 0.00, 1.00, 0.00, 0.00, 0.00, 0.00, 0.00, 0.00, 0.00, 0.00, 1.00, 1.00, 0.00, 0.00, 0.00, 0.00
834, 0, 31.409, 0.98, 1, 0.00, 0.00, 0.00, 0.00, 0.08, 0.00, 0.00, 1.70, 0.06, 0.48, 0.38, 0.37, 0.29, 0.00, 0.30, 0.57, 0.08, 0.00, 0.00, 0.00, 1.00, 0.00, 0.00, 0.00, 0.00, 0.00, 0.00, 0.00, 0.00, 1.00, 1.00, 0.00, 0.00, 0.00, 0.00
835, 0, 31.446, 0.98, 1, 0.00, 0.00, 0.00, 0.00, 0.00, 0.18, 0.01, 1.89, 0.09, 0.59, 0.16, 0.53, 0.29, 0.00, 0.11, 0.80, 0.08, 0.00, 0.00, 0.00, 1.00, 0.00, 0.00, 0.00, 0.00, 0.00, 0.00, 0.00, 0.00, 0.00, 1.00, 0.00, 0.00, 0.00, 0.00
836, 0, 31.484, 0.98, 1, 0.00, 0.00, 0.00, 0.00, 0.00, 0.32, 0.08, 2.02, 0.14, 0.72, 0.21, 0.56, 0.10, 0.00, 0.02, 0.93, 0.09, 0.00, 0.00, 0.00, 1.00, 0.00, 0.00, 0.00, 0.00, 0.00, 0.00, 0.00, 0.00, 0.00, 0.00, 0.00, 0.00, 0.00, 0.00
837, 0, 31.522, 0.98, 1, 0.00, 0.00, 0.00, 0.00, 0.00, 0.32, 0.18, 2.02, 0.23, 0.85, 0.15, 0.50, 0.00, 0.00, 0.00, 0.85, 0.02, 0.00, 0.00, 0.00, 1.00, 0.00, 0.00, 0.00, 0.00, 0.00, 0.00, 0.00, 0.00, 0.00, 0.00, 0.00, 0.00, 0.00, 0.00
838, 0, 31.560, 0.98, 1, 0.02, 0.00, 0.00, 0.00, 0.00, 0.24, 0.22, 2.09, 0.27, 0.76, 0.23, 0.49, 0.00, 0.00, 0.00, 0.99, 0.14, 0.00, 0.00, 0.00, 1.00, 0.00, 0.00, 0.00, 0.00, 0.00, 0.00, 0.00, 0.00, 0.00, 0.00, 0.00, 0.00, 0.00, 0.00
839, 0, 31.597, 0.98, 1, 0.02, 0.00, 0.00, 0.00, 0.00, 0.11, 0.18, 2.13, 0.26, 0.61, 0.20, 0.42, 0.00, 0.00, 0.03, 1.08, 0.13, 0.00, 0.00, 0.00, 1.00, 0.00, 0.00, 0.00, 0.00, 0.00, 0.00, 0.00, 0.00, 0.00, 0.00, 0.00, 0.00, 0.00, 0.00
840, 0, 31.635, 0.98, 1, 0.15, 0.00, 0.00, 0.00, 0.00, 0.20, 0.08, 2.22, 0.19, 0.57, 0.16, 0.42, 0.12, 0.00, 0.03, 1.11, 0.12, 0.00, 0.00, 0.00, 1.00, 0.00, 0.00, 0.00, 0.00, 0.00, 0.00, 0.00, 0.00, 0.00, 0.00, 0.00, 0.00, 0.00, 0.00
841, 0, 31.673, 0.98, 1, 0.22, 0.00, 0.00, 0.00, 0.00, 0.10, 0.10, 1.89, 0.19, 0.69, 0.08, 0.36, 0.12, 0.00, 0.03, 1.00, 0.00, 0.00, 0.00, 0.00, 1.00, 0.00, 0.00, 0.00, 0.00, 0.00, 0.00, 0.00, 0.00, 0.00, 0.00, 0.00, 0.00, 0.00, 0.00
842, 0, 31.710, 0.98, 1, 0.25, 0.00, 0.00, 0.00, 0.00, 0.10, 0.16, 1.73, 0.24, 0.91, 0.00, 0.38, 0.12, 0.00, 0.00, 0.88, 0.00, 0.00, 0.00, 0.00, 1.00, 0.00, 0.00, 0.00, 0.00, 0.00, 0.00, 0.00, 0.00, 0.00, 0.00, 0.00, 0.00, 0.00, 0.00
843, 0, 31.748, 0.98, 1, 0.19, 0.00, 0.00, 0.00, 0.00, 0.00, 0.30, 1.43, 0.32, 0.96, 0.00, 0.34, 0.00, 0.00, 0.00, 0.91, 0.00, 0.00, 0.00, 0.00, 1.00, 0.00, 0.00, 0.00, 0.00, 0.00, 0.00, 0.00, 0.00, 0.00, 0.00, 0.00, 0.00, 0.00, 0.00
844, 0, 31.786, 0.98, 1, 0.20, 0.00, 0.00, 0.00, 0.00, 0.00, 0.34, 1.46, 0.29, 1.05, 0.00, 0.40, 0.00, 0.00, 0.00, 0.94, 0.00, 0.00, 0.00, 0.00, 1.00, 0.00, 0.00, 0.00, 0.00, 0.00, 0.00, 0.00, 0.00, 0.00, 1.00, 0.00, 0.00, 0.00, 0.00
845, 0, 31.824, 0.98, 1, 0.18, 0.00, 0.00, 0.00, 0.00, 0.00, 0.24, 1.58, 0.22, 1.00, 0.16, 0.58, 0.00, 0.00, 0.00, 0.96, 0.00, 0.00, 0.00, 0.00, 1.00, 0.00, 0.00, 0.00, 0.00, 0.00, 0.00, 0.00, 0.00, 0.00, 1.00, 0.00, 0.00, 0.00, 0.00
846, 0, 31.861, 0.98, 1, 0.11, 0.00, 0.00, 0.00, 0.00, 0.00, 0.09, 1.59, 0.19, 0.86, 0.16, 0.60, 0.00, 0.00, 0.00, 0.95, 0.00, 0.00, 0.00, 0.00, 1.00, 0.00, 0.00, 0.00, 0.00, 0.00, 0.00, 0.00, 0.00, 0.00, 1.00, 0.00, 0.00, 0.00, 0.00
847, 0, 31.899, 0.98, 1, 0.01, 0.00, 0.00, 0.00, 0.00, 0.00, 0.00, 1.59, 0.24, 0.56, 0.18, 0.57, 0.00, 0.00, 0.00, 0.93, 0.00, 0.00, 0.00, 0.00, 1.00, 0.00, 0.00, 0.00, 0.00, 0.00, 0.00, 0.00, 0.00, 0.00, 1.00, 0.00, 0.00, 0.00, 0.00
848, 0, 31.937, 0.98, 1, 0.00, 0.00, 0.00, 0.00, 0.00, 0.00, 0.06, 1.52, 0.30, 0.24, 0.09, 0.38, 0.00, 0.00, 0.00, 0.86, 0.00, 0.00, 0.00, 0.00, 1.00, 0.00, 0.00, 0.00, 0.00, 0.00, 0.00, 0.00, 0.00, 0.00, 1.00, 0.00, 0.00, 0.00, 0.00
849, 0, 31.974, 0.98, 1, 0.00, 0.00, 0.00, 0.00, 0.00, 0.00, 0.13, 1.69, 0.37, 0.06, 0.17, 0.34, 0.00, 0.00, 0.00, 0.77, 0.00, 0.00, 0.00, 0.00, 1.00, 0.00, 0.00, 0.00, 0.00, 0.00, 0.00, 0.00, 0.00, 0.00, 1.00, 0.00, 0.00, 0.00, 0.00
850, 0, 32.012, 0.98, 1, 0.13, 0.00, 0.02, 0.21, 0.00, 0.00, 0.13, 1.61, 0.30, 0.28, 0.14, 0.49, 0.00, 0.00, 0.00, 0.70, 0.00, 0.00, 0.00, 0.00, 1.00, 0.00, 0.00, 0.00, 0.00, 0.00, 0.00, 0.00, 0.00, 0.00, 1.00, 0.00, 0.00, 0.00, 0.00
851, 0, 32.050, 0.98, 1, 0.21, 0.00, 0.03, 0.34, 0.00, 0.00, 0.11, 1.38, 0.21, 0.67, 0.07, 0.64, 0.00, 0.00, 0.00, 0.75, 0.00, 0.00, 0.00, 0.00, 1.00, 0.00, 0.00, 0.00, 0.00, 0.00, 0.00, 0.00, 0.00, 0.00, 1.00, 0.00, 0.00, 0.00, 0.00
852, 0, 32.087, 0.98, 1, 0.26, 0.00, 0.05, 0.45, 0.00, 0.07, 0.24, 1.29, 0.12, 1.06, 0.09, 0.74, 0.00, 0.00, 0.00, 0.80, 0.00, 0.00, 0.00, 0.00, 1.00, 0.00, 0.00, 0.00, 0.00, 0.00, 0.00, 0.00, 0.00, 0.00, 1.00, 0.00, 0.00, 0.00, 0.00
853, 0, 32.125, 0.98, 1, 0.13, 0.00, 0.03, 0.30, 0.00, 0.07, 0.36, 1.44, 0.08, 1.15, 0.33, 0.62, 0.00, 0.00, 0.00, 0.63, 0.00, 0.00, 0.00, 0.00, 1.00, 0.00, 0.00, 0.00, 0.00, 0.00, 0.00, 0.00, 0.00, 0.00, 1.00, 0.00, 0.00, 0.00, 0.00
854, 0, 32.163, 0.98, 1, 0.12, 0.00, 0.02, 0.22, 0.00, 0.07, 0.41, 1.50, 0.05, 1.17, 0.33, 0.60, 0.00, 0.00, 0.00, 0.41, 0.00, 0.00, 0.00, 0.00, 1.00, 0.00, 0.00, 0.00, 0.00, 0.00, 0.00, 0.00, 0.00, 0.00, 1.00, 0.00, 0.00, 0.00, 0.00
855, 0, 32.201, 0.98, 1, 0.07, 0.00, 0.00, 0.12, 0.00, 0.00, 0.21, 1.47, 0.07, 1.19, 0.38, 0.40, 0.00, 0.00, 0.00, 0.39, 0.00, 0.00, 0.00, 0.00, 1.00, 0.00, 0.00, 0.00, 0.00, 0.00, 1.00, 0.00, 0.00, 0.00, 1.00, 0.00, 0.00, 0.00, 0.00
856, 0, 32.238, 0.98, 1, 0.09, 0.00, 0.00, 0.05, 0.00, 0.00, 0.09, 1.42, 0.12, 1.22, 0.20, 0.26, 0.00, 0.00, 0.00, 0.50, 0.00, 0.00, 0.00, 0.00, 1.00, 0.00, 0.00, 0.00, 0.00, 0.00, 0.00, 0.00, 0.00, 0.00, 1.00, 0.00, 0.00, 0.00, 0.00
857, 0, 32.276, 0.98, 1, 0.03, 0.00, 0.00, 0.00, 0.00, 0.00, 0.00, 1.43, 0.11, 1.26, 0.20, 0.10, 0.00, 0.00, 0.00, 0.60, 0.00, 0.00, 0.00, 0.00, 1.00, 0.00, 0.00, 0.00, 0.00, 0.00, 0.00, 0.00, 0.00, 0.00, 1.00, 0.00, 0.00, 0.00, 0.00
858, 0, 32.314, 0.98, 1, 0.06, 0.00, 0.00, 0.00, 0.00, 0.00, 0.05, 1.34, 0.09, 1.28, 0.06, 0.21, 0.00, 0.00, 0.00, 0.67, 0.00, 0.00, 0.00, 0.00, 1.00, 0.00, 0.00, 0.00, 0.00, 0.00, 0.00, 0.00, 0.00, 0.00, 1.00, 0.00, 0.00, 0.00, 0.00
859, 0, 32.351, 0.98, 1, 0.06, 0.00, 0.00, 0.00, 0.00, 0.00, 0.09, 1.29, 0.06, 1.24, 0.08, 0.31, 0.00, 0.00, 0.00, 0.70, 0.00, 0.00, 0.00, 0.00, 1.00, 0.00, 0.00, 0.00, 0.00, 0.00, 0.00, 0.00, 0.00, 0.00, 1.00, 0.00, 0.00, 0.00, 0.00
860, 0, 32.389, 0.98, 1, 0.17, 0.00, 0.00, 0.00, 0.00, 0.00, 0.09, 1.32, 0.07, 1.01, 0.08, 0.48, 0.00, 0.00, 0.00, 1.04, 0.00, 0.00, 0.00, 0.00, 1.00, 0.00, 0.00, 0.00, 0.00, 0.00, 0.00, 0.00, 0.00, 0.00, 1.00, 0.00, 0.00, 0.00, 0.00
861, 0, 32.427, 0.98, 1, 0.18, 0.00, 0.00, 0.00, 0.00, 0.00, 0.05, 1.46, 0.09, 0.89, 0.08, 0.70, 0.00, 0.00, 0.00, 1.23, 0.00, 0.00, 0.00, 0.00, 1.00, 0.00, 0.00, 0.00, 0.00, 0.00, 0.00, 0.00, 0.00, 0.00, 1.00, 0.00, 0.00, 0.00, 0.00
862, 0, 32.465, 0.98, 1, 0.18, 0.00, 0.00, 0.02, 0.00, 0.00, 0.00, 1.60, 0.12, 0.81, 0.00, 0.93, 0.00, 0.00, 0.00, 1.38, 0.00, 0.00, 0.00, 0.00, 1.00, 0.00, 0.00, 0.00, 0.00, 0.00, 0.00, 0.00, 0.00, 0.00, 1.00, 0.00, 0.00, 0.00, 0.00
863, 0, 32.502, 0.98, 1, 0.06, 0.00, 0.00, 0.02, 0.00, 0.00, 0.00, 1.60, 0.19, 0.84, 0.00, 0.84, 0.00, 0.00, 0.00, 1.40, 0.00, 0.00, 0.00, 0.00, 1.00, 0.00, 0.00, 0.00, 0.00, 0.00, 0.00, 0.00, 0.00, 0.00, 1.00, 0.00, 0.00, 0.00, 0.00
864, 0, 32.540, 0.98, 1, 0.02, 0.00, 0.00, 0.16, 0.00, 0.00, 0.00, 1.55, 0.22, 0.67, 0.00, 0.61, 0.00, 0.00, 0.00, 1.26, 0.00, 0.00, 0.00, 0.00, 1.00, 0.00, 0.00, 0.00, 0.00, 0.00, 0.00, 0.00, 0.00, 0.00, 1.00, 0.00, 0.00, 0.00, 0.00
865, 0, 32.578, 0.98, 1, 0.05, 0.00, 0.00, 0.14, 0.00, 0.00, 0.02, 1.60, 0.30, 0.87, 0.00, 0.27, 0.04, 0.00, 0.00, 1.12, 0.00, 0.00, 0.00, 0.00, 1.00, 0.00, 0.00, 0.00, 0.00, 0.00, 0.00, 0.00, 0.00, 0.00, 1.00, 0.00, 0.00, 0.00, 0.00
866, 0, 32.615, 0.98, 1, 0.06, 0.00, 0.00, 0.14, 0.00, 0.00, 0.10, 1.69, 0.32, 1.15, 0.00, 0.11, 0.04, 0.00, 0.00, 1.03, 0.00, 0.00, 0.00, 0.00, 1.00, 0.00, 0.00, 0.00, 0.00, 0.00, 1.00, 0.00, 0.00, 0.00, 1.00, 0.00, 0.00, 0.00, 0.00
867, 0, 32.653, 0.98, 1, 0.13, 0.00, 0.00, 0.00, 0.00, 0.00, 0.17, 1.66, 0.42, 1.70, 0.04, 0.00, 0.04, 0.00, 0.00, 0.85, 0.09, 0.00, 0.00, 0.00, 1.00, 0.00, 0.00, 0.00, 0.00, 0.00, 1.00, 0.00, 0.00, 0.00, 1.00, 0.00, 0.00, 0.00, 0.00
868, 0, 32.691, 0.98, 1, 0.08, 0.00, 0.00, 0.00, 0.00, 0.00, 0.15, 1.52, 0.41, 1.73, 0.04, 0.00, 0.00, 0.00, 0.00, 0.89, 0.09, 0.00, 0.00, 0.00, 1.00, 0.00, 0.00, 0.00, 0.00, 0.00, 1.00, 0.00, 0.00, 0.00, 1.00, 0.00, 0.00, 0.00, 0.00
869, 0, 32.728, 0.98, 1, 0.07, 0.00, 0.00, 0.00, 0.00, 0.00, 0.11, 1.36, 0.35, 1.63, 0.04, 0.00, 0.00, 0.00, 0.00, 0.85, 0.09, 0.00, 0.00, 0.00, 1.00, 0.00, 0.00, 0.00, 0.00, 0.00, 1.00, 0.00, 0.00, 0.00, 1.00, 0.00, 0.00, 0.00, 0.00
870, 0, 32.766, 0.98, 1, 0.05, 0.00, 0.00, 0.00, 0.01, 0.00, 0.07, 1.49, 0.24, 1.25, 0.00, 0.08, 0.09, 0.00, 0.00, 0.96, 0.01, 0.00, 0.00, 0.00, 1.00, 0.00, 0.00, 0.00, 0.00, 0.00, 1.00, 0.00, 0.00, 0.00, 1.00, 0.00, 0.00, 0.00, 0.00
871, 0, 32.804, 0.98, 1, 0.09, 0.00, 0.00, 0.00, 0.01, 0.00, 0.08, 1.65, 0.18, 1.13, 0.03, 0.23, 0.09, 0.00, 0.00, 0.94, 0.01, 0.00, 0.00, 0.00, 1.00, 0.00, 0.00, 0.00, 0.00, 1.00, 1.00, 0.00, 0.00, 0.00, 1.00, 0.00, 0.00, 0.00, 0.00
872, 0, 32.842, 0.98, 1, 0.32, 0.04, 0.08, 0.00, 0.01, 0.00, 0.12, 1.76, 0.22, 1.29, 0.03, 0.31, 0.09, 0.00, 0.00, 0.71, 0.01, 0.00, 0.00, 0.00, 1.00, 0.00, 0.00, 0.00, 0.00, 1.00, 1.00, 0.00, 0.00, 0.00, 1.00, 0.00, 0.00, 0.00, 0.00
873, 0, 32.879, 0.98, 1, 0.32, 0.04, 0.08, 0.00, 0.10, 0.00, 0.09, 1.75, 0.40, 2.03, 0.03, 0.60, 0.13, 0.00, 0.07, 0.88, 0.00, 0.00, 0.00, 0.00, 1.00, 0.00, 0.00, 0.00, 0.00, 1.00, 1.00, 0.00, 1.00, 0.00, 1.00, 0.00, 0.00, 0.00, 0.00
874, 0, 32.917, 0.98, 1, 0.30, 0.04, 0.08, 0.00, 0.21, 0.00, 0.08, 1.81, 0.62, 2.81, 0.00, 0.82, 0.36, 0.03, 0.31, 1.16, 0.00, 0.00, 0.00, 0.00, 1.00, 0.00, 0.00, 0.00, 1.00, 1.00, 1.00, 0.00, 1.00, 0.00, 1.00, 0.00, 0.00, 0.00, 0.00
875, 0, 32.955, 0.98, 1, 0.24, 0.00, 0.00, 0.00, 0.31, 0.00, 0.00, 1.70, 0.84, 2.79, 0.02, 1.27, 0.36, 0.14, 0.63, 1.46, 0.00, 0.00, 0.00, 0.00, 1.00, 0.00, 0.00, 0.00, 1.00, 1.00, 1.00, 0.00, 1.00, 0.00, 1.00, 0.00, 0.00, 0.00, 0.00
876, 0, 32.992, 0.98, 1, 0.39, 0.00, 0.00, 0.04, 0.32, 0.00, 0.00, 1.46, 0.89, 2.34, 0.09, 1.43, 0.24, 0.25, 0.85, 1.39, 0.00, 0.00, 0.00, 0.00, 1.00, 0.00, 0.00, 0.00, 1.00, 1.00, 1.00, 0.00, 1.00, 0.00, 1.00, 0.00, 0.00, 0.00, 0.00
877, 0, 33.030, 0.98, 1, 0.46, 0.00, 0.00, 0.06, 0.29, 0.00, 0.00, 1.22, 0.78, 1.71, 0.09, 1.34, 0.16, 0.31, 0.67, 1.10, 0.00, 0.00, 0.00, 0.00, 1.00, 0.00, 0.00, 0.00, 1.00, 1.00, 1.00, 0.00, 1.00, 0.00, 1.00, 0.00, 0.00, 0.00, 0.00
878, 0, 33.068, 0.98, 1, 0.33, 0.00, 0.00, 0.06, 0.19, 0.00, 0.00, 1.19, 0.58, 1.69, 0.14, 1.05, 0.28, 0.20, 0.34, 0.69, 0.00, 0.00, 0.00, 0.00, 1.00, 0.00, 0.00, 0.00, 1.00, 0.00, 1.00, 1.00, 1.00, 0.00, 1.00, 0.00, 0.00, 0.00, 0.00
879, 0, 33.106, 0.98, 1, 0.12, 0.00, 0.00, 0.02, 0.08, 0.00, 0.01, 1.23, 0.41, 1.54, 0.25, 0.78, 0.28, 0.09, 0.06, 0.31, 0.00, 0.00, 0.00, 0.00, 1.00, 0.00, 0.00, 0.00, 1.00, 0.00, 1.00, 0.00, 1.00, 0.00, 1.00, 0.00, 0.00, 0.00, 0.00
880, 0, 33.143, 0.98, 1, 0.03, 0.00, 0.00, 0.00, 0.10, 0.07, 0.03, 1.33, 0.41, 1.33, 0.37, 0.93, 0.12, 0.02, 0.00, 0.28, 0.00, 0.00, 0.00, 0.00, 1.00, 0.00, 0.00, 0.00, 1.00, 0.00, 1.00, 0.00, 0.00, 0.00, 1.00, 0.00, 0.00, 0.00, 0.00
881, 0, 33.181, 0.98, 1, 0.13, 0.00, 0.00, 0.09, 0.20, 0.07, 0.03, 1.41, 0.46, 1.25, 0.31, 0.87, 0.20, 0.02, 0.00, 0.24, 0.00, 0.00, 1.00, 0.00, 1.00, 0.00, 0.00, 0.00, 1.00, 0.00, 1.00, 0.00, 0.00, 0.00, 1.00, 0.00, 0.00, 0.00, 0.00
882, 0, 33.219, 0.98, 1, 0.26, 0.00, 0.00, 0.18, 0.30, 0.07, 0.02, 1.46, 0.51, 1.29, 0.12, 0.82, 0.30, 0.02, 0.00, 0.24, 0.00, 0.00, 1.00, 0.00, 1.00, 0.00, 0.00, 0.00, 1.00, 0.00, 1.00, 0.00, 0.00, 0.00, 1.00, 0.00, 0.00, 0.00, 0.00
883, 0, 33.256, 0.98, 1, 0.29, 0.00, 0.00, 0.36, 0.30, 0.00, 0.01, 1.34, 0.55, 1.29, 0.02, 0.57, 0.39, 0.00, 0.00, 0.00, 0.00, 0.00, 1.00, 0.00, 1.00, 0.00, 0.00, 0.00, 1.00, 0.00, 1.00, 0.00, 0.00, 0.00, 1.00, 0.00, 0.00, 0.00, 0.00
884, 0, 33.294, 0.98, 1, 0.16, 0.00, 0.00, 0.37, 0.24, 0.11, 0.02, 1.33, 0.63, 1.34, 0.24, 0.63, 0.20, 0.00, 0.00, 0.00, 0.00, 0.00, 1.00, 0.00, 1.00, 0.00, 0.00, 0.00, 1.00, 0.00, 1.00, 0.00, 0.00, 0.00, 1.00, 0.00, 0.00, 0.00, 0.00
885, 0, 33.332, 0.98, 1, 0.03, 0.00, 0.00, 0.36, 0.23, 0.11, 0.02, 1.52, 0.69, 1.16, 0.36, 0.75, 0.15, 0.00, 0.00, 0.07, 0.00, 0.00, 1.00, 0.00, 1.00, 0.00, 0.00, 0.00, 1.00, 0.00, 1.00, 0.00, 0.00, 0.00, 1.00, 0.00, 0.00, 0.00, 0.00
886, 0, 33.369, 0.98, 1, 0.00, 0.00, 0.00, 0.29, 0.14, 0.11, 0.00, 1.60, 0.70, 1.17, 0.52, 0.90, 0.05, 0.00, 0.00, 0.14, 0.00, 0.00, 0.00, 0.00, 1.00, 0.00, 0.00, 0.00, 1.00, 0.00, 1.00, 0.00, 1.00, 0.00, 1.00, 0.00, 0.00, 0.00, 0.00
887, 0, 33.407, 0.98, 1, 0.00, 0.00, 0.00, 0.19, 0.09, 0.00, 0.00, 1.73, 0.66, 1.02, 0.54, 0.99, 0.05, 0.00, 0.03, 0.14, 0.00, 0.00, 0.00, 0.00, 1.00, 0.00, 0.00, 0.00, 0.00, 0.00, 1.00, 0.00, 1.00, 0.00, 1.00, 0.00, 0.00, 0.00, 0.00
888, 0, 33.445, 0.98, 1, 0.00, 0.00, 0.00, 0.12, 0.01, 0.14, 0.00, 1.53, 0.63, 1.07, 0.65, 0.99, 0.00, 0.00, 0.03, 0.06, 0.00, 0.00, 0.00, 0.00, 1.00, 0.00, 0.00, 0.00, 1.00, 0.00, 1.00, 1.00, 1.00, 0.00, 1.00, 0.00, 0.00, 0.00, 0.00
889, 0, 33.483, 0.98, 1, 0.00, 0.00, 0.00, 0.03, 0.01, 0.23, 0.00, 1.39, 0.60, 0.75, 0.61, 0.98, 0.00, 0.00, 0.03, 0.00, 0.00, 0.00, 0.00, 0.00, 1.00, 0.00, 0.00, 0.00, 1.00, 0.00, 1.00, 1.00, 1.00, 0.00, 1.00, 0.00, 0.00, 0.00, 0.00
890, 0, 33.520, 0.98, 1, 0.00, 0.00, 0.00, 0.03, 0.03, 0.41, 0.00, 1.31, 0.49, 0.76, 0.65, 0.66, 0.07, 0.02, 0.00, 0.00, 0.00, 0.00, 0.00, 0.00, 1.00, 0.00, 0.00, 0.00, 1.00, 0.00, 1.00, 0.00, 0.00, 0.00, 1.00, 0.00, 0.00, 0.00, 0.00
891, 0, 33.558, 0.98, 1, 0.00, 0.00, 0.07, 0.08, 0.03, 0.27, 0.00, 1.31, 0.34, 0.81, 0.70, 0.40, 0.12, 0.04, 0.00, 0.00, 0.00, 0.00, 0.00, 0.00, 1.00, 0.00, 0.00, 0.00, 1.00, 0.00, 1.00, 0.00, 0.00, 0.00, 1.00, 0.00, 0.00, 0.00, 0.00
892, 0, 33.596, 0.98, 1, 0.09, 0.00, 0.07, 0.08, 0.02, 0.18, 0.04, 1.42, 0.20, 1.19, 0.59, 0.19, 0.12, 0.04, 0.00, 0.00, 0.00, 0.00, 0.00, 0.00, 1.00, 0.00, 0.00, 0.00, 0.00, 0.00, 1.00, 0.00, 0.00, 0.00, 1.00, 0.00, 0.00, 0.00, 0.00
893, 0, 33.633, 0.93, 1, 0.09, 0.00, 0.07, 0.17, 0.00, 0.00, 0.04, 1.40, 0.17, 1.27, 0.52, 0.27, 0.05, 0.02, 0.00, 0.00, 0.00, 0.00, 0.00, 0.00, 1.00, 0.00, 0.00, 0.00, 0.00, 0.00, 1.00, 0.00, 0.00, 0.00, 1.00, 0.00, 0.00, 0.00, 0.00
894, 0, 33.671, 0.98, 1, 0.09, 0.00, 0.06, 0.21, 0.00, 0.00, 0.04, 1.35, 0.19, 1.27, 0.45, 0.27, 0.00, 0.00, 0.00, 0.00, 0.00, 0.00, 0.00, 0.00, 1.00, 0.00, 0.00, 0.00, 0.00, 0.00, 1.00, 0.00, 0.00, 0.00, 1.00, 0.00, 0.00, 0.00, 0.00
895, 0, 33.709, 0.98, 1, 0.00, 0.00, 0.06, 0.19, 0.00, 0.00, 0.00, 1.24, 0.25, 1.22, 0.46, 0.29, 0.00, 0.00, 0.00, 0.00, 0.00, 0.00, 0.00, 0.00, 1.00, 0.00, 0.00, 0.00, 0.00, 0.00, 1.00, 0.00, 0.00, 0.00, 1.00, 0.00, 0.00, 0.00, 0.00
896, 0, 33.747, 0.98, 1, 0.00, 0.00, 0.06, 0.10, 0.00, 0.00, 0.00, 1.10, 0.31, 1.07, 0.30, 0.33, 0.00, 0.00, 0.00, 0.00, 0.00, 0.00, 0.00, 0.00, 1.00, 0.00, 0.00, 0.00, 0.00, 0.00, 1.00, 0.00, 0.00, 0.00, 1.00, 0.00, 0.00, 0.00, 0.00
897, 0, 33.784, 0.98, 1, 0.00, 0.00, 0.00, 0.00, 0.00, 0.00, 0.00, 1.08, 0.35, 0.86, 0.09, 0.40, 0.00, 0.00, 0.00, 0.00, 0.00, 0.00, 0.00, 0.00, 1.00, 0.00, 0.00, 0.00, 0.00, 1.00, 1.00, 0.00, 0.00, 0.00, 1.00, 0.00, 0.00, 0.00, 0.00
898, 0, 33.822, 0.98, 1, 0.00, 0.00, 0.00, 0.00, 0.00, 0.00, 0.00, 1.26, 0.44, 1.01, 0.05, 0.50, 0.00, 0.00, 0.00, 0.00, 0.00, 0.00, 0.00, 0.00, 1.00, 0.00, 0.00, 0.00, 0.00, 1.00, 1.00, 0.00, 0.00, 0.00, 1.00, 0.00, 0.00, 0.00, 0.00
899, 0, 33.860, 0.98, 1, 0.00, 0.00, 0.00, 0.00, 0.00, 0.00, 0.05, 1.49, 0.52, 1.27, 0.00, 0.57, 0.00, 0.00, 0.00, 0.00, 0.00, 0.00, 0.00, 0.00, 1.00, 0.00, 0.00, 0.00, 0.00, 1.00, 1.00, 0.00, 0.00, 0.00, 1.00, 0.00, 0.00, 0.00, 0.00
900, 0, 33.897, 0.98, 1, 0.00, 0.00, 0.00, 0.00, 0.01, 0.00, 0.06, 1.52, 0.55, 1.37, 0.00, 0.56, 0.09, 0.01, 0.00, 0.17, 0.00, 0.00, 0.00, 0.00, 1.00, 0.00, 0.00, 0.00, 0.00, 1.00, 1.00, 0.00, 0.00, 0.00, 1.00, 0.00, 0.00, 0.00, 0.00
901, 0, 33.935, 0.98, 1, 0.00, 0.00, 0.00, 0.00, 0.03, 0.00, 0.06, 1.33, 0.55, 1.31, 0.00, 0.51, 0.15, 0.03, 0.00, 0.20, 0.00, 0.00, 0.00, 0.00, 1.00, 0.00, 0.00, 0.00, 0.00, 0.00, 1.00, 0.00, 0.00, 0.00, 1.00, 0.00, 0.00, 0.00, 0.00
902, 0, 33.973, 0.98, 1, 0.00, 0.00, 0.00, 0.06, 0.03, 0.00, 0.01, 1.16, 0.56, 1.19, 0.00, 0.43, 0.15, 0.03, 0.00, 0.21, 0.00, 0.00, 0.00, 0.00, 1.00, 0.00, 0.00, 0.00, 0.00, 0.00, 1.00, 0.00, 0.00, 0.00, 1.00, 0.00, 0.00, 0.00, 0.00
903, 0, 34.010, 0.98, 1, 0.00, 0.00, 0.00, 0.13, 0.02, 0.00, 0.00, 1.15, 0.59, 1.41, 0.00, 0.41, 0.07, 0.02, 0.00, 0.05, 0.00, 0.00, 0.00, 0.00, 1.00, 0.00, 0.00, 0.00, 0.00, 0.00, 1.00, 0.00, 0.00, 0.00, 1.00, 0.00, 0.00, 0.00, 0.00
904, 0, 34.048, 0.98, 1, 0.00, 0.00, 0.00, 0.15, 0.00, 0.00, 0.00, 1.12, 0.59, 1.48, 0.00, 0.36, 0.00, 0.00, 0.00, 0.02, 0.00, 0.00, 0.00, 0.00, 1.00, 0.00, 0.00, 0.00, 0.00, 0.00, 1.00, 0.00, 0.00, 0.00, 1.00, 0.00, 0.00, 0.00, 0.00
905, 0, 34.086, 0.98, 1, 0.00, 0.00, 0.00, 0.09, 0.00, 0.00, 0.00, 1.09, 0.46, 1.57, 0.00, 0.49, 0.00, 0.00, 0.00, 0.08, 0.00, 0.00, 0.00, 0.00, 1.00, 0.00, 0.00, 0.00, 0.00, 0.00, 1.00, 0.00, 0.00, 0.00, 1.00, 0.00, 0.00, 0.00, 0.00
906, 0, 34.124, 0.98, 1, 0.00, 0.00, 0.00, 0.02, 0.00, 0.00, 0.00, 1.18, 0.35, 1.58, 0.00, 0.51, 0.00, 0.00, 0.00, 0.20, 0.00, 0.00, 0.00, 0.00, 1.00, 0.00, 0.00, 0.00, 0.00, 0.00, 1.00, 0.00, 0.00, 0.00, 1.00, 0.00, 0.00, 0.00, 0.00
907, 0, 34.161, 0.98, 1, 0.00, 0.00, 0.00, 0.00, 0.00, 0.00, 0.01, 1.24, 0.21, 1.51, 0.00, 0.55, 0.10, 0.00, 0.00, 0.41, 0.00, 0.00, 0.00, 0.00, 1.00, 0.00, 0.00, 0.00, 0.00, 0.00, 1.00, 0.00, 0.00, 0.00, 1.00, 0.00, 0.00, 0.00, 0.00
908, 0, 34.199, 0.98, 1, 0.00, 0.00, 0.00, 0.00, 0.00, 0.00, 0.01, 1.33, 0.18, 1.37, 0.00, 0.33, 0.30, 0.00, 0.00, 0.60, 0.00, 0.00, 0.00, 0.00, 1.00, 0.00, 0.00, 0.00, 0.00, 0.00, 1.00, 0.00, 0.00, 0.00, 1.00, 0.00, 0.00, 0.00, 0.00
909, 0, 34.237, 0.98, 1, 0.00, 0.00, 0.00, 0.00, 0.00, 0.00, 0.01, 1.38, 0.16, 1.48, 0.00, 0.20, 0.58, 0.00, 0.00, 0.69, 0.00, 0.00, 0.00, 0.00, 1.00, 0.00, 0.00, 0.00, 0.00, 0.00, 1.00, 0.00, 0.00, 0.00, 1.00, 0.00, 0.00, 0.00, 0.00
910, 0, 34.274, 0.98, 1, 0.00, 0.05, 0.00, 0.05, 0.01, 0.00, 0.00, 1.55, 0.14, 1.05, 0.45, 0.39, 0.67, 0.00, 0.13, 0.48, 0.00, 0.00, 0.00, 0.00, 1.00, 0.00, 0.00, 0.00, 0.00, 0.00, 1.00, 0.00, 0.00, 0.00, 1.00, 0.00, 0.00, 0.00, 0.00
911, 0, 34.312, 0.98, 1, 0.00, 0.12, 0.00, 0.13, 0.02, 0.00, 0.00, 1.63, 0.14, 0.72, 0.74, 0.72, 0.69, 0.00, 0.25, 0.20, 0.00, 0.00, 0.00, 0.00, 1.00, 0.00, 0.00, 0.00, 0.00, 0.00, 0.00, 0.00, 0.00, 0.00, 0.00, 0.00, 0.00, 0.00, 0.00
912, 0, 34.350, 0.98, 1, 0.00, 0.12, 0.00, 0.27, 0.07, 0.00, 0.00, 1.82, 0.16, 0.05, 1.24, 0.91, 0.41, 0.00, 0.41, 0.00, 0.00, 0.00, 0.00, 0.00, 1.00, 0.00, 0.00, 0.00, 0.00, 0.00, 0.00, 0.00, 0.00, 0.00, 0.00, 0.00, 0.00, 0.00, 0.00
913, 0, 34.388, 0.98, 1, 0.00, 0.07, 0.00, 0.38, 0.10, 0.00, 0.00, 2.00, 0.24, 0.21, 0.97, 0.83, 0.23, 0.00, 0.39, 0.01, 0.00, 0.00, 0.00, 0.00, 1.00, 0.00, 0.00, 0.00, 1.00, 0.00, 0.00, 0.00, 0.00, 0.00, 0.00, 0.00, 0.00, 0.00, 0.00
914, 0, 34.425, 0.98, 1, 0.00, 0.00, 0.00, 0.30, 0.20, 0.00, 0.00, 2.16, 0.33, 0.35, 0.68, 0.81, 0.00, 0.00, 0.28, 0.02, 0.00, 0.00, 0.00, 0.00, 1.00, 0.00, 0.00, 0.00, 1.00, 0.00, 0.00, 0.00, 0.00, 0.00, 0.00, 0.00, 0.00, 0.00, 0.00
915, 0, 34.463, 0.98, 1, 0.00, 0.00, 0.14, 0.16, 0.29, 0.05, 0.02, 1.94, 0.53, 1.08, 0.23, 0.97, 0.00, 0.11, 0.11, 0.05, 0.00, 0.00, 0.00, 0.00, 1.00, 0.00, 0.00, 0.00, 1.00, 0.00, 0.00, 0.00, 0.00, 0.00, 0.00, 0.00, 0.00, 0.00, 0.00
916, 0, 34.501, 0.98, 1, 0.00, 0.00, 0.14, 0.00, 0.40, 0.05, 0.02, 1.68, 0.65, 1.55, 0.23, 1.08, 0.00, 0.22, 0.00, 0.03, 0.00, 0.00, 0.00, 0.00, 1.00, 0.00, 0.00, 0.00, 1.00, 1.00, 1.00, 0.00, 0.00, 0.00, 1.00, 0.00, 0.00, 0.00, 0.00
917, 0, 34.538, 0.98, 1, 0.00, 0.00, 0.14, 0.00, 0.40, 0.05, 0.02, 1.47, 0.75, 2.07, 0.40, 1.05, 0.00, 0.27, 0.00, 0.03, 0.00, 0.00, 0.00, 0.00, 1.00, 0.00, 0.00, 0.00, 0.00, 1.00, 1.00, 0.00, 1.00, 0.00, 1.00, 0.00, 0.00, 0.00, 0.00
918, 0, 34.576, 0.98, 1, 0.00, 0.00, 0.00, 0.02, 0.39, 0.00, 0.00, 1.33, 0.68, 1.89, 0.65, 1.00, 0.00, 0.27, 0.00, 0.00, 0.00, 0.00, 0.00, 0.00, 1.00, 0.00, 0.00, 0.00, 0.00, 1.00, 1.00, 0.00, 1.00, 0.00, 1.00, 0.00, 0.00, 0.00, 0.00
919, 0, 34.614, 0.98, 1, 0.00, 0.00, 0.00, 0.01, 0.36, 0.00, 0.03, 1.10, 0.64, 1.71, 0.76, 0.89, 0.00, 0.32, 0.00, 0.00, 0.00, 0.00, 0.00, 0.00, 1.00, 0.00, 0.00, 0.00, 0.00, 1.00, 1.00, 0.00, 1.00, 0.00, 1.00, 0.00, 0.00, 0.00, 0.00
920, 0, 34.651, 0.98, 1, 0.00, 0.00, 0.00, 0.06, 0.33, 0.00, 0.03, 1.01, 0.54, 1.65, 0.59, 0.63, 0.00, 0.27, 0.00, 0.00, 0.00, 0.00, 0.00, 0.00, 1.00, 0.00, 0.00, 0.00, 0.00, 1.00, 1.00, 0.00, 0.00, 0.00, 1.00, 0.00, 0.00, 0.00, 0.00
921, 0, 34.689, 0.98, 1, 0.00, 0.00, 0.00, 0.04, 0.25, 0.00, 0.03, 1.10, 0.47, 1.58, 0.30, 0.39, 0.00, 0.15, 0.00, 0.00, 0.00, 0.00, 0.00, 0.00, 1.00, 0.00, 0.00, 0.00, 0.00, 1.00, 1.00, 0.00, 0.00, 0.00, 1.00, 0.00, 0.00, 0.00, 0.00
922, 0, 34.727, 0.98, 1, 0.00, 0.00, 0.00, 0.05, 0.18, 0.00, 0.00, 1.38, 0.48, 1.65, 0.01, 0.22, 0.00, 0.00, 0.07, 0.00, 0.00, 0.00, 0.00, 0.00, 1.00, 0.00, 0.00, 0.00, 0.00, 1.00, 1.00, 0.00, 0.00, 0.00, 1.00, 0.00, 0.00, 0.00, 0.00
923, 0, 34.765, 0.98, 1, 0.14, 0.00, 0.00, 0.35, 0.13, 0.00, 0.00, 1.52, 0.62, 1.56, 0.01, 0.46, 0.12, 0.00, 0.24, 0.07, 0.07, 0.00, 0.00, 0.00, 1.00, 0.00, 0.00, 0.00, 0.00, 1.00, 1.00, 0.00, 0.00, 0.00, 1.00, 0.00, 0.00, 0.00, 0.00
924, 0, 34.802, 0.88, 1, 0.21, 0.00, 0.00, 0.52, 0.12, 0.00, 0.00, 1.59, 0.79, 1.58, 0.10, 0.55, 0.19, 0.00, 0.53, 0.08, 0.35, 0.00, 0.00, 0.00, 1.00, 0.00, 0.00, 0.00, 1.00, 1.00, 1.00, 0.00, 0.00, 0.00, 1.00, 0.00, 0.00, 0.00, 0.00
925, 0, 34.840, 0.98, 1, 0.21, 0.00, 0.00, 0.55, 0.20, 0.00, 0.00, 1.60, 1.05, 1.70, 0.09, 0.77, 0.45, 0.00, 1.02, 0.45, 0.42, 0.00, 0.00, 0.00, 1.00, 0.00, 0.00, 0.00, 1.00, 1.00, 1.00, 0.00, 0.00, 0.00, 1.00, 0.00, 0.00, 0.00, 0.00
926, 0, 34.878, 0.93, 1, 0.07, 0.00, 0.00, 0.22, 0.26, 0.00, 0.00, 1.51, 1.23, 1.74, 0.09, 0.76, 0.60, 0.00, 1.46, 0.76, 0.45, 0.00, 0.00, 0.00, 1.00, 0.00, 0.00, 0.00, 1.00, 1.00, 1.00, 0.00, 0.00, 0.00, 1.00, 1.00, 0.00, 0.00, 0.00
927, 0, 34.915, 0.93, 1, 0.00, 0.00, 0.00, 0.05, 0.22, 0.00, 0.00, 1.52, 1.39, 1.56, 0.00, 1.10, 0.84, 0.00, 1.60, 1.08, 0.23, 0.00, 0.00, 0.00, 1.00, 0.00, 0.00, 0.00, 1.00, 1.00, 1.00, 0.00, 0.00, 0.00, 1.00, 1.00, 0.00, 0.00, 0.00
928, 0, 34.953, 0.93, 1, 0.00, 0.00, 0.00, 0.02, 0.15, 0.00, 0.00, 1.51, 1.38, 1.43, 0.00, 1.13, 0.81, 0.00, 1.53, 0.88, 0.26, 0.00, 0.00, 0.00, 1.00, 0.00, 0.00, 0.00, 1.00, 1.00, 1.00, 0.00, 0.00, 0.00, 1.00, 1.00, 0.00, 0.00, 0.00
929, 0, 34.991, 0.98, 1, 0.00, 0.00, 0.00, 0.00, 0.15, 0.00, 0.01, 1.41, 1.36, 1.27, 0.00, 1.20, 0.79, 0.03, 1.16, 0.50, 0.27, 0.00, 0.00, 0.00, 1.00, 1.00, 0.00, 0.00, 1.00, 1.00, 1.00, 0.00, 0.00, 0.00, 1.00, 1.00, 0.00, 0.00, 0.00
930, 0, 35.029, 0.98, 1, 0.00, 0.00, 0.00, 0.00, 0.32, 0.00, 0.01, 1.22, 1.28, 1.32, 0.00, 0.88, 0.73, 0.03, 0.94, 0.17, 0.21, 0.00, 0.00, 0.00, 1.00, 0.00, 0.00, 0.00, 1.00, 1.00, 1.00, 0.00, 0.00, 0.00, 1.00, 1.00, 0.00, 0.00, 0.00
931, 0, 35.066, 0.98, 1, 0.00, 0.00, 0.00, 0.11, 0.35, 0.00, 0.01, 0.98, 1.25, 1.36, 0.00, 0.84, 0.76, 0.03, 0.72, 0.09, 0.12, 0.00, 0.00, 0.00, 1.00, 0.00, 0.00, 0.00, 1.00, 1.00, 1.00, 0.00, 0.00, 0.00, 1.00, 1.00, 0.00, 0.00, 0.00
932, 0, 35.104, 0.98, 1, 0.09, 0.00, 0.00, 0.18, 0.29, 0.00, 0.02, 1.11, 1.24, 1.42, 0.00, 0.78, 0.78, 0.00, 0.79, 0.23, 0.02, 0.00, 0.00, 0.00, 1.00, 0.00, 0.00, 0.00, 1.00, 1.00, 1.00, 0.00, 0.00, 0.00, 0.00, 1.00, 0.00, 0.00, 0.00
933, 0, 35.142, 0.88, 1, 0.10, 0.00, 0.00, 0.18, 0.22, 0.00, 0.02, 1.28, 1.30, 1.64, 0.00, 0.91, 0.80, 0.00, 1.00, 0.44, 0.00, 0.00, 0.00, 0.00, 1.00, 0.00, 0.00, 0.00, 1.00, 1.00, 1.00, 0.00, 0.00, 0.00, 0.00, 1.00, 0.00, 0.00, 0.00
934, 0, 35.179, 0.88, 1, 0.10, 0.00, 0.00, 0.06, 0.14, 0.00, 0.02, 1.44, 1.29, 1.74, 0.00, 0.85, 0.87, 0.00, 1.21, 0.65, 0.00, 0.00, 0.00, 0.00, 1.00, 0.00, 0.00, 0.00, 1.00, 1.00, 1.00, 0.00, 1.00, 0.00, 0.00, 1.00, 0.00, 0.00, 0.00
935, 0, 35.217, 0.88, 1, 0.02, 0.00, 0.00, 0.00, 0.12, 0.00, 0.00, 1.24, 1.36, 1.85, 0.00, 0.78, 1.00, 0.00, 1.56, 0.62, 0.00, 0.00, 0.00, 0.00, 1.00, 0.00, 0.00, 0.00, 1.00, 1.00, 1.00, 0.00, 1.00, 0.00, 0.00, 1.00, 0.00, 0.00, 0.00
936, 0, 35.255, 0.88, 1, 0.03, 0.00, 0.00, 0.00, 0.03, 0.00, 0.00, 1.07, 1.42, 1.84, 0.00, 0.72, 1.06, 0.00, 1.84, 0.61, 0.00, 0.00, 0.00, 0.00, 1.00, 0.00, 0.00, 0.00, 1.00, 1.00, 1.00, 0.00, 1.00, 0.00, 0.00, 1.00, 0.00, 0.00, 0.00
937, 0, 35.292, 0.88, 1, 0.03, 0.00, 0.00, 0.00, 0.08, 0.00, 0.00, 0.90, 1.52, 1.84, 0.00, 0.73, 0.88, 0.00, 1.87, 0.45, 0.00, 0.00, 0.00, 0.00, 1.00, 0.00, 0.00, 0.00, 1.00, 1.00, 1.00, 0.00, 1.00, 1.00, 0.00, 1.00, 0.00, 0.00, 0.00
938, 0, 35.330, 0.88, 1, 0.02, 0.00, 0.00, 0.00, 0.08, 0.00, 0.00, 0.99, 1.53, 2.12, 0.00, 0.90, 0.82, 0.00, 1.96, 0.76, 0.00, 0.00, 0.00, 0.00, 1.00, 0.00, 0.00, 0.00, 1.00, 1.00, 1.00, 0.00, 1.00, 1.00, 0.00, 1.00, 0.00, 0.00, 0.00
939, 0, 35.368, 0.88, 1, 0.00, 0.00, 0.00, 0.00, 0.11, 0.00, 0.00, 1.11, 1.50, 2.15, 0.00, 0.93, 0.85, 0.00, 1.94, 0.92, 0.00, 0.00, 0.00, 0.00, 1.00, 0.00, 0.00, 0.00, 1.00, 1.00, 1.00, 0.00, 1.00, 1.00, 0.00, 1.00, 0.00, 0.00, 0.00
940, 0, 35.406, 0.88, 1, 0.08, 0.00, 0.00, 0.00, 0.10, 0.00, 0.00, 1.45, 1.49, 2.09, 0.01, 0.95, 0.70, 0.00, 2.03, 1.00, 0.00, 0.00, 1.00, 0.00, 1.00, 0.00, 0.00, 0.00, 1.00, 1.00, 1.00, 0.00, 0.00, 0.00, 1.00, 1.00, 0.00, 0.00, 0.00
941, 0, 35.443, 0.88, 1, 0.08, 0.00, 0.00, 0.00, 0.13, 0.00, 0.00, 1.61, 1.45, 1.66, 0.07, 0.82, 0.38, 0.00, 1.90, 0.85, 0.00, 0.00, 1.00, 0.00, 1.00, 0.00, 0.00, 0.00, 1.00, 1.00, 1.00, 0.00, 0.00, 0.00, 1.00, 1.00, 0.00, 0.00, 0.00
942, 0, 35.481, 0.93, 1, 0.10, 0.00, 0.00, 0.00, 0.17, 0.00, 0.00, 1.71, 1.42, 1.46, 0.20, 0.76, 0.00, 0.00, 1.80, 0.81, 0.00, 0.00, 1.00, 0.00, 1.00, 0.00, 0.00, 0.00, 1.00, 1.00, 1.00, 0.00, 0.00, 0.00, 1.00, 1.00, 0.00, 0.00, 0.00
943, 0, 35.519, 0.93, 1, 0.09, 0.00, 0.00, 0.04, 0.18, 0.00, 0.00, 1.73, 1.41, 1.47, 0.34, 0.78, 0.00, 0.00, 1.89, 0.83, 0.00, 0.00, 1.00, 0.00, 1.00, 0.00, 0.00, 0.00, 1.00, 1.00, 1.00, 0.00, 0.00, 0.00, 1.00, 1.00, 0.00, 0.00, 0.00
944, 0, 35.556, 0.93, 1, 0.20, 0.00, 0.00, 0.04, 0.22, 0.00, 0.00, 1.78, 1.35, 1.59, 0.31, 0.70, 0.00, 0.00, 2.06, 0.78, 0.00, 0.00, 1.00, 0.00, 1.00, 0.00, 0.00, 0.00, 1.00, 1.00, 1.00, 0.00, 0.00, 0.00, 1.00, 1.00, 1.00, 0.00, 0.00
945, 0, 35.594, 0.93, 1, 0.18, 0.00, 0.01, 0.11, 0.27, 0.00, 0.03, 1.73, 1.20, 1.46, 0.38, 0.63, 0.11, 0.00, 2.38, 0.91, 0.00, 0.00, 1.00, 0.00, 1.00, 0.00, 0.00, 0.00, 1.00, 1.00, 1.00, 0.00, 0.00, 0.00, 1.00, 1.00, 1.00, 0.00, 0.00
946, 0, 35.632, 0.98, 1, 0.11, 0.00, 0.04, 0.07, 0.40, 0.00, 0.06, 1.59, 1.02, 1.43, 0.23, 0.62, 0.32, 0.00, 2.32, 1.09, 0.00, 0.00, 1.00, 0.00, 1.00, 0.00, 0.00, 0.00, 1.00, 1.00, 1.00, 0.00, 0.00, 0.00, 1.00, 1.00, 1.00, 0.00, 0.00
947, 0, 35.670, 0.88, 1, 0.00, 0.00, 0.05, 0.07, 0.48, 0.00, 0.06, 1.47, 0.93, 1.39, 0.32, 0.65, 0.53, 0.00, 2.33, 1.34, 0.00, 0.00, 1.00, 0.00, 1.00, 1.00, 0.00, 0.00, 1.00, 1.00, 1.00, 0.00, 0.00, 0.00, 1.00, 1.00, 1.00, 0.00, 0.00
948, 0, 35.707, 0.88, 1, 0.00, 0.00, 0.04, 0.00, 0.49, 0.00, 0.03, 1.32, 1.02, 1.54, 0.25, 0.67, 0.62, 0.00, 2.28, 1.32, 0.00, 0.00, 1.00, 0.00, 1.00, 1.00, 0.00, 0.00, 1.00, 1.00, 1.00, 0.00, 0.00, 0.00, 0.00, 1.00, 1.00, 0.00, 0.00
949, 0, 35.745, 0.98, 1, 0.00, 0.00, 0.01, 0.00, 0.44, 0.00, 0.00, 1.25, 1.18, 1.44, 0.43, 0.71, 0.48, 0.00, 2.30, 1.29, 0.00, 0.00, 1.00, 0.00, 1.00, 1.00, 0.00, 0.00, 1.00, 1.00, 1.00, 0.00, 0.00, 0.00, 0.00, 1.00, 1.00, 0.00, 0.00
950, 0, 35.783, 0.98, 1, 0.00, 0.00, 0.00, 0.00, 0.51, 0.00, 0.00, 1.07, 1.23, 1.12, 0.31, 0.65, 0.27, 0.00, 2.17, 0.84, 0.00, 0.00, 1.00, 0.00, 1.00, 1.00, 0.00, 0.00, 1.00, 1.00, 1.00, 0.00, 0.00, 0.00, 0.00, 1.00, 1.00, 0.00, 0.00
951, 0, 35.820, 0.98, 1, 0.00, 0.00, 0.00, 0.00, 0.62, 0.00, 0.01, 1.03, 1.20, 0.90, 0.26, 0.61, 0.07, 0.00, 1.90, 0.58, 0.00, 0.00, 1.00, 0.00, 1.00, 1.00, 0.00, 0.00, 1.00, 1.00, 0.00, 0.00, 0.00, 0.00, 0.00, 1.00, 0.00, 0.00, 0.00
952, 0, 35.858, 0.98, 1, 0.00, 0.00, 0.00, 0.00, 0.77, 0.00, 0.01, 0.97, 1.16, 0.71, 0.15, 0.49, 0.02, 0.00, 1.72, 0.38, 0.00, 0.00, 0.00, 0.00, 1.00, 1.00, 0.00, 0.00, 1.00, 1.00, 0.00, 0.00, 0.00, 0.00, 0.00, 1.00, 0.00, 0.00, 0.00
953, 0, 35.896, 0.98, 1, 0.00, 0.00, 0.00, 0.00, 0.74, 0.00, 0.03, 0.91, 1.16, 0.65, 0.36, 0.57, 0.13, 0.00, 1.63, 0.42, 0.00, 0.00, 0.00, 0.00, 1.00, 1.00, 0.00, 0.00, 1.00, 1.00, 0.00, 0.00, 0.00, 0.00, 0.00, 1.00, 0.00, 0.00, 0.00
954, 0, 35.933, 0.98, 1, 0.00, 0.00, 0.00, 0.00, 0.71, 0.00, 0.02, 0.87, 1.16, 0.54, 0.51, 0.64, 0.26, 0.00, 1.59, 0.37, 0.00, 0.00, 0.00, 0.00, 1.00, 1.00, 0.00, 0.00, 1.00, 1.00, 0.00, 0.00, 0.00, 0.00, 0.00, 1.00, 0.00, 0.00, 0.00
955, 0, 35.971, 0.98, 1, 0.00, 0.00, 0.00, 0.00, 0.56, 0.00, 0.02, 0.71, 1.19, 0.66, 0.53, 0.77, 0.24, 0.00, 1.42, 0.17, 0.00, 0.00, 1.00, 0.00, 1.00, 1.00, 0.00, 0.00, 1.00, 1.00, 0.00, 0.00, 0.00, 0.00, 0.00, 1.00, 0.00, 0.00, 0.00
956, 0, 36.009, 0.98, 1, 0.00, 0.00, 0.00, 0.00, 0.49, 0.00, 0.08, 0.65, 1.25, 0.98, 0.50, 0.86, 0.13, 0.00, 1.27, 0.13, 0.00, 0.00, 0.00, 0.00, 1.00, 1.00, 0.00, 0.00, 1.00, 1.00, 0.00, 0.00, 0.00, 0.00, 0.00, 1.00, 0.00, 0.00, 0.00
957, 0, 36.047, 0.98, 1, 0.00, 0.00, 0.00, 0.00, 0.51, 0.25, 0.20, 0.70, 1.33, 1.37, 0.46, 1.02, 0.00, 0.00, 1.16, 0.07, 0.00, 0.00, 1.00, 0.00, 1.00, 1.00, 0.00, 0.00, 1.00, 1.00, 0.00, 0.00, 1.00, 0.00, 0.00, 1.00, 0.00, 0.00, 0.00
958, 0, 36.084, 0.98, 1, 0.00, 0.00, 0.00, 0.00, 0.64, 0.36, 0.28, 0.84, 1.32, 1.43, 0.51, 1.13, 0.09, 0.00, 1.31, 0.07, 0.00, 0.00, 1.00, 0.00, 1.00, 1.00, 0.00, 0.00, 1.00, 1.00, 0.00, 0.00, 1.00, 0.00, 0.00, 1.00, 0.00, 0.00, 0.00
959, 0, 36.122, 0.98, 1, 0.00, 0.00, 0.00, 0.00, 0.79, 0.38, 0.26, 0.83, 1.30, 1.24, 0.43, 1.12, 0.26, 0.01, 1.33, 0.03, 0.00, 0.00, 1.00, 0.00, 1.00, 1.00, 1.00, 0.00, 1.00, 1.00, 1.00, 0.00, 1.00, 0.00, 0.00, 1.00, 0.00, 0.00, 0.00
960, 0, 36.160, 0.98, 1, 0.00, 0.00, 0.00, 0.09, 0.81, 0.27, 0.13, 0.92, 1.27, 0.85, 0.34, 0.92, 0.43, 0.01, 1.31, 0.00, 0.00, 0.00, 1.00, 0.00, 1.00, 1.00, 1.00, 0.00, 1.00, 1.00, 1.00, 0.00, 1.00, 0.00, 0.00, 1.00, 0.00, 0.00, 0.00
961, 0, 36.197, 0.98, 1, 0.00, 0.00, 0.00, 0.13, 0.81, 0.62, 0.05, 1.00, 1.28, 0.72, 0.20, 0.82, 0.49, 0.01, 1.14, 0.00, 0.00, 0.00, 0.00, 0.00, 1.00, 1.00, 0.00, 0.00, 1.00, 1.00, 0.00, 0.00, 1.00, 0.00, 0.00, 1.00, 0.00, 0.00, 0.00
962, 0, 36.235, 0.98, 1, 0.00, 0.00, 0.00, 0.17, 0.77, 0.90, 0.00, 1.05, 1.32, 0.47, 0.11, 0.96, 0.41, 0.00, 0.89, 0.00, 0.00, 0.00, 0.00, 0.00, 1.00, 1.00, 0.00, 0.00, 1.00, 1.00, 0.00, 0.00, 1.00, 0.00, 0.00, 0.00, 0.00, 0.00, 0.00
963, 0, 36.273, 0.98, 1, 0.00, 0.00, 0.00, 0.08, 0.81, 0.77, 0.00, 0.95, 1.34, 0.47, 0.00, 1.12, 0.36, 0.00, 0.60, 0.10, 0.03, 0.00, 0.00, 0.00, 1.00, 1.00, 0.00, 0.00, 1.00, 1.00, 0.00, 0.00, 0.00, 0.00, 1.00, 0.00, 0.00, 0.00, 0.00
964, 0, 36.311, 0.98, 1, 0.00, 0.00, 0.00, 0.04, 0.84, 0.41, 0.00, 0.82, 1.21, 0.17, 0.09, 1.22, 0.36, 0.00, 0.39, 0.10, 0.03, 0.00, 0.00, 0.00, 1.00, 1.00, 0.00, 0.00, 1.00, 1.00, 0.00, 0.00, 0.00, 1.00, 1.00, 0.00, 0.00, 0.00, 0.00
965, 0, 36.348, 0.98, 1, 0.00, 0.00, 0.00, 0.00, 0.83, 0.11, 0.05, 1.21, 1.08, 0.38, 0.09, 0.96, 0.73, 0.00, 0.22, 0.10, 0.03, 0.00, 0.00, 0.00, 1.00, 1.00, 0.00, 0.00, 1.00, 1.00, 0.00, 0.00, 0.00, 1.00, 1.00, 0.00, 0.00, 0.00, 0.00
966, 0, 36.386, 0.98, 1, 0.00, 0.00, 0.00, 0.00, 0.79, 0.11, 0.10, 1.50, 0.97, 0.50, 0.09, 0.81, 1.08, 0.00, 0.10, 0.00, 0.00, 0.00, 0.00, 0.00, 1.00, 1.00, 0.00, 0.00, 1.00, 1.00, 0.00, 0.00, 1.00, 1.00, 1.00, 0.00, 0.00, 0.00, 0.00
967, 0, 36.424, 0.98, 1, 0.00, 0.00, 0.00, 0.00, 0.64, 0.00, 0.10, 1.66, 1.02, 0.81, 0.00, 0.75, 1.55, 0.00, 0.00, 0.02, 0.00, 0.00, 0.00, 0.00, 1.00, 1.00, 0.00, 0.00, 1.00, 1.00, 0.00, 0.00, 1.00, 1.00, 1.00, 0.00, 0.00, 0.00, 0.00
968, 0, 36.461, 0.98, 1, 0.00, 0.00, 0.00, 0.00, 0.53, 0.00, 0.06, 1.42, 1.05, 0.87, 0.00, 0.91, 1.61, 0.00, 0.00, 0.03, 0.00, 0.00, 0.00, 0.00, 1.00, 1.00, 0.00, 0.00, 0.00, 1.00, 0.00, 0.00, 1.00, 1.00, 1.00, 0.00, 0.00, 0.00, 0.00
969, 0, 36.499, 0.98, 1, 0.00, 0.00, 0.00, 0.00, 0.40, 0.00, 0.00, 1.21, 1.05, 0.90, 0.00, 1.16, 1.30, 0.00, 0.00, 0.19, 0.00, 0.00, 0.00, 0.00, 1.00, 1.00, 0.00, 0.00, 0.00, 1.00, 0.00, 0.00, 1.00, 1.00, 1.00, 0.00, 0.00, 0.00, 0.00
970, 0, 36.537, 0.98, 1, 0.00, 0.00, 0.00, 0.05, 0.43, 0.00, 0.06, 1.09, 1.02, 0.87, 0.00, 1.13, 0.67, 0.00, 0.00, 0.24, 0.00, 0.00, 0.00, 0.00, 1.00, 1.00, 0.00, 0.00, 0.00, 1.00, 0.00, 0.00, 1.00, 0.00, 1.00, 0.00, 0.00, 0.00, 0.00
971, 0, 36.574, 0.98, 1, 0.00, 0.00, 0.00, 0.10, 0.47, 0.00, 0.12, 0.99, 1.01, 0.85, 0.00, 1.04, 0.16, 0.00, 0.00, 0.30, 0.00, 0.00, 0.00, 0.00, 1.00, 0.00, 0.00, 0.00, 0.00, 1.00, 0.00, 0.00, 1.00, 0.00, 1.00, 0.00, 0.00, 0.00, 0.00
972, 0, 36.612, 0.98, 1, 0.00, 0.00, 0.00, 0.24, 0.50, 0.00, 0.12, 0.89, 1.11, 0.77, 0.00, 0.60, 0.00, 0.00, 0.00, 0.13, 0.00, 0.00, 0.00, 0.00, 1.00, 0.00, 0.00, 0.00, 0.00, 1.00, 0.00, 0.00, 1.00, 0.00, 1.00, 0.00, 0.00, 0.00, 0.00
973, 0, 36.650, 0.98, 1, 0.00, 0.00, 0.00, 0.26, 0.43, 0.00, 0.08, 0.95, 1.10, 0.80, 0.00, 0.46, 0.00, 0.00, 0.00, 0.07, 0.00, 0.00, 0.00, 0.00, 1.00, 0.00, 0.00, 0.00, 0.00, 1.00, 0.00, 0.00, 0.00, 0.00, 1.00, 0.00, 0.00, 0.00, 0.00
974, 0, 36.688, 0.98, 1, 0.00, 0.00, 0.00, 0.34, 0.36, 0.00, 0.02, 1.05, 1.04, 0.83, 0.15, 0.31, 0.00, 0.00, 0.09, 0.00, 0.00, 0.00, 0.00, 0.00, 1.00, 0.00, 0.00, 0.00, 0.00, 1.00, 0.00, 0.00, 0.00, 0.00, 1.00, 0.00, 0.00, 0.00, 0.00
975, 0, 36.725, 0.98, 1, 0.00, 0.00, 0.00, 0.32, 0.30, 0.00, 0.02, 1.21, 0.95, 0.63, 0.15, 0.55, 0.12, 0.00, 0.41, 0.00, 0.00, 0.00, 1.00, 0.00, 1.00, 0.00, 0.00, 0.00, 0.00, 0.00, 0.00, 0.00, 0.00, 0.00, 1.00, 0.00, 0.00, 0.00, 0.00
976, 0, 36.763, 0.98, 1, 0.00, 0.06, 0.00, 0.39, 0.25, 0.13, 0.00, 1.13, 0.87, 0.31, 0.22, 0.63, 0.12, 0.00, 0.82, 0.00, 0.00, 0.00, 1.00, 0.00, 1.00, 0.00, 0.00, 0.00, 1.00, 0.00, 0.00, 0.00, 0.00, 0.00, 0.00, 0.00, 0.00, 0.00, 0.00
977, 0, 36.801, 0.98, 1, 0.00, 0.07, 0.00, 0.42, 0.24, 0.29, 0.00, 1.02, 0.83, 0.00, 0.07, 0.78, 0.18, 0.06, 1.09, 0.00, 0.00, 0.00, 1.00, 0.00, 1.00, 0.00, 0.00, 0.00, 1.00, 0.00, 0.00, 0.00, 0.00, 0.00, 0.00, 0.00, 0.00, 0.00, 0.00
978, 0, 36.838, 0.98, 1, 0.00, 0.14, 0.00, 0.46, 0.15, 0.29, 0.00, 0.92, 0.75, 0.17, 0.20, 0.88, 0.05, 0.06, 1.10, 0.00, 0.00, 0.00, 1.00, 0.00, 1.00, 0.00, 0.00, 0.00, 1.00, 0.00, 0.00, 0.00, 0.00, 0.00, 0.00, 0.00, 0.00, 0.00, 0.00
979, 0, 36.876, 0.98, 1, 0.00, 0.18, 0.00, 0.53, 0.10, 0.16, 0.00, 0.95, 0.82, 0.57, 0.44, 0.89, 0.05, 0.06, 1.19, 0.00, 0.00, 0.00, 1.00, 0.00, 1.00, 0.00, 0.00, 0.00, 1.00, 0.00, 0.00, 0.00, 0.00, 0.00, 0.00, 1.00, 0.00, 0.00, 0.00
980, 0, 36.914, 0.98, 1, 0.00, 0.16, 0.00, 0.36, 0.14, 0.05, 0.01, 1.24, 1.00, 0.89, 0.44, 0.61, 0.00, 0.00, 1.15, 0.06, 0.00, 0.00, 1.00, 0.00, 1.00, 0.00, 0.00, 0.00, 1.00, 1.00, 0.00, 0.00, 0.00, 0.00, 0.00, 1.00, 0.00, 0.00, 0.00
981, 0, 36.952, 0.98, 1, 0.00, 0.13, 0.00, 0.20, 0.27, 0.13, 0.02, 1.43, 1.21, 1.14, 0.31, 0.25, 0.00, 0.00, 1.13, 0.06, 0.00, 0.00, 1.00, 0.00, 1.00, 0.00, 0.00, 0.00, 1.00, 1.00, 0.00, 0.00, 0.00, 0.00, 0.00, 1.00, 0.00, 0.00, 0.00
982, 0, 36.989, 0.98, 1, 0.00, 0.03, 0.00, 0.09, 0.34, 0.13, 0.02, 1.63, 1.31, 1.08, 0.00, 0.02, 0.00, 0.00, 0.86, 0.06, 0.00, 0.00, 1.00, 0.00, 1.00, 0.00, 0.00, 0.00, 1.00, 1.00, 1.00, 0.00, 0.00, 0.00, 0.00, 1.00, 1.00, 0.00, 0.00
983, 0, 37.027, 0.98, 1, 0.00, 0.03, 0.00, 0.09, 0.29, 0.08, 0.01, 1.59, 1.35, 1.13, 0.00, 0.01, 0.00, 0.00, 0.80, 0.02, 0.00, 0.00, 1.00, 0.00, 1.00, 0.00, 0.00, 0.00, 1.00, 1.00, 1.00, 0.00, 0.00, 0.00, 0.00, 1.00, 1.00, 0.00, 0.00
984, 0, 37.065, 0.98, 1, 0.00, 0.00, 0.00, 0.09, 0.22, 0.00, 0.02, 1.63, 1.29, 1.07, 0.00, 0.07, 0.00, 0.00, 0.73, 0.19, 0.00, 0.00, 1.00, 0.00, 1.00, 0.00, 0.00, 0.00, 1.00, 1.00, 1.00, 0.00, 0.00, 0.00, 0.00, 1.00, 1.00, 0.00, 0.00
985, 0, 37.102, 0.98, 1, 0.00, 0.00, 0.00, 0.00, 0.26, 0.00, 0.02, 1.53, 1.32, 0.79, 0.00, 0.13, 0.00, 0.01, 1.03, 0.54, 0.00, 0.00, 1.00, 0.00, 1.00, 0.00, 0.00, 0.00, 1.00, 1.00, 1.00, 0.00, 0.00, 0.00, 0.00, 1.00, 1.00, 0.00, 0.00
986, 0, 37.140, 0.98, 1, 0.00, 0.00, 0.00, 0.07, 0.27, 0.00, 0.02, 1.36, 1.28, 0.56, 0.00, 0.31, 0.00, 0.07, 1.19, 0.67, 0.00, 0.00, 1.00, 0.00, 1.00, 0.00, 0.00, 0.00, 1.00, 1.00, 0.00, 0.00, 0.00, 0.00, 1.00, 1.00, 1.00, 0.00, 0.00
987, 0, 37.178, 0.98, 1, 0.00, 0.00, 0.00, 0.26, 0.26, 0.02, 0.00, 1.17, 1.32, 0.33, 0.00, 0.44, 0.00, 0.14, 1.26, 0.49, 0.00, 0.00, 1.00, 0.00, 1.00, 0.00, 0.00, 0.00, 1.00, 1.00, 0.00, 0.00, 0.00, 0.00, 1.00, 1.00, 0.00, 0.00, 0.00
988, 0, 37.215, 0.98, 1, 0.00, 0.00, 0.00, 0.29, 0.18, 0.02, 0.00, 1.11, 1.21, 0.34, 0.02, 0.74, 0.00, 0.23, 1.14, 0.14, 0.00, 0.00, 1.00, 0.00, 1.00, 0.00, 0.00, 0.00, 1.00, 1.00, 0.00, 0.00, 0.00, 0.00, 1.00, 1.00, 0.00, 0.00, 0.00
989, 0, 37.253, 0.98, 1, 0.00, 0.00, 0.00, 0.23, 0.11, 0.02, 0.00, 1.07, 1.13, 0.26, 0.02, 0.93, 0.00, 0.33, 1.04, 0.00, 0.00, 0.00, 1.00, 0.00, 1.00, 0.00, 0.00, 0.00, 0.00, 1.00, 0.00, 0.00, 1.00, 0.00, 1.00, 1.00, 0.00, 0.00, 0.00
990, 0, 37.291, 0.98, 1, 0.00, 0.00, 0.00, 0.05, 0.14, 0.00, 0.00, 1.24, 1.10, 0.17, 0.48, 1.31, 0.00, 0.26, 0.91, 0.00, 0.00, 0.00, 1.00, 0.00, 1.00, 0.00, 0.00, 0.00, 0.00, 1.00, 0.00, 0.00, 1.00, 0.00, 1.00, 1.00, 0.00, 0.00, 0.00
991, 0, 37.329, 0.98, 1, 0.00, 0.00, 0.00, 0.04, 0.11, 0.00, 0.00, 1.34, 1.10, 0.52, 0.48, 1.49, 0.14, 0.15, 0.61, 0.00, 0.14, 0.00, 1.00, 0.00, 1.00, 0.00, 0.00, 0.00, 0.00, 1.00, 0.00, 1.00, 1.00, 0.00, 1.00, 1.00, 0.00, 0.00, 0.00
992, 0, 37.366, 0.88, 1, 0.07, 0.00, 0.00, 0.09, 0.08, 0.00, 0.00, 1.21, 1.00, 0.75, 0.55, 1.63, 0.42, 0.00, 0.48, 0.00, 0.27, 0.00, 1.00, 0.00, 1.00, 0.00, 0.00, 0.00, 0.00, 1.00, 0.00, 1.00, 1.00, 0.00, 1.00, 1.00, 0.00, 0.00, 0.00
993, 0, 37.404, 0.88, 1, 0.11, 0.02, 0.00, 0.15, 0.00, 0.00, 0.00, 0.96, 0.74, 0.99, 0.18, 1.58, 0.58, 0.00, 0.43, 0.00, 0.31, 0.00, 0.00, 0.00, 1.00, 0.00, 0.00, 0.00, 0.00, 1.00, 0.00, 1.00, 1.00, 0.00, 1.00, 0.00, 0.00, 0.00, 0.00
994, 0, 37.442, 0.88, 1, 0.11, 0.02, 0.00, 0.13, 0.03, 0.00, 0.00, 0.94, 0.62, 0.77, 0.15, 1.47, 0.76, 0.00, 0.31, 0.00, 0.24, 0.00, 0.00, 0.00, 1.00, 0.00, 0.00, 0.00, 0.00, 1.00, 0.00, 1.00, 1.00, 0.00, 1.00, 0.00, 0.00, 0.00, 0.00
995, 0, 37.479, 0.98, 1, 0.05, 0.02, 0.00, 0.11, 0.03, 0.00, 0.00, 1.00, 0.59, 0.66, 0.09, 1.42, 0.62, 0.02, 0.11, 0.00, 0.16, 0.00, 0.00, 0.00, 1.00, 0.00, 0.00, 0.00, 0.00, 1.00, 0.00, 1.00, 1.00, 0.00, 1.00, 0.00, 0.00, 0.00, 0.00
996, 0, 37.517, 0.98, 1, 0.00, 0.00, 0.00, 0.21, 0.03, 0.00, 0.00, 1.11, 0.72, 0.59, 0.00, 1.20, 0.55, 0.02, 0.00, 0.00, 0.17, 0.00, 0.00, 0.00, 1.00, 0.00, 0.00, 0.00, 1.00, 1.00, 0.00, 1.00, 1.00, 0.00, 1.00, 0.00, 0.00, 0.00, 0.00
997, 0, 37.555, 0.98, 1, 0.00, 0.00, 0.00, 0.45, 0.02, 0.00, 0.00, 1.26, 0.75, 0.77, 0.00, 1.14, 0.38, 0.04, 0.00, 0.00, 0.11, 0.00, 0.00, 0.00, 1.00, 0.00, 0.00, 0.00, 1.00, 1.00, 0.00, 1.00, 1.00, 0.00, 1.00, 0.00, 0.00, 0.00, 0.00
998, 0, 37.593, 0.98, 1, 0.00, 0.00, 0.00, 0.52, 0.06, 0.00, 0.00, 1.46, 0.66, 0.70, 0.00, 0.92, 0.30, 0.03, 0.00, 0.00, 0.05, 0.00, 0.00, 0.00, 1.00, 0.00, 0.00, 0.00, 1.00, 1.00, 0.00, 1.00, 1.00, 0.00, 1.00, 0.00, 0.00, 0.00, 0.00
999, 0, 37.630, 0.98, 1, 0.03, 0.00, 0.00, 0.39, 0.07, 0.00, 0.06, 1.45, 0.46, 0.61, 0.00, 0.83, 0.21, 0.03, 0.00, 0.00, 0.00, 0.00, 0.00, 0.00, 1.00, 0.00, 0.00, 0.00, 1.00, 1.00, 0.00, 1.00, 1.00, 0.00, 1.00, 0.00, 0.00, 0.00, 0.00
1000, 0, 37.668, 0.98, 1, 0.03, 0.00, 0.00, 0.17, 0.06, 0.00, 0.06, 1.45, 0.38, 0.55, 0.00, 0.82, 0.08, 0.01, 0.00, 0.00, 0.06, 0.00, 0.00, 0.00, 1.00, 0.00, 0.00, 0.00, 1.00, 0.00, 0.00, 1.00, 1.00, 0.00, 0.00, 0.00, 0.00, 0.00, 0.00
1001, 0, 37.706, 0.98, 1, 0.06, 0.00, 0.00, 0.13, 0.02, 0.00, 0.06, 1.60, 0.41, 0.79, 0.00, 0.93, 0.10, 0.00, 0.00, 0.00, 0.06, 0.00, 0.00, 0.00, 1.00, 0.00, 0.00, 0.00, 1.00, 0.00, 0.00, 1.00, 1.00, 0.00, 0.00, 0.00, 0.00, 0.00, 0.00
1002, 0, 37.743, 0.98, 1, 0.03, 0.00, 0.00, 0.10, 0.03, 0.00, 0.00, 1.62, 0.50, 0.99, 0.00, 1.07, 0.17, 0.00, 0.00, 0.07, 0.06, 0.00, 0.00, 0.00, 1.00, 0.00, 0.00, 0.00, 1.00, 0.00, 0.00, 1.00, 1.00, 0.00, 0.00, 0.00, 0.00, 0.00, 0.00
1003, 0, 37.781, 0.98, 1, 0.08, 0.00, 0.00, 0.11, 0.10, 0.00, 0.00, 1.41, 0.39, 1.05, 0.00, 1.01, 0.27, 0.04, 0.00, 0.07, 0.00, 0.00, 0.00, 0.00, 1.00, 0.00, 0.00, 0.00, 1.00, 0.00, 0.00, 1.00, 1.00, 0.00, 0.00, 0.00, 0.00, 0.00, 0.00
1004, 0, 37.819, 0.98, 1, 0.06, 0.00, 0.00, 0.03, 0.14, 0.00, 0.00, 1.15, 0.31, 0.87, 0.00, 1.07, 0.37, 0.13, 0.00, 0.10, 0.01, 0.00, 0.00, 0.00, 1.00, 0.00, 0.00, 0.00, 0.00, 0.00, 0.00, 1.00, 1.00, 0.00, 0.00, 0.00, 0.00, 0.00, 0.00
1005, 0, 37.856, 0.98, 1, 0.30, 0.00, 0.00, 0.06, 0.12, 0.00, 0.01, 1.19, 0.15, 0.83, 0.36, 0.70, 0.30, 0.13, 0.09, 0.03, 0.01, 0.00, 0.00, 0.00, 1.00, 0.00, 0.00, 0.00, 0.00, 0.00, 0.00, 0.00, 1.00, 0.00, 0.00, 0.00, 0.00, 0.00, 0.00
1006, 0, 37.894, 0.98, 1, 0.24, 0.00, 0.00, 0.04, 0.05, 0.00, 0.01, 1.05, 0.15, 0.51, 0.41, 0.42, 0.18, 0.10, 0.27, 0.03, 0.01, 0.00, 0.00, 0.00, 1.00, 0.00, 0.00, 0.00, 0.00, 0.00, 0.00, 0.00, 0.00, 0.00, 0.00, 0.00, 0.00, 0.00, 0.00
1007, 0, 37.932, 0.98, 1, 0.24, 0.00, 0.00, 0.05, 0.00, 0.00, 0.01, 0.96, 0.11, 0.40, 0.59, 0.00, 0.05, 0.00, 0.44, 0.02, 0.00, 0.00, 1.00, 0.00, 1.00, 0.00, 0.00, 0.00, 0.00, 0.00, 0.00, 0.00, 0.00, 0.00, 0.00, 0.00, 0.00, 0.00, 0.00
1008, 0, 37.970, 0.98, 1, 0.00, 0.00, 0.00, 0.02, 0.02, 0.00, 0.03, 0.96, 0.21, 0.52, 0.23, 0.00, 0.10, 0.00, 0.49, 0.18, 0.00, 0.00, 1.00, 0.00, 1.00, 0.00, 0.00, 0.00, 0.00, 0.00, 0.00, 0.00, 0.00, 0.00, 0.00, 0.00, 0.00, 0.00, 0.00
1009, 0, 38.007, 0.98, 1, 0.00, 0.00, 0.00, 0.01, 0.04, 0.00, 0.03, 1.24, 0.26, 0.84, 0.18, 0.00, 0.09, 0.00, 0.55, 0.30, 0.00, 0.00, 1.00, 0.00, 1.00, 0.00, 0.00, 0.00, 0.00, 0.00, 0.00, 0.00, 0.00, 0.00, 0.00, 0.00, 0.00, 0.00, 0.00
1010, 0, 38.045, 0.98, 1, 0.00, 0.00, 0.00, 0.01, 0.05, 0.00, 0.10, 1.26, 0.37, 1.04, 0.03, 0.11, 0.10, 0.00, 0.46, 0.28, 0.00, 0.00, 1.00, 0.00, 1.00, 0.00, 0.00, 0.00, 0.00, 1.00, 0.00, 0.00, 0.00, 0.00, 0.00, 0.00, 0.00, 0.00, 0.00
1011, 0, 38.083, 0.98, 1, 0.00, 0.00, 0.00, 0.01, 0.08, 0.19, 0.10, 1.03, 0.44, 0.93, 0.03, 0.16, 0.05, 0.00, 0.49, 0.25, 0.00, 0.00, 0.00, 0.00, 1.00, 0.00, 0.00, 0.00, 0.00, 1.00, 0.00, 0.00, 0.00, 0.00, 0.00, 0.00, 0.00, 0.00, 0.00
1012, 0, 38.120, 0.98, 1, 0.00, 0.00, 0.00, 0.09, 0.16, 0.21, 0.10, 0.81, 0.61, 0.76, 0.03, 0.30, 0.05, 0.00, 0.53, 0.30, 0.00, 0.00, 0.00, 0.00, 1.00, 0.00, 0.00, 0.00, 1.00, 1.00, 0.00, 0.00, 0.00, 0.00, 0.00, 1.00, 0.00, 0.00, 0.00
1013, 0, 38.158, 0.88, 1, 0.00, 0.00, 0.00, 0.08, 0.16, 0.21, 0.03, 0.74, 0.72, 0.71, 0.00, 0.26, 0.00, 0.00, 0.78, 0.44, 0.02, 0.00, 1.00, 0.00, 1.00, 0.00, 0.00, 0.00, 1.00, 1.00, 0.00, 0.00, 0.00, 0.00, 0.00, 1.00, 0.00, 0.00, 0.00
1014, 0, 38.196, 0.93, 1, 0.00, 0.00, 0.00, 0.08, 0.19, 0.01, 0.02, 0.80, 0.84, 0.60, 0.00, 0.25, 0.00, 0.00, 0.98, 0.58, 0.02, 0.00, 1.00, 0.00, 1.00, 0.00, 0.00, 0.00, 1.00, 1.00, 0.00, 0.00, 0.00, 0.00, 0.00, 1.00, 0.00, 0.00, 0.00
1015, 0, 38.234, 0.98, 1, 0.01, 0.09, 0.00, 0.00, 0.16, 0.00, 0.02, 0.97, 0.80, 0.42, 0.45, 0.25, 0.07, 0.00, 1.39, 0.49, 0.02, 0.00, 1.00, 0.00, 1.00, 0.00, 0.00, 0.00, 1.00, 1.00, 0.00, 0.00, 0.00, 0.00, 0.00, 1.00, 0.00, 0.00, 0.00
1016, 0, 38.271, 0.98, 1, 0.01, 0.13, 0.00, 0.00, 0.21, 0.00, 0.02, 1.16, 0.81, 0.20, 0.67, 0.37, 0.07, 0.00, 1.75, 0.63, 0.00, 0.00, 1.00, 0.00, 1.00, 0.00, 0.00, 0.00, 1.00, 1.00, 0.00, 0.00, 0.00, 0.00, 0.00, 1.00, 0.00, 0.00, 0.00
1017, 0, 38.309, 0.98, 1, 0.01, 0.18, 0.00, 0.00, 0.19, 0.00, 0.00, 1.26, 0.79, 0.00, 0.91, 0.74, 0.07, 0.00, 2.05, 0.45, 0.12, 0.00, 1.00, 0.00, 1.00, 0.00, 0.00, 0.00, 1.00, 1.00, 0.00, 0.00, 0.00, 0.00, 0.00, 1.00, 0.00, 0.00, 0.00
1018, 0, 38.347, 0.98, 1, 0.00, 0.09, 0.00, 0.00, 0.14, 0.00, 0.00, 1.18, 0.91, 0.00, 0.72, 1.01, 0.00, 0.00, 2.03, 0.51, 0.23, 0.00, 1.00, 0.00, 1.00, 0.00, 0.00, 0.00, 1.00, 1.00, 0.00, 0.00, 0.00, 0.00, 0.00, 1.00, 0.00, 0.00, 0.00
1019, 0, 38.384, 0.98, 1, 0.00, 0.05, 0.00, 0.00, 0.15, 0.00, 0.00, 1.15, 1.02, 0.00, 0.67, 1.17, 0.01, 0.00, 1.99, 0.44, 0.39, 0.00, 1.00, 0.00, 1.00, 0.00, 0.00, 0.00, 1.00, 1.00, 0.00, 0.00, 0.00, 0.00, 0.00, 1.00, 0.00, 0.00, 0.00
1020, 0, 38.422, 0.98, 1, 0.04, 0.00, 0.00, 0.00, 0.18, 0.00, 0.00, 1.10, 1.27, 0.00, 0.51, 0.84, 0.08, 0.00, 1.99, 0.51, 0.27, 0.00, 1.00, 0.00, 1.00, 0.00, 0.00, 0.00, 1.00, 1.00, 0.00, 0.00, 0.00, 0.00, 0.00, 1.00, 0.00, 0.00, 0.00
1021, 0, 38.460, 0.98, 1, 0.15, 0.04, 0.00, 0.00, 0.19, 0.00, 0.01, 0.89, 1.37, 0.00, 0.26, 0.55, 0.44, 0.00, 1.69, 0.54, 0.28, 0.00, 1.00, 0.00, 1.00, 0.00, 0.00, 0.00, 1.00, 1.00, 0.00, 0.00, 0.00, 0.00, 0.00, 1.00, 0.00, 0.00, 0.00
1022, 0, 38.497, 0.98, 1, 0.20, 0.05, 0.00, 0.00, 0.20, 0.01, 0.02, 0.74, 1.44, 0.00, 0.08, 0.46, 0.69, 0.00, 1.46, 0.62, 0.22, 0.00, 1.00, 0.00, 1.00, 0.00, 0.00, 0.00, 1.00, 1.00, 0.00, 0.00, 0.00, 0.00, 0.00, 1.00, 0.00, 0.00, 0.00
1023, 0, 38.535, 0.98, 1, 0.23, 0.05, 0.00, 0.00, 0.24, 0.02, 0.11, 0.58, 1.30, 0.05, 0.00, 0.56, 0.80, 0.00, 1.18, 0.64, 0.44, 0.00, 1.00, 0.00, 1.00, 0.00, 0.00, 0.00, 1.00, 1.00, 0.00, 0.00, 0.00, 0.00, 0.00, 1.00, 0.00, 0.00, 0.00
1024, 0, 38.573, 0.98, 1, 0.23, 0.02, 0.00, 0.00, 0.33, 0.02, 0.14, 0.57, 1.22, 0.11, 0.00, 0.61, 0.59, 0.00, 1.21, 0.61, 0.53, 0.00, 1.00, 0.00, 1.00, 0.00, 0.00, 0.00, 1.00, 1.00, 0.00, 0.00, 0.00, 0.00, 0.00, 1.00, 0.00, 0.00, 0.00
1025, 0, 38.611, 0.98, 1, 0.36, 0.01, 0.00, 0.00, 0.26, 0.01, 0.13, 0.83, 1.17, 0.50, 0.07, 0.39, 0.33, 0.00, 1.34, 0.53, 0.65, 0.00, 1.00, 0.00, 1.00, 0.00, 0.00, 0.00, 1.00, 1.00, 0.00, 0.00, 0.00, 0.00, 1.00, 1.00, 0.00, 0.00, 0.00
1026, 0, 38.648, 0.88, 1, 0.50, 0.01, 0.00, 0.00, 0.13, 0.00, 0.04, 0.89, 1.18, 0.77, 0.27, 0.25, 0.16, 0.00, 1.36, 0.42, 0.56, 0.00, 1.00, 0.00, 1.00, 0.00, 0.00, 0.00, 1.00, 1.00, 0.00, 0.00, 0.00, 0.00, 1.00, 1.00, 0.00, 0.00, 0.00
1027, 0, 38.686, 0.88, 1, 0.46, 0.00, 0.00, 0.00, 0.00, 0.00, 0.04, 1.06, 1.20, 0.88, 0.45, 0.36, 0.00, 0.00, 1.39, 0.38, 0.66, 0.00, 0.00, 0.00, 1.00, 0.00, 0.00, 0.00, 1.00, 1.00, 0.00, 0.00, 0.00, 0.00, 1.00, 1.00, 0.00, 0.00, 0.00
1028, 0, 38.724, 0.88, 1, 0.28, 0.00, 0.00, 0.00, 0.00, 0.00, 0.04, 0.92, 1.22, 0.73, 0.59, 0.58, 0.00, 0.00, 1.49, 0.25, 0.57, 0.00, 0.00, 0.00, 1.00, 0.00, 0.00, 0.00, 1.00, 1.00, 0.00, 0.00, 0.00, 0.00, 0.00, 1.00, 0.00, 0.00, 0.00
1029, 0, 38.761, 0.88, 1, 0.07, 0.00, 0.00, 0.00, 0.00, 0.00, 0.04, 0.92, 1.17, 0.54, 0.39, 0.70, 0.00, 0.00, 1.67, 0.19, 0.60, 0.00, 0.00, 0.00, 1.00, 0.00, 0.00, 0.00, 1.00, 1.00, 0.00, 0.00, 0.00, 0.00, 0.00, 1.00, 0.00, 0.00, 0.00
1030, 0, 38.799, 0.88, 1, 0.00, 0.00, 0.00, 0.00, 0.00, 0.00, 0.14, 0.75, 1.08, 0.37, 0.22, 0.48, 0.00, 0.00, 1.46, 0.07, 0.42, 0.00, 0.00, 0.00, 1.00, 0.00, 0.00, 0.00, 1.00, 1.00, 0.00, 0.00, 0.00, 0.00, 1.00, 1.00, 0.00, 0.00, 0.00
1031, 0, 38.837, 0.88, 1, 0.00, 0.00, 0.00, 0.00, 0.00, 0.00, 0.18, 0.46, 1.07, 0.13, 0.00, 0.29, 0.00, 0.00, 1.19, 0.00, 0.39, 0.00, 0.00, 0.00, 1.00, 0.00, 0.00, 0.00, 1.00, 1.00, 0.00, 0.00, 0.00, 0.00, 1.00, 1.00, 0.00, 0.00, 0.00
1032, 0, 38.875, 0.88, 1, 0.00, 0.00, 0.00, 0.00, 0.01, 0.00, 0.21, 0.24, 1.17, 0.14, 0.00, 0.23, 0.00, 0.00, 0.90, 0.00, 0.23, 0.00, 0.00, 0.00, 1.00, 0.00, 0.00, 0.00, 1.00, 1.00, 1.00, 0.00, 0.00, 0.00, 1.00, 1.00, 0.00, 0.00, 0.00
1033, 0, 38.912, 0.88, 1, 0.00, 0.00, 0.00, 0.00, 0.01, 0.00, 0.16, 0.29, 1.29, 0.35, 0.00, 0.26, 0.00, 0.00, 0.87, 0.00, 0.28, 0.00, 0.00, 0.00, 1.00, 0.00, 0.00, 0.00, 1.00, 1.00, 0.00, 0.00, 0.00, 0.00, 1.00, 1.00, 0.00, 0.00, 0.00
1034, 0, 38.950, 0.88, 1, 0.00, 0.00, 0.00, 0.00, 0.01, 0.00, 0.16, 0.43, 1.26, 0.56, 0.06, 0.33, 0.00, 0.00, 0.65, 0.00, 0.34, 0.00, 0.00, 0.00, 1.00, 0.00, 0.00, 0.00, 1.00, 1.00, 0.00, 0.00, 0.00, 0.00, 1.00, 1.00, 0.00, 0.00, 0.00
1035, 0, 38.988, 0.88, 1, 0.17, 0.01, 0.00, 0.00, 0.00, 0.00, 0.20, 0.71, 1.04, 0.45, 0.53, 0.38, 0.05, 0.00, 0.52, 0.00, 0.53, 0.00, 0.00, 0.00, 1.00, 0.00, 0.00, 0.00, 1.00, 1.00, 0.00, 1.00, 0.00, 0.00, 1.00, 1.00, 0.00, 0.00, 0.00
1036, 0, 39.025, 0.88, 1, 0.32, 0.02, 0.00, 0.00, 0.00, 0.00, 0.18, 0.79, 0.85, 0.27, 1.01, 0.41, 0.11, 0.00, 0.48, 0.00, 0.49, 0.00, 0.00, 0.00, 1.00, 0.00, 0.00, 0.00, 1.00, 1.00, 0.00, 1.00, 0.00, 0.00, 1.00, 1.00, 0.00, 0.00, 0.00
1037, 0, 39.063, 0.88, 1, 0.55, 0.03, 0.00, 0.00, 0.00, 0.00, 0.21, 0.99, 0.80, 0.06, 0.94, 0.55, 0.22, 0.00, 0.48, 0.00, 0.64, 0.00, 0.00, 0.00, 1.00, 0.00, 0.00, 0.00, 1.00, 1.00, 0.00, 1.00, 0.00, 0.00, 1.00, 1.00, 0.00, 0.00, 0.00
1038, 0, 39.101, 0.88, 1, 0.46, 0.03, 0.00, 0.00, 0.05, 0.00, 0.24, 1.02, 0.97, 0.04, 0.48, 0.50, 0.17, 0.00, 0.63, 0.00, 0.69, 0.00, 0.00, 0.00, 1.00, 0.00, 0.00, 0.00, 1.00, 1.00, 0.00, 1.00, 0.00, 0.00, 1.00, 1.00, 0.00, 0.00, 0.00
1039, 0, 39.138, 0.93, 1, 0.37, 0.06, 0.00, 0.18, 0.14, 0.00, 0.26, 1.15, 1.20, 0.02, 0.00, 0.53, 0.11, 0.00, 0.72, 0.05, 0.64, 0.00, 0.00, 0.00, 1.00, 0.00, 0.00, 0.00, 1.00, 1.00, 0.00, 1.00, 1.00, 0.00, 1.00, 1.00, 0.00, 0.00, 0.00
1040, 0, 39.176, 0.93, 1, 0.26, 0.05, 0.00, 0.18, 0.18, 0.01, 0.19, 1.20, 1.26, 0.43, 0.00, 0.66, 0.00, 0.00, 0.94, 0.20, 0.50, 0.00, 0.00, 0.00, 1.00, 0.00, 0.00, 0.00, 1.00, 1.00, 0.00, 1.00, 1.00, 0.00, 1.00, 1.00, 0.00, 0.00, 0.00
1041, 0, 39.214, 0.98, 1, 0.19, 0.05, 0.00, 0.18, 0.24, 0.01, 0.10, 1.24, 1.27, 0.59, 0.00, 0.79, 0.00, 0.00, 0.87, 0.27, 0.51, 0.00, 0.00, 0.00, 1.00, 0.00, 0.00, 0.00, 1.00, 1.00, 1.00, 1.00, 1.00, 0.00, 1.00, 1.00, 0.00, 0.00, 0.00
1042, 0, 39.252, 0.93, 1, 0.13, 0.00, 0.00, 0.00, 0.28, 0.01, 0.02, 1.23, 1.22, 0.76, 0.00, 0.88, 0.00, 0.00, 0.87, 0.23, 0.68, 0.00, 0.00, 0.00, 1.00, 0.00, 0.00, 0.00, 1.00, 1.00, 1.00, 1.00, 1.00, 0.00, 1.00, 1.00, 0.00, 0.00, 0.00
1043, 0, 39.289, 0.93, 1, 0.03, 0.00, 0.00, 0.00, 0.28, 0.08, 0.19, 1.12, 1.11, 0.59, 0.00, 0.58, 0.00, 0.00, 0.50, 0.08, 0.67, 0.00, 0.00, 0.00, 1.00, 0.00, 0.00, 0.00, 1.00, 1.00, 1.00, 1.00, 1.00, 0.00, 1.00, 1.00, 0.00, 0.00, 0.00
1044, 0, 39.327, 0.98, 1, 0.10, 0.00, 0.00, 0.00, 0.18, 0.08, 0.38, 1.09, 0.94, 0.71, 0.00, 0.43, 0.00, 0.00, 0.25, 0.01, 0.49, 0.00, 0.00, 0.00, 1.00, 0.00, 0.00, 0.00, 1.00, 1.00, 1.00, 1.00, 1.00, 0.00, 1.00, 1.00, 0.00, 0.00, 0.00
1045, 0, 39.365, 0.98, 1, 0.11, 0.04, 0.00, 0.17, 0.07, 0.27, 0.39, 0.92, 0.81, 0.60, 0.25, 0.32, 0.06, 0.00, 0.53, 0.00, 0.39, 0.00, 0.00, 0.00, 1.00, 0.00, 0.00, 0.00, 1.00, 1.00, 1.00, 1.00, 1.00, 0.00, 1.00, 1.00, 0.00, 0.00, 0.00
1046, 0, 39.402, 0.98, 1, 0.08, 0.04, 0.00, 0.17, 0.13, 0.19, 0.22, 1.03, 0.91, 0.52, 0.46, 0.38, 0.25, 0.00, 1.15, 0.00, 0.64, 0.00, 0.00, 0.00, 1.00, 0.00, 0.00, 0.00, 1.00, 1.00, 0.00, 1.00, 0.00, 0.00, 1.00, 1.00, 0.00, 0.00, 0.00
1047, 0, 39.440, 0.88, 1, 0.00, 0.04, 0.00, 0.17, 0.19, 0.19, 0.01, 1.10, 1.01, 0.39, 0.49, 0.38, 0.41, 0.00, 1.73, 0.00, 0.98, 0.00, 0.00, 0.00, 1.00, 1.00, 0.00, 0.00, 1.00, 1.00, 0.00, 1.00, 0.00, 0.00, 1.00, 1.00, 0.00, 0.00, 1.00
1048, 0, 39.478, 0.88, 1, 0.00, 0.00, 0.00, 0.00, 0.27, 0.00, 0.00, 1.24, 1.17, 0.57, 0.24, 0.25, 0.38, 0.00, 1.63, 0.00, 1.08, 0.00, 0.00, 0.00, 1.00, 1.00, 0.00, 0.00, 1.00, 1.00, 0.00, 1.00, 0.00, 0.00, 0.00, 1.00, 0.00, 0.00, 1.00
1049, 0, 39.516, 0.88, 1, 0.00, 0.00, 0.00, 0.00, 0.29, 0.00, 0.00, 1.14, 1.29, 0.59, 0.08, 0.14, 0.18, 0.00, 1.35, 0.00, 1.03, 0.00, 0.00, 0.00, 1.00, 1.00, 0.00, 0.00, 1.00, 1.00, 0.00, 1.00, 0.00, 0.00, 0.00, 1.00, 0.00, 0.00, 1.00
1050, 0, 39.553, 0.88, 1, 0.00, 0.17, 0.00, 0.00, 0.29, 0.00, 0.00, 1.24, 1.32, 0.44, 0.05, 0.14, 0.02, 0.00, 1.16, 0.00, 0.93, 0.00, 0.00, 0.00, 1.00, 1.00, 0.00, 0.00, 1.00, 1.00, 0.00, 1.00, 0.00, 0.00, 0.00, 1.00, 0.00, 0.00, 1.00
1051, 0, 39.591, 0.88, 1, 0.00, 0.17, 0.00, 0.00, 0.20, 0.00, 0.00, 1.22, 1.25, 0.19, 0.05, 0.30, 0.00, 0.00, 1.16, 0.03, 1.03, 0.00, 0.00, 0.00, 1.00, 0.00, 0.00, 0.00, 1.00, 1.00, 0.00, 0.00, 1.00, 0.00, 0.00, 1.00, 0.00, 0.00, 1.00
1052, 0, 39.629, 0.98, 1, 0.00, 0.21, 0.00, 0.00, 0.15, 0.00, 0.00, 1.23, 1.18, 0.04, 0.00, 0.38, 0.00, 0.00, 1.16, 0.03, 0.96, 0.00, 0.00, 0.00, 1.00, 0.00, 0.00, 0.00, 1.00, 1.00, 0.00, 0.00, 1.00, 0.00, 0.00, 1.00, 0.00, 0.00, 0.00
1053, 0, 39.666, 0.98, 1, 0.00, 0.04, 0.00, 0.00, 0.10, 0.00, 0.00, 0.98, 1.25, 0.16, 0.00, 0.40, 0.00, 0.00, 1.22, 0.03, 0.87, 0.00, 0.00, 0.00, 1.00, 0.00, 0.00, 0.00, 1.00, 1.00, 0.00, 0.00, 1.00, 0.00, 0.00, 1.00, 0.00, 0.00, 0.00
1054, 0, 39.704, 0.98, 1, 0.00, 0.04, 0.00, 0.00, 0.11, 0.00, 0.00, 0.96, 1.35, 0.34, 0.00, 0.58, 0.00, 0.00, 1.21, 0.07, 0.74, 0.00, 0.00, 0.00, 1.00, 0.00, 0.00, 0.00, 1.00, 1.00, 0.00, 0.00, 1.00, 0.00, 0.00, 1.00, 0.00, 0.00, 0.00
1055, 0, 39.742, 0.93, 1, 0.13, 0.08, 0.00, 0.00, 0.07, 0.00, 0.00, 0.77, 1.26, 0.38, 0.00, 0.58, 0.00, 0.00, 1.22, 0.07, 0.74, 0.00, 0.00, 0.00, 1.00, 0.00, 0.00, 0.00, 1.00, 1.00, 0.00, 0.00, 1.00, 0.00, 1.00, 1.00, 0.00, 0.00, 0.00
1056, 0, 39.779, 0.98, 1, 0.15, 0.08, 0.00, 0.00, 0.08, 0.00, 0.00, 0.79, 1.21, 0.29, 0.08, 0.63, 0.00, 0.00, 1.15, 0.07, 0.78, 0.00, 0.00, 0.00, 1.00, 0.00, 0.00, 0.00, 1.00, 1.00, 0.00, 0.00, 1.00, 0.00, 1.00, 1.00, 0.00, 0.00, 0.00
1057, 0, 39.817, 0.98, 1, 0.15, 0.08, 0.00, 0.00, 0.07, 0.00, 0.00, 0.63, 1.18, 0.14, 0.12, 0.40, 0.00, 0.00, 0.89, 0.00, 0.71, 0.00, 0.00, 0.00, 1.00, 0.00, 0.00, 0.00, 1.00, 1.00, 0.00, 0.00, 1.00, 0.00, 1.00, 1.00, 0.00, 0.00, 0.00
1058, 0, 39.855, 0.88, 1, 0.02, 0.00, 0.00, 0.00, 0.12, 0.00, 0.00, 0.68, 1.28, 0.10, 0.12, 0.42, 0.03, 0.00, 0.82, 0.00, 0.73, 0.00, 0.00, 0.00, 1.00, 0.00, 0.00, 0.00, 1.00, 1.00, 0.00, 1.00, 1.00, 0.00, 1.00, 1.00, 0.00, 0.00, 0.00
1059, 0, 39.893, 0.98, 1, 0.00, 0.00, 0.00, 0.00, 0.15, 0.00, 0.00, 0.63, 1.31, 0.08, 0.03, 0.40, 0.03, 0.00, 0.74, 0.00, 0.77, 0.00, 0.00, 0.00, 1.00, 0.00, 0.00, 0.00, 1.00, 1.00, 0.00, 1.00, 1.00, 0.00, 1.00, 1.00, 0.00, 0.00, 0.00
1060, 0, 39.930, 0.98, 1, 0.00, 0.00, 0.00, 0.00, 0.17, 0.00, 0.00, 0.86, 1.28, 0.14, 0.00, 0.43, 0.04, 0.00, 1.07, 0.00, 0.76, 0.00, 0.00, 0.00, 1.00, 0.00, 0.00, 0.00, 1.00, 1.00, 0.00, 1.00, 1.00, 0.00, 1.00, 1.00, 0.00, 0.00, 0.00
1061, 0, 39.968, 0.98, 1, 0.00, 0.00, 0.00, 0.00, 0.10, 0.00, 0.00, 1.12, 1.32, 0.11, 0.16, 0.64, 0.13, 0.00, 1.32, 0.28, 0.77, 0.00, 0.00, 0.00, 1.00, 0.00, 0.00, 0.00, 1.00, 1.00, 0.00, 1.00, 1.00, 0.00, 0.00, 1.00, 0.00, 0.00, 0.00
1062, 0, 40.006, 0.98, 1, 0.00, 0.00, 0.00, 0.00, 0.13, 0.00, 0.00, 1.34, 1.43, 0.12, 0.34, 0.86, 0.23, 0.00, 1.58, 0.31, 0.54, 0.00, 0.00, 0.00, 1.00, 1.00, 1.00, 0.00, 1.00, 1.00, 0.00, 1.00, 1.00, 0.00, 0.00, 1.00, 0.00, 0.00, 0.00
1063, 0, 40.043, 0.98, 1, 0.00, 0.00, 0.00, 0.04, 0.19, 0.00, 0.00, 1.22, 1.52, 0.26, 0.54, 1.14, 0.23, 0.00, 1.71, 0.44, 0.41, 0.00, 0.00, 0.00, 1.00, 1.00, 1.00, 0.00, 1.00, 1.00, 0.00, 1.00, 1.00, 0.00, 0.00, 1.00, 0.00, 0.00, 0.00
1064, 0, 40.081, 0.98, 1, 0.00, 0.00, 0.00, 0.04, 0.30, 0.18, 0.00, 1.25, 1.61, 0.60, 0.77, 1.27, 0.10, 0.00, 1.66, 0.23, 0.10, 0.00, 0.00, 0.00, 1.00, 0.00, 1.00, 0.00, 1.00, 1.00, 0.00, 0.00, 1.00, 0.00, 0.00, 1.00, 0.00, 0.00, 0.00
1065, 0, 40.119, 0.98, 1, 0.00, 0.00, 0.00, 0.04, 0.39, 0.18, 0.00, 1.30, 1.62, 0.83, 0.61, 0.95, 0.12, 0.00, 1.44, 0.19, 0.19, 0.00, 0.00, 0.00, 1.00, 0.00, 1.00, 0.00, 1.00, 1.00, 0.00, 0.00, 1.00, 0.00, 0.00, 1.00, 0.00, 0.00, 0.00
1066, 0, 40.156, 0.98, 1, 0.00, 0.00, 0.00, 0.00, 0.31, 0.18, 0.00, 1.47, 1.60, 0.78, 0.41, 0.82, 0.12, 0.00, 1.07, 0.07, 0.41, 0.00, 0.00, 0.00, 1.00, 0.00, 0.00, 0.00, 1.00, 1.00, 0.00, 0.00, 1.00, 0.00, 0.00, 1.00, 0.00, 0.00, 0.00
1067, 0, 40.194, 0.98, 1, 0.00, 0.12, 0.00, 0.00, 0.19, 0.00, 0.00, 1.27, 1.38, 0.57, 0.18, 0.78, 0.12, 0.00, 0.60, 0.00, 0.56, 0.00, 0.00, 0.00, 1.00, 0.00, 0.00, 0.00, 1.00, 1.00, 0.00, 0.00, 1.00, 0.00, 0.00, 1.00, 0.00, 0.00, 0.00
1068, 0, 40.232, 0.88, 1, 0.00, 0.12, 0.00, 0.00, 0.00, 0.00, 0.00, 1.08, 1.17, 0.45, 0.26, 1.17, 0.00, 0.00, 0.26, 0.00, 0.43, 0.00, 0.00, 0.00, 1.00, 0.00, 0.00, 0.00, 1.00, 1.00, 0.00, 1.00, 1.00, 0.00, 1.00, 0.00, 0.00, 0.00, 0.00
1069, 0, 40.270, 0.98, 1, 0.01, 0.12, 0.00, 0.02, 0.00, 0.00, 0.00, 0.99, 0.99, 0.40, 0.48, 1.18, 0.00, 0.00, 0.11, 0.00, 0.21, 0.00, 0.00, 0.00, 1.00, 0.00, 0.00, 0.00, 1.00, 1.00, 0.00, 1.00, 1.00, 0.00, 1.00, 0.00, 0.00, 0.00, 0.00
1070, 0, 40.307, 0.98, 1, 0.01, 0.00, 0.00, 0.02, 0.04, 0.00, 0.03, 1.12, 1.04, 0.27, 0.33, 1.12, 0.00, 0.00, 0.13, 0.00, 0.07, 0.00, 0.00, 0.00, 1.00, 0.00, 0.00, 0.00, 1.00, 1.00, 0.00, 1.00, 1.00, 0.00, 1.00, 0.00, 0.00, 0.00, 0.00
1071, 0, 40.345, 0.98, 1, 0.01, 0.00, 0.00, 0.02, 0.06, 0.00, 0.10, 1.15, 1.03, 0.13, 0.22, 0.90, 0.03, 0.02, 0.13, 0.00, 0.08, 0.00, 0.00, 0.00, 1.00, 0.00, 0.00, 0.00, 1.00, 1.00, 0.00, 1.00, 1.00, 0.00, 1.00, 0.00, 0.00, 0.00, 0.00
1072, 0, 40.383, 0.98, 1, 0.00, 0.00, 0.00, 0.00, 0.12, 0.09, 0.13, 1.12, 0.99, 0.00, 0.00, 0.85, 0.03, 0.02, 0.11, 0.00, 0.22, 0.00, 0.00, 0.00, 1.00, 0.00, 0.00, 0.00, 1.00, 1.00, 0.00, 1.00, 1.00, 0.00, 1.00, 0.00, 0.00, 0.00, 0.00
1073, 0, 40.420, 0.98, 1, 0.10, 0.04, 0.00, 0.00, 0.08, 0.09, 0.13, 1.13, 0.92, 0.02, 0.00, 0.95, 0.03, 0.04, 0.09, 0.00, 0.24, 0.00, 0.00, 0.00, 1.00, 0.00, 0.00, 0.00, 1.00, 1.00, 0.00, 1.00, 1.00, 0.00, 1.00, 0.00, 0.00, 0.00, 0.00
1074, 0, 40.458, 0.98, 1, 0.19, 0.04, 0.00, 0.00, 0.05, 0.09, 0.08, 1.34, 0.83, 0.02, 0.09, 1.16, 0.00, 0.03, 0.10, 0.00, 0.21, 0.00, 0.00, 0.00, 1.00, 0.00, 0.00, 0.00, 1.00, 1.00, 0.00, 1.00, 1.00, 0.00, 1.00, 0.00, 0.00, 0.00, 0.00
1075, 0, 40.496, 0.98, 1, 0.27, 0.04, 0.00, 0.05, 0.00, 0.00, 0.04, 1.23, 0.74, 0.12, 0.09, 1.25, 0.04, 0.08, 0.01, 0.00, 0.09, 0.00, 0.00, 0.00, 1.00, 0.00, 0.00, 0.00, 0.00, 1.00, 0.00, 1.00, 1.00, 0.00, 1.00, 0.00, 0.00, 0.00, 0.00
1076, 0, 40.534, 0.98, 1, 0.21, 0.00, 0.00, 0.16, 0.00, 0.00, 0.07, 0.98, 0.60, 0.11, 0.09, 0.95, 0.04, 0.08, 0.01, 0.00, 0.26, 0.00, 0.00, 0.00, 1.00, 0.00, 0.00, 0.00, 0.00, 1.00, 0.00, 1.00, 1.00, 0.00, 1.00, 0.00, 0.00, 0.00, 0.00
1077, 0, 40.571, 0.98, 1, 0.12, 0.00, 0.00, 0.16, 0.00, 0.00, 0.06, 0.61, 0.49, 0.11, 0.09, 0.78, 0.08, 0.11, 0.00, 0.00, 0.49, 0.00, 0.00, 0.00, 1.00, 0.00, 0.00, 0.00, 0.00, 1.00, 0.00, 1.00, 1.00, 0.00, 1.00, 0.00, 0.00, 0.00, 0.00
1078, 0, 40.609, 0.88, 1, 0.05, 0.00, 0.00, 0.11, 0.00, 0.00, 0.16, 0.43, 0.54, 0.02, 0.09, 0.57, 0.21, 0.06, 0.00, 0.00, 0.50, 0.00, 0.00, 0.00, 1.00, 0.00, 1.00, 0.00, 0.00, 1.00, 0.00, 1.00, 1.00, 0.00, 1.00, 0.00, 0.00, 0.00, 0.00
1079, 0, 40.647, 0.88, 1, 0.07, 0.00, 0.00, 0.00, 0.00, 0.00, 0.14, 0.39, 0.63, 0.00, 0.09, 0.46, 0.46, 0.05, 0.00, 0.00, 0.35, 0.00, 0.00, 0.00, 1.00, 0.00, 1.00, 0.00, 0.00, 1.00, 0.00, 1.00, 0.00, 0.00, 0.00, 0.00, 0.00, 0.00, 0.00
1080, 0, 40.684, 0.88, 1, 0.19, 0.00, 0.00, 0.00, 0.00, 0.00, 0.20, 0.74, 0.77, 0.00, 0.00, 0.26, 0.42, 0.00, 0.05, 0.00, 0.14, 0.00, 0.00, 0.00, 1.00, 0.00, 1.00, 0.00, 1.00, 1.00, 0.00, 1.00, 0.00, 0.00, 0.00, 0.00, 0.00, 0.00, 0.00
1081, 0, 40.722, 0.93, 1, 0.28, 0.00, 0.00, 0.00, 0.00, 0.00, 0.09, 1.10, 0.85, 0.01, 0.07, 0.14, 0.49, 0.00, 0.30, 0.00, 0.28, 1.00, 0.00, 0.00, 1.00, 0.00, 1.00, 0.00, 1.00, 1.00, 0.00, 0.00, 0.00, 0.00, 0.00, 0.00, 0.00, 0.00, 0.00
1082, 0, 40.760, 0.93, 1, 0.26, 0.00, 0.00, 0.00, 0.00, 0.00, 0.07, 1.48, 0.91, 0.01, 0.39, 0.22, 0.33, 0.00, 0.81, 0.00, 0.27, 1.00, 0.00, 0.00, 1.00, 0.00, 1.00, 0.00, 1.00, 1.00, 0.00, 0.00, 0.00, 0.00, 0.00, 0.00, 0.00, 0.00, 0.00
1083, 0, 40.797, 0.93, 1, 0.21, 0.00, 0.00, 0.00, 0.05, 0.00, 0.02, 1.53, 0.88, 0.01, 0.49, 0.30, 0.53, 0.00, 1.14, 0.00, 0.39, 1.00, 0.00, 0.00, 1.00, 0.00, 1.00, 0.00, 1.00, 1.00, 0.00, 1.00, 0.00, 1.00, 0.00, 0.00, 0.00, 0.00, 0.00
1084, 0, 40.835, 0.98, 1, 0.20, 0.00, 0.00, 0.00, 0.16, 0.00, 0.02, 1.61, 0.94, 0.00, 0.46, 0.62, 0.40, 0.00, 1.13, 0.10, 0.40, 1.00, 0.00, 0.00, 1.00, 0.00, 1.00, 0.00, 1.00, 1.00, 0.00, 1.00, 0.00, 0.00, 0.00, 0.00, 0.00, 0.00, 0.00
1085, 0, 40.873, 0.98, 1, 0.25, 0.00, 0.00, 0.00, 0.17, 0.00, 0.06, 1.77, 0.79, 0.00, 0.45, 0.91, 0.59, 0.00, 0.62, 0.10, 0.35, 1.00, 0.00, 0.00, 1.00, 0.00, 1.00, 0.00, 1.00, 1.00, 0.00, 1.00, 0.00, 1.00, 0.00, 0.00, 0.00, 0.00, 0.00
1086, 0, 40.911, 0.98, 1, 0.28, 0.00, 0.00, 0.00, 0.13, 0.00, 0.11, 1.88, 0.67, 0.00, 0.35, 1.12, 0.49, 0.01, 0.25, 0.10, 0.20, 1.00, 0.00, 0.00, 1.00, 0.00, 0.00, 0.00, 1.00, 1.00, 0.00, 1.00, 0.00, 1.00, 1.00, 0.00, 0.00, 0.00, 0.00
1087, 0, 40.948, 0.98, 1, 0.42, 0.00, 0.00, 0.07, 0.02, 0.00, 0.11, 2.05, 0.40, 0.00, 1.03, 1.23, 0.61, 0.02, 0.15, 0.00, 0.04, 0.00, 0.00, 0.00, 1.00, 0.00, 0.00, 0.00, 0.00, 1.00, 0.00, 1.00, 0.00, 1.00, 1.00, 0.00, 0.00, 0.00, 0.00
1088, 0, 40.986, 0.98, 1, 0.32, 0.00, 0.00, 0.09, 0.00, 0.00, 0.17, 1.64, 0.41, 0.32, 0.72, 1.16, 1.20, 0.31, 0.65, 0.00, 0.16, 0.00, 0.00, 0.00, 1.00, 0.00, 0.00, 0.00, 0.00, 1.00, 0.00, 1.00, 1.00, 1.00, 1.00, 0.00, 0.00, 0.00, 0.00
1089, 0, 41.024, 0.88, 1, 0.25, 0.00, 0.00, 0.09, 0.00, 0.00, 0.10, 0.99, 0.75, 0.32, 0.71, 1.29, 1.89, 0.30, 1.61, 0.25, 0.16, 0.00, 0.00, 0.00, 1.00, 0.00, 0.00, 0.00, 0.00, 1.00, 0.00, 1.00, 1.00, 1.00, 1.00, 0.00, 0.00, 0.00, 0.00
1090, 0, 41.061, 0.98, 1, 0.02, 0.00, 0.00, 0.02, 0.12, 0.00, 0.10, 0.57, 1.29, 0.32, 0.00, 1.53, 2.22, 0.29, 2.30, 0.46, 0.15, 0.00, 0.00, 0.00, 1.00, 0.00, 0.00, 0.00, 0.00, 1.00, 0.00, 1.00, 1.00, 1.00, 1.00, 0.00, 0.00, 0.00, 0.00
1091, 0, 41.099, 0.98, 1, 0.02, 0.00, 0.00, 0.00, 0.29, 0.00, 0.00, 0.51, 1.72, 0.00, 0.01, 1.84, 1.87, 0.00, 2.59, 0.64, 0.04, 0.00, 0.00, 0.00, 1.00, 0.00, 0.00, 0.00, 1.00, 1.00, 0.00, 1.00, 1.00, 1.00, 1.00, 0.00, 0.00, 0.00, 0.00
1092, 0, 41.137, 0.98, 1, 0.04, 0.00, 0.00, 0.00, 0.39, 0.00, 0.00, 0.79, 1.74, 0.00, 0.01, 1.93, 1.61, 0.00, 1.87, 0.40, 0.04, 0.00, 0.00, 0.00, 1.00, 0.00, 0.00, 0.00, 1.00, 1.00, 0.00, 1.00, 1.00, 1.00, 1.00, 1.00, 0.00, 0.00, 0.00
1093, 0, 41.175, 0.98, 1, 0.04, 0.00, 0.00, 0.00, 0.27, 0.00, 0.00, 1.09, 1.31, 0.00, 0.80, 1.98, 1.95, 0.00, 1.58, 0.28, 0.02, 0.00, 0.00, 0.00, 1.00, 0.00, 0.00, 0.00, 1.00, 1.00, 0.00, 1.00, 1.00, 1.00, 1.00, 1.00, 0.00, 0.00, 0.00
1094, 0, 41.212, 0.98, 1, 0.04, 0.00, 0.00, 0.00, 0.26, 0.00, 0.00, 1.82, 0.77, 0.00, 2.45, 2.16, 3.05, 0.00, 2.46, 0.10, 0.00, 0.00, 0.00, 0.00, 1.00, 0.00, 0.00, 0.00, 1.00, 1.00, 0.00, 1.00, 1.00, 1.00, 1.00, 1.00, 0.00, 0.00, 0.00
1095, 0, 41.250, 0.98, 1, 0.00, 0.00, 0.00, 0.00, 0.27, 0.00, 0.00, 2.68, 0.41, 0.00, 4.12, 2.81, 3.91, 0.00, 3.89, 0.20, 0.00, 0.00, 0.00, 0.00, 1.00, 0.00, 0.00, 0.00, 1.00, 0.00, 0.00, 1.00, 1.00, 1.00, 1.00, 1.00, 0.00, 0.00, 0.00
1096, 0, 41.288, 0.98, 1, 0.00, 0.00, 0.00, 0.00, 0.37, 0.00, 0.00, 3.24, 0.25, 0.00, 5.00, 3.31, 4.67, 0.00, 5.00, 0.38, 0.00, 0.00, 0.00, 0.00, 1.00, 0.00, 0.00, 0.00, 0.00, 0.00, 0.00, 1.00, 1.00, 1.00, 1.00, 1.00, 0.00, 0.00, 0.00
1097, 0, 41.325, 0.98, 1, 0.00, 0.00, 0.00, 0.00, 0.37, 0.00, 0.00, 3.43, 0.18, 0.00, 5.00, 3.70, 4.72, 0.00, 5.00, 0.92, 0.00, 0.00, 0.00, 0.00, 1.00, 0.00, 0.00, 0.00, 0.00, 0.00, 0.00, 1.00, 1.00, 1.00, 1.00, 1.00, 0.00, 0.00, 0.00
1098, 0, 41.363, 0.98, 1, 0.00, 0.00, 0.00, 0.00, 0.38, 0.03, 0.00, 3.44, 0.07, 0.00, 5.00, 3.36, 4.89, 0.00, 5.00, 1.17, 0.00, 0.00, 0.00, 0.00, 1.00, 0.00, 0.00, 0.00, 0.00, 0.00, 0.00, 1.00, 1.00, 1.00, 1.00, 1.00, 0.00, 0.00, 0.00
1099, 0, 41.401, 0.98, 1, 0.00, 0.00, 0.00, 0.00, 0.36, 0.03, 0.00, 3.54, 0.05, 0.00, 5.00, 3.14, 4.56, 0.00, 5.00, 1.31, 0.00, 0.00, 0.00, 0.00, 1.00, 0.00, 0.00, 0.00, 0.00, 0.00, 0.00, 1.00, 1.00, 1.00, 1.00, 1.00, 0.00, 0.00, 0.00
1100, 0, 41.438, 0.98, 1, 0.00, 0.00, 0.00, 0.00, 0.25, 0.03, 0.00, 3.13, 0.04, 0.00, 4.84, 3.56, 4.56, 0.04, 4.56, 1.80, 0.09, 0.00, 0.00, 0.00, 1.00, 0.00, 0.00, 0.00, 0.00, 0.00, 0.00, 1.00, 1.00, 1.00, 1.00, 1.00, 0.00, 0.00, 0.00
1101, 0, 41.476, 0.93, 1, 0.00, 0.00, 0.00, 0.00, 0.14, 0.00, 0.00, 2.65, 0.03, 0.00, 4.56, 4.33, 4.68, 0.12, 4.05, 2.30, 0.17, 0.00, 0.00, 0.00, 1.00, 0.00, 0.00, 0.00, 0.00, 0.00, 0.00, 1.00, 1.00, 1.00, 1.00, 1.00, 0.00, 0.00, 0.00
1102, 0, 41.514, 0.88, 1, 0.00, 0.00, 0.00, 0.00, 0.13, 0.00, 0.00, 2.04, 0.00, 0.00, 4.03, 5.00, 5.00, 0.37, 3.19, 2.89, 0.36, 0.00, 0.00, 0.00, 1.00, 0.00, 0.00, 0.00, 0.00, 0.00, 0.00, 1.00, 1.00, 1.00, 1.00, 1.00, 0.00, 0.00, 0.00
1103, 0, 41.552, 0.88, 1, 0.00, 0.00, 0.00, 0.00, 0.21, 0.00, 0.00, 1.93, 0.00, 0.00, 4.19, 5.00, 5.00, 0.35, 3.32, 2.69, 0.27, 0.00, 0.00, 0.00, 1.00, 0.00, 0.00, 0.00, 0.00, 0.00, 0.00, 1.00, 1.00, 1.00, 1.00, 1.00, 0.00, 0.00, 0.00
1104, 0, 41.589, 0.93, 1, 0.00, 0.00, 0.00, 0.00, 0.25, 0.00, 0.00, 1.45, 0.00, 0.00, 4.47, 5.00, 4.61, 0.31, 3.20, 2.56, 0.34, 0.00, 0.00, 0.00, 1.00, 0.00, 0.00, 0.00, 0.00, 0.00, 0.00, 1.00, 1.00, 1.00, 1.00, 1.00, 0.00, 0.00, 0.00
1105, 0, 41.627, 0.93, 1, 0.00, 0.00, 0.00, 0.00, 0.28, 0.00, 0.00, 0.93, 0.00, 0.00, 5.00, 4.45, 4.21, 0.15, 4.02, 1.56, 0.14, 0.00, 0.00, 0.00, 1.00, 0.00, 0.00, 0.00, 0.00, 0.00, 0.00, 1.00, 1.00, 1.00, 1.00, 1.00, 0.00, 0.00, 0.00
1106, 0, 41.665, 0.98, 1, 0.00, 0.00, 0.00, 0.00, 0.23, 0.00, 0.00, 0.38, 0.00, 0.00, 5.00, 4.45, 3.27, 0.29, 3.09, 1.38, 0.18, 0.00, 0.00, 0.00, 1.00, 0.00, 0.00, 0.00, 0.00, 0.00, 0.00, 1.00, 1.00, 1.00, 1.00, 1.00, 0.00, 0.00, 0.00
1107, 0, 41.702, 0.98, 1, 0.00, 0.00, 0.00, 0.00, 0.25, 0.00, 0.00, 0.36, 0.00, 0.00, 5.00, 4.45, 2.61, 0.40, 2.48, 1.38, 0.06, 0.00, 0.00, 0.00, 1.00, 0.00, 0.00, 0.00, 0.00, 0.00, 0.00, 1.00, 1.00, 1.00, 1.00, 1.00, 0.00, 0.00, 0.00
1108, 0, 41.740, 0.98, 1, 0.00, 0.00, 0.00, 0.00, 0.15, 0.00, 0.00, 0.27, 0.00, 0.00, 4.17, 4.23, 1.68, 0.58, 0.86, 1.61, 0.06, 0.00, 0.00, 0.00, 1.00, 0.00, 0.00, 0.00, 0.00, 0.00, 0.00, 1.00, 1.00, 1.00, 1.00, 0.00, 0.00, 0.00, 0.00
1109, 0, 41.778, 0.98, 1, 0.00, 0.00, 0.00, 0.00, 0.08, 0.01, 0.00, 0.16, 0.01, 0.00, 3.23, 3.60, 1.26, 0.62, 0.56, 1.48, 0.03, 0.00, 0.00, 0.00, 1.00, 0.00, 0.00, 0.00, 0.00, 0.00, 0.00, 0.00, 1.00, 1.00, 1.00, 0.00, 0.00, 0.00, 0.00
1110, 0, 41.816, 0.98, 1, 0.00, 0.00, 0.00, 0.00, 0.07, 0.03, 0.00, 0.63, 0.01, 0.00, 1.73, 3.60, 2.31, 0.67, 0.71, 1.86, 0.00, 0.00, 0.00, 0.00, 1.00, 0.00, 0.00, 0.00, 0.00, 0.00, 0.00, 0.00, 1.00, 1.00, 1.00, 0.00, 0.00, 0.00, 0.00
1111, 0, 41.853, 0.98, 1, 0.00, 0.00, 0.02, 0.00, 0.07, 0.13, 0.00, 0.98, 0.01, 0.00, 1.04, 3.70, 3.64, 0.44, 1.03, 2.49, 0.00, 0.00, 0.00, 0.00, 1.00, 0.00, 0.00, 0.00, 0.00, 0.00, 0.00, 0.00, 1.00, 1.00, 1.00, 0.00, 0.00, 0.00, 0.00
1112, 0, 41.891, 0.98, 1, 0.00, 0.00, 0.05, 0.00, 0.07, 0.19, 0.00, 1.49, 0.00, 0.00, 0.68, 3.87, 5.00, 0.25, 1.38, 2.98, 0.00, 0.00, 0.00, 0.00, 1.00, 0.00, 0.00, 0.00, 0.00, 0.00, 0.00, 0.00, 1.00, 1.00, 1.00, 0.00, 0.00, 0.00, 0.00
1113, 0, 41.929, 0.98, 1, 0.00, 0.00, 0.05, 0.00, 0.00, 0.30, 0.00, 1.34, 0.00, 0.00, 1.85, 2.82, 5.00, 0.04, 1.49, 2.33, 0.00, 0.00, 0.00, 0.00, 1.00, 0.00, 0.00, 0.00, 0.00, 0.00, 0.00, 0.00, 1.00, 1.00, 1.00, 0.00, 0.00, 0.00, 0.00
1114, 0, 41.966, 0.98, 1, 0.00, 0.00, 0.02, 0.00, 0.01, 0.20, 0.00, 1.40, 0.19, 0.00, 2.51, 2.37, 4.20, 0.00, 1.61, 1.50, 0.00, 0.00, 0.00, 0.00, 1.00, 0.00, 0.00, 0.00, 0.00, 0.00, 0.00, 0.00, 1.00, 1.00, 1.00, 0.00, 0.00, 0.00, 0.00
1115, 0, 42.004, 0.93, 1, 0.00, 0.00, 0.00, 0.00, 0.03, 0.12, 0.00, 1.29, 0.33, 0.00, 2.77, 1.24, 2.71, 0.00, 1.30, 0.51, 0.00, 0.00, 0.00, 0.00, 1.00, 0.00, 0.00, 0.00, 0.00, 0.00, 0.00, 0.00, 0.00, 1.00, 1.00, 0.00, 0.00, 0.00, 0.00
1116, 0, 42.042, 0.98, 1, 0.00, 0.00, 0.00, 0.00, 0.03, 0.11, 0.12, 1.29, 0.58, 0.00, 1.59, 0.63, 1.07, 0.00, 0.64, 0.03, 0.00, 0.00, 0.00, 0.00, 1.00, 0.00, 0.00, 0.00, 0.00, 0.00, 0.00, 0.00, 0.00, 1.00, 1.00, 0.00, 0.00, 0.00, 0.00
1117, 0, 42.079, 0.98, 1, 0.00, 0.00, 0.00, 0.00, 0.05, 0.18, 0.12, 1.33, 0.59, 0.00, 0.79, 0.17, 0.20, 0.00, 0.40, 0.00, 0.00, 0.00, 0.00, 0.00, 1.00, 0.00, 0.00, 0.00, 0.00, 0.00, 0.00, 1.00, 0.00, 0.00, 1.00, 0.00, 0.00, 0.00, 0.00
1118, 0, 42.117, 0.98, 1, 0.03, 0.00, 0.00, 0.00, 0.05, 0.18, 0.18, 1.42, 0.58, 0.00, 0.17, 0.31, 0.02, 0.00, 0.37, 0.00, 0.00, 0.00, 0.00, 0.00, 1.00, 0.00, 0.00, 0.00, 0.00, 0.00, 0.00, 1.00, 0.00, 0.00, 1.00, 0.00, 0.00, 0.00, 0.00
1119, 0, 42.155, 0.98, 1, 0.09, 0.00, 0.00, 0.00, 0.11, 0.07, 0.10, 1.67, 0.47, 0.00, 0.00, 0.60, 0.00, 0.00, 0.42, 0.07, 0.00, 0.00, 0.00, 0.00, 1.00, 0.00, 0.00, 0.00, 0.00, 0.00, 0.00, 1.00, 0.00, 0.00, 1.00, 0.00, 0.00, 0.00, 0.00
1120, 0, 42.193, 0.98, 1, 0.09, 0.00, 0.06, 0.00, 0.08, 0.02, 0.20, 1.54, 0.28, 0.50, 0.00, 0.68, 0.00, 0.10, 0.31, 0.31, 0.00, 0.00, 0.00, 0.00, 1.00, 0.00, 0.00, 0.00, 0.00, 0.00, 0.00, 1.00, 0.00, 0.00, 1.00, 0.00, 0.00, 0.00, 0.00
1121, 0, 42.230, 0.98, 1, 0.06, 0.00, 0.12, 0.00, 0.06, 0.26, 0.14, 1.28, 0.18, 0.78, 0.17, 0.69, 0.10, 0.22, 0.34, 0.57, 0.00, 0.00, 0.00, 0.00, 1.00, 0.00, 0.00, 0.00, 0.00, 0.00, 0.00, 1.00, 0.00, 0.00, 1.00, 0.00, 0.00, 0.00, 0.00
1122, 0, 42.268, 0.98, 1, 0.00, 0.00, 0.13, 0.00, 0.00, 0.37, 0.10, 0.94, 0.10, 0.78, 0.80, 0.65, 0.48, 0.22, 0.35, 0.62, 0.00, 0.00, 0.00, 0.00, 1.00, 0.00, 0.00, 0.00, 0.00, 0.00, 0.00, 1.00, 0.00, 0.00, 1.00, 0.00, 0.00, 0.00, 0.00
1123, 0, 42.306, 0.98, 1, 0.00, 0.00, 0.13, 0.00, 0.04, 0.35, 0.01, 0.98, 0.19, 0.29, 0.87, 0.60, 0.59, 0.20, 0.26, 0.60, 0.00, 0.00, 0.00, 0.00, 1.00, 0.00, 0.00, 0.00, 0.00, 0.00, 0.00, 1.00, 0.00, 0.00, 1.00, 0.00, 0.00, 0.00, 0.00
1124, 0, 42.343, 0.98, 1, 0.00, 0.00, 0.10, 0.00, 0.08, 0.10, 0.00, 1.11, 0.25, 0.00, 0.70, 0.44, 0.62, 0.15, 0.19, 0.51, 0.00, 0.00, 0.00, 0.00, 1.00, 0.00, 0.00, 0.00, 0.00, 0.00, 0.00, 1.00, 0.00, 0.00, 1.00, 0.00, 0.00, 0.00, 0.00
1125, 0, 42.381, 0.98, 1, 0.00, 0.00, 0.09, 0.00, 0.11, 0.09, 0.00, 1.14, 0.31, 0.00, 1.12, 0.73, 0.31, 0.33, 0.90, 1.07, 0.00, 0.00, 0.00, 0.00, 1.00, 0.00, 0.00, 0.00, 1.00, 0.00, 0.00, 1.00, 1.00, 0.00, 1.00, 0.00, 0.00, 0.00, 0.00
1126, 0, 42.419, 0.98, 1, 0.00, 0.00, 0.03, 0.00, 0.07, 0.15, 0.00, 1.42, 0.41, 0.16, 1.32, 1.05, 0.25, 0.39, 1.31, 1.06, 0.00, 0.00, 0.00, 0.00, 1.00, 0.00, 0.00, 0.00, 1.00, 0.00, 0.00, 1.00, 1.00, 0.00, 1.00, 0.00, 0.00, 0.00, 0.00
1127, 0, 42.457, 0.98, 1, 0.00, 0.00, 0.00, 0.00, 0.05, 0.31, 0.00, 1.71, 0.52, 0.46, 1.42, 1.39, 0.12, 0.45, 1.49, 1.21, 0.00, 0.00, 0.00, 0.00, 1.00, 0.00, 0.00, 0.00, 1.00, 0.00, 0.00, 1.00, 1.00, 0.00, 1.00, 0.00, 0.00, 0.00, 0.00
1128, 0, 42.494, 0.98, 1, 0.00, 0.00, 0.00, 0.00, 0.02, 0.22, 0.00, 1.78, 0.60, 0.62, 0.37, 1.30, 0.05, 0.37, 1.02, 0.82, 0.00, 0.00, 0.00, 0.00, 1.00, 0.00, 0.00, 0.00, 1.00, 0.00, 0.00, 1.00, 1.00, 0.00, 1.00, 0.00, 0.00, 0.00, 0.00
1129, 0, 42.532, 0.98, 1, 0.00, 0.00, 0.00, 0.00, 0.07, 0.18, 0.00, 1.55, 0.57, 0.54, 0.33, 1.28, 0.00, 0.42, 1.06, 0.84, 0.00, 0.00, 0.00, 0.00, 1.00, 0.00, 0.00, 0.00, 1.00, 0.00, 0.00, 1.00, 1.00, 0.00, 1.00, 0.00, 0.00, 0.00, 0.00
1130, 0, 42.570, 0.98, 1, 0.00, 0.00, 0.00, 0.00, 0.06, 0.03, 0.00, 1.43, 0.69, 0.24, 0.27, 1.51, 0.13, 0.40, 1.17, 0.95, 0.00, 0.00, 0.00, 0.00, 1.00, 0.00, 0.00, 0.00, 1.00, 0.00, 0.00, 1.00, 1.00, 0.00, 1.00, 0.00, 0.00, 0.00, 0.00
1131, 0, 42.607, 0.98, 1, 0.00, 0.00, 0.00, 0.00, 0.06, 0.10, 0.00, 1.35, 0.80, 0.08, 0.37, 1.37, 0.13, 0.35, 1.11, 0.92, 0.00, 0.00, 0.00, 0.00, 1.00, 0.00, 0.00, 0.00, 1.00, 0.00, 0.00, 1.00, 1.00, 0.00, 1.00, 0.00, 0.00, 0.00, 0.00
1132, 0, 42.645, 0.98, 1, 0.00, 0.00, 0.00, 0.00, 0.02, 0.26, 0.00, 1.34, 0.94, 0.00, 0.15, 1.12, 0.15, 0.20, 0.97, 0.83, 0.00, 0.00, 0.00, 0.00, 1.00, 0.00, 0.00, 0.00, 1.00, 0.00, 0.00, 1.00, 1.00, 0.00, 1.00, 0.00, 0.00, 0.00, 0.00
1133, 0, 42.683, 0.98, 1, 0.00, 0.00, 0.00, 0.00, 0.01, 0.51, 0.00, 1.42, 0.95, 0.00, 0.10, 0.72, 0.02, 0.17, 0.78, 0.49, 0.00, 0.00, 0.00, 0.00, 1.00, 0.00, 0.00, 0.00, 1.00, 0.00, 0.00, 1.00, 1.00, 0.00, 1.00, 0.00, 0.00, 0.00, 0.00
1134, 0, 42.720, 0.98, 1, 0.00, 0.00, 0.00, 0.00, 0.01, 0.61, 0.00, 1.30, 1.01, 0.00, 0.07, 0.82, 0.09, 0.11, 1.03, 0.26, 0.00, 0.00, 0.00, 0.00, 1.00, 0.00, 0.00, 0.00, 0.00, 0.00, 0.00, 1.00, 1.00, 0.00, 1.00, 0.00, 0.00, 0.00, 0.00
1135, 0, 42.758, 0.98, 1, 0.00, 0.01, 0.00, 0.00, 0.00, 0.54, 0.00, 1.21, 1.01, 0.00, 0.86, 1.15, 0.69, 0.08, 1.63, 0.13, 0.00, 0.00, 0.00, 0.00, 1.00, 0.00, 0.00, 0.00, 0.00, 0.00, 0.00, 1.00, 1.00, 0.00, 1.00, 0.00, 0.00, 0.00, 0.00
1136, 0, 42.796, 0.98, 1, 0.00, 0.09, 0.00, 0.00, 0.00, 0.33, 0.00, 0.87, 1.01, 0.00, 1.08, 1.45, 1.49, 0.00, 2.27, 0.03, 0.00, 0.00, 0.00, 0.00, 1.00, 0.00, 0.00, 0.00, 0.00, 0.00, 0.00, 1.00, 1.00, 0.00, 1.00, 0.00, 0.00, 0.00, 0.00
1137, 0, 42.834, 0.98, 1, 0.00, 0.09, 0.00, 0.00, 0.00, 0.39, 0.00, 0.77, 0.90, 0.00, 1.25, 1.99, 2.07, 0.00, 2.77, 0.00, 0.00, 0.00, 0.00, 0.00, 1.00, 0.00, 0.00, 0.00, 0.00, 0.00, 0.00, 1.00, 1.00, 1.00, 1.00, 0.00, 0.00, 0.00, 0.00
1138, 0, 42.871, 0.98, 1, 0.00, 0.08, 0.00, 0.02, 0.00, 0.38, 0.00, 0.94, 0.86, 0.04, 0.64, 1.99, 1.46, 0.00, 2.02, 0.03, 0.00, 0.00, 0.00, 0.00, 1.00, 0.00, 0.00, 0.00, 0.00, 0.00, 0.00, 1.00, 1.00, 1.00, 1.00, 0.00, 0.00, 0.00, 0.00
1139, 0, 42.909, 0.98, 1, 0.00, 0.00, 0.00, 0.02, 0.00, 0.34, 0.00, 0.95, 0.67, 0.04, 1.16, 2.41, 1.18, 0.00, 1.96, 0.03, 0.00, 0.00, 0.00, 0.00, 1.00, 0.00, 0.00, 0.00, 0.00, 0.00, 0.00, 1.00, 1.00, 1.00, 1.00, 0.00, 0.00, 0.00, 0.00
1140, 0, 42.947, 0.98, 1, 0.00, 0.00, 0.00, 0.02, 0.00, 0.11, 0.00, 0.75, 0.83, 0.04, 1.55, 1.66, 1.56, 0.00, 1.86, 0.03, 0.00, 0.00, 0.00, 0.00, 1.00, 0.00, 0.00, 0.00, 0.00, 1.00, 0.00, 1.00, 1.00, 0.00, 1.00, 0.00, 0.00, 0.00, 0.00
1141, 0, 42.984, 0.98, 1, 0.00, 0.00, 0.00, 0.00, 0.00, 0.01, 0.04, 0.44, 0.85, 0.26, 1.38, 1.46, 1.67, 0.03, 1.94, 0.00, 0.13, 0.00, 0.00, 0.00, 1.00, 0.00, 0.00, 0.00, 0.00, 1.00, 0.00, 1.00, 1.00, 0.00, 0.00, 0.00, 0.00, 0.00, 0.00
1142, 0, 43.022, 0.98, 1, 0.00, 0.00, 0.00, 0.00, 0.00, 0.01, 0.04, 0.38, 0.98, 0.53, 0.62, 0.80, 1.19, 0.08, 1.39, 0.00, 0.21, 0.00, 0.00, 0.00, 1.00, 0.00, 0.00, 0.00, 0.00, 1.00, 0.00, 1.00, 1.00, 0.00, 0.00, 0.00, 0.00, 0.00, 0.00
1143, 0, 43.060, 0.98, 1, 0.00, 0.16, 0.14, 0.03, 0.18, 0.01, 0.26, 0.44, 0.77, 0.53, 0.04, 0.65, 0.15, 0.18, 0.47, 0.00, 0.44, 0.00, 0.00, 0.00, 1.00, 0.00, 0.00, 0.00, 0.00, 1.00, 1.00, 1.00, 1.00, 0.00, 0.00, 0.00, 0.00, 0.00, 0.00
1144, 0, 43.098, 0.03, 0, 0.00, 0.16, 0.14, 0.03, 0.20, 0.00, 0.39, 0.26, 0.84, 0.57, 0.04, 0.35, 0.04, 0.24, 0.22, 0.00, 0.49, 0.00, 0.00, 0.00, 1.00, 0.00, 0.00, 0.00, 0.00, 1.00, 1.00, 0.00, 1.00, 0.00, 0.00, 0.00, 0.00, 0.00, 0.00
1145, 0, 43.135, 0.82, 1, 0.06, 0.38, 0.14, 0.03, 0.20, 0.00, 0.56, 0.08, 0.87, 0.67, 0.04, 0.41, 0.00, 0.19, 0.00, 0.00, 0.52, 0.00, 0.00, 0.00, 1.00, 0.00, 0.00, 0.00, 0.00, 1.00, 1.00, 0.00, 1.00, 0.00, 0.00, 0.00, 0.00, 0.00, 0.00
1146, 0, 43.173, 0.88, 1, 0.15, 0.29, 0.00, 0.00, 0.01, 0.00, 0.39, 0.13, 1.00, 0.85, 0.05, 0.52, 0.00, 0.09, 0.08, 0.00, 0.59, 0.00, 0.00, 0.00, 1.00, 0.00, 0.00, 0.00, 0.00, 1.00, 0.00, 0.00, 1.00, 0.00, 0.00, 0.00, 0.00, 0.00, 0.00
1147, 0, 43.211, 0.88, 1, 0.20, 0.29, 0.00, 0.00, 0.00, 0.00, 0.25, 0.14, 0.99, 0.56, 0.05, 0.51, 0.10, 0.00, 0.39, 0.00, 0.89, 0.00, 0.00, 0.00, 1.00, 0.00, 0.00, 0.00, 1.00, 1.00, 0.00, 0.00, 0.00, 0.00, 0.00, 0.00, 0.00, 0.00, 0.00
1148, 0, 43.248, 0.88, 1, 0.21, 0.07, 0.00, 0.00, 0.00, 0.00, 0.17, 0.18, 1.06, 0.40, 0.05, 0.25, 0.10, 0.00, 0.72, 0.00, 0.93, 0.00, 0.00, 0.00, 1.00, 0.00, 0.00, 0.00, 0.00, 1.00, 0.00, 0.00, 0.00, 0.00, 0.00, 1.00, 0.00, 0.00, 0.00
1149, 0, 43.286, 0.93, 1, 0.17, 0.00, 0.00, 0.00, 0.00, 0.00, 0.15, 0.14, 1.07, 0.45, 0.00, 0.19, 0.23, 0.00, 1.11, 0.00, 0.95, 0.00, 0.00, 0.00, 1.00, 0.00, 0.00, 0.00, 1.00, 1.00, 0.00, 0.00, 0.00, 0.00, 0.00, 1.00, 0.00, 0.00, 0.00
1150, 0, 43.324, 0.93, 1, 0.12, 0.09, 0.00, 0.00, 0.00, 0.00, 0.13, 0.15, 1.05, 0.44, 0.00, 0.19, 0.12, 0.00, 1.18, 0.00, 0.48, 0.00, 0.00, 0.00, 1.00, 0.00, 0.00, 0.00, 1.00, 1.00, 0.00, 0.00, 0.00, 0.00, 0.00, 1.00, 0.00, 0.00, 0.00
1151, 0, 43.361, 0.88, 1, 0.05, 0.13, 0.00, 0.11, 0.03, 0.00, 0.03, 0.30, 1.14, 0.62, 0.00, 0.24, 0.12, 0.00, 1.27, 0.00, 0.33, 0.00, 1.00, 0.00, 1.00, 0.00, 0.00, 0.00, 1.00, 1.00, 0.00, 0.00, 0.00, 0.00, 1.00, 1.00, 0.00, 0.00, 0.00
1152, 0, 43.399, 0.88, 1, 0.00, 0.13, 0.00, 0.11, 0.04, 0.00, 0.00, 0.42, 1.21, 0.63, 0.00, 0.34, 0.00, 0.00, 1.28, 0.00, 0.08, 0.00, 1.00, 0.00, 1.00, 0.00, 0.00, 0.00, 1.00, 1.00, 1.00, 0.00, 0.00, 0.00, 1.00, 1.00, 0.00, 0.00, 0.00
1153, 0, 43.437, 0.93, 1, 0.00, 0.12, 0.00, 0.35, 0.04, 0.00, 0.00, 0.92, 1.30, 1.02, 0.07, 0.67, 0.00, 0.00, 1.33, 0.00, 0.23, 0.00, 1.00, 0.00, 1.00, 0.00, 0.00, 0.00, 1.00, 1.00, 1.00, 0.00, 0.00, 0.00, 1.00, 1.00, 0.00, 0.00, 0.00
1154, 0, 43.475, 0.98, 1, 0.02, 0.14, 0.00, 0.46, 0.02, 0.00, 0.00, 1.25, 1.26, 0.94, 0.17, 0.91, 0.00, 0.00, 1.40, 0.00, 0.33, 0.00, 1.00, 0.00, 1.00, 0.00, 0.00, 0.00, 1.00, 1.00, 0.00, 0.00, 0.00, 0.00, 1.00, 1.00, 0.00, 0.00, 0.00
1155, 0, 43.512, 0.98, 1, 0.07, 0.14, 0.00, 0.46, 0.00, 0.00, 0.04, 1.29, 1.20, 0.82, 0.17, 0.72, 0.00, 0.00, 1.29, 0.00, 0.49, 0.00, 1.00, 0.00, 1.00, 0.00, 0.00, 0.00, 1.00, 1.00, 0.00, 0.00, 0.00, 0.00, 1.00, 1.00, 0.00, 0.00, 0.00
1156, 0, 43.550, 0.98, 1, 0.07, 0.06, 0.00, 0.22, 0.04, 0.00, 0.04, 1.01, 1.15, 0.63, 0.37, 0.48, 0.00, 0.00, 1.34, 0.00, 0.46, 0.00, 1.00, 0.00, 1.00, 0.00, 0.00, 0.00, 1.00, 1.00, 0.00, 0.00, 0.00, 0.00, 1.00, 1.00, 0.00, 0.00, 0.00
1157, 0, 43.588, 0.98, 1, 0.05, 0.00, 0.00, 0.00, 0.16, 0.00, 0.04, 0.70, 1.12, 0.61, 0.50, 0.19, 0.19, 0.00, 1.33, 0.00, 0.35, 0.00, 0.00, 0.00, 1.00, 0.00, 0.00, 0.00, 1.00, 1.00, 0.00, 0.00, 0.00, 0.00, 1.00, 1.00, 0.00, 0.00, 0.00
1158, 0, 43.625, 0.98, 1, 0.04, 0.00, 0.00, 0.00, 0.19, 0.00, 0.00, 0.57, 1.11, 0.87, 0.71, 0.29, 0.19, 0.00, 1.38, 0.00, 0.30, 0.00, 0.00, 0.00, 1.00, 0.00, 0.00, 0.00, 1.00, 1.00, 0.00, 0.00, 0.00, 0.00, 1.00, 1.00, 0.00, 0.00, 0.00
1159, 0, 43.663, 0.93, 1, 0.07, 0.00, 0.00, 0.00, 0.15, 0.00, 0.00, 0.48, 1.09, 0.81, 0.48, 0.33, 0.19, 0.00, 1.30, 0.00, 0.36, 0.00, 0.00, 0.00, 1.00, 0.00, 1.00, 0.00, 1.00, 1.00, 0.00, 0.00, 0.00, 0.00, 1.00, 1.00, 0.00, 0.00, 0.00
1160, 0, 43.701, 0.93, 1, 0.15, 0.00, 0.00, 0.00, 0.12, 0.00, 0.00, 0.55, 1.05, 0.74, 0.64, 0.36, 0.00, 0.00, 1.21, 0.00, 0.37, 0.00, 0.00, 0.00, 1.00, 0.00, 1.00, 0.00, 1.00, 1.00, 1.00, 0.00, 0.00, 0.00, 1.00, 1.00, 0.00, 0.00, 0.00
1161, 0, 43.739, 0.93, 1, 0.14, 0.13, 0.00, 0.00, 0.17, 0.00, 0.00, 0.73, 1.05, 0.73, 1.02, 0.51, 0.03, 0.00, 1.03, 0.00, 0.32, 0.00, 0.00, 0.00, 1.00, 0.00, 1.00, 0.00, 1.00, 1.00, 1.00, 0.00, 0.00, 0.00, 1.00, 1.00, 0.00, 0.00, 0.00
1162, 0, 43.776, 0.88, 1, 0.10, 0.29, 0.00, 0.00, 0.19, 0.00, 0.00, 0.79, 1.06, 1.03, 1.66, 0.65, 0.03, 0.00, 0.80, 0.00, 0.26, 0.00, 0.00, 0.00, 1.00, 0.00, 1.00, 0.00, 1.00, 1.00, 1.00, 0.00, 1.00, 0.00, 1.00, 1.00, 0.00, 0.00, 0.00
1163, 0, 43.814, 0.88, 1, 0.03, 0.30, 0.00, 0.00, 0.17, 0.00, 0.00, 0.79, 1.13, 1.14, 1.81, 0.68, 0.05, 0.00, 0.68, 0.00, 0.42, 0.00, 0.00, 0.00, 1.00, 0.00, 1.00, 0.00, 1.00, 1.00, 0.00, 0.00, 1.00, 0.00, 1.00, 1.00, 0.00, 0.00, 0.00
1164, 0, 43.852, 0.88, 1, 0.00, 0.17, 0.00, 0.00, 0.11, 0.00, 0.02, 0.85, 1.12, 0.84, 1.95, 0.59, 0.02, 0.00, 0.71, 0.00, 0.54, 0.00, 1.00, 0.00, 1.00, 0.00, 0.00, 0.00, 1.00, 1.00, 1.00, 0.00, 1.00, 0.00, 1.00, 1.00, 0.00, 0.00, 0.00
1165, 0, 43.889, 0.88, 1, 0.06, 0.22, 0.00, 0.00, 0.09, 0.00, 0.02, 0.91, 1.12, 0.71, 1.82, 0.67, 0.02, 0.00, 1.08, 0.00, 0.56, 0.00, 1.00, 0.00, 1.00, 0.00, 0.00, 0.00, 1.00, 1.00, 1.00, 0.00, 1.00, 0.00, 1.00, 1.00, 0.00, 0.00, 0.00
1166, 0, 43.927, 0.93, 1, 0.13, 0.43, 0.00, 0.00, 0.02, 0.00, 0.02, 0.90, 1.05, 0.73, 1.80, 0.85, 0.00, 0.00, 1.35, 0.00, 0.52, 0.00, 0.00, 0.00, 1.00, 0.00, 0.00, 0.00, 1.00, 1.00, 0.00, 0.00, 1.00, 0.00, 1.00, 1.00, 0.00, 0.00, 0.00
1167, 0, 43.965, 0.93, 1, 0.16, 0.49, 0.00, 0.00, 0.00, 0.00, 0.00, 0.86, 1.09, 1.18, 1.67, 0.81, 0.00, 0.00, 1.52, 0.00, 0.28, 0.00, 0.00, 0.00, 1.00, 0.00, 0.00, 0.00, 1.00, 1.00, 0.00, 0.00, 1.00, 0.00, 1.00, 1.00, 0.00, 0.00, 0.00
1168, 0, 44.002, 0.93, 1, 0.09, 0.28, 0.00, 0.00, 0.00, 0.00, 0.00, 0.72, 1.16, 1.17, 1.60, 0.49, 0.00, 0.00, 1.23, 0.00, 0.22, 0.00, 0.00, 0.00, 1.00, 0.00, 0.00, 0.00, 1.00, 1.00, 0.00, 0.00, 0.00, 0.00, 1.00, 0.00, 0.00, 0.00, 0.00
1169, 0, 44.040, 0.93, 1, 0.02, 0.07, 0.00, 0.00, 0.04, 0.00, 0.00, 0.59, 1.24, 0.86, 1.54, 0.18, 0.00, 0.00, 0.87, 0.00, 0.25, 0.00, 0.00, 0.00, 1.00, 0.00, 0.00, 0.00, 1.00, 1.00, 0.00, 0.00, 0.00, 0.00, 1.00, 1.00, 0.00, 0.00, 0.00
1170, 0, 44.078, 0.98, 1, 0.00, 0.00, 0.00, 0.00, 0.11, 0.00, 0.00, 0.77, 1.19, 0.39, 1.18, 0.15, 0.00, 0.00, 0.93, 0.00, 0.29, 0.00, 0.00, 0.00, 1.00, 0.00, 0.00, 0.00, 1.00, 1.00, 0.00, 0.00, 0.00, 0.00, 0.00, 1.00, 0.00, 0.00, 0.00
1171, 0, 44.116, 0.98, 1, 0.00, 0.00, 0.00, 0.00, 0.21, 0.00, 0.00, 1.12, 1.17, 0.22, 0.98, 0.29, 0.00, 0.00, 1.23, 0.00, 0.19, 0.00, 0.00, 0.00, 1.00, 0.00, 0.00, 0.00, 1.00, 1.00, 0.00, 0.00, 0.00, 0.00, 0.00, 1.00, 0.00, 0.00, 0.00
1172, 0, 44.153, 0.98, 1, 0.00, 0.00, 0.00, 0.00, 0.27, 0.00, 0.00, 1.47, 1.15, 0.30, 0.69, 0.48, 0.00, 0.00, 1.57, 0.00, 0.09, 0.00, 0.00, 0.00, 1.00, 0.00, 0.00, 0.00, 1.00, 1.00, 0.00, 0.00, 0.00, 0.00, 0.00, 1.00, 0.00, 0.00, 0.00
1173, 0, 44.191, 0.98, 1, 0.00, 0.00, 0.00, 0.00, 0.27, 0.00, 0.00, 1.49, 1.20, 0.38, 0.74, 0.47, 0.00, 0.00, 1.61, 0.00, 0.05, 0.00, 0.00, 0.00, 1.00, 0.00, 0.00, 0.00, 1.00, 1.00, 0.00, 0.00, 0.00, 0.00, 0.00, 1.00, 0.00, 0.00, 0.00
1174, 0, 44.229, 0.98, 1, 0.00, 0.00, 0.00, 0.00, 0.17, 0.00, 0.00, 1.48, 1.21, 0.36, 0.59, 0.48, 0.00, 0.00, 1.45, 0.00, 0.05, 0.00, 0.00, 0.00, 1.00, 0.00, 0.00, 0.00, 1.00, 1.00, 0.00, 0.00, 0.00, 0.00, 0.00, 1.00, 0.00, 0.00, 0.00
1175, 0, 44.266, 0.98, 1, 0.00, 0.00, 0.00, 0.00, 0.24, 0.00, 0.01, 1.33, 1.34, 0.82, 0.52, 0.43, 0.00, 0.00, 1.23, 0.00, 0.00, 0.00, 0.00, 0.00, 1.00, 0.00, 0.00, 0.00, 1.00, 1.00, 0.00, 0.00, 0.00, 0.00, 0.00, 1.00, 0.00, 0.00, 0.00
1176, 0, 44.304, 0.98, 1, 0.00, 0.00, 0.00, 0.00, 0.34, 0.12, 0.01, 1.21, 1.42, 1.23, 0.23, 0.55, 0.00, 0.00, 0.89, 0.00, 0.00, 0.00, 1.00, 0.00, 1.00, 0.00, 0.00, 0.00, 1.00, 1.00, 0.00, 0.00, 0.00, 0.00, 1.00, 1.00, 0.00, 0.00, 0.00
1177, 0, 44.342, 0.98, 1, 0.00, 0.00, 0.00, 0.00, 0.49, 0.12, 0.01, 1.14, 1.51, 1.52, 0.12, 0.42, 0.13, 0.00, 0.76, 0.00, 0.00, 0.00, 1.00, 0.00, 1.00, 0.00, 0.00, 0.00, 1.00, 1.00, 1.00, 0.00, 0.00, 0.00, 1.00, 1.00, 0.00, 0.00, 0.00
1178, 0, 44.380, 0.98, 1, 0.00, 0.00, 0.00, 0.00, 0.40, 0.12, 0.01, 1.13, 1.49, 1.43, 0.01, 0.45, 0.37, 0.00, 0.67, 0.00, 0.00, 0.00, 1.00, 0.00, 1.00, 1.00, 0.00, 0.00, 1.00, 1.00, 1.00, 0.00, 0.00, 0.00, 1.00, 0.00, 0.00, 0.00, 0.00
1179, 0, 44.417, 0.98, 1, 0.07, 0.09, 0.00, 0.00, 0.34, 0.00, 0.02, 1.20, 1.51, 1.56, 0.04, 0.46, 0.46, 0.00, 0.57, 0.00, 0.00, 0.00, 1.00, 0.00, 1.00, 1.00, 0.00, 0.00, 1.00, 1.00, 1.00, 0.00, 0.00, 0.00, 1.00, 0.00, 0.00, 0.00, 0.00
1180, 0, 44.455, 0.98, 1, 0.09, 0.09, 0.00, 0.00, 0.27, 0.00, 0.02, 1.26, 1.32, 1.36, 0.44, 0.81, 0.44, 0.00, 0.36, 0.00, 0.00, 0.00, 1.00, 0.00, 1.00, 0.00, 0.00, 0.00, 1.00, 1.00, 0.00, 0.00, 0.00, 0.00, 1.00, 0.00, 0.00, 0.00, 0.00
1181, 0, 44.493, 0.98, 1, 0.09, 0.09, 0.00, 0.00, 0.24, 0.00, 0.01, 1.46, 1.17, 1.01, 0.76, 0.94, 0.22, 0.00, 0.18, 0.00, 0.00, 0.00, 1.00, 0.00, 1.00, 0.00, 0.00, 0.00, 1.00, 1.00, 0.00, 0.00, 0.00, 0.00, 1.00, 0.00, 0.00, 0.00, 0.00
1182, 0, 44.530, 0.98, 1, 0.02, 0.00, 0.00, 0.00, 0.19, 0.00, 0.00, 1.60, 1.01, 0.40, 0.98, 1.07, 0.13, 0.00, 0.22, 0.00, 0.00, 0.00, 0.00, 0.00, 1.00, 0.00, 0.00, 0.00, 1.00, 1.00, 0.00, 0.00, 0.00, 0.00, 1.00, 0.00, 0.00, 0.00, 0.00
1183, 0, 44.568, 0.98, 1, 0.00, 0.00, 0.00, 0.00, 0.13, 0.00, 0.00, 1.76, 1.07, 0.59, 0.96, 0.91, 0.02, 0.00, 0.26, 0.00, 0.00, 0.00, 0.00, 0.00, 1.00, 0.00, 0.00, 0.00, 1.00, 1.00, 0.00, 0.00, 0.00, 0.00, 1.00, 0.00, 0.00, 0.00, 0.00
1184, 0, 44.606, 0.98, 1, 0.00, 0.00, 0.00, 0.00, 0.11, 0.00, 0.00, 1.79, 1.07, 0.90, 0.79, 0.84, 0.00, 0.00, 0.26, 0.00, 0.00, 0.00, 0.00, 0.00, 1.00, 0.00, 0.00, 0.00, 1.00, 1.00, 0.00, 0.00, 0.00, 0.00, 1.00, 0.00, 0.00, 0.00, 0.00
1185, 0, 44.643, 0.98, 1, 0.00, 0.00, 0.00, 0.00, 0.07, 0.00, 0.07, 1.59, 1.03, 0.98, 0.65, 0.56, 0.00, 0.00, 0.23, 0.00, 0.00, 0.00, 0.00, 0.00, 1.00, 0.00, 0.00, 0.00, 1.00, 1.00, 0.00, 0.00, 0.00, 0.00, 1.00, 0.00, 0.00, 0.00, 0.00
1186, 0, 44.681, 0.98, 1, 0.00, 0.00, 0.00, 0.00, 0.05, 0.00, 0.12, 1.40, 0.98, 0.94, 0.28, 0.42, 0.10, 0.00, 0.18, 0.00, 0.00, 0.00, 0.00, 0.00, 1.00, 0.00, 0.00, 0.00, 1.00, 1.00, 0.00, 0.00, 0.00, 0.00, 1.00, 0.00, 0.00, 0.00, 0.00
1187, 0, 44.719, 0.98, 1, 0.00, 0.00, 0.00, 0.00, 0.02, 0.00, 0.20, 1.27, 0.88, 0.83, 0.30, 0.26, 0.22, 0.00, 0.28, 0.00, 0.00, 0.00, 0.00, 0.00, 1.00, 0.00, 0.00, 0.00, 1.00, 1.00, 1.00, 0.00, 0.00, 0.00, 1.00, 0.00, 0.00, 0.00, 0.00
1188, 0, 44.757, 0.98, 1, 0.00, 0.00, 0.00, 0.00, 0.00, 0.00, 0.14, 1.46, 0.91, 1.08, 0.20, 0.44, 0.22, 0.00, 0.17, 0.00, 0.00, 0.00, 0.00, 0.00, 1.00, 0.00, 0.00, 0.00, 1.00, 1.00, 1.00, 0.00, 0.00, 0.00, 1.00, 0.00, 0.00, 0.00, 0.00
1189, 0, 44.794, 0.98, 1, 0.00, 0.00, 0.00, 0.00, 0.00, 0.00, 0.09, 1.54, 0.91, 1.24, 0.28, 0.58, 0.12, 0.00, 0.12, 0.00, 0.00, 0.00, 0.00, 0.00, 1.00, 0.00, 0.00, 0.00, 1.00, 1.00, 0.00, 0.00, 0.00, 0.00, 1.00, 0.00, 0.00, 0.00, 0.00
1190, 0, 44.832, 0.98, 1, 0.00, 0.00, 0.00, 0.05, 0.05, 0.03, 0.13, 1.48, 0.87, 0.89, 0.10, 0.80, 0.32, 0.00, 0.00, 0.00, 0.00, 0.00, 0.00, 0.00, 1.00, 0.00, 0.00, 0.00, 1.00, 1.00, 0.00, 1.00, 0.00, 0.00, 1.00, 0.00, 0.00, 0.00, 0.00
1191, 0, 44.870, 0.98, 1, 0.00, 0.00, 0.00, 0.05, 0.10, 0.09, 0.27, 1.36, 0.80, 0.47, 0.08, 0.82, 0.52, 0.00, 0.00, 0.00, 0.00, 0.00, 0.00, 0.00, 1.00, 0.00, 0.00, 0.00, 1.00, 1.00, 0.00, 1.00, 0.00, 0.00, 1.00, 0.00, 0.00, 0.00, 0.00
1192, 0, 44.907, 0.98, 1, 0.00, 0.00, 0.00, 0.05, 0.13, 0.09, 0.43, 1.30, 0.72, 0.00, 0.00, 0.78, 0.67, 0.00, 0.00, 0.00, 0.00, 0.00, 0.00, 0.00, 1.00, 0.00, 0.00, 0.00, 1.00, 1.00, 0.00, 1.00, 0.00, 0.00, 1.00, 0.00, 0.00, 0.00, 0.00
1193, 0, 44.945, 0.98, 1, 0.00, 0.00, 0.00, 0.00, 0.11, 0.07, 0.45, 1.19, 0.73, 0.00, 0.00, 0.65, 0.41, 0.00, 0.00, 0.00, 0.00, 0.00, 1.00, 0.00, 1.00, 0.00, 1.00, 0.00, 1.00, 1.00, 0.00, 1.00, 0.00, 0.00, 1.00, 0.00, 0.00, 0.00, 0.00
1194, 0, 44.983, 0.98, 1, 0.00, 0.00, 0.01, 0.00, 0.13, 0.00, 0.37, 1.03, 0.75, 0.19, 0.39, 0.59, 0.21, 0.00, 0.00, 0.00, 0.00, 0.00, 1.00, 0.00, 1.00, 0.00, 1.00, 0.00, 1.00, 1.00, 0.00, 1.00, 0.00, 0.00, 1.00, 0.00, 0.00, 0.00, 0.00
1195, 0, 45.021, 0.98, 1, 0.00, 0.00, 0.01, 0.00, 0.14, 0.00, 0.21, 1.22, 0.87, 0.75, 0.79, 0.62, 0.12, 0.00, 0.00, 0.00, 0.00, 0.00, 1.00, 0.00, 1.00, 0.00, 1.00, 0.00, 1.00, 1.00, 1.00, 1.00, 0.00, 0.00, 1.00, 0.00, 0.00, 0.00, 0.00
1196, 0, 45.058, 0.98, 1, 0.00, 0.00, 0.01, 0.00, 0.18, 0.00, 0.08, 1.43, 1.04, 1.44, 1.27, 0.71, 0.25, 0.00, 0.00, 0.00, 0.00, 0.00, 1.00, 0.00, 1.00, 0.00, 1.00, 0.00, 1.00, 1.00, 1.00, 1.00, 0.00, 0.00, 1.00, 0.00, 0.00, 0.00, 0.00
1197, 0, 45.096, 0.98, 1, 0.00, 0.00, 0.00, 0.00, 0.17, 0.00, 0.00, 1.66, 1.12, 2.02, 1.05, 0.78, 0.25, 0.00, 0.00, 0.00, 0.00, 0.00, 1.00, 0.00, 1.00, 0.00, 1.00, 0.00, 1.00, 1.00, 1.00, 1.00, 0.00, 0.00, 1.00, 0.00, 0.00, 0.00, 0.00
1198, 0, 45.134, 0.98, 1, 0.00, 0.00, 0.00, 0.00, 0.17, 0.00, 0.00, 1.59, 1.14, 2.24, 0.95, 0.78, 0.22, 0.00, 0.00, 0.00, 0.00, 0.00, 1.00, 0.00, 1.00, 0.00, 0.00, 0.00, 1.00, 1.00, 1.00, 1.00, 0.00, 0.00, 1.00, 0.00, 0.00, 0.00, 0.00
1199, 0, 45.171, 0.98, 1, 0.00, 0.00, 0.00, 0.00, 0.22, 0.03, 0.00, 1.56, 1.10, 2.14, 0.61, 0.70, 0.03, 0.00, 0.00, 0.00, 0.00, 0.00, 1.00, 0.00, 1.00, 0.00, 0.00, 0.00, 1.00, 1.00, 1.00, 1.00, 0.00, 0.00, 1.00, 0.00, 0.00, 0.00, 0.00
1200, 0, 45.209, 0.98, 1, 0.12, 0.09, 0.00, 0.08, 0.16, 0.03, 0.00, 1.43, 0.95, 1.91, 0.80, 0.51, 0.03, 0.00, 0.09, 0.00, 0.00, 0.00, 1.00, 0.00, 1.00, 0.00, 0.00, 0.00, 1.00, 1.00, 1.00, 1.00, 0.00, 0.00, 1.00, 0.00, 0.00, 0.00, 0.00
1201, 0, 45.247, 0.98, 1, 0.26, 0.16, 0.00, 0.11, 0.11, 0.03, 0.00, 1.28, 0.79, 1.65, 0.89, 0.36, 0.00, 0.00, 0.18, 0.00, 0.00, 0.00, 0.00, 0.00, 1.00, 0.00, 0.00, 0.00, 1.00, 1.00, 1.00, 0.00, 0.00, 0.00, 1.00, 0.00, 0.00, 0.00, 0.00
1202, 0, 45.284, 0.98, 1, 0.26, 0.16, 0.00, 0.12, 0.00, 0.00, 0.00, 1.30, 0.70, 1.35, 1.04, 0.22, 0.00, 0.00, 0.28, 0.00, 0.00, 0.00, 0.00, 0.00, 1.00, 0.00, 0.00, 0.00, 1.00, 1.00, 1.00, 0.00, 0.00, 0.00, 1.00, 0.00, 0.00, 0.00, 0.00
1203, 0, 45.322, 0.93, 1, 0.13, 0.07, 0.00, 0.04, 0.05, 0.00, 0.00, 1.41, 0.81, 1.35, 1.02, 0.18, 0.00, 0.00, 0.19, 0.00, 0.00, 0.00, 0.00, 0.00, 1.00, 0.00, 0.00, 0.00, 1.00, 1.00, 1.00, 0.00, 0.00, 0.00, 1.00, 0.00, 0.00, 0.00, 0.00
1204, 0, 45.360, 0.88, 1, 0.00, 0.00, 0.00, 0.01, 0.05, 0.00, 0.00, 1.50, 0.91, 1.32, 0.68, 0.25, 0.00, 0.00, 0.17, 0.00, 0.00, 0.00, 1.00, 0.00, 1.00, 0.00, 0.00, 0.00, 1.00, 1.00, 1.00, 0.00, 0.00, 0.00, 1.00, 0.00, 0.00, 0.00, 0.00
1205, 0, 45.398, 0.93, 1, 0.07, 0.00, 0.00, 0.00, 0.05, 0.00, 0.00, 1.62, 0.89, 1.07, 1.26, 0.50, 0.28, 0.00, 0.40, 0.00, 0.02, 0.00, 1.00, 0.00, 1.00, 0.00, 0.00, 0.00, 1.00, 1.00, 0.00, 0.00, 0.00, 0.00, 1.00, 0.00, 0.00, 0.00, 0.00
1206, 0, 45.435, 0.93, 1, 0.12, 0.00, 0.00, 0.00, 0.00, 0.00, 0.00, 1.68, 0.89, 0.66, 1.44, 0.57, 0.28, 0.00, 0.61, 0.00, 0.02, 0.00, 1.00, 0.00, 1.00, 0.00, 0.00, 0.00, 1.00, 1.00, 0.00, 0.00, 0.00, 0.00, 1.00, 0.00, 0.00, 0.00, 0.00
1207, 0, 45.473, 0.88, 1, 0.19, 0.00, 0.00, 0.00, 0.00, 0.00, 0.00, 1.75, 0.88, 0.24, 2.14, 0.54, 0.28, 0.00, 0.87, 0.00, 0.02, 0.00, 1.00, 0.00, 1.00, 0.00, 0.00, 0.00, 1.00, 1.00, 0.00, 0.00, 0.00, 0.00, 1.00, 0.00, 0.00, 0.00, 0.00
1208, 0, 45.511, 0.88, 1, 0.12, 0.00, 0.00, 0.00, 0.00, 0.00, 0.00, 1.63, 0.98, 0.31, 1.58, 0.31, 0.00, 0.00, 0.77, 0.00, 0.09, 0.00, 1.00, 0.00, 1.00, 0.00, 0.00, 0.00, 1.00, 1.00, 0.00, 0.00, 0.00, 0.00, 0.00, 0.00, 0.00, 0.00, 0.00
1209, 0, 45.548, 0.88, 1, 0.09, 0.00, 0.00, 0.03, 0.05, 0.00, 0.00, 1.67, 1.08, 0.34, 1.42, 0.35, 0.00, 0.00, 0.78, 0.00, 0.09, 0.00, 1.00, 0.00, 1.00, 0.00, 0.00, 0.00, 1.00, 1.00, 0.00, 0.00, 0.00, 0.00, 0.00, 0.00, 0.00, 0.00, 0.00
1210, 0, 45.586, 0.93, 1, 0.03, 0.00, 0.00, 0.03, 0.11, 0.00, 0.00, 1.58, 1.01, 0.64, 0.94, 0.28, 0.29, 0.00, 0.68, 0.00, 0.27, 0.00, 0.00, 0.00, 1.00, 0.00, 0.00, 0.00, 1.00, 1.00, 0.00, 0.00, 0.00, 0.00, 1.00, 0.00, 0.00, 0.00, 0.00
1211, 0, 45.624, 0.98, 1, 0.03, 0.00, 0.00, 0.03, 0.18, 0.00, 0.00, 1.73, 0.92, 0.90, 0.92, 0.23, 0.29, 0.00, 0.59, 0.00, 0.25, 0.00, 0.00, 0.00, 1.00, 0.00, 0.00, 0.00, 1.00, 1.00, 0.00, 0.00, 0.00, 0.00, 1.00, 0.00, 0.00, 0.00, 0.00
1212, 0, 45.662, 0.98, 1, 0.00, 0.00, 0.00, 0.00, 0.21, 0.00, 0.00, 1.79, 0.75, 1.12, 0.94, 0.16, 0.29, 0.00, 0.51, 0.00, 0.32, 0.00, 0.00, 0.00, 1.00, 0.00, 0.00, 0.00, 1.00, 1.00, 0.00, 0.00, 0.00, 0.00, 1.00, 0.00, 0.00, 0.00, 0.00
1213, 0, 45.699, 0.98, 1, 0.00, 0.00, 0.00, 0.00, 0.32, 0.00, 0.00, 1.86, 0.80, 1.08, 0.80, 0.18, 0.00, 0.00, 0.35, 0.00, 0.20, 0.00, 0.00, 0.00, 1.00, 0.00, 0.00, 0.00, 1.00, 1.00, 0.00, 0.00, 0.00, 0.00, 1.00, 0.00, 0.00, 0.00, 0.00
1214, 0, 45.737, 0.98, 1, 0.00, 0.00, 0.00, 0.00, 0.49, 0.00, 0.00, 1.57, 0.85, 1.01, 0.93, 0.17, 0.07, 0.00, 0.26, 0.00, 0.20, 0.00, 0.00, 0.00, 1.00, 0.00, 0.00, 0.00, 1.00, 1.00, 0.00, 0.00, 0.00, 0.00, 1.00, 0.00, 0.00, 0.00, 0.00
1215, 0, 45.775, 0.98, 1, 0.00, 0.00, 0.00, 0.00, 0.62, 0.00, 0.00, 1.33, 0.98, 0.64, 0.56, 0.17, 0.22, 0.00, 0.29, 0.00, 0.12, 0.00, 0.00, 0.00, 1.00, 1.00, 0.00, 0.00, 1.00, 1.00, 0.00, 0.00, 0.00, 0.00, 1.00, 0.00, 0.00, 0.00, 0.00
1216, 0, 45.812, 0.98, 1, 0.00, 0.00, 0.00, 0.00, 0.68, 0.00, 0.00, 1.32, 1.11, 0.70, 0.43, 0.18, 0.36, 0.00, 0.51, 0.00, 0.17, 0.00, 0.00, 0.00, 1.00, 1.00, 0.00, 0.00, 1.00, 1.00, 1.00, 0.00, 0.00, 0.00, 1.00, 0.00, 0.00, 0.00, 0.00
1217, 0, 45.850, 0.98, 1, 0.00, 0.00, 0.00, 0.00, 0.61, 0.00, 0.00, 1.55, 1.22, 0.95, 0.00, 0.49, 0.30, 0.00, 0.73, 0.00, 0.11, 0.00, 0.00, 0.00, 1.00, 1.00, 0.00, 0.00, 1.00, 1.00, 1.00, 0.00, 0.00, 0.00, 1.00, 0.00, 0.00, 0.00, 0.00
1218, 0, 45.888, 0.98, 1, 0.00, 0.00, 0.00, 0.04, 0.62, 0.00, 0.00, 1.67, 1.25, 1.60, 0.00, 0.71, 0.14, 0.00, 0.84, 0.00, 0.11, 0.00, 0.00, 0.00, 1.00, 1.00, 0.00, 0.00, 1.00, 1.00, 1.00, 0.00, 0.00, 0.00, 1.00, 1.00, 0.00, 0.00, 0.00
1219, 0, 45.925, 0.98, 1, 0.00, 0.00, 0.00, 0.04, 0.62, 0.00, 0.00, 1.89, 1.26, 1.63, 0.04, 0.95, 0.00, 0.05, 0.85, 0.01, 0.00, 0.00, 0.00, 0.00, 1.00, 1.00, 0.00, 0.00, 1.00, 1.00, 1.00, 0.00, 0.00, 0.00, 1.00, 1.00, 0.00, 0.00, 0.00
1220, 0, 45.963, 0.98, 1, 0.06, 0.09, 0.00, 0.04, 0.57, 0.00, 0.00, 2.03, 1.10, 1.64, 0.08, 0.92, 0.54, 0.05, 1.15, 0.41, 0.00, 0.00, 0.00, 0.00, 1.00, 1.00, 0.00, 0.00, 1.00, 1.00, 1.00, 0.00, 0.00, 0.00, 1.00, 1.00, 0.00, 0.00, 0.00
1221, 0, 46.001, 0.88, 1, 0.14, 0.18, 0.00, 0.00, 0.43, 0.01, 0.00, 2.23, 1.03, 1.68, 0.08, 0.97, 0.76, 0.05, 1.33, 0.72, 0.00, 0.00, 1.00, 0.00, 1.00, 1.00, 0.00, 0.00, 1.00, 1.00, 1.00, 0.00, 0.00, 0.00, 1.00, 1.00, 0.00, 0.00, 0.00
1222, 0, 46.039, 0.88, 1, 0.14, 0.18, 0.00, 0.00, 0.36, 0.07, 0.01, 1.98, 0.98, 1.80, 0.21, 0.82, 0.89, 0.00, 1.49, 0.80, 0.00, 0.00, 1.00, 0.00, 1.00, 1.00, 0.00, 0.00, 1.00, 1.00, 1.00, 0.00, 0.00, 0.00, 1.00, 1.00, 0.00, 0.00, 0.00
1223, 0, 46.076, 0.93, 1, 0.08, 0.10, 0.00, 0.00, 0.43, 0.15, 0.01, 1.73, 1.08, 1.66, 0.66, 0.78, 0.79, 0.00, 1.33, 0.39, 0.00, 0.00, 1.00, 0.00, 1.00, 1.00, 0.00, 0.00, 1.00, 1.00, 1.00, 0.00, 0.00, 1.00, 1.00, 0.00, 0.00, 0.00, 0.00
1224, 0, 46.114, 0.93, 1, 0.00, 0.00, 0.00, 0.00, 0.56, 0.18, 0.01, 1.59, 1.12, 1.40, 1.42, 0.83, 1.01, 0.00, 1.35, 0.09, 0.00, 0.00, 1.00, 0.00, 1.00, 1.00, 0.00, 0.00, 1.00, 1.00, 1.00, 0.00, 0.00, 1.00, 1.00, 0.00, 0.00, 0.00, 0.00
1225, 0, 46.152, 0.98, 1, 0.00, 0.00, 0.00, 0.00, 0.48, 0.13, 0.00, 1.69, 1.00, 1.23, 1.30, 1.10, 1.14, 0.00, 0.91, 0.00, 0.00, 0.00, 1.00, 0.00, 1.00, 1.00, 0.00, 0.00, 1.00, 1.00, 1.00, 0.00, 0.00, 0.00, 1.00, 0.00, 0.00, 0.00, 0.00
1226, 0, 46.189, 0.98, 1, 0.00, 0.00, 0.00, 0.00, 0.28, 0.04, 0.00, 1.63, 0.94, 1.14, 0.81, 1.11, 0.82, 0.00, 0.49, 0.00, 0.00, 0.00, 1.00, 0.00, 1.00, 1.00, 0.00, 0.00, 1.00, 1.00, 1.00, 0.00, 0.00, 0.00, 1.00, 0.00, 0.00, 0.00, 0.00
1227, 0, 46.227, 0.98, 1, 0.00, 0.00, 0.00, 0.00, 0.08, 0.00, 0.09, 1.51, 0.93, 1.08, 0.05, 0.99, 0.60, 0.00, 0.00, 0.00, 0.00, 0.00, 1.00, 0.00, 1.00, 1.00, 0.00, 0.00, 1.00, 1.00, 1.00, 0.00, 0.00, 0.00, 1.00, 0.00, 0.00, 0.00, 0.00
1228, 0, 46.265, 0.98, 1, 0.00, 0.00, 0.00, 0.04, 0.05, 0.00, 0.12, 1.48, 1.10, 1.23, 0.00, 0.77, 0.51, 0.00, 0.05, 0.00, 0.00, 0.00, 1.00, 0.00, 1.00, 1.00, 0.00, 0.00, 1.00, 1.00, 0.00, 0.00, 0.00, 0.00, 1.00, 0.00, 0.00, 0.00, 0.00
1229, 0, 46.303, 0.98, 1, 0.00, 0.00, 0.00, 0.04, 0.17, 0.02, 0.14, 1.67, 1.29, 1.61, 0.01, 0.92, 0.51, 0.00, 0.22, 0.00, 0.00, 0.00, 1.00, 0.00, 1.00, 1.00, 0.00, 0.00, 1.00, 1.00, 0.00, 0.00, 0.00, 0.00, 1.00, 0.00, 0.00, 0.00, 0.00
1230, 0, 46.340, 0.98, 1, 0.00, 0.00, 0.00, 0.04, 0.35, 0.02, 0.05, 1.87, 1.29, 1.50, 0.45, 0.87, 0.31, 0.00, 0.43, 0.00, 0.00, 0.00, 1.00, 0.00, 1.00, 1.00, 0.00, 0.00, 1.00, 1.00, 1.00, 0.00, 0.00, 0.00, 1.00, 1.00, 0.00, 0.00, 0.00
1231, 0, 46.378, 0.98, 1, 0.00, 0.00, 0.00, 0.00, 0.45, 0.02, 0.02, 1.87, 1.16, 1.51, 0.58, 0.71, 0.19, 0.00, 0.67, 0.00, 0.00, 0.00, 1.00, 0.00, 1.00, 1.00, 0.00, 0.00, 1.00, 1.00, 1.00, 0.00, 0.00, 0.00, 1.00, 1.00, 0.00, 0.00, 0.00
1232, 0, 46.416, 0.98, 1, 0.02, 0.00, 0.00, 0.00, 0.45, 0.00, 0.00, 1.86, 1.06, 1.20, 0.56, 0.30, 0.09, 0.00, 0.77, 0.00, 0.02, 0.00, 1.00, 0.00, 1.00, 1.00, 1.00, 0.00, 1.00, 1.00, 1.00, 0.00, 0.00, 0.00, 1.00, 1.00, 0.00, 0.00, 0.00
1233, 0, 46.453, 0.98, 1, 0.02, 0.00, 0.00, 0.00, 0.37, 0.00, 0.00, 1.80, 1.12, 1.51, 0.37, 0.20, 0.06, 0.00, 0.99, 0.00, 0.02, 0.00, 1.00, 0.00, 1.00, 1.00, 1.00, 0.00, 1.00, 1.00, 1.00, 0.00, 0.00, 0.00, 1.00, 1.00, 0.00, 0.00, 0.00
1234, 0, 46.491, 0.98, 1, 0.05, 0.00, 0.00, 0.00, 0.43, 0.00, 0.00, 1.87, 1.33, 1.64, 0.46, 0.41, 0.00, 0.00, 1.08, 0.03, 0.08, 0.00, 0.00, 0.00, 1.00, 1.00, 1.00, 0.00, 1.00, 1.00, 1.00, 0.00, 0.00, 0.00, 1.00, 1.00, 0.00, 0.00, 0.00
1235, 0, 46.529, 0.98, 1, 0.05, 0.05, 0.00, 0.00, 0.41, 0.00, 0.00, 1.71, 1.46, 1.67, 0.66, 0.42, 0.00, 0.00, 1.33, 0.03, 0.07, 0.00, 0.00, 0.00, 1.00, 1.00, 1.00, 0.00, 1.00, 1.00, 1.00, 0.00, 0.00, 0.00, 1.00, 1.00, 0.00, 0.00, 0.00
1236, 0, 46.566, 0.98, 1, 0.07, 0.19, 0.00, 0.00, 0.39, 0.00, 0.00, 1.50, 1.57, 1.48, 0.94, 0.38, 0.00, 0.00, 1.55, 0.03, 0.07, 0.00, 1.00, 0.00, 1.00, 1.00, 1.00, 0.00, 1.00, 1.00, 1.00, 0.00, 0.00, 0.00, 1.00, 1.00, 0.00, 0.00, 0.00
1237, 0, 46.604, 0.98, 1, 0.04, 0.38, 0.00, 0.00, 0.27, 0.00, 0.00, 1.08, 1.56, 1.54, 0.72, 0.24, 0.00, 0.00, 1.74, 0.00, 0.00, 0.00, 1.00, 0.00, 1.00, 1.00, 1.00, 0.00, 1.00, 1.00, 1.00, 0.00, 0.00, 0.00, 1.00, 1.00, 0.00, 0.00, 0.00
1238, 0, 46.642, 0.98, 1, 0.03, 0.33, 0.00, 0.00, 0.27, 0.00, 0.00, 0.88, 1.53, 1.65, 0.52, 0.22, 0.00, 0.00, 1.74, 0.00, 0.00, 0.00, 1.00, 0.00, 1.00, 1.00, 1.00, 0.00, 1.00, 1.00, 1.00, 0.00, 0.00, 0.00, 1.00, 1.00, 0.00, 0.00, 0.00
1239, 0, 46.680, 0.98, 1, 0.01, 0.23, 0.00, 0.00, 0.36, 0.00, 0.00, 0.74, 1.55, 1.79, 0.22, 0.23, 0.00, 0.00, 1.71, 0.00, 0.00, 0.00, 1.00, 0.00, 1.00, 1.00, 1.00, 0.00, 1.00, 1.00, 1.00, 0.00, 0.00, 0.00, 1.00, 1.00, 0.00, 0.00, 0.00
1240, 0, 46.717, 0.98, 1, 0.13, 0.33, 0.00, 0.00, 0.38, 0.00, 0.00, 0.87, 1.50, 1.34, 0.22, 0.49, 0.00, 0.00, 1.66, 0.00, 0.00, 0.00, 1.00, 0.00, 1.00, 1.00, 1.00, 0.00, 1.00, 1.00, 1.00, 0.00, 0.00, 0.00, 1.00, 1.00, 0.00, 0.00, 0.00
1241, 0, 46.755, 0.98, 1, 0.22, 0.48, 0.00, 0.00, 0.43, 0.00, 0.00, 1.10, 1.44, 1.15, 0.55, 0.68, 0.00, 0.00, 1.72, 0.00, 0.03, 0.00, 1.00, 0.00, 1.00, 1.00, 0.00, 0.00, 1.00, 1.00, 1.00, 0.00, 0.00, 0.00, 1.00, 1.00, 0.00, 0.00, 0.00
1242, 0, 46.793, 0.98, 1, 0.28, 0.63, 0.00, 0.00, 0.43, 0.00, 0.00, 1.28, 1.39, 0.93, 0.67, 0.78, 0.00, 0.00, 1.74, 0.00, 0.07, 0.00, 1.00, 0.00, 1.00, 1.00, 0.00, 0.00, 1.00, 1.00, 1.00, 0.00, 0.00, 0.00, 1.00, 1.00, 0.00, 0.00, 0.00
1243, 0, 46.830, 0.98, 1, 0.21, 0.48, 0.00, 0.00, 0.43, 0.00, 0.00, 1.23, 1.42, 1.12, 0.92, 0.55, 0.00, 0.00, 1.86, 0.00, 0.08, 0.00, 1.00, 0.00, 1.00, 1.00, 0.00, 0.00, 1.00, 1.00, 1.00, 0.00, 0.00, 0.00, 1.00, 1.00, 0.00, 0.00, 0.00
1244, 0, 46.868, 0.98, 1, 0.13, 0.33, 0.00, 0.00, 0.33, 0.00, 0.00, 1.02, 1.45, 1.14, 0.59, 0.63, 0.00, 0.00, 1.67, 0.00, 0.17, 0.00, 1.00, 0.00, 1.00, 1.00, 0.00, 0.00, 1.00, 1.00, 1.00, 0.00, 0.00, 0.00, 1.00, 1.00, 0.00, 0.00, 0.00
1245, 0, 46.906, 0.98, 1, 0.11, 0.14, 0.00, 0.00, 0.25, 0.00, 0.00, 0.82, 1.41, 1.06, 0.29, 0.45, 0.02, 0.00, 1.80, 0.00, 0.41, 0.00, 1.00, 0.00, 1.00, 0.00, 0.00, 0.00, 1.00, 1.00, 1.00, 0.00, 0.00, 0.00, 1.00, 1.00, 0.00, 0.00, 0.00
1246, 0, 46.944, 0.88, 1, 0.17, 0.00, 0.00, 0.00, 0.15, 0.00, 0.00, 0.70, 1.37, 0.79, 0.32, 0.31, 0.06, 0.00, 1.88, 0.00, 0.62, 0.00, 1.00, 0.00, 1.00, 0.00, 0.00, 0.00, 1.00, 1.00, 0.00, 0.00, 0.00, 0.00, 1.00, 1.00, 0.00, 0.00, 0.00
1247, 0, 46.981, 0.88, 1, 0.28, 0.00, 0.00, 0.00, 0.10, 0.00, 0.00, 0.74, 1.24, 0.39, 1.15, 0.13, 0.06, 0.00, 2.07, 0.00, 0.64, 0.00, 1.00, 0.00, 1.00, 0.00, 0.00, 0.00, 1.00, 1.00, 0.00, 0.00, 0.00, 0.00, 1.00, 1.00, 0.00, 0.00, 0.00
1248, 0, 47.019, 0.88, 1, 0.36, 0.04, 0.00, 0.00, 0.00, 0.00, 0.00, 0.80, 1.20, 0.29, 1.99, 0.30, 0.04, 0.00, 1.78, 0.00, 0.37, 0.00, 1.00, 0.00, 1.00, 0.00, 0.00, 0.00, 1.00, 1.00, 0.00, 0.00, 0.00, 0.00, 1.00, 1.00, 0.00, 0.00, 0.00
1249, 0, 47.057, 0.88, 1, 0.36, 0.04, 0.00, 0.00, 0.00, 0.00, 0.00, 0.89, 1.12, 0.48, 2.20, 0.48, 0.00, 0.00, 1.26, 0.00, 0.14, 0.00, 1.00, 0.00, 1.00, 0.00, 0.00, 0.00, 1.00, 1.00, 0.00, 0.00, 0.00, 0.00, 1.00, 0.00, 0.00, 0.00, 0.00
1250, 0, 47.094, 0.88, 1, 0.36, 0.04, 0.00, 0.00, 0.00, 0.00, 0.00, 1.01, 0.91, 0.48, 1.61, 0.99, 0.00, 0.02, 0.66, 0.00, 0.00, 0.00, 1.00, 0.00, 1.00, 0.00, 0.00, 0.00, 1.00, 1.00, 0.00, 1.00, 0.00, 0.00, 1.00, 0.00, 0.00, 0.00, 0.00
1251, 0, 47.132, 0.88, 1, 0.52, 0.10, 0.00, 0.00, 0.00, 0.00, 0.06, 1.00, 0.55, 0.35, 0.80, 1.28, 0.00, 0.02, 0.18, 0.00, 0.00, 0.00, 0.00, 0.00, 1.00, 0.00, 0.00, 0.00, 0.00, 0.00, 0.00, 1.00, 0.00, 0.00, 1.00, 0.00, 0.00, 0.00, 0.00
1252, 0, 47.170, 0.93, 1, 0.62, 0.27, 0.00, 0.00, 0.00, 0.00, 0.09, 0.94, 0.21, 0.00, 0.31, 1.60, 0.00, 0.02, 0.00, 0.00, 0.00, 0.00, 0.00, 0.00, 1.00, 0.00, 1.00, 0.00, 0.00, 0.00, 0.00, 1.00, 0.00, 0.00, 1.00, 0.00, 0.00, 0.00, 0.00
1253, 0, 47.207, 0.98, 1, 0.71, 0.27, 0.00, 0.00, 0.00, 0.00, 0.13, 0.97, 0.08, 0.00, 0.05, 1.30, 0.00, 0.00, 0.00, 0.00, 0.00, 0.00, 0.00, 0.00, 1.00, 0.00, 1.00, 0.00, 0.00, 0.00, 0.00, 1.00, 0.00, 0.00, 1.00, 0.00, 0.00, 0.00, 0.00
1254, 0, 47.245, 0.98, 1, 0.66, 0.18, 0.00, 0.00, 0.00, 0.00, 0.16, 1.14, 0.02, 0.00, 0.00, 1.14, 0.00, 0.00, 0.00, 0.00, 0.01, 1.00, 0.00, 0.00, 1.00, 0.00, 1.00, 0.00, 0.00, 0.00, 0.00, 1.00, 0.00, 0.00, 1.00, 0.00, 0.00, 0.00, 0.00
1255, 0, 47.283, 0.98, 1, 0.78, 0.00, 0.00, 0.01, 0.07, 0.00, 0.13, 1.33, 0.04, 0.20, 0.00, 0.92, 0.00, 0.00, 0.00, 0.00, 0.01, 1.00, 0.00, 0.00, 1.00, 0.00, 0.00, 0.00, 0.00, 0.00, 0.00, 1.00, 0.00, 0.00, 1.00, 0.00, 0.00, 0.00, 0.00
1256, 0, 47.321, 0.98, 1, 0.90, 0.00, 0.00, 0.01, 0.10, 0.00, 0.13, 1.32, 0.07, 0.43, 0.00, 0.80, 0.00, 0.00, 0.00, 0.00, 0.01, 1.00, 0.00, 0.00, 1.00, 0.00, 0.00, 0.00, 1.00, 0.00, 0.00, 1.00, 0.00, 0.00, 1.00, 0.00, 0.00, 0.00, 0.00
1257, 0, 47.358, 0.98, 1, 0.92, 0.00, 0.00, 0.01, 0.10, 0.00, 0.08, 1.36, 0.10, 0.65, 0.00, 0.72, 0.00, 0.00, 0.00, 0.00, 0.05, 1.00, 0.00, 0.00, 1.00, 0.00, 0.00, 0.00, 1.00, 0.00, 0.00, 1.00, 0.00, 0.00, 1.00, 0.00, 0.00, 0.00, 0.00
1258, 0, 47.396, 0.98, 1, 0.73, 0.00, 0.00, 0.00, 0.12, 0.00, 0.08, 1.47, 0.07, 0.81, 0.20, 0.63, 0.00, 0.00, 0.00, 0.00, 0.05, 1.00, 0.00, 0.00, 1.00, 0.00, 0.00, 0.00, 1.00, 0.00, 0.00, 1.00, 0.00, 0.00, 1.00, 0.00, 0.00, 0.00, 0.00
1259, 0, 47.434, 0.98, 1, 0.47, 0.00, 0.00, 0.00, 0.14, 0.00, 0.11, 1.76, 0.04, 0.87, 0.50, 0.85, 0.00, 0.00, 0.16, 0.00, 0.06, 1.00, 0.00, 0.00, 1.00, 0.00, 0.00, 0.00, 1.00, 0.00, 0.00, 1.00, 0.00, 0.00, 1.00, 0.00, 0.00, 0.00, 0.00
1260, 0, 47.471, 0.98, 1, 0.38, 0.00, 0.07, 0.00, 0.20, 0.04, 0.06, 1.60, 0.03, 0.77, 0.73, 0.92, 0.16, 0.01, 0.16, 0.00, 0.12, 1.00, 0.00, 0.00, 1.00, 0.00, 0.00, 0.00, 1.00, 0.00, 0.00, 1.00, 0.00, 0.00, 1.00, 0.00, 0.00, 0.00, 0.00
1261, 0, 47.509, 0.98, 1, 0.42, 0.00, 0.09, 0.05, 0.16, 0.08, 0.15, 1.52, 0.04, 0.65, 0.54, 1.01, 0.17, 0.01, 0.20, 0.00, 0.14, 1.00, 0.00, 0.00, 1.00, 0.00, 0.00, 0.00, 1.00, 0.00, 0.00, 1.00, 0.00, 0.00, 1.00, 0.00, 0.00, 0.00, 0.00
1262, 0, 47.547, 0.98, 1, 0.51, 0.00, 0.09, 0.07, 0.15, 0.21, 0.15, 1.23, 0.06, 0.49, 0.23, 0.75, 0.17, 0.01, 0.16, 0.00, 0.32, 1.00, 0.00, 0.00, 1.00, 0.00, 0.00, 0.00, 1.00, 0.00, 0.00, 1.00, 0.00, 0.00, 1.00, 0.00, 0.00, 0.00, 0.00
1263, 0, 47.585, 0.93, 1, 0.49, 0.00, 0.02, 0.07, 0.15, 0.17, 0.17, 1.43, 0.11, 0.63, 0.00, 0.86, 0.01, 0.01, 0.26, 0.00, 0.36, 1.00, 0.00, 0.00, 1.00, 0.00, 0.00, 0.00, 1.00, 0.00, 0.00, 1.00, 0.00, 0.00, 1.00, 0.00, 0.00, 0.00, 0.00
1264, 0, 47.622, 0.98, 1, 0.43, 0.00, 0.00, 0.02, 0.15, 0.14, 0.12, 1.56, 0.20, 0.40, 0.00, 0.96, 0.03, 0.01, 0.27, 0.00, 0.33, 1.00, 0.00, 0.00, 1.00, 0.00, 0.00, 0.00, 1.00, 0.00, 0.00, 1.00, 0.00, 0.00, 1.00, 0.00, 0.00, 0.00, 0.00
1265, 0, 47.660, 0.98, 1, 0.35, 0.00, 0.00, 0.11, 0.15, 0.13, 0.04, 1.92, 0.27, 0.66, 0.05, 0.84, 0.04, 0.01, 0.15, 0.00, 0.14, 1.00, 0.00, 0.00, 1.00, 0.00, 0.00, 0.00, 1.00, 0.00, 0.00, 1.00, 0.00, 0.00, 1.00, 0.00, 0.00, 0.00, 0.00
1266, 0, 47.698, 0.98, 1, 0.28, 0.00, 0.00, 0.24, 0.13, 0.13, 0.03, 2.20, 0.27, 0.76, 0.19, 0.50, 0.06, 0.00, 0.05, 0.00, 0.00, 1.00, 0.00, 0.00, 1.00, 0.00, 0.00, 0.00, 1.00, 1.00, 0.00, 1.00, 0.00, 0.00, 1.00, 0.00, 0.00, 0.00, 0.00
1267, 0, 47.735, 0.93, 1, 0.37, 0.00, 0.00, 0.34, 0.17, 0.14, 0.00, 2.31, 0.20, 1.00, 0.20, 0.13, 0.04, 0.00, 0.00, 0.00, 0.00, 1.00, 0.00, 0.00, 1.00, 0.00, 0.00, 0.00, 1.00, 1.00, 0.00, 1.00, 0.00, 0.00, 1.00, 0.00, 0.00, 0.00, 0.00
1268, 0, 47.773, 0.98, 1, 0.34, 0.00, 0.00, 0.22, 0.21, 0.01, 0.00, 2.30, 0.20, 0.94, 0.14, 0.18, 0.02, 0.00, 0.00, 0.07, 0.00, 1.00, 0.00, 0.00, 1.00, 0.00, 0.00, 0.00, 1.00, 1.00, 0.00, 1.00, 0.00, 0.00, 1.00, 0.00, 0.00, 0.00, 0.00
1269, 0, 47.811, 0.98, 1, 0.32, 0.00, 0.00, 0.10, 0.21, 0.01, 0.06, 2.33, 0.21, 0.96, 0.00, 0.11, 0.00, 0.00, 0.00, 0.20, 0.00, 1.00, 0.00, 0.00, 1.00, 0.00, 0.00, 0.00, 1.00, 1.00, 0.00, 1.00, 0.00, 0.00, 1.00, 0.00, 0.00, 0.00, 0.00
1270, 0, 47.848, 0.98, 1, 0.22, 0.00, 0.00, 0.07, 0.15, 0.17, 0.14, 2.26, 0.16, 0.70, 0.00, 0.23, 0.08, 0.00, 0.00, 0.20, 0.04, 1.00, 0.00, 0.00, 1.00, 0.00, 0.00, 0.00, 1.00, 0.00, 0.00, 1.00, 0.00, 0.00, 1.00, 0.00, 0.00, 0.00, 0.00
1271, 0, 47.886, 0.98, 1, 0.20, 0.00, 0.00, 0.07, 0.11, 0.17, 0.15, 2.26, 0.08, 0.37, 0.14, 0.42, 0.08, 0.02, 0.00, 0.13, 0.10, 0.00, 0.00, 0.00, 1.00, 0.00, 0.00, 0.00, 1.00, 0.00, 0.00, 1.00, 0.00, 0.00, 1.00, 0.00, 0.00, 0.00, 0.00
1272, 0, 47.924, 0.98, 1, 0.19, 0.00, 0.00, 0.07, 0.07, 0.17, 0.11, 2.20, 0.00, 0.00, 0.30, 0.67, 0.08, 0.05, 0.00, 0.00, 0.13, 0.00, 0.00, 0.00, 1.00, 0.00, 1.00, 0.00, 1.00, 0.00, 0.00, 1.00, 0.00, 0.00, 1.00, 0.00, 0.00, 0.00, 0.00
1273, 0, 47.962, 0.98, 1, 0.17, 0.00, 0.00, 0.00, 0.05, 0.00, 0.13, 2.20, 0.00, 0.02, 0.31, 0.57, 0.07, 0.05, 0.00, 0.00, 0.25, 0.00, 0.00, 0.00, 1.00, 0.00, 1.00, 0.00, 1.00, 0.00, 0.00, 1.00, 0.00, 0.00, 1.00, 0.00, 0.00, 0.00, 0.00
1274, 0, 47.999, 0.98, 1, 0.25, 0.00, 0.00, 0.00, 0.02, 0.12, 0.21, 2.04, 0.01, 0.02, 0.17, 0.38, 0.07, 0.04, 0.00, 0.00, 0.21, 0.00, 0.00, 0.00, 1.00, 0.00, 1.00, 0.00, 1.00, 0.00, 0.00, 1.00, 0.00, 0.00, 1.00, 0.00, 0.00, 0.00, 0.00
1275, 0, 48.037, 0.98, 1, 0.29, 0.00, 0.00, 0.00, 0.14, 0.34, 0.42, 1.95, 0.09, 0.24, 0.02, 0.18, 0.07, 0.01, 0.00, 0.00, 0.18, 0.00, 0.00, 0.00, 1.00, 0.00, 1.00, 0.00, 1.00, 0.00, 0.00, 1.00, 0.00, 0.00, 1.00, 0.00, 0.00, 0.00, 0.00
1276, 0, 48.075, 0.98, 1, 0.22, 0.00, 0.00, 0.00, 0.24, 0.34, 0.53, 2.06, 0.19, 0.37, 0.01, 0.17, 0.00, 0.01, 0.00, 0.00, 0.03, 0.00, 0.00, 0.00, 1.00, 0.00, 0.00, 0.00, 1.00, 1.00, 0.00, 1.00, 0.00, 0.00, 1.00, 0.00, 0.00, 0.00, 0.00
1277, 0, 48.112, 0.98, 1, 0.10, 0.00, 0.00, 0.00, 0.31, 0.22, 0.66, 2.15, 0.22, 0.52, 0.00, 0.07, 0.00, 0.00, 0.00, 0.00, 0.00, 0.00, 0.00, 0.00, 1.00, 0.00, 0.00, 0.00, 1.00, 1.00, 0.00, 1.00, 0.00, 0.00, 1.00, 0.00, 0.00, 0.00, 0.00
1278, 0, 48.150, 0.98, 1, 0.03, 0.00, 0.00, 0.00, 0.17, 0.00, 0.57, 2.07, 0.18, 0.43, 0.00, 0.04, 0.00, 0.00, 0.00, 0.00, 0.05, 0.00, 0.00, 0.00, 1.00, 0.00, 0.00, 0.00, 1.00, 1.00, 0.00, 1.00, 0.00, 0.00, 1.00, 0.00, 0.00, 0.00, 0.00
1279, 0, 48.188, 0.98, 1, 0.02, 0.00, 0.00, 0.00, 0.11, 0.00, 0.49, 1.92, 0.13, 0.42, 0.05, 0.05, 0.00, 0.00, 0.00, 0.00, 0.05, 0.00, 0.00, 0.00, 1.00, 0.00, 0.00, 0.00, 1.00, 1.00, 0.00, 1.00, 0.00, 0.00, 1.00, 0.00, 0.00, 0.00, 0.00
1280, 0, 48.226, 0.98, 1, 0.02, 0.00, 0.00, 0.00, 0.06, 0.00, 0.37, 1.93, 0.09, 0.27, 0.67, 0.23, 0.12, 0.00, 0.00, 0.00, 0.05, 0.00, 0.00, 0.00, 1.00, 0.00, 0.00, 0.00, 1.00, 1.00, 0.00, 1.00, 0.00, 0.00, 1.00, 0.00, 0.00, 0.00, 0.00
1281, 0, 48.263, 0.98, 1, 0.00, 0.00, 0.00, 0.04, 0.06, 0.00, 0.33, 2.05, 0.05, 0.15, 1.23, 0.34, 0.33, 0.00, 0.00, 0.00, 0.00, 0.00, 0.00, 0.00, 1.00, 0.00, 0.00, 0.00, 1.00, 1.00, 0.00, 0.00, 0.00, 0.00, 1.00, 0.00, 0.00, 0.00, 0.00
1282, 0, 48.301, 0.88, 1, 0.02, 0.00, 0.00, 0.25, 0.01, 0.00, 0.30, 2.24, 0.03, 0.01, 1.55, 0.48, 0.74, 0.00, 0.01, 0.00, 0.37, 0.00, 0.00, 0.00, 1.00, 0.00, 0.00, 0.00, 1.00, 1.00, 0.00, 0.00, 0.00, 0.00, 1.00, 0.00, 0.00, 0.00, 0.00
1283, 0, 48.339, 0.88, 1, 0.03, 0.00, 0.00, 0.59, 0.00, 0.00, 0.30, 2.10, 0.05, 0.08, 1.20, 0.42, 0.68, 0.00, 0.01, 0.00, 0.37, 0.00, 0.00, 0.00, 1.00, 0.00, 0.00, 0.00, 1.00, 1.00, 0.00, 0.00, 0.00, 0.00, 1.00, 0.00, 0.00, 0.00, 0.00
1284, 0, 48.376, 0.93, 1, 0.03, 0.00, 0.00, 0.65, 0.00, 0.00, 0.31, 1.95, 0.07, 0.08, 0.85, 0.49, 0.47, 0.00, 0.01, 0.00, 0.37, 0.00, 0.00, 0.00, 1.00, 0.00, 0.00, 0.00, 1.00, 1.00, 0.00, 0.00, 0.00, 0.00, 1.00, 0.00, 0.00, 0.00, 0.00
1285, 0, 48.414, 0.98, 1, 0.04, 0.00, 0.00, 0.47, 0.00, 0.00, 0.34, 1.82, 0.05, 0.38, 0.62, 0.40, 0.08, 0.00, 0.00, 0.00, 0.12, 0.00, 0.00, 0.00, 1.00, 0.00, 0.00, 0.00, 1.00, 1.00, 0.00, 0.00, 0.00, 0.00, 1.00, 0.00, 0.00, 0.00, 0.00
1286, 0, 48.452, 0.98, 1, 0.02, 0.00, 0.00, 0.28, 0.00, 0.00, 0.30, 1.76, 0.03, 0.62, 0.70, 0.42, 0.02, 0.00, 0.00, 0.00, 0.12, 0.00, 0.00, 0.00, 1.00, 0.00, 0.00, 0.00, 0.00, 1.00, 0.00, 0.00, 0.00, 0.00, 1.00, 0.00, 0.00, 0.00, 0.00
1287, 0, 48.489, 0.98, 1, 0.02, 0.00, 0.00, 0.35, 0.00, 0.00, 0.26, 1.67, 0.00, 0.84, 0.83, 0.36, 0.02, 0.00, 0.00, 0.00, 0.12, 0.00, 0.00, 0.00, 1.00, 0.00, 0.00, 0.00, 0.00, 1.00, 0.00, 0.00, 0.00, 0.00, 1.00, 0.00, 0.00, 0.00, 0.00
1288, 0, 48.527, 0.98, 1, 0.00, 0.00, 0.00, 0.44, 0.00, 0.00, 0.24, 1.62, 0.03, 0.75, 0.84, 0.30, 0.00, 0.00, 0.00, 0.00, 0.00, 0.00, 0.00, 0.00, 1.00, 0.00, 0.00, 0.00, 0.00, 1.00, 0.00, 0.00, 0.00, 0.00, 1.00, 0.00, 0.00, 0.00, 0.00
1289, 0, 48.565, 0.98, 1, 0.02, 0.00, 0.00, 0.29, 0.00, 0.00, 0.32, 1.80, 0.05, 0.59, 0.73, 0.15, 0.00, 0.00, 0.00, 0.00, 0.00, 0.00, 0.00, 0.00, 1.00, 0.00, 0.00, 0.00, 0.00, 1.00, 0.00, 0.00, 0.00, 0.00, 1.00, 0.00, 0.00, 0.00, 0.00
1290, 0, 48.603, 0.98, 1, 0.02, 0.00, 0.00, 0.12, 0.00, 0.00, 0.24, 1.87, 0.08, 0.35, 1.05, 0.04, 0.00, 0.00, 0.08, 0.00, 0.00, 0.00, 0.00, 0.00, 1.00, 0.00, 0.00, 0.00, 0.00, 1.00, 0.00, 0.00, 0.00, 0.00, 1.00, 0.00, 0.00, 0.00, 0.00
1291, 0, 48.640, 0.98, 1, 0.02, 0.00, 0.00, 0.00, 0.00, 0.00, 0.13, 1.75, 0.09, 0.15, 1.20, 0.13, 0.00, 0.00, 0.14, 0.00, 0.00, 0.00, 0.00, 0.00, 1.00, 0.00, 0.00, 0.00, 0.00, 1.00, 0.00, 0.00, 0.00, 0.00, 1.00, 0.00, 0.00, 0.00, 0.00
1292, 0, 48.678, 0.98, 1, 0.01, 0.00, 0.00, 0.13, 0.00, 0.00, 0.00, 1.60, 0.06, 0.00, 1.35, 0.17, 0.00, 0.00, 0.14, 0.00, 0.00, 0.00, 1.00, 0.00, 1.00, 0.00, 0.00, 0.00, 0.00, 0.00, 0.00, 0.00, 0.00, 0.00, 1.00, 0.00, 0.00, 0.00, 0.00
1293, 0, 48.716, 0.98, 1, 0.01, 0.00, 0.00, 0.13, 0.00, 0.00, 0.00, 1.49, 0.03, 0.00, 1.30, 0.16, 0.00, 0.00, 0.10, 0.00, 0.00, 0.00, 1.00, 0.00, 1.00, 0.00, 0.00, 0.00, 0.00, 0.00, 0.00, 0.00, 0.00, 0.00, 0.00, 0.00, 0.00, 0.00, 0.00
1294, 0, 48.753, 0.98, 1, 0.01, 0.00, 0.00, 0.17, 0.00, 0.00, 0.00, 1.31, 0.00, 0.00, 1.30, 0.20, 0.14, 0.00, 0.04, 0.00, 0.00, 0.00, 1.00, 0.00, 1.00, 0.00, 0.00, 0.00, 0.00, 0.00, 0.00, 0.00, 0.00, 0.00, 0.00, 0.00, 0.00, 0.00, 0.00
1295, 0, 48.791, 0.98, 1, 0.03, 0.00, 0.00, 0.03, 0.00, 0.00, 0.02, 1.55, 0.16, 0.00, 1.23, 0.55, 0.14, 0.00, 0.24, 0.00, 0.08, 0.00, 0.00, 0.00, 1.00, 0.00, 0.00, 0.00, 0.00, 1.00, 0.00, 0.00, 0.00, 0.00, 0.00, 0.00, 0.00, 0.00, 0.00
1296, 0, 48.829, 0.98, 1, 0.06, 0.00, 0.00, 0.03, 0.00, 0.00, 0.02, 1.91, 0.32, 0.00, 0.92, 0.89, 0.14, 0.00, 0.43, 0.00, 0.15, 0.00, 0.00, 0.00, 1.00, 0.00, 0.00, 0.00, 1.00, 1.00, 0.00, 0.00, 0.00, 0.00, 0.00, 0.00, 0.00, 0.00, 0.00
1297, 0, 48.866, 0.98, 1, 0.14, 0.00, 0.00, 0.00, 0.00, 0.00, 0.02, 2.50, 0.51, 0.00, 1.01, 1.09, 0.00, 0.00, 0.63, 0.00, 0.30, 0.00, 0.00, 0.00, 1.00, 0.00, 0.00, 0.00, 1.00, 1.00, 0.00, 0.00, 0.00, 0.00, 0.00, 0.00, 0.00, 0.00, 0.00
1298, 0, 48.904, 0.93, 1, 0.19, 0.00, 0.00, 0.00, 0.00, 0.00, 0.10, 2.44, 0.49, 0.11, 0.69, 1.08, 0.00, 0.00, 0.43, 0.00, 0.34, 0.00, 0.00, 0.00, 1.00, 0.00, 0.00, 0.00, 1.00, 1.00, 0.00, 0.00, 0.00, 0.00, 0.00, 0.00, 0.00, 0.00, 0.00
1299, 0, 48.942, 0.93, 1, 0.18, 0.00, 0.00, 0.00, 0.00, 0.00, 0.24, 2.15, 0.42, 0.28, 0.40, 0.84, 0.00, 0.00, 0.20, 0.00, 0.27, 0.00, 0.00, 0.00, 1.00, 0.00, 0.00, 0.00, 1.00, 1.00, 0.00, 1.00, 0.00, 0.00, 0.00, 0.00, 0.00, 0.00, 0.00
1300, 0, 48.980, 0.93, 1, 0.10, 0.00, 0.00, 0.16, 0.00, 0.00, 0.27, 2.00, 0.33, 0.47, 0.56, 0.78, 0.00, 0.00, 0.00, 0.00, 0.12, 0.00, 1.00, 0.00, 1.00, 0.00, 0.00, 0.00, 1.00, 1.00, 0.00, 1.00, 0.00, 0.00, 0.00, 0.00, 0.00, 0.00, 0.00
1301, 0, 49.017, 0.93, 1, 0.02, 0.00, 0.00, 0.18, 0.00, 0.00, 0.19, 2.10, 0.30, 0.57, 0.82, 0.61, 0.00, 0.00, 0.00, 0.00, 0.00, 0.00, 1.00, 0.00, 1.00, 0.00, 0.00, 0.00, 1.00, 1.00, 0.00, 0.00, 0.00, 0.00, 0.00, 0.00, 0.00, 0.00, 0.00
1302, 0, 49.055, 0.93, 1, 0.00, 0.00, 0.00, 0.23, 0.00, 0.00, 0.05, 2.38, 0.33, 0.66, 1.03, 0.63, 0.00, 0.00, 0.00, 0.00, 0.00, 0.00, 1.00, 0.00, 1.00, 0.00, 0.00, 0.00, 1.00, 1.00, 0.00, 0.00, 0.00, 0.00, 0.00, 0.00, 0.00, 0.00, 0.00
1303, 0, 49.093, 0.93, 1, 0.00, 0.00, 0.00, 0.18, 0.00, 0.00, 0.02, 2.37, 0.32, 0.57, 0.74, 0.42, 0.08, 0.00, 0.00, 0.00, 0.00, 0.00, 1.00, 0.00, 1.00, 0.00, 0.00, 0.00, 1.00, 1.00, 0.00, 1.00, 0.00, 0.00, 0.00, 0.00, 0.00, 0.00, 0.00
1304, 0, 49.130, 0.98, 1, 0.01, 0.00, 0.00, 0.34, 0.00, 0.00, 0.09, 2.27, 0.27, 0.40, 0.69, 0.28, 0.23, 0.00, 0.00, 0.00, 0.00, 0.00, 1.00, 0.00, 1.00, 0.00, 0.00, 0.00, 1.00, 1.00, 0.00, 1.00, 0.00, 0.00, 0.00, 0.00, 0.00, 0.00, 0.00
1305, 0, 49.168, 0.93, 1, 0.02, 0.00, 0.01, 0.29, 0.00, 0.00, 0.29, 1.95, 0.15, 0.14, 0.71, 0.15, 0.23, 0.00, 0.00, 0.00, 0.00, 0.00, 0.00, 0.00, 1.00, 0.00, 0.00, 0.00, 1.00, 1.00, 0.00, 0.00, 0.00, 0.00, 1.00, 0.00, 0.00, 0.00, 0.00
1306, 0, 49.206, 0.98, 1, 0.02, 0.00, 0.01, 0.22, 0.00, 0.00, 0.39, 1.78, 0.07, 0.20, 0.83, 0.08, 0.14, 0.00, 0.00, 0.00, 0.00, 0.00, 0.00, 0.00, 1.00, 0.00, 0.00, 0.00, 1.00, 0.00, 0.00, 0.00, 0.00, 0.00, 1.00, 0.00, 0.00, 0.00, 0.00
1307, 0, 49.244, 0.98, 1, 0.01, 0.00, 0.01, 0.04, 0.00, 0.00, 0.45, 1.76, 0.03, 0.18, 0.83, 0.16, 0.00, 0.00, 0.00, 0.00, 0.00, 0.00, 0.00, 0.00, 1.00, 0.00, 0.00, 0.00, 1.00, 0.00, 0.00, 0.00, 0.00, 1.00, 1.00, 0.00, 0.00, 0.00, 0.00
1308, 0, 49.281, 0.98, 1, 0.00, 0.00, 0.00, 0.09, 0.00, 0.00, 0.38, 1.95, 0.03, 0.18, 0.76, 0.20, 0.00, 0.00, 0.00, 0.00, 0.00, 0.00, 0.00, 0.00, 1.00, 0.00, 0.00, 0.00, 1.00, 0.00, 0.00, 0.00, 0.00, 0.00, 1.00, 0.00, 0.00, 0.00, 0.00
1309, 0, 49.319, 0.98, 1, 0.00, 0.00, 0.00, 0.10, 0.00, 0.00, 0.51, 2.08, 0.02, 0.02, 0.67, 0.37, 0.00, 0.00, 0.00, 0.00, 0.00, 0.00, 0.00, 0.00, 1.00, 0.00, 0.00, 0.00, 1.00, 0.00, 0.00, 0.00, 0.00, 0.00, 1.00, 0.00, 0.00, 0.00, 0.00
1310, 0, 49.357, 0.98, 1, 0.00, 0.00, 0.00, 0.10, 0.00, 0.00, 0.48, 2.28, 0.01, 0.32, 0.77, 0.51, 0.27, 0.00, 0.00, 0.00, 0.00, 0.00, 0.00, 0.00, 1.00, 0.00, 0.00, 0.00, 1.00, 0.00, 0.00, 0.00, 0.00, 0.00, 1.00, 0.00, 0.00, 0.00, 0.00
1311, 0, 49.394, 0.98, 1, 0.00, 0.00, 0.00, 0.12, 0.00, 0.00, 0.34, 2.20, 0.01, 0.67, 1.14, 0.72, 0.35, 0.00, 0.00, 0.00, 0.00, 0.00, 0.00, 0.00, 1.00, 0.00, 0.00, 0.00, 1.00, 0.00, 0.00, 0.00, 0.00, 0.00, 1.00, 0.00, 0.00, 0.00, 0.00
1312, 0, 49.432, 0.98, 1, 0.00, 0.00, 0.00, 0.07, 0.00, 0.00, 0.12, 2.00, 0.01, 0.77, 1.29, 0.87, 0.70, 0.00, 0.00, 0.00, 0.05, 0.00, 0.00, 0.00, 1.00, 0.00, 0.00, 0.00, 0.00, 0.00, 0.00, 0.00, 1.00, 0.00, 1.00, 0.00, 0.00, 0.00, 0.00
1313, 0, 49.470, 0.93, 1, 0.08, 0.03, 0.00, 0.23, 0.00, 0.00, 0.01, 1.71, 0.00, 0.45, 1.25, 0.99, 0.66, 0.00, 0.00, 0.02, 0.05, 0.00, 0.00, 0.00, 1.00, 0.00, 0.00, 0.00, 0.00, 0.00, 0.00, 0.00, 1.00, 1.00, 0.00, 0.00, 0.00, 0.00, 0.00
1314, 0, 49.507, 0.98, 1, 0.16, 0.03, 0.00, 0.33, 0.00, 0.00, 0.01, 1.72, 0.00, 0.10, 1.03, 1.12, 0.77, 0.00, 0.00, 0.02, 0.05, 0.00, 0.00, 0.00, 1.00, 0.00, 0.00, 0.00, 0.00, 0.00, 0.00, 0.00, 1.00, 0.00, 0.00, 0.00, 0.00, 0.00, 0.00
1315, 0, 49.545, 0.98, 1, 0.16, 0.03, 0.00, 0.33, 0.00, 0.00, 0.10, 1.97, 0.07, 0.17, 0.58, 0.88, 0.43, 0.00, 0.00, 0.02, 0.00, 0.00, 0.00, 0.00, 1.00, 0.00, 0.00, 0.00, 0.00, 0.00, 0.00, 0.00, 1.00, 0.00, 0.00, 0.00, 0.00, 0.00, 0.00
1316, 0, 49.583, 0.93, 1, 0.08, 0.00, 0.00, 0.27, 0.00, 0.00, 0.20, 2.13, 0.12, 0.50, 0.41, 0.48, 0.20, 0.00, 0.00, 0.05, 0.00, 0.00, 0.00, 0.00, 1.00, 0.00, 0.00, 0.00, 0.00, 0.00, 0.00, 0.00, 0.00, 0.00, 0.00, 0.00, 0.00, 0.00, 0.00
1317, 0, 49.621, 0.98, 1, 0.00, 0.00, 0.00, 0.09, 0.00, 0.00, 0.31, 2.17, 0.18, 0.86, 0.22, 0.10, 0.01, 0.00, 0.00, 0.09, 0.00, 0.00, 0.00, 0.00, 1.00, 0.00, 0.00, 0.00, 0.00, 0.00, 0.00, 0.00, 0.00, 0.00, 0.00, 0.00, 0.00, 0.00, 0.00
1318, 0, 49.658, 0.98, 1, 0.01, 0.00, 0.00, 0.23, 0.00, 0.00, 0.28, 2.21, 0.15, 0.95, 0.46, 0.16, 0.00, 0.00, 0.00, 0.16, 0.00, 0.00, 0.00, 0.00, 1.00, 0.00, 0.00, 0.00, 0.00, 0.00, 0.00, 0.00, 0.00, 0.00, 0.00, 0.00, 0.00, 0.00, 0.00
1319, 0, 49.696, 0.98, 1, 0.01, 0.00, 0.00, 0.28, 0.00, 0.00, 0.21, 2.21, 0.15, 0.85, 0.66, 0.32, 0.00, 0.00, 0.02, 0.21, 0.00, 0.00, 0.00, 0.00, 1.00, 0.00, 0.00, 0.00, 0.00, 0.00, 0.00, 0.00, 0.00, 0.00, 0.00, 0.00, 0.00, 0.00, 0.00
1320, 0, 49.734, 0.98, 1, 0.04, 0.00, 0.00, 0.51, 0.00, 0.00, 0.10, 2.09, 0.09, 0.59, 1.34, 0.49, 0.00, 0.00, 0.02, 0.28, 0.00, 0.00, 0.00, 0.00, 1.00, 0.00, 0.00, 0.00, 0.00, 0.00, 0.00, 0.00, 0.00, 0.00, 0.00, 0.00, 0.00, 0.00, 0.00
1321, 0, 49.771, 0.98, 1, 0.09, 0.00, 0.00, 0.63, 0.00, 0.00, 0.04, 1.71, 0.05, 0.42, 1.21, 0.51, 0.00, 0.00, 0.02, 0.29, 0.00, 0.00, 0.00, 0.00, 1.00, 0.00, 0.00, 0.00, 0.00, 0.00, 0.00, 0.00, 0.00, 0.00, 0.00, 0.00, 0.00, 0.00, 0.00
1322, 0, 49.809, 0.98, 1, 0.09, 0.00, 0.00, 0.62, 0.00, 0.00, 0.00, 1.32, 0.00, 0.42, 1.19, 0.42, 0.00, 0.00, 0.00, 0.22, 0.00, 0.00, 0.00, 0.00, 1.00, 0.00, 0.00, 0.00, 0.00, 0.00, 0.00, 0.00, 0.00, 0.00, 0.00, 0.00, 0.00, 0.00, 0.00
1323, 0, 49.847, 0.98, 1, 0.10, 0.00, 0.00, 0.40, 0.00, 0.00, 0.00, 1.21, 0.00, 0.42, 0.62, 0.25, 0.00, 0.00, 0.00, 0.16, 0.00, 0.00, 0.00, 0.00, 1.00, 0.00, 0.00, 0.00, 0.00, 0.00, 0.00, 0.00, 0.00, 0.00, 0.00, 0.00, 0.00, 0.00, 0.00
1324, 0, 49.885, 0.98, 1, 0.04, 0.00, 0.00, 0.18, 0.00, 0.00, 0.06, 1.30, 0.00, 0.58, 0.63, 0.09, 0.00, 0.00, 0.00, 0.10, 0.00, 0.00, 0.00, 0.00, 1.00, 0.00, 0.00, 0.00, 0.00, 0.00, 0.00, 0.00, 0.00, 0.00, 0.00, 0.00, 0.00, 0.00, 0.00
1325, 0, 49.922, 0.98, 1, 0.04, 0.00, 0.00, 0.04, 0.00, 0.07, 0.19, 1.46, 0.00, 0.58, 0.36, 0.08, 0.00, 0.00, 0.00, 0.07, 0.00, 0.00, 0.00, 0.00, 1.00, 0.00, 0.00, 0.00, 0.00, 0.00, 0.00, 0.00, 0.00, 0.00, 0.00, 0.00, 0.00, 0.00, 0.00
1326, 0, 49.960, 0.98, 1, 0.01, 0.00, 0.00, 0.19, 0.00, 0.07, 0.37, 1.61, 0.00, 0.65, 0.13, 0.10, 0.00, 0.00, 0.00, 0.12, 0.00, 0.00, 0.00, 0.00, 1.00, 0.00, 0.00, 0.00, 0.00, 0.00, 0.00, 0.00, 0.00, 0.00, 0.00, 0.00, 0.00, 0.00, 0.00
1327, 0, 49.998, 0.98, 1, 0.02, 0.00, 0.00, 0.47, 0.00, 0.26, 0.47, 1.61, 0.00, 0.41, 0.00, 0.13, 0.00, 0.00, 0.00, 0.10, 0.00, 0.00, 0.00, 0.00, 1.00, 0.00, 0.00, 0.00, 0.00, 0.00, 0.00, 0.00, 0.00, 0.00, 0.00, 0.00, 0.00, 0.00, 0.00
1328, 0, 50.035, 0.98, 1, 0.01, 0.00, 0.00, 0.68, 0.00, 0.20, 0.47, 1.59, 0.00, 0.32, 0.00, 0.06, 0.00, 0.00, 0.00, 0.16, 0.00, 0.00, 0.00, 0.00, 1.00, 0.00, 0.00, 0.00, 0.00, 0.00, 0.00, 0.00, 0.00, 0.00, 0.00, 0.00, 0.00, 0.00, 0.00
1329, 0, 50.073, 0.98, 1, 0.03, 0.00, 0.00, 0.76, 0.00, 0.20, 0.42, 1.51, 0.00, 0.29, 0.00, 0.03, 0.00, 0.00, 0.00, 0.14, 0.00, 0.00, 1.00, 0.00, 1.00, 0.00, 0.00, 0.00, 0.00, 0.00, 0.00, 0.00, 0.00, 0.00, 0.00, 0.00, 0.00, 0.00, 0.00
1330, 0, 50.111, 0.98, 1, 0.02, 0.00, 0.00, 0.66, 0.00, 0.01, 0.28, 1.55, 0.00, 0.29, 0.00, 0.00, 0.00, 0.00, 0.00, 0.14, 0.00, 0.00, 1.00, 0.00, 1.00, 0.00, 0.00, 0.00, 0.00, 0.00, 0.00, 0.00, 0.00, 0.00, 0.00, 0.00, 0.00, 0.00, 0.00
1331, 0, 50.148, 0.98, 1, 0.03, 0.00, 0.00, 0.65, 0.00, 0.00, 0.16, 1.57, 0.00, 0.14, 0.00, 0.00, 0.00, 0.00, 0.03, 0.08, 0.09, 0.00, 1.00, 0.00, 1.00, 0.00, 0.00, 0.00, 0.00, 0.00, 0.00, 0.00, 0.00, 0.00, 0.00, 0.00, 0.00, 0.00, 0.00
1332, 0, 50.186, 0.98, 1, 0.00, 0.00, 0.00, 0.66, 0.00, 0.00, 0.08, 1.65, 0.00, 0.00, 0.13, 0.00, 0.00, 0.00, 0.11, 0.02, 0.12, 0.00, 1.00, 0.00, 1.00, 0.00, 0.00, 0.00, 0.00, 0.00, 0.00, 0.00, 0.00, 0.00, 0.00, 0.00, 0.00, 0.00, 0.00
1333, 0, 50.224, 0.98, 1, 0.00, 0.00, 0.00, 0.55, 0.00, 0.00, 0.06, 1.67, 0.00, 0.00, 0.41, 0.08, 0.00, 0.00, 0.14, 0.02, 0.18, 0.00, 1.00, 0.00, 1.00, 0.00, 0.00, 0.00, 0.00, 0.00, 0.00, 0.00, 0.00, 0.00, 0.00, 0.00, 0.00, 0.00, 0.00
1334, 0, 50.262, 0.98, 1, 0.00, 0.00, 0.00, 0.47, 0.00, 0.00, 0.07, 1.70, 0.00, 0.00, 0.52, 0.13, 0.00, 0.00, 0.11, 0.06, 0.17, 0.00, 1.00, 0.00, 1.00, 0.00, 0.00, 0.00, 0.00, 0.00, 0.00, 0.00, 0.00, 0.00, 0.00, 0.00, 0.00, 0.00, 0.00
1335, 0, 50.299, 0.98, 1, 0.00, 0.00, 0.00, 0.37, 0.00, 0.07, 0.11, 1.19, 0.00, 0.00, 1.14, 0.13, 0.00, 0.04, 0.03, 0.28, 0.13, 0.00, 1.00, 0.00, 1.00, 0.00, 0.00, 0.00, 0.00, 0.00, 0.00, 0.00, 0.00, 0.00, 0.00, 0.00, 0.00, 0.00, 0.00
1336, 0, 50.337, 0.98, 1, 0.00, 0.00, 0.00, 0.53, 0.00, 0.11, 0.14, 0.85, 0.00, 0.00, 1.41, 0.05, 0.00, 0.04, 0.00, 0.47, 0.07, 0.00, 1.00, 0.00, 1.00, 0.00, 0.00, 0.00, 0.00, 0.00, 0.00, 0.00, 0.00, 0.00, 0.00, 0.00, 0.00, 0.00, 0.00
1337, 0, 50.375, 0.98, 1, 0.03, 0.00, 0.00, 0.72, 0.00, 0.21, 0.16, 0.61, 0.00, 0.00, 1.32, 0.00, 0.03, 0.04, 0.01, 0.50, 0.00, 0.00, 1.00, 0.00, 1.00, 0.00, 0.00, 0.00, 0.00, 0.00, 0.00, 0.00, 0.00, 0.00, 0.00, 0.00, 0.00, 0.00, 0.00
1338, 0, 50.412, 0.98, 1, 0.03, 0.00, 0.00, 0.63, 0.00, 0.18, 0.09, 0.96, 0.00, 0.00, 0.88, 0.00, 0.06, 0.00, 0.01, 0.43, 0.00, 0.00, 1.00, 0.00, 1.00, 0.00, 0.00, 0.00, 0.00, 0.00, 0.00, 0.00, 0.00, 0.00, 0.00, 0.00, 0.00, 0.00, 0.00
1339, 0, 50.450, 0.98, 1, 0.03, 0.00, 0.00, 0.48, 0.00, 0.14, 0.09, 0.97, 0.01, 0.00, 0.70, 0.00, 0.07, 0.02, 0.01, 0.43, 0.00, 0.00, 1.00, 0.00, 1.00, 0.00, 0.00, 0.00, 0.00, 0.00, 0.00, 0.00, 0.00, 0.00, 0.00, 0.00, 0.00, 0.00, 0.00
1340, 0, 50.488, 0.98, 1, 0.00, 0.00, 0.00, 0.37, 0.00, 0.04, 0.06, 1.21, 0.01, 0.00, 1.16, 0.14, 0.04, 0.02, 0.24, 0.35, 0.00, 0.00, 1.00, 0.00, 1.00, 0.00, 0.00, 0.00, 0.00, 0.00, 0.00, 0.00, 0.00, 0.00, 0.00, 0.00, 0.00, 0.00, 0.00
1341, 0, 50.526, 0.98, 1, 0.00, 0.00, 0.00, 0.52, 0.00, 0.00, 0.04, 1.30, 0.01, 0.00, 1.59, 0.28, 0.07, 0.02, 0.58, 0.18, 0.00, 0.00, 1.00, 0.00, 1.00, 0.00, 0.00, 0.00, 0.00, 0.00, 0.00, 0.00, 0.00, 1.00, 0.00, 0.00, 0.00, 0.00, 0.00
1342, 0, 50.563, 0.98, 1, 0.03, 0.00, 0.00, 0.41, 0.00, 0.00, 0.00, 1.52, 0.00, 0.00, 1.52, 0.62, 0.25, 0.00, 0.58, 0.00, 0.00, 0.00, 0.00, 0.00, 1.00, 0.00, 0.00, 0.00, 0.00, 0.00, 0.00, 0.00, 0.00, 1.00, 0.00, 0.00, 0.00, 0.00, 0.00
1343, 0, 50.601, 0.93, 1, 0.03, 0.00, 0.00, 0.20, 0.00, 0.00, 0.00, 1.38, 0.00, 0.00, 1.25, 0.61, 0.41, 0.00, 0.34, 0.00, 0.07, 0.00, 0.00, 0.00, 1.00, 0.00, 0.00, 0.00, 0.00, 0.00, 0.00, 0.00, 0.00, 1.00, 0.00, 0.00, 0.00, 0.00, 0.00
1344, 0, 50.639, 0.98, 1, 0.05, 0.00, 0.00, 0.02, 0.00, 0.00, 0.01, 1.31, 0.00, 0.00, 0.62, 0.55, 0.39, 0.00, 0.03, 0.00, 0.23, 0.00, 0.00, 0.00, 1.00, 0.00, 0.00, 0.00, 0.00, 0.00, 0.00, 0.00, 0.00, 1.00, 0.00, 0.00, 0.00, 0.00, 0.00
1345, 0, 50.676, 0.98, 1, 0.08, 0.00, 0.00, 0.01, 0.00, 0.00, 0.01, 1.39, 0.00, 0.15, 0.76, 0.22, 0.20, 0.00, 0.03, 0.07, 0.23, 0.00, 0.00, 0.00, 1.00, 0.00, 0.00, 0.00, 0.00, 0.00, 0.00, 0.00, 0.00, 1.00, 0.00, 0.00, 0.00, 0.00, 0.00
1346, 0, 50.714, 0.98, 1, 0.08, 0.00, 0.00, 0.14, 0.00, 0.00, 0.07, 1.38, 0.00, 0.15, 0.80, 0.22, 0.03, 0.00, 0.03, 0.19, 0.22, 0.00, 0.00, 0.00, 1.00, 0.00, 0.00, 0.00, 0.00, 0.00, 0.00, 0.00, 0.00, 1.00, 0.00, 0.00, 0.00, 0.00, 0.00
1347, 0, 50.752, 0.98, 1, 0.06, 0.00, 0.00, 0.25, 0.00, 0.00, 0.11, 1.38, 0.00, 0.16, 1.04, 0.23, 0.00, 0.00, 0.00, 0.23, 0.08, 0.00, 0.00, 0.00, 1.00, 0.00, 0.00, 0.00, 0.00, 0.00, 0.00, 0.00, 0.00, 1.00, 0.00, 0.00, 0.00, 0.00, 0.00
1348, 0, 50.789, 0.98, 1, 0.00, 0.00, 0.00, 0.38, 0.00, 0.00, 0.19, 1.40, 0.00, 0.01, 0.99, 0.26, 0.00, 0.00, 0.00, 0.17, 0.10, 0.00, 0.00, 0.00, 1.00, 0.00, 0.00, 0.00, 0.00, 0.00, 0.00, 0.00, 0.00, 1.00, 0.00, 0.00, 0.00, 0.00, 0.00
1349, 0, 50.827, 0.98, 1, 0.00, 0.00, 0.00, 0.38, 0.00, 0.00, 0.24, 1.58, 0.00, 0.16, 1.00, 0.13, 0.02, 0.00, 0.00, 0.05, 0.04, 0.00, 0.00, 0.00, 1.00, 0.00, 0.00, 0.00, 0.00, 0.00, 0.00, 0.00, 0.00, 1.00, 0.00, 0.00, 0.00, 0.00, 0.00
1350, 0, 50.865, 0.98, 1, 0.00, 0.00, 0.00, 0.27, 0.00, 0.00, 0.24, 1.67, 0.00, 0.43, 0.86, 0.19, 0.07, 0.00, 0.00, 0.09, 0.02, 0.00, 0.00, 0.00, 1.00, 0.00, 0.00, 0.00, 0.00, 0.00, 0.00, 0.00, 0.00, 1.00, 0.00, 0.00, 0.00, 0.00, 0.00
1351, 0, 50.903, 0.98, 1, 0.00, 0.00, 0.00, 0.12, 0.00, 0.00, 0.21, 1.70, 0.03, 0.75, 0.70, 0.20, 0.07, 0.00, 0.00, 0.27, 0.00, 0.00, 0.00, 0.00, 1.00, 0.00, 0.00, 0.00, 0.00, 0.00, 0.00, 0.00, 0.00, 0.00, 0.00, 0.00, 0.00, 0.00, 0.00
1352, 0, 50.940, 0.98, 1, 0.00, 0.00, 0.00, 0.00, 0.00, 0.00, 0.12, 1.79, 0.09, 1.04, 0.56, 0.27, 0.05, 0.00, 0.00, 0.50, 0.00, 0.00, 0.00, 0.00, 1.00, 0.00, 0.00, 0.00, 0.00, 0.00, 0.00, 0.00, 0.00, 0.00, 0.00, 0.00, 0.00, 0.00, 0.00
1353, 0, 50.978, 0.98, 1, 0.00, 0.00, 0.00, 0.00, 0.00, 0.00, 0.14, 1.97, 0.15, 1.13, 0.40, 0.37, 0.01, 0.00, 0.00, 0.65, 0.00, 0.00, 1.00, 0.00, 1.00, 0.00, 0.00, 0.00, 0.00, 0.00, 0.00, 0.00, 0.00, 0.00, 0.00, 0.00, 0.00, 0.00, 0.00
1354, 0, 51.016, 0.98, 1, 0.00, 0.00, 0.00, 0.00, 0.00, 0.00, 0.19, 2.07, 0.12, 1.22, 0.27, 0.65, 0.01, 0.00, 0.00, 0.60, 0.00, 0.00, 1.00, 0.00, 1.00, 0.00, 0.00, 0.00, 0.00, 0.00, 0.00, 0.00, 0.00, 0.00, 0.00, 0.00, 0.00, 0.00, 0.00
1355, 0, 51.053, 0.98, 1, 0.00, 0.00, 0.00, 0.00, 0.00, 0.00, 0.20, 2.19, 0.07, 0.90, 0.43, 0.62, 0.01, 0.00, 0.00, 0.63, 0.00, 0.00, 1.00, 0.00, 1.00, 0.00, 0.00, 0.00, 0.00, 0.00, 0.00, 0.00, 0.00, 0.00, 0.00, 0.00, 0.00, 0.00, 0.00
1356, 0, 51.091, 0.98, 1, 0.00, 0.00, 0.00, 0.03, 0.00, 0.00, 0.15, 2.25, 0.01, 0.55, 0.61, 0.48, 0.00, 0.00, 0.00, 0.62, 0.00, 0.00, 1.00, 0.00, 1.00, 0.00, 0.00, 0.00, 0.00, 0.00, 0.00, 0.00, 0.00, 0.00, 0.00, 0.00, 0.00, 0.00, 0.00
1357, 0, 51.129, 0.98, 1, 0.00, 0.00, 0.00, 0.03, 0.00, 0.00, 0.15, 2.37, 0.00, 0.14, 0.90, 0.34, 0.00, 0.00, 0.00, 0.82, 0.00, 0.00, 1.00, 0.00, 1.00, 0.00, 0.00, 0.00, 0.00, 0.00, 0.00, 0.00, 0.00, 0.00, 0.00, 0.00, 0.00, 0.00, 0.00
1358, 0, 51.167, 0.98, 1, 0.00, 0.00, 0.00, 0.07, 0.00, 0.00, 0.19, 2.32, 0.00, 0.03, 0.97, 0.44, 0.00, 0.00, 0.02, 0.78, 0.00, 0.00, 1.00, 0.00, 1.00, 0.00, 0.00, 0.00, 0.00, 0.00, 0.00, 0.00, 0.00, 0.00, 0.00, 0.00, 0.00, 0.00, 0.00
1359, 0, 51.204, 0.98, 1, 0.00, 0.00, 0.00, 0.20, 0.00, 0.05, 0.17, 2.28, 0.00, 0.00, 1.76, 0.38, 0.00, 0.00, 0.46, 0.55, 0.01, 0.00, 1.00, 0.00, 1.00, 0.00, 0.00, 0.00, 0.00, 0.00, 0.00, 0.00, 0.00, 0.00, 0.00, 0.00, 0.00, 0.00, 0.00
1360, 0, 51.242, 0.98, 1, 0.00, 0.00, 0.00, 0.37, 0.00, 0.05, 0.21, 1.85, 0.00, 0.28, 1.43, 0.20, 0.00, 0.00, 0.46, 0.27, 0.01, 0.00, 1.00, 0.00, 1.00, 0.00, 0.00, 0.00, 0.00, 0.00, 0.00, 0.00, 0.00, 0.00, 0.00, 0.00, 0.00, 0.00, 0.00
1361, 0, 51.280, 0.98, 1, 0.00, 0.00, 0.00, 0.52, 0.00, 0.05, 0.17, 1.53, 0.00, 0.49, 1.08, 0.05, 0.00, 0.00, 0.45, 0.36, 0.01, 0.00, 1.00, 0.00, 1.00, 0.00, 0.00, 0.00, 0.00, 0.00, 0.00, 0.00, 0.00, 0.00, 0.00, 0.00, 0.00, 0.00, 0.00
1362, 0, 51.317, 0.98, 1, 0.00, 0.00, 0.00, 0.55, 0.00, 0.00, 0.25, 1.24, 0.00, 0.59, 0.04, 0.00, 0.00, 0.00, 0.00, 0.42, 0.00, 0.00, 0.00, 0.00, 1.00, 0.00, 0.00, 0.00, 0.00, 0.00, 0.00, 0.00, 0.00, 0.00, 0.00, 0.00, 0.00, 0.00, 0.00
1363, 0, 51.355, 0.98, 1, 0.00, 0.00, 0.00, 0.38, 0.00, 0.00, 0.21, 1.26, 0.00, 0.31, 0.00, 0.00, 0.00, 0.00, 0.00, 0.55, 0.00, 0.00, 0.00, 0.00, 1.00, 0.00, 0.00, 0.00, 0.00, 0.00, 0.00, 0.00, 0.00, 0.00, 0.00, 0.00, 0.00, 0.00, 0.00
1364, 0, 51.393, 0.98, 1, 0.02, 0.00, 0.00, 0.19, 0.00, 0.00, 0.24, 1.18, 0.00, 0.10, 0.00, 0.00, 0.00, 0.00, 0.00, 0.40, 0.00, 0.00, 0.00, 0.00, 1.00, 0.00, 0.00, 0.00, 0.00, 0.00, 0.00, 0.00, 0.00, 0.00, 0.00, 0.00, 0.00, 0.00, 0.00
1365, 0, 51.430, 0.98, 1, 0.02, 0.00, 0.00, 0.16, 0.00, 0.00, 0.26, 0.94, 0.00, 0.00, 0.05, 0.07, 0.00, 0.00, 0.00, 0.44, 0.00, 0.00, 0.00, 0.00, 1.00, 0.00, 0.00, 0.00, 0.00, 0.00, 0.00, 0.00, 0.00, 0.00, 0.00, 0.00, 0.00, 0.00, 0.00
1366, 0, 51.468, 0.98, 1, 0.02, 0.00, 0.00, 0.33, 0.00, 0.00, 0.39, 0.86, 0.00, 0.03, 0.05, 0.07, 0.00, 0.00, 0.00, 0.44, 0.00, 0.00, 0.00, 0.00, 1.00, 0.00, 0.00, 0.00, 0.00, 0.00, 0.00, 0.00, 0.00, 0.00, 0.00, 0.00, 0.00, 0.00, 0.00
1367, 0, 51.506, 0.88, 1, 0.02, 0.00, 0.00, 0.55, 0.00, 0.00, 0.53, 0.90, 0.00, 0.26, 0.05, 0.07, 0.00, 0.00, 0.00, 0.29, 0.00, 0.00, 0.00, 0.00, 1.00, 0.00, 0.00, 0.00, 0.00, 0.00, 0.00, 0.00, 0.00, 0.00, 0.00, 0.00, 0.00, 0.00, 0.00
1368, 0, 51.544, 0.98, 1, 0.02, 0.00, 0.00, 0.39, 0.00, 0.00, 0.60, 1.04, 0.00, 0.31, 0.00, 0.00, 0.07, 0.00, 0.00, 0.30, 0.00, 0.00, 0.00, 0.00, 1.00, 0.00, 0.00, 0.00, 0.00, 0.00, 0.00, 0.00, 0.00, 0.00, 0.00, 0.00, 0.00, 0.00, 0.00
1369, 0, 51.581, 0.98, 1, 0.02, 0.00, 0.00, 0.26, 0.00, 0.00, 0.43, 1.15, 0.00, 0.30, 0.00, 0.02, 0.07, 0.00, 0.00, 0.15, 0.00, 0.00, 0.00, 0.00, 1.00, 0.00, 0.00, 0.00, 0.00, 0.00, 0.00, 0.00, 0.00, 0.00, 0.00, 0.00, 0.00, 0.00, 0.00
1370, 0, 51.619, 0.98, 1, 0.03, 0.00, 0.00, 0.04, 0.00, 0.00, 0.23, 1.33, 0.00, 0.07, 0.33, 0.24, 0.07, 0.00, 0.00, 0.15, 0.15, 0.00, 0.00, 0.00, 1.00, 0.00, 0.00, 0.00, 0.00, 0.00, 0.00, 0.00, 0.00, 0.00, 0.00, 0.00, 0.00, 0.00, 0.00
1371, 0, 51.657, 0.98, 1, 0.03, 0.00, 0.00, 0.04, 0.00, 0.00, 0.07, 1.59, 0.01, 0.02, 0.59, 0.33, 0.00, 0.00, 0.00, 0.20, 0.14, 0.00, 0.00, 0.00, 1.00, 0.00, 0.00, 0.00, 0.00, 0.00, 0.00, 0.00, 0.00, 0.00, 0.00, 0.00, 0.00, 0.00, 0.00
1372, 0, 51.694, 0.98, 1, 0.03, 0.00, 0.00, 0.00, 0.00, 0.00, 0.00, 1.67, 0.04, 0.04, 0.70, 0.45, 0.00, 0.00, 0.00, 0.37, 0.23, 0.00, 0.00, 0.00, 1.00, 0.00, 0.00, 0.00, 0.00, 0.00, 0.00, 0.00, 0.00, 0.00, 0.00, 0.00, 0.00, 0.00, 0.00
1373, 0, 51.732, 0.98, 1, 0.00, 0.00, 0.00, 0.00, 0.00, 0.00, 0.00, 1.54, 0.04, 0.20, 0.36, 0.28, 0.00, 0.00, 0.00, 0.60, 0.14, 0.00, 0.00, 0.00, 1.00, 0.00, 0.00, 0.00, 0.00, 0.00, 0.00, 0.00, 0.00, 0.00, 0.00, 0.00, 0.00, 0.00, 0.00
1374, 0, 51.770, 0.98, 1, 0.06, 0.00, 0.00, 0.09, 0.00, 0.00, 0.00, 1.31, 0.03, 0.46, 0.11, 0.20, 0.00, 0.00, 0.00, 0.56, 0.14, 0.00, 0.00, 0.00, 1.00, 0.00, 0.00, 0.00, 0.00, 0.00, 0.00, 0.00, 0.00, 0.00, 0.00, 0.00, 0.00, 0.00, 0.00
1375, 0, 51.808, 0.98, 1, 0.06, 0.00, 0.00, 0.11, 0.00, 0.00, 0.08, 1.28, 0.02, 0.47, 0.00, 0.12, 0.00, 0.00, 0.00, 0.37, 0.05, 0.00, 0.00, 0.00, 1.00, 0.00, 0.00, 0.00, 0.00, 0.00, 0.00, 0.00, 0.00, 0.00, 0.00, 0.00, 0.00, 0.00, 0.00
1376, 0, 51.845, 0.98, 1, 0.06, 0.00, 0.00, 0.20, 0.00, 0.00, 0.14, 1.33, 0.04, 0.32, 0.07, 0.11, 0.00, 0.00, 0.00, 0.14, 0.00, 0.00, 1.00, 0.00, 1.00, 0.00, 0.00, 0.00, 0.00, 0.00, 0.00, 0.00, 0.00, 0.00, 0.00, 0.00, 0.00, 0.00, 0.00
1377, 0, 51.883, 0.98, 1, 0.10, 0.00, 0.00, 0.32, 0.00, 0.00, 0.28, 1.40, 0.04, 0.06, 0.07, 0.22, 0.00, 0.00, 0.00, 0.01, 0.00, 0.00, 1.00, 0.00, 1.00, 0.00, 0.00, 0.00, 0.00, 0.00, 0.00, 0.00, 0.00, 0.00, 0.00, 0.00, 0.00, 0.00, 0.00
1378, 0, 51.921, 0.98, 1, 0.32, 0.00, 0.00, 0.47, 0.00, 0.00, 0.33, 1.42, 0.02, 0.01, 0.17, 0.16, 0.00, 0.00, 0.00, 0.01, 0.00, 0.00, 1.00, 0.00, 1.00, 0.00, 0.00, 0.00, 0.00, 0.00, 0.00, 0.00, 0.00, 0.00, 0.00, 0.00, 0.00, 0.00, 0.00
1379, 0, 51.958, 0.98, 1, 0.49, 0.06, 0.00, 0.51, 0.00, 0.00, 0.37, 1.38, 0.00, 0.00, 0.10, 0.16, 0.00, 0.00, 0.00, 0.01, 0.00, 0.00, 1.00, 0.00, 1.00, 0.00, 0.00, 0.00, 0.00, 0.00, 0.00, 0.00, 0.00, 0.00, 0.00, 0.00, 0.00, 0.00, 0.00
1380, 0, 51.996, 0.98, 1, 0.40, 0.06, 0.00, 0.36, 0.00, 0.00, 0.25, 1.41, 0.00, 0.00, 0.10, 0.13, 0.00, 0.00, 0.00, 0.00, 0.03, 0.00, 1.00, 0.00, 1.00, 0.00, 0.00, 0.00, 0.00, 0.00, 0.00, 0.00, 0.00, 0.00, 0.00, 0.00, 0.00, 0.00, 0.00
1381, 0, 52.034, 0.98, 1, 0.22, 0.06, 0.00, 0.20, 0.00, 0.00, 0.24, 1.30, 0.00, 0.00, 0.00, 0.13, 0.00, 0.00, 0.00, 0.00, 0.03, 0.00, 1.00, 0.00, 1.00, 0.00, 0.00, 0.00, 0.00, 0.00, 0.00, 0.00, 0.00, 0.00, 0.00, 0.00, 0.00, 0.00, 0.00
1382, 0, 52.071, 0.98, 1, 0.05, 0.00, 0.00, 0.07, 0.00, 0.00, 0.26, 1.22, 0.00, 0.00, 0.00, 0.08, 0.00, 0.00, 0.00, 0.00, 0.03, 0.00, 0.00, 0.00, 1.00, 0.00, 0.00, 0.00, 0.00, 0.00, 0.00, 0.00, 0.00, 0.00, 0.00, 0.00, 0.00, 0.00, 0.00
1383, 0, 52.109, 0.98, 1, 0.05, 0.00, 0.00, 0.00, 0.00, 0.00, 0.30, 1.11, 0.00, 0.00, 0.00, 0.00, 0.00, 0.00, 0.00, 0.00, 0.12, 0.00, 0.00, 0.00, 1.00, 0.00, 0.00, 0.00, 0.00, 0.00, 0.00, 0.00, 0.00, 0.00, 0.00, 0.00, 0.00, 0.00, 0.00
1384, 0, 52.147, 0.98, 1, 0.03, 0.00, 0.00, 0.10, 0.00, 0.00, 0.19, 1.17, 0.00, 0.00, 0.00, 0.00, 0.00, 0.00, 0.00, 0.02, 0.16, 0.00, 0.00, 0.00, 1.00, 0.00, 0.00, 0.00, 0.00, 0.00, 0.00, 0.00, 0.00, 0.00, 1.00, 0.00, 0.00, 0.00, 0.00
1385, 0, 52.185, 0.98, 1, 0.18, 0.00, 0.00, 0.15, 0.00, 0.00, 0.07, 1.15, 0.00, 0.00, 0.00, 0.10, 0.00, 0.00, 0.00, 0.02, 0.18, 0.00, 0.00, 0.00, 1.00, 0.00, 0.00, 0.00, 0.00, 0.00, 0.00, 0.00, 0.00, 0.00, 1.00, 0.00, 0.00, 0.00, 0.00
1386, 0, 52.222, 0.93, 1, 0.46, 0.05, 0.00, 0.15, 0.00, 0.00, 0.00, 1.22, 0.00, 0.00, 0.00, 0.31, 0.00, 0.01, 0.00, 0.02, 0.06, 0.00, 0.00, 0.00, 1.00, 0.00, 0.00, 0.00, 0.00, 0.00, 0.00, 0.00, 0.00, 0.00, 1.00, 0.00, 0.00, 0.00, 0.00
1387, 0, 52.260, 0.93, 1, 0.62, 0.18, 0.00, 0.04, 0.00, 0.00, 0.00, 1.20, 0.00, 0.00, 0.00, 0.37, 0.00, 0.02, 0.00, 0.12, 0.07, 0.00, 0.00, 0.00, 1.00, 0.00, 0.00, 0.00, 0.00, 0.00, 0.00, 0.00, 0.00, 0.00, 1.00, 0.00, 0.00, 0.00, 0.00
1388, 0, 52.298, 0.93, 1, 0.73, 0.22, 0.00, 0.00, 0.00, 0.00, 0.00, 1.29, 0.00, 0.00, 0.00, 0.27, 0.00, 0.02, 0.00, 0.14, 0.05, 0.00, 0.00, 0.00, 1.00, 0.00, 0.00, 0.00, 0.00, 0.00, 0.00, 0.00, 0.00, 0.00, 1.00, 0.00, 0.00, 0.00, 0.00
1389, 0, 52.335, 0.93, 1, 0.66, 0.17, 0.00, 0.00, 0.00, 0.00, 0.00, 1.32, 0.00, 0.00, 0.00, 0.06, 0.00, 0.00, 0.00, 0.15, 0.04, 1.00, 0.00, 0.00, 1.00, 0.00, 0.00, 0.00, 0.00, 0.00, 0.00, 0.00, 0.00, 0.00, 1.00, 0.00, 0.00, 0.00, 0.00
1390, 0, 52.373, 0.93, 1, 0.67, 0.04, 0.00, 0.00, 0.00, 0.00, 0.08, 1.46, 0.00, 0.16, 0.06, 0.10, 0.00, 0.00, 0.00, 0.03, 0.00, 1.00, 0.00, 0.00, 1.00, 0.00, 0.00, 0.00, 0.00, 0.00, 0.00, 0.00, 0.00, 0.00, 1.00, 0.00, 0.00, 0.00, 0.00
1391, 0, 52.411, 0.93, 1, 0.63, 0.00, 0.00, 0.00, 0.00, 0.00, 0.29, 1.64, 0.00, 0.23, 0.06, 0.10, 0.00, 0.00, 0.00, 0.01, 0.00, 1.00, 0.00, 0.00, 1.00, 0.00, 0.00, 0.00, 0.00, 0.00, 0.00, 0.00, 0.00, 0.00, 0.00, 0.00, 0.00, 0.00, 0.00
1392, 0, 52.449, 0.93, 1, 0.60, 0.00, 0.00, 0.00, 0.00, 0.00, 0.44, 1.75, 0.00, 0.24, 0.06, 0.31, 0.00, 0.00, 0.00, 0.00, 0.00, 1.00, 0.00, 0.00, 1.00, 0.00, 0.00, 0.00, 1.00, 0.00, 0.00, 0.00, 0.00, 0.00, 0.00, 0.00, 0.00, 0.00, 0.00
1393, 0, 52.486, 0.93, 1, 0.56, 0.00, 0.00, 0.04, 0.00, 0.00, 0.54, 1.69, 0.00, 0.36, 0.00, 0.26, 0.02, 0.00, 0.00, 0.15, 0.00, 1.00, 0.00, 0.00, 1.00, 0.00, 0.00, 0.00, 1.00, 0.00, 0.00, 0.00, 0.00, 0.00, 0.00, 0.00, 0.00, 0.00, 0.00
1394, 0, 52.524, 0.93, 1, 0.49, 0.00, 0.00, 0.04, 0.00, 0.00, 0.53, 1.61, 0.00, 0.51, 0.00, 0.30, 0.02, 0.00, 0.00, 0.23, 0.00, 0.00, 0.00, 0.00, 1.00, 0.00, 0.00, 0.00, 1.00, 0.00, 0.00, 0.00, 0.00, 0.00, 0.00, 0.00, 0.00, 0.00, 0.00
1395, 0, 52.562, 0.93, 1, 0.36, 0.00, 0.00, 0.04, 0.00, 0.00, 0.46, 1.35, 0.00, 0.68, 0.00, 0.16, 0.08, 0.00, 0.00, 0.51, 0.00, 0.00, 0.00, 0.00, 1.00, 0.00, 0.00, 0.00, 1.00, 0.00, 0.00, 0.00, 0.00, 0.00, 0.00, 0.00, 0.00, 0.00, 0.00
1396, 0, 52.599, 0.98, 1, 0.24, 0.00, 0.00, 0.00, 0.00, 0.00, 0.36, 1.17, 0.02, 0.57, 0.00, 0.11, 0.07, 0.00, 0.00, 0.67, 0.00, 0.00, 0.00, 0.00, 1.00, 0.00, 0.00, 0.00, 0.00, 0.00, 0.00, 0.00, 0.00, 1.00, 0.00, 0.00, 0.00, 0.00, 0.00
1397, 0, 52.637, 0.93, 1, 0.29, 0.00, 0.00, 0.00, 0.00, 0.00, 0.21, 0.92, 0.02, 0.33, 0.00, 0.14, 0.07, 0.00, 0.00, 0.89, 0.00, 0.00, 0.00, 0.00, 1.00, 0.00, 0.00, 0.00, 0.00, 0.00, 0.00, 0.00, 0.00, 1.00, 0.00, 0.00, 0.00, 0.00, 0.00
1398, 0, 52.675, 0.93, 1, 0.35, 0.00, 0.00, 0.09, 0.00, 0.00, 0.24, 0.85, 0.02, 0.16, 0.00, 0.07, 0.00, 0.00, 0.00, 0.92, 0.09, 0.00, 0.00, 0.00, 1.00, 0.00, 0.00, 0.00, 0.00, 0.00, 0.00, 0.00, 0.00, 1.00, 0.00, 0.00, 0.00, 0.00, 0.00
1399, 0, 52.712, 0.93, 1, 0.38, 0.00, 0.00, 0.09, 0.00, 0.00, 0.29, 0.77, 0.00, 0.00, 0.01, 0.07, 0.05, 0.00, 0.00, 0.77, 0.22, 0.00, 0.00, 0.00, 1.00, 0.00, 0.00, 0.00, 0.00, 0.00, 0.00, 0.00, 0.00, 1.00, 0.00, 0.00, 0.00, 0.00, 0.00
1400, 0, 52.750, 0.93, 1, 0.45, 0.00, 0.00, 0.15, 0.00, 0.00, 0.25, 0.87, 0.00, 0.00, 0.32, 0.13, 0.05, 0.00, 0.29, 0.50, 0.22, 0.00, 0.00, 0.00, 1.00, 0.00, 0.00, 0.00, 0.00, 0.00, 0.00, 0.00, 0.00, 1.00, 0.00, 0.00, 0.00, 0.00, 0.00
1401, 0, 52.788, 0.93, 1, 0.53, 0.20, 0.00, 0.06, 0.00, 0.00, 0.13, 1.08, 0.00, 0.00, 0.43, 0.14, 0.05, 0.00, 0.63, 0.36, 0.13, 0.00, 1.00, 0.00, 1.00, 0.00, 0.00, 0.00, 0.00, 0.00, 0.00, 0.00, 0.00, 1.00, 0.00, 0.00, 0.00, 0.00, 0.00
1402, 0, 52.826, 0.93, 1, 0.78, 0.45, 0.00, 0.06, 0.00, 0.00, 0.01, 1.26, 0.02, 0.00, 0.69, 0.14, 0.00, 0.00, 0.92, 0.19, 0.00, 0.00, 1.00, 0.00, 1.00, 0.00, 0.00, 0.00, 0.00, 0.00, 0.00, 0.00, 0.00, 1.00, 0.00, 0.00, 0.00, 0.00, 0.00
1403, 0, 52.863, 0.93, 1, 0.62, 0.52, 0.00, 0.13, 0.00, 0.00, 0.08, 1.29, 0.05, 0.10, 0.42, 0.01, 0.00, 0.00, 0.79, 0.39, 0.00, 0.00, 1.00, 0.00, 1.00, 0.00, 0.00, 0.00, 0.00, 0.00, 0.00, 0.00, 0.00, 1.00, 0.00, 0.00, 0.00, 0.00, 0.00
1404, 0, 52.901, 0.93, 1, 0.54, 0.32, 0.00, 0.24, 0.00, 0.00, 0.09, 1.24, 0.06, 0.10, 0.48, 0.00, 0.00, 0.00, 0.58, 0.25, 0.00, 0.00, 1.00, 0.00, 1.00, 0.00, 0.00, 0.00, 0.00, 0.00, 0.00, 0.00, 0.00, 0.00, 0.00, 0.00, 0.00, 0.00, 0.00
1405, 0, 52.939, 0.93, 1, 0.43, 0.22, 0.00, 0.24, 0.00, 0.00, 0.11, 1.14, 0.04, 0.37, 0.21, 0.20, 0.01, 0.00, 0.29, 0.70, 0.00, 0.00, 1.00, 0.00, 1.00, 0.00, 0.00, 0.00, 0.00, 0.00, 0.00, 0.00, 0.00, 0.00, 0.00, 0.00, 0.00, 0.00, 0.00
1406, 0, 52.976, 0.93, 1, 0.42, 0.17, 0.00, 0.11, 0.00, 0.00, 0.04, 1.21, 0.02, 0.49, 0.20, 0.39, 0.04, 0.00, 0.17, 0.76, 0.00, 0.00, 1.00, 0.00, 1.00, 0.00, 0.00, 0.00, 0.00, 0.00, 0.00, 0.00, 0.00, 0.00, 0.00, 0.00, 0.00, 0.00, 0.00
1407, 0, 53.014, 0.93, 1, 0.33, 0.17, 0.00, 0.00, 0.00, 0.00, 0.04, 1.28, 0.00, 0.61, 0.35, 0.48, 0.04, 0.00, 0.09, 0.83, 0.00, 0.00, 0.00, 0.00, 1.00, 0.00, 0.00, 0.00, 0.00, 0.00, 0.00, 0.00, 0.00, 0.00, 0.00, 0.00, 0.00, 0.00, 0.00
1408, 0, 53.052, 0.93, 1, 0.22, 0.04, 0.00, 0.00, 0.00, 0.00, 0.01, 1.38, 0.00, 0.55, 0.72, 0.39, 0.03, 0.00, 0.19, 0.45, 0.00, 0.00, 0.00, 0.00, 1.00, 0.00, 0.00, 0.00, 0.00, 0.00, 0.00, 0.00, 0.00, 0.00, 0.00, 0.00, 0.00, 0.00, 0.00
1409, 0, 53.090, 0.93, 1, 0.21, 0.07, 0.00, 0.14, 0.00, 0.00, 0.02, 1.35, 0.00, 0.42, 1.16, 0.40, 0.00, 0.00, 0.32, 0.24, 0.00, 0.00, 0.00, 0.00, 1.00, 0.00, 0.00, 0.00, 0.00, 0.00, 0.00, 0.00, 0.00, 0.00, 0.00, 0.00, 0.00, 0.00, 0.00
1410, 0, 53.127, 0.98, 1, 0.32, 0.07, 0.00, 0.14, 0.00, 0.00, 0.04, 1.52, 0.03, 0.30, 1.14, 0.46, 0.04, 0.00, 0.59, 0.42, 0.00, 0.00, 0.00, 0.00, 1.00, 0.00, 0.00, 0.00, 0.00, 0.00, 0.00, 0.00, 0.00, 0.00, 0.00, 0.00, 0.00, 0.00, 0.00
1411, 0, 53.165, 0.98, 1, 0.38, 0.05, 0.00, 0.20, 0.00, 0.00, 0.03, 1.67, 0.03, 0.09, 1.01, 0.41, 0.14, 0.00, 0.62, 0.49, 0.00, 0.00, 0.00, 0.00, 1.00, 0.00, 0.00, 0.00, 0.00, 0.00, 0.00, 0.00, 0.00, 0.00, 0.00, 0.00, 0.00, 0.00, 0.00
1412, 0, 53.203, 0.98, 1, 0.52, 0.00, 0.00, 0.25, 0.00, 0.00, 0.06, 1.59, 0.03, 0.00, 0.54, 0.26, 0.51, 0.00, 0.44, 0.50, 0.00, 0.00, 0.00, 0.00, 1.00, 0.00, 0.00, 0.00, 0.00, 0.00, 0.00, 0.00, 0.00, 0.00, 0.00, 0.00, 0.00, 0.00, 0.00
1413, 0, 53.240, 0.98, 1, 0.55, 0.00, 0.00, 0.40, 0.00, 0.00, 0.06, 1.30, 0.00, 0.00, 0.25, 0.11, 0.67, 0.00, 0.13, 0.37, 0.00, 0.00, 0.00, 0.00, 1.00, 0.00, 0.00, 0.00, 0.00, 0.00, 0.00, 0.00, 0.00, 0.00, 0.00, 0.00, 0.00, 0.00, 0.00
1414, 0, 53.278, 0.98, 1, 0.44, 0.00, 0.00, 0.34, 0.00, 0.00, 0.06, 1.19, 0.00, 0.00, 0.24, 0.20, 0.84, 0.00, 0.08, 0.45, 0.00, 0.00, 0.00, 0.00, 1.00, 0.00, 0.00, 0.00, 0.00, 0.00, 0.00, 0.00, 0.00, 1.00, 0.00, 0.00, 0.00, 0.00, 0.00
1415, 0, 53.316, 0.98, 1, 0.21, 0.00, 0.00, 0.21, 0.00, 0.00, 0.06, 1.41, 0.07, 0.27, 0.24, 0.34, 0.64, 0.00, 0.09, 0.97, 0.00, 0.00, 0.00, 0.00, 1.00, 0.00, 0.00, 0.00, 0.00, 0.00, 0.00, 0.00, 0.00, 1.00, 0.00, 0.00, 0.00, 0.00, 0.00
1416, 0, 53.353, 0.93, 1, 0.11, 0.00, 0.00, 0.16, 0.00, 0.00, 0.07, 1.47, 0.07, 0.62, 0.24, 0.33, 0.55, 0.00, 0.09, 1.26, 0.00, 0.00, 0.00, 0.00, 1.00, 0.00, 0.00, 0.00, 0.00, 0.00, 0.00, 0.00, 0.00, 1.00, 0.00, 0.00, 0.00, 0.00, 0.00
1417, 0, 53.391, 0.93, 1, 0.19, 0.00, 0.00, 0.16, 0.00, 0.00, 0.16, 1.45, 0.07, 0.80, 0.00, 0.20, 0.47, 0.00, 0.01, 1.34, 0.00, 0.00, 0.00, 0.00, 1.00, 0.00, 0.00, 0.00, 0.00, 0.00, 0.00, 0.00, 0.00, 1.00, 0.00, 0.00, 0.00, 0.00, 0.00
1418, 0, 53.429, 0.93, 1, 0.25, 0.00, 0.00, 0.11, 0.00, 0.00, 0.24, 1.22, 0.00, 0.77, 0.00, 0.02, 0.50, 0.00, 0.14, 1.11, 0.00, 0.00, 0.00, 0.00, 1.00, 0.00, 0.00, 0.00, 0.00, 0.00, 0.00, 0.00, 0.00, 1.00, 0.00, 0.00, 0.00, 0.00, 0.00
1419, 0, 53.467, 0.93, 1, 0.23, 0.00, 0.00, 0.00, 0.00, 0.00, 0.30, 1.15, 0.00, 0.67, 0.00, 0.02, 0.67, 0.00, 0.26, 0.98, 0.00, 0.00, 0.00, 0.00, 1.00, 0.00, 0.00, 0.00, 0.00, 0.00, 0.00, 0.00, 0.00, 1.00, 0.00, 0.00, 0.00, 0.00, 0.00
1420, 0, 53.504, 0.93, 1, 0.12, 0.00, 0.00, 0.00, 0.00, 0.00, 0.22, 1.10, 0.11, 0.80, 0.00, 0.00, 0.49, 0.00, 0.57, 0.87, 0.00, 0.00, 0.00, 0.00, 1.00, 0.00, 0.00, 0.00, 0.00, 0.00, 0.00, 0.00, 0.00, 1.00, 0.00, 0.00, 0.00, 0.00, 0.00
1421, 0, 53.542, 0.93, 1, 0.08, 0.00, 0.00, 0.00, 0.00, 0.00, 0.11, 1.01, 0.25, 0.87, 0.00, 0.00, 0.29, 0.00, 0.60, 0.69, 0.00, 0.00, 0.00, 0.00, 1.00, 0.00, 0.00, 0.00, 0.00, 0.00, 0.00, 0.00, 0.00, 1.00, 0.00, 0.00, 0.00, 0.00, 0.00
1422, 0, 53.580, 0.98, 1, 0.05, 0.00, 0.00, 0.00, 0.00, 0.00, 0.00, 0.97, 0.35, 1.04, 0.00, 0.00, 0.00, 0.00, 0.53, 0.62, 0.00, 0.00, 0.00, 0.00, 1.00, 0.00, 0.00, 0.00, 0.00, 0.00, 0.00, 0.00, 0.00, 0.00, 0.00, 0.00, 0.00, 0.00, 0.00
1423, 0, 53.617, 0.93, 1, 0.03, 0.00, 0.00, 0.00, 0.00, 0.00, 0.00, 0.90, 0.37, 1.10, 0.00, 0.00, 0.00, 0.00, 0.36, 0.78, 0.00, 0.00, 0.00, 0.00, 1.00, 0.00, 0.00, 0.00, 0.00, 0.00, 1.00, 0.00, 0.00, 0.00, 0.00, 0.00, 0.00, 0.00, 0.00
1424, 0, 53.655, 0.93, 1, 0.00, 0.00, 0.00, 0.00, 0.00, 0.00, 0.00, 0.89, 0.40, 1.03, 0.00, 0.00, 0.00, 0.00, 0.35, 0.72, 0.00, 0.00, 0.00, 0.00, 1.00, 0.00, 0.00, 0.00, 0.00, 0.00, 1.00, 0.00, 0.00, 0.00, 0.00, 0.00, 0.00, 0.00, 0.00
1425, 0, 53.693, 0.93, 1, 0.02, 0.00, 0.00, 0.14, 0.00, 0.00, 0.00, 1.01, 0.30, 0.99, 0.00, 0.00, 0.03, 0.00, 0.59, 0.48, 0.00, 0.00, 0.00, 0.00, 1.00, 0.00, 0.00, 0.00, 0.00, 0.00, 1.00, 0.00, 0.00, 0.00, 0.00, 0.00, 0.00, 0.00, 0.00
1426, 0, 53.731, 0.88, 1, 0.13, 0.00, 0.00, 0.23, 0.00, 0.00, 0.01, 1.08, 0.17, 0.81, 0.00, 0.00, 0.12, 0.00, 0.45, 0.13, 0.00, 0.00, 0.00, 0.00, 1.00, 0.00, 0.00, 0.00, 0.00, 0.00, 0.00, 0.00, 0.00, 1.00, 0.00, 0.00, 0.00, 0.00, 0.00
1427, 0, 53.768, 0.93, 1, 0.38, 0.06, 0.00, 0.25, 0.00, 0.00, 0.06, 1.28, 0.00, 0.87, 0.00, 0.00, 0.34, 0.00, 0.28, 0.00, 0.00, 0.00, 0.00, 0.00, 1.00, 0.00, 0.00, 0.00, 0.00, 0.00, 0.00, 0.00, 0.00, 1.00, 0.00, 0.00, 0.00, 0.00, 0.00
1428, 0, 53.806, 0.93, 1, 0.56, 0.09, 0.00, 0.12, 0.00, 0.00, 0.16, 1.48, 0.00, 0.89, 0.00, 0.00, 0.46, 0.00, 0.00, 0.19, 0.04, 0.00, 0.00, 0.00, 1.00, 0.00, 0.00, 0.00, 0.00, 0.00, 0.00, 0.00, 0.00, 1.00, 0.00, 0.00, 0.00, 0.00, 0.00
1429, 0, 53.844, 0.93, 1, 0.55, 0.09, 0.00, 0.03, 0.00, 0.00, 0.25, 1.55, 0.00, 0.97, 0.15, 0.00, 0.71, 0.00, 0.00, 0.30, 0.07, 0.00, 0.00, 0.00, 1.00, 0.00, 0.00, 0.00, 0.00, 0.00, 0.00, 1.00, 0.00, 1.00, 0.00, 0.00, 0.00, 0.00, 0.00
1430, 0, 53.881, 0.98, 1, 0.48, 0.03, 0.00, 0.02, 0.00, 0.00, 0.35, 1.72, 0.00, 0.81, 0.42, 0.15, 0.65, 0.00, 0.00, 0.30, 0.32, 0.00, 0.00, 0.00, 1.00, 0.00, 0.00, 0.00, 0.00, 0.00, 0.00, 1.00, 0.00, 1.00, 0.00, 0.00, 0.00, 0.00, 0.00
1431, 0, 53.919, 0.98, 1, 0.47, 0.00, 0.00, 0.00, 0.00, 0.00, 0.39, 1.62, 0.00, 0.53, 0.54, 0.24, 0.66, 0.00, 0.00, 0.11, 0.44, 0.00, 0.00, 0.00, 1.00, 0.00, 0.00, 0.00, 0.00, 0.00, 0.00, 1.00, 0.00, 1.00, 0.00, 0.00, 0.00, 0.00, 0.00
1432, 0, 53.957, 0.98, 1, 0.58, 0.00, 0.00, 0.00, 0.00, 0.00, 0.37, 1.65, 0.00, 0.43, 0.54, 0.32, 0.43, 0.00, 0.00, 0.04, 0.50, 0.00, 0.00, 0.00, 1.00, 0.00, 0.00, 0.00, 0.00, 0.00, 0.00, 1.00, 0.00, 1.00, 0.00, 0.00, 0.00, 0.00, 0.00
1433, 0, 53.994, 0.98, 1, 0.57, 0.00, 0.00, 0.10, 0.00, 0.00, 0.35, 1.52, 0.00, 0.42, 0.50, 0.31, 0.32, 0.00, 0.00, 0.15, 0.31, 0.00, 0.00, 0.00, 1.00, 0.00, 0.00, 0.00, 0.00, 0.00, 0.00, 1.00, 0.00, 1.00, 0.00, 0.00, 0.00, 0.00, 0.00
1434, 0, 54.032, 0.98, 1, 0.51, 0.00, 0.00, 0.20, 0.00, 0.00, 0.31, 1.57, 0.00, 0.42, 0.73, 0.40, 0.28, 0.00, 0.00, 0.23, 0.14, 0.00, 0.00, 0.00, 1.00, 0.00, 0.00, 0.00, 0.00, 0.00, 0.00, 1.00, 0.00, 1.00, 0.00, 0.00, 0.00, 0.00, 0.00
1435, 0, 54.070, 0.98, 1, 0.39, 0.00, 0.00, 0.26, 0.00, 0.00, 0.29, 1.54, 0.00, 0.59, 0.58, 0.73, 0.16, 0.02, 0.00, 0.20, 0.28, 0.00, 0.00, 0.00, 1.00, 0.00, 0.00, 0.00, 0.00, 0.00, 0.00, 1.00, 0.00, 1.00, 0.00, 0.00, 0.00, 0.00, 0.00
1436, 0, 54.108, 0.98, 1, 0.32, 0.00, 0.00, 0.16, 0.00, 0.00, 0.17, 1.34, 0.00, 0.72, 0.46, 0.81, 0.11, 0.02, 0.00, 0.09, 0.54, 0.00, 0.00, 0.00, 1.00, 0.00, 0.00, 0.00, 0.00, 0.00, 0.00, 1.00, 0.00, 0.00, 0.00, 0.00, 0.00, 0.00, 1.00
1437, 0, 54.145, 0.98, 1, 0.21, 0.00, 0.00, 0.24, 0.00, 0.00, 0.07, 1.31, 0.00, 0.61, 0.46, 0.87, 0.16, 0.02, 0.00, 0.01, 0.68, 0.00, 0.00, 0.00, 1.00, 0.00, 0.00, 0.00, 0.00, 0.00, 0.00, 1.00, 0.00, 0.00, 0.00, 0.00, 0.00, 0.00, 1.00
1438, 0, 54.183, 0.98, 1, 0.11, 0.00, 0.00, 0.24, 0.00, 0.00, 0.03, 1.14, 0.00, 0.26, 0.47, 0.56, 0.16, 0.00, 0.00, 0.00, 0.55, 0.00, 0.00, 0.00, 1.00, 0.00, 0.00, 0.00, 0.00, 0.00, 0.00, 1.00, 0.00, 0.00, 1.00, 0.00, 0.00, 0.00, 1.00
1439, 0, 54.221, 0.98, 1, 0.12, 0.00, 0.00, 0.24, 0.00, 0.00, 0.05, 1.11, 0.00, 0.02, 0.38, 0.45, 0.17, 0.00, 0.00, 0.00, 0.30, 0.00, 0.00, 0.00, 1.00, 0.00, 0.00, 0.00, 0.00, 0.00, 0.00, 1.00, 0.00, 0.00, 1.00, 0.00, 0.00, 0.00, 1.00
1440, 0, 54.258, 0.98, 1, 0.20, 0.06, 0.00, 0.22, 0.00, 0.00, 0.05, 0.82, 0.00, 0.02, 0.03, 0.37, 0.16, 0.00, 0.00, 0.19, 0.31, 0.00, 0.00, 0.00, 1.00, 0.00, 0.00, 0.00, 0.00, 0.00, 0.00, 1.00, 0.00, 0.00, 1.00, 0.00, 0.00, 0.00, 1.00
1441, 0, 54.296, 0.98, 1, 0.27, 0.06, 0.00, 0.28, 0.00, 0.00, 0.02, 0.70, 0.00, 0.04, 0.02, 0.42, 0.16, 0.00, 0.00, 0.45, 0.42, 0.00, 0.00, 0.00, 1.00, 0.00, 0.00, 0.00, 0.00, 0.00, 0.00, 1.00, 0.00, 0.00, 1.00, 0.00, 0.00, 0.00, 1.00
1442, 0, 54.334, 0.93, 1, 0.38, 0.06, 0.00, 0.42, 0.00, 0.10, 0.00, 0.64, 0.00, 0.02, 0.00, 0.40, 0.14, 0.00, 0.00, 0.57, 0.56, 0.00, 0.00, 0.00, 1.00, 0.00, 0.00, 0.00, 0.00, 0.00, 0.00, 1.00, 0.00, 0.00, 1.00, 0.00, 0.00, 0.00, 1.00
1443, 0, 54.372, 0.93, 1, 0.48, 0.00, 0.00, 0.48, 0.00, 0.10, 0.00, 0.76, 0.00, 0.10, 0.00, 0.27, 0.00, 0.00, 0.00, 0.57, 0.57, 0.00, 0.00, 0.00, 1.00, 0.00, 0.00, 0.00, 0.00, 0.00, 0.00, 1.00, 0.00, 0.00, 1.00, 0.00, 0.00, 0.00, 1.00
1444, 0, 54.409, 0.98, 1, 0.41, 0.00, 0.00, 0.44, 0.00, 0.10, 0.00, 0.78, 0.00, 0.17, 0.00, 0.12, 0.00, 0.00, 0.00, 0.55, 0.42, 0.00, 0.00, 0.00, 1.00, 0.00, 0.00, 0.00, 0.00, 0.00, 0.00, 1.00, 0.00, 0.00, 1.00, 0.00, 0.00, 0.00, 1.00
1445, 0, 54.447, 0.98, 1, 0.35, 0.00, 0.00, 0.35, 0.00, 0.00, 0.00, 0.90, 0.00, 0.50, 0.00, 0.34, 0.08, 0.00, 0.00, 0.58, 0.36, 0.00, 0.00, 0.00, 1.00, 0.00, 0.00, 0.00, 0.00, 0.00, 0.00, 1.00, 0.00, 0.00, 1.00, 0.00, 0.00, 0.00, 1.00
1446, 0, 54.485, 0.98, 1, 0.28, 0.00, 0.00, 0.24, 0.00, 0.00, 0.00, 0.84, 0.00, 0.80, 0.00, 0.62, 0.08, 0.00, 0.00, 0.58, 0.30, 0.00, 0.00, 0.00, 1.00, 0.00, 0.00, 0.00, 0.00, 0.00, 0.00, 1.00, 0.00, 0.00, 1.00, 0.00, 0.00, 0.00, 1.00
1447, 0, 54.522, 0.98, 1, 0.39, 0.00, 0.00, 0.29, 0.00, 0.00, 0.00, 0.87, 0.00, 0.89, 0.00, 0.98, 0.08, 0.00, 0.00, 0.45, 0.23, 0.00, 0.00, 0.00, 1.00, 0.00, 0.00, 0.00, 0.00, 0.00, 0.00, 1.00, 0.00, 0.00, 1.00, 0.00, 0.00, 0.00, 1.00
1448, 0, 54.560, 0.98, 1, 0.38, 0.00, 0.00, 0.32, 0.00, 0.00, 0.00, 0.81, 0.00, 0.78, 0.00, 0.84, 0.00, 0.00, 0.00, 0.33, 0.28, 0.00, 0.00, 0.00, 1.00, 0.00, 0.00, 0.00, 0.00, 0.00, 0.00, 1.00, 0.00, 0.00, 1.00, 0.00, 0.00, 0.00, 1.00
1449, 0, 54.598, 0.98, 1, 0.46, 0.13, 0.00, 0.32, 0.00, 0.00, 0.00, 0.79, 0.00, 0.40, 0.00, 0.60, 0.00, 0.00, 0.00, 0.15, 0.28, 0.00, 0.00, 0.00, 1.00, 0.00, 0.00, 0.00, 0.00, 0.00, 0.00, 1.00, 0.00, 0.00, 1.00, 0.00, 0.00, 0.00, 1.00
1450, 0, 54.635, 0.98, 1, 0.41, 0.13, 0.00, 0.19, 0.01, 0.00, 0.00, 0.58, 0.00, 0.23, 0.00, 0.26, 0.14, 0.00, 0.00, 0.16, 0.31, 0.00, 0.00, 0.00, 1.00, 0.00, 0.00, 0.00, 0.00, 0.00, 0.00, 1.00, 0.00, 0.00, 1.00, 0.00, 0.00, 0.00, 1.00
1451, 0, 54.673, 0.98, 1, 0.34, 0.13, 0.00, 0.11, 0.01, 0.00, 0.00, 0.31, 0.00, 0.00, 0.00, 0.08, 0.17, 0.00, 0.00, 0.17, 0.13, 0.00, 0.00, 0.00, 1.00, 0.00, 0.00, 0.00, 0.00, 0.00, 0.00, 1.00, 0.00, 0.00, 1.00, 0.00, 0.00, 0.00, 1.00
1452, 0, 54.711, 0.98, 1, 0.14, 0.00, 0.00, 0.00, 0.01, 0.00, 0.00, 0.06, 0.00, 0.11, 0.00, 0.14, 0.17, 0.00, 0.00, 0.34, 0.29, 0.00, 0.00, 0.00, 1.00, 0.00, 0.00, 0.00, 0.00, 0.00, 0.00, 1.00, 0.00, 0.00, 1.00, 0.00, 0.00, 0.00, 1.00
1453, 0, 54.749, 0.98, 1, 0.09, 0.00, 0.00, 0.00, 0.00, 0.00, 0.00, 0.09, 0.00, 0.24, 0.00, 0.24, 0.02, 0.00, 0.00, 0.50, 0.61, 0.00, 0.00, 0.00, 1.00, 0.00, 0.00, 0.00, 0.00, 0.00, 0.00, 1.00, 0.00, 0.00, 1.00, 0.00, 0.00, 0.00, 1.00
1454, 0, 54.786, 0.98, 1, 0.01, 0.00, 0.00, 0.00, 0.00, 0.00, 0.00, 0.21, 0.00, 0.24, 0.00, 0.31, 0.00, 0.00, 0.00, 0.65, 0.91, 0.00, 0.00, 0.00, 1.00, 0.00, 0.00, 0.00, 0.00, 0.00, 0.00, 1.00, 0.00, 0.00, 1.00, 0.00, 0.00, 0.00, 1.00
1455, 0, 54.824, 0.98, 1, 0.00, 0.00, 0.00, 0.00, 0.00, 0.00, 0.01, 0.40, 0.00, 0.23, 0.00, 0.35, 0.05, 0.00, 0.00, 0.93, 0.66, 0.00, 0.00, 0.00, 1.00, 0.00, 0.00, 0.00, 0.00, 0.00, 0.00, 1.00, 0.00, 0.00, 1.00, 0.00, 0.00, 0.00, 1.00
1456, 0, 54.862, 0.93, 1, 0.01, 0.00, 0.00, 0.00, 0.00, 0.00, 0.01, 0.51, 0.00, 0.45, 0.00, 0.36, 0.05, 0.00, 0.00, 0.96, 0.31, 0.00, 0.00, 0.00, 1.00, 0.00, 0.00, 0.00, 0.00, 0.00, 0.00, 1.00, 0.00, 0.00, 1.00, 0.00, 0.00, 0.00, 1.00
1457, 0, 54.899, 0.93, 1, 0.02, 0.00, 0.00, 0.00, 0.00, 0.00, 0.01, 0.58, 0.00, 0.79, 0.00, 0.41, 0.05, 0.00, 0.00, 1.06, 0.00, 0.00, 0.00, 0.00, 1.00, 0.00, 0.00, 0.00, 0.00, 0.00, 0.00, 1.00, 0.00, 0.00, 1.00, 0.00, 0.00, 0.00, 1.00
1458, 0, 54.937, 0.93, 1, 0.07, 0.00, 0.00, 0.00, 0.00, 0.00, 0.00, 0.52, 0.00, 0.99, 0.00, 0.32, 0.11, 0.00, 0.00, 0.93, 0.00, 0.00, 0.00, 0.00, 1.00, 0.00, 0.00, 0.00, 0.00, 0.00, 0.00, 1.00, 0.00, 0.00, 1.00, 0.00, 0.00, 0.00, 1.00
1459, 0, 54.975, 0.93, 1, 0.19, 0.00, 0.00, 0.00, 0.00, 0.00, 0.00, 0.49, 0.00, 0.95, 0.00, 0.25, 0.31, 0.00, 0.00, 0.97, 0.00, 0.00, 0.00, 0.00, 1.00, 0.00, 0.00, 0.00, 0.00, 0.00, 0.00, 1.00, 0.00, 0.00, 1.00, 0.00, 0.00, 0.00, 1.00
1460, 0, 55.013, 0.98, 1, 0.40, 0.00, 0.00, 0.00, 0.00, 0.09, 0.00, 0.74, 0.00, 0.62, 0.39, 0.32, 0.31, 0.00, 0.15, 1.04, 0.11, 0.00, 0.00, 0.00, 1.00, 0.00, 0.00, 0.00, 0.00, 0.00, 0.00, 1.00, 0.00, 0.00, 1.00, 0.00, 0.00, 0.00, 1.00
1461, 0, 55.050, 0.98, 1, 0.73, 0.00, 0.00, 0.00, 0.00, 0.22, 0.00, 0.95, 0.00, 0.33, 0.39, 0.40, 0.28, 0.00, 0.19, 1.16, 0.16, 0.00, 0.00, 0.00, 1.00, 0.00, 0.00, 0.00, 0.00, 0.00, 0.00, 1.00, 0.00, 0.00, 0.00, 0.00, 0.00, 0.00, 1.00
1462, 0, 55.088, 0.93, 1, 0.98, 0.00, 0.00, 0.00, 0.00, 0.34, 0.00, 1.10, 0.00, 0.02, 0.39, 0.47, 0.14, 0.00, 0.19, 1.22, 0.23, 1.00, 0.00, 0.00, 1.00, 0.00, 0.00, 0.00, 0.00, 0.00, 0.00, 1.00, 0.00, 0.00, 0.00, 0.00, 0.00, 0.00, 1.00
1463, 0, 55.126, 0.93, 1, 1.38, 0.22, 0.00, 0.00, 0.00, 0.25, 0.00, 0.98, 0.00, 0.01, 0.00, 0.34, 0.19, 0.00, 0.04, 1.24, 0.32, 1.00, 0.00, 0.00, 1.00, 0.00, 0.00, 0.00, 0.00, 0.00, 0.00, 1.00, 0.00, 0.00, 0.00, 0.00, 0.00, 0.00, 1.00
1464, 0, 55.163, 0.98, 1, 1.59, 0.43, 0.00, 0.00, 0.00, 0.11, 0.00, 0.77, 0.00, 0.00, 0.00, 0.19, 0.11, 0.00, 0.00, 1.02, 0.40, 1.00, 0.00, 0.00, 1.00, 0.00, 0.00, 0.00, 0.00, 0.00, 0.00, 1.00, 0.00, 0.00, 0.00, 0.00, 0.00, 0.00, 1.00
1465, 0, 55.201, 0.98, 1, 1.65, 0.63, 0.00, 0.00, 0.00, 0.00, 0.00, 0.52, 0.00, 0.11, 0.06, 0.17, 0.15, 0.00, 0.00, 0.83, 0.42, 1.00, 0.00, 0.00, 1.00, 0.00, 0.00, 0.00, 0.00, 0.00, 0.00, 1.00, 0.00, 0.00, 0.00, 0.00, 0.00, 0.00, 0.00
1466, 0, 55.239, 0.88, 1, 1.45, 0.45, 0.00, 0.00, 0.00, 0.00, 0.00, 0.32, 0.00, 0.29, 0.06, 0.27, 0.16, 0.00, 0.00, 0.83, 0.29, 1.00, 0.00, 0.00, 1.00, 0.00, 0.00, 0.00, 0.00, 0.00, 0.00, 1.00, 0.00, 0.00, 0.00, 0.00, 0.00, 0.00, 0.00
1467, 0, 55.276, 0.93, 1, 1.21, 0.24, 0.00, 0.00, 0.00, 0.00, 0.00, 0.43, 0.00, 0.29, 0.12, 0.44, 0.23, 0.00, 0.00, 1.04, 0.31, 1.00, 0.00, 0.00, 1.00, 0.00, 0.00, 0.00, 0.00, 0.00, 0.00, 1.00, 0.00, 0.00, 0.00, 0.00, 0.00, 0.00, 0.00
1468, 0, 55.314, 0.98, 1, 1.16, 0.04, 0.00, 0.00, 0.00, 0.00, 0.00, 0.55, 0.00, 0.29, 0.09, 0.52, 0.20, 0.00, 0.00, 1.06, 0.31, 1.00, 0.00, 0.00, 1.00, 0.00, 0.00, 0.00, 0.00, 0.00, 0.00, 1.00, 0.00, 0.00, 1.00, 0.00, 0.00, 0.00, 0.00
1469, 0, 55.352, 0.93, 1, 1.15, 0.18, 0.00, 0.00, 0.00, 0.00, 0.00, 0.66, 0.00, 0.16, 0.09, 0.36, 0.14, 0.00, 0.00, 1.00, 0.24, 1.00, 0.00, 0.00, 1.00, 0.00, 0.00, 0.00, 0.00, 0.00, 0.00, 1.00, 0.00, 0.00, 1.00, 0.00, 0.00, 0.00, 0.00
1470, 0, 55.390, 0.88, 1, 1.06, 0.18, 0.00, 0.00, 0.00, 0.00, 0.00, 0.69, 0.00, 0.29, 0.02, 0.20, 0.07, 0.02, 0.14, 0.98, 0.16, 1.00, 0.00, 0.00, 1.00, 0.00, 0.00, 0.00, 0.00, 0.00, 0.00, 1.00, 0.00, 0.00, 1.00, 0.00, 0.00, 0.00, 0.00
1471, 0, 55.427, 0.98, 1, 0.69, 0.18, 0.00, 0.00, 0.00, 0.00, 0.00, 0.78, 0.02, 0.42, 0.00, 0.11, 0.00, 0.02, 0.39, 1.17, 0.06, 0.00, 0.00, 0.00, 1.00, 0.00, 0.00, 0.00, 0.00, 0.00, 0.00, 1.00, 0.00, 0.00, 1.00, 0.00, 0.00, 0.00, 0.00
1472, 0, 55.465, 0.93, 1, 0.29, 0.00, 0.00, 0.00, 0.00, 0.00, 0.00, 0.85, 0.08, 0.58, 0.00, 0.21, 0.00, 0.10, 0.89, 1.35, 0.06, 0.00, 0.00, 0.00, 1.00, 0.00, 0.00, 0.00, 0.00, 0.00, 0.00, 0.00, 0.00, 0.00, 1.00, 0.00, 0.00, 0.00, 0.00
1473, 0, 55.503, 0.88, 1, 0.03, 0.00, 0.00, 0.00, 0.00, 0.00, 0.00, 0.71, 0.23, 0.60, 0.00, 0.28, 0.00, 0.08, 1.26, 1.45, 0.10, 0.00, 0.00, 0.00, 1.00, 0.00, 0.00, 0.00, 0.00, 1.00, 0.00, 0.00, 0.00, 0.00, 1.00, 0.00, 0.00, 0.00, 0.00
1474, 0, 55.540, 0.88, 1, 0.00, 0.00, 0.00, 0.00, 0.00, 0.00, 0.00, 0.59, 0.35, 0.47, 0.00, 0.27, 0.00, 0.08, 1.56, 1.55, 0.13, 0.00, 0.00, 0.00, 1.00, 0.00, 0.00, 0.00, 0.00, 1.00, 0.00, 0.00, 0.00, 0.00, 1.00, 0.00, 0.00, 0.00, 0.00
1475, 0, 55.578, 0.88, 1, 0.08, 0.03, 0.00, 0.04, 0.00, 0.00, 0.00, 0.29, 0.57, 0.32, 0.00, 0.34, 0.00, 0.00, 1.31, 1.55, 0.13, 0.00, 0.00, 0.00, 1.00, 0.00, 0.00, 0.00, 0.00, 1.00, 0.00, 0.00, 0.00, 0.00, 1.00, 0.00, 0.00, 0.00, 0.00
1476, 0, 55.616, 0.93, 1, 0.13, 0.03, 0.00, 0.08, 0.00, 0.00, 0.00, 0.15, 0.72, 0.53, 0.00, 0.39, 0.00, 0.00, 1.11, 1.56, 0.04, 0.00, 0.00, 0.00, 1.00, 0.00, 0.00, 0.00, 0.00, 1.00, 0.00, 0.00, 0.00, 0.00, 1.00, 0.00, 0.00, 0.00, 1.00
1477, 0, 55.654, 0.93, 1, 0.13, 0.17, 0.00, 0.14, 0.00, 0.00, 0.00, 0.00, 0.85, 0.66, 0.00, 0.46, 0.06, 0.02, 0.70, 1.60, 0.02, 0.00, 0.00, 0.00, 1.00, 0.00, 0.00, 0.00, 0.00, 1.00, 0.00, 0.00, 0.00, 0.00, 1.00, 0.00, 0.00, 0.00, 1.00
1478, 0, 55.691, 0.88, 1, 0.06, 0.22, 0.00, 0.10, 0.00, 0.00, 0.00, 0.00, 0.82, 0.82, 0.00, 0.33, 0.18, 0.02, 0.67, 1.63, 0.08, 0.00, 0.00, 0.00, 1.00, 0.00, 0.00, 0.00, 0.00, 1.00, 0.00, 0.00, 0.00, 0.00, 1.00, 0.00, 0.00, 0.00, 1.00
1479, 0, 55.729, 0.88, 1, 0.01, 0.22, 0.00, 0.06, 0.00, 0.00, 0.00, 0.00, 0.70, 0.77, 0.00, 0.32, 0.20, 0.02, 0.40, 1.54, 0.12, 0.00, 0.00, 0.00, 1.00, 0.00, 0.00, 0.00, 0.00, 1.00, 0.00, 0.00, 0.00, 0.00, 1.00, 0.00, 0.00, 0.00, 1.00
1480, 0, 55.767, 0.88, 1, 0.01, 0.08, 0.00, 0.00, 0.00, 0.00, 0.00, 0.15, 0.67, 0.75, 0.00, 0.36, 0.14, 0.17, 0.25, 1.03, 0.13, 0.00, 0.00, 0.00, 1.00, 0.00, 0.00, 0.00, 0.00, 1.00, 0.00, 1.00, 0.00, 0.00, 1.00, 0.00, 0.00, 0.00, 1.00
1481, 0, 55.804, 0.88, 1, 0.00, 0.00, 0.00, 0.00, 0.00, 0.00, 0.00, 0.29, 0.68, 0.77, 0.00, 0.54, 0.03, 0.35, 0.04, 0.76, 0.06, 0.00, 0.00, 0.00, 1.00, 0.00, 0.00, 0.00, 0.00, 1.00, 0.00, 1.00, 0.00, 0.00, 1.00, 0.00, 0.00, 0.00, 1.00
1482, 0, 55.842, 0.88, 1, 0.00, 0.00, 0.00, 0.00, 0.00, 0.00, 0.00, 0.49, 0.77, 0.73, 0.00, 0.69, 0.08, 0.51, 0.01, 0.71, 0.02, 0.00, 0.00, 0.00, 1.00, 0.00, 0.00, 0.00, 0.00, 1.00, 0.00, 1.00, 0.00, 0.00, 1.00, 0.00, 0.00, 0.00, 1.00
1483, 0, 55.880, 0.88, 1, 0.00, 0.00, 0.00, 0.00, 0.00, 0.00, 0.00, 0.41, 0.84, 0.87, 0.00, 0.66, 0.19, 0.51, 0.11, 1.00, 0.04, 0.00, 0.00, 0.00, 1.00, 0.00, 0.00, 0.00, 0.00, 1.00, 0.00, 1.00, 0.00, 0.00, 1.00, 0.00, 0.00, 0.00, 1.00
1484, 0, 55.917, 0.88, 1, 0.00, 0.00, 0.00, 0.00, 0.00, 0.00, 0.00, 0.36, 0.88, 1.15, 0.00, 0.59, 0.20, 0.51, 0.41, 1.29, 0.07, 0.00, 0.00, 0.00, 1.00, 0.00, 0.00, 0.00, 0.00, 1.00, 0.00, 1.00, 0.00, 0.00, 1.00, 0.00, 0.00, 0.00, 1.00
1485, 0, 55.955, 0.93, 1, 0.12, 0.08, 0.00, 0.00, 0.00, 0.00, 0.00, 0.37, 0.94, 1.06, 0.00, 0.48, 0.12, 0.46, 0.92, 1.24, 0.07, 0.00, 0.00, 0.00, 1.00, 0.00, 0.00, 0.00, 0.00, 1.00, 0.00, 0.00, 0.00, 0.00, 1.00, 0.00, 0.00, 0.00, 1.00
1486, 0, 55.993, 0.88, 1, 0.23, 0.14, 0.00, 0.00, 0.00, 0.00, 0.00, 0.52, 0.96, 0.85, 0.00, 0.49, 0.01, 0.42, 1.31, 1.25, 0.03, 0.00, 0.00, 0.00, 1.00, 0.00, 0.00, 0.00, 0.00, 1.00, 0.00, 0.00, 0.00, 0.00, 1.00, 0.00, 0.00, 0.00, 1.00
1487, 0, 56.031, 0.88, 1, 0.23, 0.14, 0.00, 0.00, 0.00, 0.00, 0.00, 0.80, 1.02, 0.54, 0.00, 0.59, 0.00, 0.28, 1.29, 1.01, 0.00, 0.00, 0.00, 0.00, 1.00, 0.00, 0.00, 0.00, 1.00, 1.00, 1.00, 0.00, 0.00, 0.00, 1.00, 0.00, 0.00, 0.00, 1.00
1488, 0, 56.068, 0.88, 1, 0.16, 0.30, 0.00, 0.00, 0.00, 0.06, 0.00, 0.92, 1.10, 0.85, 0.00, 0.60, 0.01, 0.20, 1.10, 1.08, 0.00, 0.00, 0.00, 0.00, 1.00, 0.00, 0.00, 0.00, 1.00, 1.00, 1.00, 0.00, 0.00, 0.00, 1.00, 0.00, 0.00, 0.00, 1.00
1489, 0, 56.106, 0.88, 1, 0.08, 0.26, 0.00, 0.00, 0.00, 0.18, 0.00, 1.07, 1.13, 1.11, 0.00, 0.71, 0.01, 0.07, 0.87, 1.02, 0.00, 0.00, 0.00, 0.00, 1.00, 0.00, 0.00, 0.00, 1.00, 1.00, 0.00, 0.00, 0.00, 0.00, 1.00, 1.00, 1.00, 0.00, 1.00
1490, 0, 56.144, 0.88, 1, 0.08, 0.26, 0.00, 0.00, 0.10, 0.30, 0.00, 1.34, 1.21, 1.33, 0.00, 0.92, 0.13, 0.03, 1.01, 1.33, 0.00, 0.00, 0.00, 0.00, 1.00, 0.00, 0.00, 0.00, 1.00, 1.00, 0.00, 0.00, 0.00, 0.00, 0.00, 1.00, 1.00, 0.00, 1.00
1491, 0, 56.181, 0.93, 1, 0.03, 0.03, 0.00, 0.00, 0.18, 0.28, 0.00, 1.63, 1.28, 1.12, 0.41, 1.15, 0.40, 0.00, 1.46, 1.42, 0.05, 0.00, 0.00, 0.00, 1.00, 0.00, 0.00, 0.00, 1.00, 1.00, 0.00, 1.00, 1.00, 0.00, 0.00, 1.00, 1.00, 0.00, 1.00
1492, 0, 56.219, 0.88, 1, 0.00, 0.00, 0.00, 0.00, 0.26, 0.22, 0.00, 1.91, 1.41, 0.98, 0.78, 1.28, 0.68, 0.00, 1.96, 1.58, 0.12, 0.00, 0.00, 0.00, 1.00, 0.00, 0.00, 0.00, 1.00, 1.00, 0.00, 1.00, 1.00, 0.00, 0.00, 1.00, 1.00, 0.00, 1.00
1493, 0, 56.257, 0.88, 1, 0.00, 0.00, 0.00, 0.00, 0.20, 0.10, 0.00, 1.83, 1.44, 0.85, 1.06, 1.24, 0.62, 0.07, 2.11, 1.45, 0.18, 0.00, 0.00, 0.00, 1.00, 0.00, 0.00, 0.00, 1.00, 1.00, 0.00, 1.00, 1.00, 0.00, 0.00, 1.00, 1.00, 0.00, 1.00
1494, 0, 56.295, 0.88, 1, 0.00, 0.00, 0.00, 0.00, 0.13, 0.07, 0.00, 1.67, 1.39, 0.88, 0.65, 1.37, 0.33, 0.21, 1.72, 1.45, 0.13, 0.00, 0.00, 0.00, 1.00, 0.00, 0.00, 0.00, 1.00, 1.00, 0.00, 1.00, 1.00, 0.00, 0.00, 1.00, 1.00, 0.00, 1.00
1495, 0, 56.332, 0.88, 1, 0.00, 0.01, 0.00, 0.00, 0.08, 0.00, 0.00, 1.16, 1.41, 1.03, 0.27, 1.25, 0.13, 0.22, 1.36, 1.36, 0.06, 0.00, 0.00, 0.00, 1.00, 0.00, 0.00, 0.00, 1.00, 1.00, 0.00, 0.00, 1.00, 0.00, 0.00, 1.00, 1.00, 0.00, 1.00
1496, 0, 56.370, 0.88, 1, 0.00, 0.01, 0.00, 0.00, 0.11, 0.00, 0.00, 0.73, 1.48, 1.23, 0.00, 1.18, 0.12, 0.15, 1.18, 1.23, 0.00, 0.00, 0.00, 0.00, 1.00, 0.00, 0.00, 0.00, 1.00, 1.00, 1.00, 0.00, 1.00, 0.00, 0.00, 1.00, 0.00, 0.00, 1.00
1497, 0, 56.408, 0.88, 1, 0.00, 0.01, 0.00, 0.00, 0.17, 0.00, 0.00, 0.36, 1.58, 1.26, 0.00, 0.99, 0.16, 0.02, 1.24, 1.10, 0.00, 0.00, 0.00, 0.00, 1.00, 0.00, 0.00, 0.00, 1.00, 1.00, 1.00, 0.00, 1.00, 0.00, 0.00, 1.00, 0.00, 0.00, 1.00
1498, 0, 56.445, 0.88, 1, 0.00, 0.00, 0.00, 0.00, 0.19, 0.00, 0.00, 0.31, 1.59, 1.16, 0.00, 0.97, 0.16, 0.06, 1.30, 1.12, 0.00, 0.00, 0.00, 0.00, 1.00, 0.00, 0.00, 0.00, 1.00, 1.00, 1.00, 0.00, 1.00, 0.00, 0.00, 1.00, 0.00, 0.00, 1.00
1499, 0, 56.483, 0.88, 1, 0.00, 0.00, 0.00, 0.00, 0.25, 0.16, 0.00, 0.25, 1.55, 0.87, 0.31, 0.70, 0.22, 0.14, 1.26, 1.18, 0.00, 0.00, 0.00, 0.00, 1.00, 0.00, 0.00, 0.00, 0.00, 1.00, 1.00, 0.00, 0.00, 0.00, 0.00, 1.00, 0.00, 0.00, 1.00
1500, 0, 56.521, 0.88, 1, 0.00, 0.00, 0.00, 0.00, 0.18, 0.16, 0.00, 0.43, 1.34, 0.67, 0.31, 0.74, 0.19, 0.21, 1.22, 1.34, 0.00, 0.00, 0.00, 0.00, 1.00, 0.00, 0.00, 0.00, 0.00, 1.00, 0.00, 1.00, 0.00, 0.00, 1.00, 1.00, 0.00, 0.00, 1.00
1501, 0, 56.558, 0.88, 1, 0.00, 0.00, 0.00, 0.00, 0.12, 0.16, 0.00, 0.62, 1.05, 0.37, 0.41, 0.74, 0.10, 0.34, 0.82, 1.16, 0.04, 0.00, 0.00, 0.00, 1.00, 0.00, 0.00, 0.00, 0.00, 1.00, 0.00, 1.00, 0.00, 0.00, 1.00, 0.00, 0.00, 0.00, 1.00
1502, 0, 56.596, 0.98, 1, 0.00, 0.00, 0.00, 0.00, 0.00, 0.00, 0.00, 0.92, 0.63, 0.17, 0.25, 0.92, 0.00, 0.33, 0.48, 0.84, 0.15, 0.00, 0.00, 0.00, 1.00, 0.00, 0.00, 0.00, 0.00, 0.00, 0.00, 1.00, 0.00, 0.00, 1.00, 0.00, 0.00, 0.00, 1.00
1503, 0, 56.634, 0.93, 1, 0.00, 0.00, 0.00, 0.00, 0.00, 0.00, 0.00, 0.90, 0.43, 0.24, 0.41, 0.77, 0.00, 0.29, 0.05, 0.51, 0.20, 0.00, 0.00, 0.00, 1.00, 0.00, 0.00, 0.00, 0.00, 0.00, 0.00, 1.00, 0.00, 0.00, 1.00, 0.00, 0.00, 0.00, 1.00
1504, 0, 56.672, 0.93, 1, 0.00, 0.00, 0.00, 0.00, 0.00, 0.00, 0.00, 0.87, 0.31, 0.40, 0.39, 0.67, 0.00, 0.15, 0.00, 0.48, 0.23, 0.00, 0.00, 0.00, 1.00, 0.00, 0.00, 0.00, 0.00, 0.00, 0.00, 1.00, 1.00, 0.00, 1.00, 0.00, 0.00, 0.00, 1.00
1505, 0, 56.709, 0.93, 1, 0.07, 0.00, 0.00, 0.00, 0.00, 0.00, 0.00, 0.72, 0.36, 0.40, 0.24, 0.79, 0.00, 0.09, 0.00, 0.58, 0.35, 0.00, 0.00, 0.00, 1.00, 0.00, 0.00, 0.00, 0.00, 0.00, 0.00, 1.00, 1.00, 0.00, 1.00, 0.00, 0.00, 0.00, 1.00
1506, 0, 56.747, 0.98, 1, 0.11, 0.00, 0.00, 0.00, 0.00, 0.00, 0.00, 0.67, 0.35, 0.23, 0.08, 0.86, 0.00, 0.05, 0.00, 0.55, 0.41, 0.00, 0.00, 0.00, 1.00, 0.00, 0.00, 0.00, 0.00, 0.00, 0.00, 1.00, 1.00, 0.00, 1.00, 0.00, 0.00, 0.00, 1.00
1507, 0, 56.785, 0.98, 1, 0.16, 0.00, 0.00, 0.00, 0.00, 0.00, 0.00, 0.62, 0.32, 0.03, 0.00, 0.71, 0.00, 0.00, 0.00, 0.38, 0.34, 0.00, 0.00, 0.00, 1.00, 0.00, 0.00, 0.00, 0.00, 0.00, 0.00, 1.00, 1.00, 0.00, 1.00, 0.00, 0.00, 0.00, 0.00
1508, 0, 56.822, 0.98, 1, 0.18, 0.00, 0.00, 0.00, 0.00, 0.00, 0.00, 0.56, 0.25, 0.12, 0.00, 0.43, 0.00, 0.00, 0.00, 0.24, 0.25, 0.00, 0.00, 0.00, 1.00, 0.00, 0.00, 0.00, 0.00, 0.00, 0.00, 1.00, 1.00, 0.00, 1.00, 0.00, 0.00, 0.00, 0.00
1509, 0, 56.860, 0.98, 1, 0.27, 0.00, 0.00, 0.00, 0.00, 0.00, 0.10, 0.48, 0.18, 0.10, 0.00, 0.38, 0.00, 0.01, 0.00, 0.12, 0.22, 0.00, 0.00, 0.00, 1.00, 0.00, 0.00, 0.00, 0.00, 0.00, 0.00, 1.00, 1.00, 0.00, 1.00, 0.00, 0.00, 0.00, 0.00
1510, 0, 56.898, 0.98, 1, 0.54, 0.12, 0.00, 0.00, 0.00, 0.00, 0.10, 0.34, 0.18, 0.25, 0.00, 0.77, 0.00, 0.05, 0.00, 0.37, 0.26, 0.00, 0.00, 0.00, 1.00, 0.00, 0.00, 0.00, 0.00, 0.00, 0.00, 1.00, 1.00, 0.00, 1.00, 0.00, 0.00, 0.00, 0.00
1511, 0, 56.936, 0.93, 1, 0.75, 0.14, 0.00, 0.03, 0.00, 0.00, 0.10, 0.31, 0.21, 0.16, 0.00, 1.02, 0.00, 0.13, 0.00, 0.41, 0.12, 0.00, 0.00, 0.00, 1.00, 0.00, 0.00, 0.00, 0.00, 0.00, 0.00, 1.00, 1.00, 0.00, 1.00, 0.00, 0.00, 0.00, 0.00
1512, 0, 56.973, 0.88, 1, 0.81, 0.14, 0.00, 0.05, 0.00, 0.25, 0.00, 0.34, 0.35, 0.24, 0.00, 1.20, 0.00, 0.12, 0.00, 0.62, 0.05, 0.00, 0.00, 0.00, 1.00, 0.00, 0.00, 0.00, 0.00, 0.00, 0.00, 1.00, 1.00, 0.00, 1.00, 0.00, 0.00, 0.00, 0.00
1513, 0, 57.011, 0.93, 1, 0.60, 0.04, 0.00, 0.16, 0.00, 0.25, 0.00, 0.50, 0.44, 0.12, 0.00, 1.04, 0.00, 0.10, 0.09, 0.52, 0.00, 0.00, 0.00, 0.00, 1.00, 0.00, 0.00, 0.00, 0.00, 0.00, 0.00, 1.00, 1.00, 0.00, 1.00, 0.00, 0.00, 0.00, 0.00
1514, 0, 57.049, 0.98, 1, 0.38, 0.21, 0.00, 0.13, 0.00, 0.29, 0.00, 0.72, 0.52, 0.42, 0.00, 1.03, 0.00, 0.02, 0.24, 0.70, 0.00, 0.00, 0.00, 0.00, 1.00, 0.00, 0.00, 0.00, 0.00, 0.00, 0.00, 1.00, 1.00, 0.00, 1.00, 0.00, 0.00, 0.00, 1.00
1515, 0, 57.086, 0.98, 1, 0.18, 0.23, 0.00, 0.11, 0.06, 0.30, 0.00, 0.81, 0.67, 0.58, 0.00, 0.92, 0.00, 0.08, 0.24, 0.66, 0.00, 0.00, 0.00, 0.00, 1.00, 0.00, 0.00, 0.00, 0.00, 1.00, 0.00, 1.00, 1.00, 0.00, 1.00, 0.00, 0.00, 0.00, 0.00
1516, 0, 57.124, 0.98, 1, 0.08, 0.24, 0.00, 0.00, 0.12, 0.49, 0.00, 0.93, 0.83, 0.80, 0.00, 0.95, 0.00, 0.14, 0.16, 0.74, 0.00, 0.00, 0.00, 0.00, 1.00, 0.00, 0.00, 0.00, 0.00, 1.00, 0.00, 0.00, 0.00, 0.00, 1.00, 0.00, 0.00, 0.00, 0.00
1517, 0, 57.162, 0.98, 1, 0.00, 0.05, 0.00, 0.00, 0.16, 0.70, 0.00, 1.00, 0.97, 0.61, 0.00, 0.90, 0.00, 0.17, 0.01, 0.78, 0.00, 0.00, 0.00, 0.00, 1.00, 0.00, 0.00, 0.00, 0.00, 1.00, 0.00, 0.00, 0.00, 0.00, 0.00, 0.00, 0.00, 0.00, 0.00
1518, 0, 57.199, 0.98, 1, 0.00, 0.03, 0.00, 0.13, 0.10, 0.67, 0.00, 1.16, 0.93, 0.55, 0.00, 0.87, 0.00, 0.16, 0.06, 0.85, 0.00, 0.00, 0.00, 0.00, 1.00, 0.00, 0.00, 0.00, 0.00, 1.00, 0.00, 0.00, 0.00, 0.00, 0.00, 0.00, 0.00, 0.00, 0.00
1519, 0, 57.237, 0.98, 1, 0.03, 0.00, 0.00, 0.17, 0.05, 0.74, 0.00, 1.12, 0.90, 0.52, 0.00, 0.93, 0.00, 0.17, 0.05, 0.82, 0.00, 0.00, 0.00, 0.00, 1.00, 0.00, 0.00, 0.00, 1.00, 1.00, 0.00, 0.00, 0.00, 0.00, 0.00, 0.00, 0.00, 0.00, 0.00
1520, 0, 57.275, 0.98, 1, 0.03, 0.00, 0.00, 0.17, 0.01, 0.48, 0.00, 0.84, 0.83, 0.64, 0.00, 0.92, 0.00, 0.16, 0.33, 0.92, 0.01, 0.00, 0.00, 0.00, 1.00, 0.00, 0.00, 0.00, 1.00, 1.00, 0.00, 0.00, 1.00, 0.00, 0.00, 0.00, 0.00, 0.00, 0.00
1521, 0, 57.313, 0.98, 1, 0.03, 0.00, 0.00, 0.04, 0.04, 0.26, 0.00, 0.76, 0.73, 0.62, 0.36, 1.11, 0.32, 0.10, 0.71, 0.91, 0.01, 0.00, 0.00, 0.00, 1.00, 0.00, 0.00, 0.00, 1.00, 1.00, 0.00, 0.00, 1.00, 0.00, 0.00, 0.00, 0.00, 0.00, 0.00
1522, 0, 57.350, 0.98, 1, 0.00, 0.00, 0.00, 0.00, 0.07, 0.00, 0.00, 0.81, 0.61, 0.54, 0.75, 1.23, 0.62, 0.02, 1.14, 0.97, 0.01, 0.00, 0.00, 0.00, 1.00, 0.00, 0.00, 0.00, 1.00, 1.00, 0.00, 0.00, 1.00, 0.00, 0.00, 0.00, 0.00, 0.00, 0.00
1523, 0, 57.388, 0.98, 1, 0.00, 0.00, 0.00, 0.02, 0.08, 0.00, 0.00, 1.03, 0.72, 0.68, 0.75, 1.32, 0.62, 0.08, 1.11, 1.14, 0.00, 0.00, 0.00, 0.00, 1.00, 0.00, 0.00, 0.00, 1.00, 1.00, 0.00, 0.00, 1.00, 0.00, 1.00, 0.00, 0.00, 0.00, 0.00
1524, 0, 57.426, 0.98, 1, 0.00, 0.00, 0.00, 0.06, 0.07, 0.00, 0.00, 1.06, 0.89, 0.94, 0.39, 1.25, 0.30, 0.16, 0.97, 1.44, 0.00, 0.00, 0.00, 0.00, 1.00, 0.00, 0.00, 0.00, 1.00, 1.00, 1.00, 1.00, 1.00, 0.00, 1.00, 0.00, 0.00, 0.00, 0.00
1525, 0, 57.463, 0.98, 1, 0.00, 0.00, 0.00, 0.06, 0.16, 0.00, 0.00, 1.41, 1.23, 1.36, 0.00, 1.24, 0.00, 0.16, 1.10, 2.06, 0.00, 0.00, 0.00, 0.00, 1.00, 0.00, 0.00, 0.00, 1.00, 1.00, 1.00, 1.00, 1.00, 0.00, 0.00, 0.00, 0.00, 0.00, 0.00
1526, 0, 57.501, 0.98, 1, 0.00, 0.00, 0.00, 0.04, 0.18, 0.20, 0.00, 1.64, 1.32, 1.70, 0.00, 1.42, 0.08, 0.08, 1.50, 2.23, 0.00, 0.00, 0.00, 0.00, 1.00, 0.00, 0.00, 0.00, 1.00, 1.00, 1.00, 0.00, 1.00, 0.00, 0.00, 1.00, 0.00, 0.00, 0.00
1527, 0, 57.539, 0.98, 1, 0.00, 0.00, 0.00, 0.00, 0.22, 0.27, 0.00, 2.01, 1.43, 1.80, 0.12, 1.54, 0.30, 0.00, 1.88, 2.18, 0.00, 0.00, 0.00, 0.00, 1.00, 0.00, 0.00, 0.00, 1.00, 1.00, 1.00, 0.00, 1.00, 0.00, 0.00, 1.00, 0.00, 0.00, 0.00
1528, 0, 57.576, 0.93, 1, 0.00, 0.00, 0.00, 0.00, 0.19, 0.27, 0.00, 1.89, 1.32, 1.77, 0.12, 1.39, 0.30, 0.00, 1.91, 1.58, 0.00, 0.00, 0.00, 0.00, 1.00, 0.00, 0.00, 0.00, 1.00, 1.00, 1.00, 0.00, 1.00, 0.00, 0.00, 1.00, 0.00, 0.00, 0.00
1529, 0, 57.614, 0.98, 1, 0.00, 0.00, 0.00, 0.00, 0.29, 0.29, 0.00, 2.03, 1.41, 1.50, 0.50, 1.31, 0.23, 0.00, 2.08, 1.31, 0.00, 0.00, 0.00, 0.00, 1.00, 0.00, 0.00, 0.00, 1.00, 1.00, 1.00, 0.00, 1.00, 0.00, 0.00, 1.00, 0.00, 0.00, 0.00
1530, 0, 57.652, 0.98, 1, 0.00, 0.00, 0.00, 0.00, 0.41, 0.50, 0.03, 1.91, 1.36, 1.40, 0.39, 1.06, 0.00, 0.00, 1.98, 1.35, 0.00, 0.00, 0.00, 0.00, 1.00, 0.00, 0.00, 0.00, 1.00, 1.00, 1.00, 0.00, 1.00, 0.00, 0.00, 1.00, 0.00, 0.00, 0.00
1531, 0, 57.690, 0.98, 1, 0.00, 0.00, 0.00, 0.00, 0.42, 0.62, 0.03, 1.84, 1.37, 1.28, 0.39, 1.17, 0.00, 0.00, 2.03, 1.72, 0.00, 0.00, 0.00, 0.00, 1.00, 0.00, 0.00, 0.00, 1.00, 1.00, 1.00, 0.00, 1.00, 0.00, 0.00, 1.00, 0.00, 0.00, 0.00
1532, 0, 57.727, 0.98, 1, 0.00, 0.00, 0.00, 0.00, 0.42, 0.47, 0.03, 1.74, 1.34, 1.44, 0.28, 1.03, 0.00, 0.00, 2.03, 1.85, 0.00, 0.00, 0.00, 0.00, 1.00, 0.00, 0.00, 0.00, 1.00, 1.00, 1.00, 0.00, 1.00, 0.00, 0.00, 1.00, 0.00, 0.00, 0.00
1533, 0, 57.765, 0.98, 1, 0.00, 0.00, 0.00, 0.00, 0.35, 0.35, 0.00, 1.61, 1.35, 1.33, 0.28, 1.33, 0.06, 0.03, 1.95, 1.73, 0.00, 0.00, 0.00, 0.00, 1.00, 0.00, 0.00, 0.00, 1.00, 1.00, 1.00, 0.00, 1.00, 0.00, 0.00, 1.00, 0.00, 0.00, 0.00
1534, 0, 57.803, 0.93, 1, 0.00, 0.00, 0.00, 0.00, 0.43, 0.71, 0.02, 1.59, 1.33, 1.16, 0.28, 1.40, 0.41, 0.10, 1.44, 1.41, 0.00, 0.00, 0.00, 0.00, 1.00, 0.00, 0.00, 0.00, 1.00, 1.00, 1.00, 0.00, 1.00, 0.00, 1.00, 1.00, 0.00, 0.00, 0.00
1535, 0, 57.840, 0.98, 1, 0.02, 0.00, 0.00, 0.00, 0.31, 0.64, 0.02, 1.38, 1.06, 1.03, 0.00, 1.58, 0.56, 0.14, 0.63, 1.00, 0.00, 0.00, 0.00, 0.00, 1.00, 0.00, 0.00, 0.00, 1.00, 1.00, 1.00, 0.00, 1.00, 0.00, 1.00, 0.00, 0.00, 0.00, 0.00
1536, 0, 57.878, 0.98, 1, 0.02, 0.01, 0.00, 0.00, 0.24, 0.52, 0.02, 1.30, 0.88, 1.19, 0.00, 1.49, 0.79, 0.15, 0.13, 0.70, 0.00, 0.00, 0.00, 0.00, 1.00, 0.00, 0.00, 0.00, 1.00, 1.00, 1.00, 0.00, 1.00, 0.00, 1.00, 0.00, 0.00, 0.00, 0.00
1537, 0, 57.916, 0.98, 1, 0.02, 0.01, 0.00, 0.00, 0.13, 0.04, 0.00, 1.17, 0.72, 1.36, 0.00, 1.43, 0.71, 0.12, 0.00, 0.51, 0.00, 0.00, 0.00, 0.00, 1.00, 0.00, 0.00, 0.00, 1.00, 1.00, 1.00, 0.00, 1.00, 0.00, 1.00, 0.00, 0.00, 0.00, 0.00
1538, 0, 57.954, 0.98, 1, 0.00, 0.01, 0.00, 0.00, 0.21, 0.24, 0.00, 1.10, 0.70, 1.23, 0.01, 1.22, 0.74, 0.13, 0.10, 0.54, 0.00, 0.00, 0.00, 0.00, 1.00, 0.00, 0.00, 0.00, 1.00, 1.00, 1.00, 0.00, 1.00, 0.00, 1.00, 0.00, 0.00, 0.00, 0.00
1539, 0, 57.991, 0.98, 1, 0.00, 0.03, 0.02, 0.00, 0.30, 0.45, 0.00, 0.92, 0.73, 1.23, 0.08, 1.17, 0.67, 0.17, 0.22, 0.63, 0.00, 0.00, 0.00, 0.00, 1.00, 0.00, 0.00, 0.00, 1.00, 1.00, 1.00, 0.00, 0.00, 0.00, 1.00, 0.00, 0.00, 0.00, 0.00
1540, 0, 58.029, 0.98, 1, 0.00, 0.03, 0.02, 0.05, 0.36, 0.45, 0.00, 1.00, 0.96, 0.98, 0.08, 1.32, 0.66, 0.12, 0.69, 0.68, 0.00, 0.00, 0.00, 0.00, 1.00, 0.00, 0.00, 0.00, 1.00, 1.00, 1.00, 0.00, 0.00, 0.00, 1.00, 0.00, 0.00, 0.00, 0.00
1541, 0, 58.067, 0.98, 1, 0.00, 0.03, 0.02, 0.11, 0.39, 0.58, 0.00, 1.05, 1.13, 0.90, 0.10, 1.52, 0.74, 0.07, 1.11, 0.82, 0.00, 0.00, 0.00, 0.00, 1.00, 0.00, 0.00, 0.00, 1.00, 1.00, 1.00, 0.00, 0.00, 0.00, 1.00, 0.00, 0.00, 0.00, 0.00
1542, 0, 58.104, 0.98, 1, 0.05, 0.11, 0.00, 0.23, 0.42, 0.92, 0.00, 1.33, 1.29, 0.88, 0.40, 1.49, 0.54, 0.00, 1.56, 0.91, 0.00, 0.00, 0.00, 0.00, 1.00, 0.00, 0.00, 0.00, 1.00, 1.00, 0.00, 0.00, 0.00, 0.00, 1.00, 0.00, 0.00, 0.00, 0.00
1543, 0, 58.142, 0.98, 1, 0.09, 0.11, 0.00, 0.22, 0.48, 1.36, 0.00, 1.43, 1.22, 1.16, 0.94, 1.51, 0.47, 0.00, 1.86, 1.23, 0.00, 0.00, 0.00, 0.00, 1.00, 0.00, 0.00, 0.00, 1.00, 1.00, 0.00, 0.00, 0.00, 0.00, 1.00, 0.00, 0.00, 0.00, 0.00
1544, 0, 58.180, 0.98, 1, 0.16, 0.11, 0.00, 0.22, 0.53, 1.31, 0.00, 1.49, 1.22, 1.26, 1.52, 1.51, 0.46, 0.04, 1.98, 1.28, 0.00, 0.00, 0.00, 0.00, 1.00, 0.00, 0.00, 0.00, 1.00, 1.00, 0.00, 0.00, 1.00, 0.00, 1.00, 0.00, 0.00, 0.00, 0.00
1545, 0, 58.217, 0.98, 1, 0.12, 0.00, 0.00, 0.09, 0.44, 0.72, 0.00, 1.17, 1.14, 1.12, 1.15, 1.58, 0.52, 0.04, 1.76, 0.99, 0.00, 0.00, 0.00, 0.00, 1.00, 0.00, 0.00, 0.00, 1.00, 1.00, 0.00, 0.00, 1.00, 0.00, 1.00, 0.00, 0.00, 0.00, 0.00
1546, 0, 58.255, 0.98, 1, 0.07, 0.00, 0.00, 0.05, 0.28, 0.32, 0.08, 0.97, 1.05, 0.92, 0.88, 1.30, 0.58, 0.04, 1.32, 0.49, 0.00, 0.00, 0.00, 0.00, 1.00, 0.00, 0.00, 0.00, 0.00, 1.00, 0.00, 0.00, 1.00, 1.00, 1.00, 0.00, 0.00, 0.00, 0.00
1547, 0, 58.293, 0.93, 1, 0.00, 0.00, 0.00, 0.00, 0.14, 0.04, 0.26, 0.78, 0.97, 0.77, 0.27, 1.19, 0.50, 0.00, 0.68, 0.06, 0.00, 0.00, 0.00, 0.00, 1.00, 0.00, 0.00, 0.00, 0.00, 1.00, 0.00, 0.00, 1.00, 1.00, 1.00, 0.00, 0.00, 0.00, 0.00
1548, 0, 58.331, 0.93, 1, 0.00, 0.00, 0.00, 0.00, 0.08, 0.04, 0.26, 0.86, 0.88, 0.49, 0.31, 1.12, 0.49, 0.00, 0.43, 0.00, 0.00, 0.00, 0.00, 0.00, 1.00, 0.00, 0.00, 0.00, 0.00, 1.00, 0.00, 0.00, 1.00, 1.00, 0.00, 0.00, 0.00, 0.00, 0.00
1549, 0, 58.368, 0.98, 1, 0.00, 0.00, 0.00, 0.00, 0.11, 0.00, 0.18, 0.81, 0.82, 0.23, 0.04, 1.20, 0.39, 0.00, 0.11, 0.00, 0.00, 0.00, 0.00, 0.00, 1.00, 0.00, 0.00, 0.00, 0.00, 1.00, 0.00, 0.00, 1.00, 1.00, 0.00, 0.00, 0.00, 0.00, 0.00
1550, 0, 58.406, 0.98, 1, 0.00, 0.00, 0.00, 0.00, 0.08, 0.00, 0.00, 0.75, 0.86, 0.09, 0.31, 0.93, 0.34, 0.00, 0.55, 0.00, 0.00, 0.00, 0.00, 0.00, 1.00, 0.00, 0.00, 0.00, 0.00, 1.00, 0.00, 0.00, 1.00, 1.00, 0.00, 0.00, 0.00, 0.00, 0.00
1551, 0, 58.444, 0.98, 1, 0.00, 0.00, 0.00, 0.00, 0.06, 0.00, 0.00, 0.77, 0.99, 0.26, 0.87, 0.74, 0.27, 0.00, 0.71, 0.00, 0.00, 0.00, 0.00, 0.00, 1.00, 0.00, 0.00, 0.00, 0.00, 1.00, 0.00, 0.00, 0.00, 1.00, 0.00, 0.00, 0.00, 0.00, 0.00
1552, 0, 58.481, 0.98, 1, 0.00, 0.00, 0.00, 0.00, 0.08, 0.00, 0.00, 0.72, 1.09, 0.48, 1.08, 0.46, 0.14, 0.00, 0.92, 0.00, 0.01, 0.00, 0.00, 0.00, 1.00, 0.00, 0.00, 0.00, 1.00, 1.00, 0.00, 0.00, 0.00, 1.00, 1.00, 0.00, 0.00, 0.00, 0.00
1553, 0, 58.519, 0.98, 1, 0.00, 0.00, 0.00, 0.00, 0.10, 0.00, 0.00, 0.62, 1.16, 0.61, 1.29, 0.40, 0.00, 0.00, 0.70, 0.00, 0.01, 0.00, 0.00, 0.00, 1.00, 0.00, 0.00, 0.00, 1.00, 1.00, 0.00, 0.00, 0.00, 1.00, 0.00, 0.00, 0.00, 0.00, 0.00
1554, 0, 58.557, 0.98, 1, 0.00, 0.11, 0.00, 0.00, 0.11, 0.00, 0.00, 0.52, 1.33, 0.58, 0.70, 0.42, 0.00, 0.00, 0.80, 0.00, 0.13, 0.00, 0.00, 0.00, 1.00, 0.00, 0.00, 0.00, 1.00, 1.00, 0.00, 0.00, 0.00, 0.00, 0.00, 1.00, 0.00, 0.00, 0.00
1555, 0, 58.595, 0.88, 1, 0.00, 0.29, 0.00, 0.00, 0.07, 0.00, 0.00, 0.59, 1.40, 0.36, 0.73, 0.57, 0.00, 0.00, 0.98, 0.00, 0.20, 0.00, 0.00, 0.00, 1.00, 0.00, 0.00, 0.00, 1.00, 1.00, 0.00, 0.00, 1.00, 0.00, 0.00, 1.00, 0.00, 0.00, 0.00
1556, 0, 58.632, 0.88, 1, 0.00, 0.29, 0.00, 0.00, 0.04, 0.00, 0.02, 0.87, 1.36, 0.15, 0.43, 0.77, 0.00, 0.00, 1.12, 0.00, 0.31, 0.00, 0.00, 0.00, 1.00, 0.00, 0.00, 0.00, 1.00, 1.00, 0.00, 0.00, 1.00, 0.00, 0.00, 1.00, 0.00, 0.00, 0.00
1557, 0, 58.670, 0.88, 1, 0.00, 0.32, 0.00, 0.00, 0.02, 0.00, 0.02, 1.09, 1.18, 0.00, 0.71, 0.78, 0.00, 0.00, 1.11, 0.00, 0.32, 0.00, 0.00, 0.00, 1.00, 0.00, 0.00, 0.00, 1.00, 1.00, 0.00, 0.00, 1.00, 0.00, 0.00, 1.00, 0.00, 0.00, 0.00
1558, 0, 58.708, 0.88, 1, 0.05, 0.26, 0.00, 0.00, 0.00, 0.00, 0.02, 1.07, 1.14, 0.00, 0.65, 0.64, 0.12, 0.00, 1.08, 0.00, 0.30, 0.00, 0.00, 0.00, 1.00, 0.00, 0.00, 0.00, 1.00, 1.00, 0.00, 0.00, 1.00, 0.00, 0.00, 1.00, 0.00, 0.00, 0.00
1559, 0, 58.745, 0.88, 1, 0.14, 0.57, 0.00, 0.00, 0.00, 0.00, 0.00, 0.98, 1.07, 0.12, 0.46, 0.46, 0.12, 0.00, 1.03, 0.00, 0.19, 0.00, 0.00, 0.00, 1.00, 0.00, 0.00, 0.00, 1.00, 1.00, 0.00, 0.00, 1.00, 0.00, 0.00, 1.00, 0.00, 0.00, 0.00
1560, 0, 58.783, 0.88, 1, 0.14, 0.42, 0.00, 0.00, 0.00, 0.00, 0.00, 1.11, 1.17, 0.21, 0.70, 0.47, 0.12, 0.00, 1.23, 0.10, 0.31, 0.00, 0.00, 0.00, 1.00, 0.00, 0.00, 0.00, 1.00, 1.00, 0.00, 0.00, 0.00, 0.00, 0.00, 1.00, 0.00, 0.00, 0.00
1561, 0, 58.821, 0.88, 1, 0.09, 0.31, 0.00, 0.00, 0.00, 0.00, 0.00, 1.33, 1.27, 0.33, 1.05, 0.53, 0.00, 0.00, 1.37, 0.22, 0.45, 0.00, 0.00, 0.00, 1.00, 0.00, 0.00, 0.00, 1.00, 1.00, 0.00, 0.00, 0.00, 0.00, 0.00, 1.00, 0.00, 0.00, 0.00
1562, 0, 58.858, 0.88, 1, 0.01, 0.07, 0.00, 0.00, 0.00, 0.00, 0.00, 1.10, 1.30, 0.21, 1.70, 0.42, 0.00, 0.00, 1.55, 0.22, 0.45, 0.00, 0.00, 0.00, 1.00, 0.00, 0.00, 0.00, 1.00, 1.00, 0.00, 0.00, 0.00, 0.00, 0.00, 1.00, 0.00, 0.00, 0.00
1563, 0, 58.896, 0.88, 1, 0.01, 0.10, 0.00, 0.00, 0.00, 0.00, 0.00, 0.86, 1.25, 0.20, 1.83, 0.22, 0.00, 0.00, 1.88, 0.12, 0.21, 0.00, 0.00, 0.00, 1.00, 0.00, 0.00, 0.00, 1.00, 1.00, 0.00, 0.00, 0.00, 0.00, 0.00, 1.00, 0.00, 0.00, 0.00
1564, 0, 58.934, 0.93, 1, 0.01, 0.14, 0.00, 0.00, 0.00, 0.00, 0.00, 0.76, 1.16, 0.20, 1.56, 0.06, 0.10, 0.00, 1.88, 0.00, 0.07, 0.00, 0.00, 0.00, 1.00, 0.00, 0.00, 0.00, 1.00, 1.00, 0.00, 0.00, 0.00, 0.00, 0.00, 1.00, 0.00, 0.00, 0.00
1565, 0, 58.972, 0.98, 1, 0.02, 0.20, 0.00, 0.00, 0.00, 0.00, 0.00, 0.91, 1.19, 0.20, 0.91, 0.26, 0.28, 0.00, 1.82, 0.00, 0.07, 0.00, 0.00, 0.00, 1.00, 0.00, 0.00, 0.00, 1.00, 1.00, 0.00, 0.00, 0.00, 0.00, 0.00, 1.00, 0.00, 0.00, 0.00
1566, 0, 59.009, 0.98, 1, 0.02, 0.27, 0.00, 0.00, 0.02, 0.00, 0.00, 0.93, 1.14, 0.13, 0.62, 0.61, 0.49, 0.00, 1.61, 0.00, 0.07, 0.00, 0.00, 0.00, 1.00, 0.00, 0.00, 0.00, 1.00, 1.00, 0.00, 0.00, 1.00, 1.00, 1.00, 1.00, 0.00, 0.00, 0.00
1567, 0, 59.047, 0.98, 1, 0.02, 0.38, 0.00, 0.00, 0.02, 0.00, 0.00, 0.82, 1.12, 0.00, 0.68, 1.04, 0.66, 0.00, 1.69, 0.00, 0.00, 0.00, 1.00, 0.00, 1.00, 0.00, 0.00, 0.00, 1.00, 1.00, 0.00, 0.00, 1.00, 1.00, 1.00, 1.00, 0.00, 0.00, 0.00
1568, 0, 59.085, 0.98, 1, 0.00, 0.26, 0.00, 0.00, 0.04, 0.00, 0.00, 0.84, 1.08, 0.00, 0.68, 1.16, 0.67, 0.00, 1.74, 0.00, 0.05, 0.00, 1.00, 0.00, 1.00, 0.00, 0.00, 0.00, 1.00, 1.00, 0.00, 0.00, 1.00, 1.00, 1.00, 1.00, 0.00, 0.00, 0.00
1569, 0, 59.122, 0.98, 1, 0.00, 0.15, 0.00, 0.00, 0.06, 0.00, 0.00, 0.86, 1.06, 0.00, 0.43, 1.09, 0.64, 0.00, 1.66, 0.00, 0.08, 0.00, 1.00, 0.00, 1.00, 0.00, 0.00, 0.00, 1.00, 1.00, 0.00, 0.00, 1.00, 1.00, 1.00, 1.00, 0.00, 0.00, 0.00
1570, 0, 59.160, 0.98, 1, 0.00, 0.06, 0.00, 0.00, 0.05, 0.00, 0.00, 1.10, 1.09, 0.29, 0.30, 0.83, 0.37, 0.00, 1.37, 0.00, 0.20, 0.00, 1.00, 0.00, 1.00, 0.00, 0.00, 0.00, 1.00, 1.00, 0.00, 0.00, 1.00, 1.00, 1.00, 1.00, 0.00, 0.00, 0.00
1571, 0, 59.198, 0.98, 1, 0.00, 0.06, 0.00, 0.00, 0.04, 0.00, 0.00, 1.38, 1.11, 0.64, 0.30, 0.78, 0.33, 0.00, 1.22, 0.00, 0.16, 0.00, 1.00, 0.00, 1.00, 0.00, 0.00, 0.00, 1.00, 1.00, 0.00, 0.00, 1.00, 0.00, 1.00, 1.00, 0.00, 0.00, 0.00
1572, 0, 59.236, 0.98, 1, 0.00, 0.19, 0.00, 0.00, 0.01, 0.00, 0.01, 1.73, 1.04, 0.84, 0.39, 0.72, 0.16, 0.00, 1.17, 0.02, 0.17, 0.00, 1.00, 0.00, 1.00, 0.00, 0.00, 0.00, 1.00, 1.00, 0.00, 0.00, 1.00, 0.00, 1.00, 1.00, 0.00, 0.00, 0.00
1573, 0, 59.273, 0.98, 1, 0.00, 0.13, 0.00, 0.00, 0.01, 0.00, 0.01, 1.82, 1.00, 1.10, 0.21, 0.69, 0.23, 0.00, 1.19, 0.04, 0.20, 0.00, 1.00, 0.00, 1.00, 0.00, 0.00, 0.00, 1.00, 1.00, 0.00, 0.00, 1.00, 0.00, 1.00, 1.00, 0.00, 0.00, 0.00
1574, 0, 59.311, 0.88, 1, 0.00, 0.13, 0.00, 0.00, 0.01, 0.00, 0.01, 1.82, 1.00, 1.19, 0.29, 0.66, 0.18, 0.00, 1.29, 0.04, 0.43, 0.00, 1.00, 0.00, 1.00, 0.00, 0.00, 0.00, 1.00, 1.00, 0.00, 0.00, 0.00, 0.00, 1.00, 1.00, 0.00, 0.00, 0.00
1575, 0, 59.349, 0.88, 1, 0.02, 0.00, 0.00, 0.00, 0.01, 0.00, 0.15, 1.57, 1.12, 1.14, 0.10, 0.57, 0.18, 0.00, 1.12, 0.02, 0.63, 0.00, 1.00, 0.00, 1.00, 0.00, 0.00, 0.00, 1.00, 1.00, 0.00, 0.00, 0.00, 0.00, 1.00, 1.00, 0.00, 0.00, 0.00
1576, 0, 59.386, 0.88, 1, 0.04, 0.00, 0.00, 0.00, 0.05, 0.00, 0.23, 1.41, 1.14, 0.74, 0.09, 0.38, 0.11, 0.00, 1.15, 0.00, 0.70, 0.00, 1.00, 0.00, 1.00, 0.00, 0.00, 0.00, 1.00, 1.00, 0.00, 0.00, 0.00, 0.00, 1.00, 1.00, 0.00, 0.00, 0.00
1577, 0, 59.424, 0.88, 1, 0.07, 0.02, 0.00, 0.00, 0.13, 0.00, 0.33, 1.20, 1.15, 0.55, 0.00, 0.16, 0.00, 0.00, 1.07, 0.00, 0.56, 0.00, 1.00, 0.00, 1.00, 0.00, 0.00, 0.00, 1.00, 1.00, 0.00, 0.00, 1.00, 0.00, 1.00, 1.00, 0.00, 0.00, 0.00
1578, 0, 59.462, 0.88, 1, 0.05, 0.24, 0.00, 0.00, 0.17, 0.00, 0.22, 1.19, 1.12, 0.83, 0.00, 0.12, 0.00, 0.00, 1.02, 0.00, 0.31, 0.00, 1.00, 0.00, 1.00, 0.00, 0.00, 0.00, 1.00, 1.00, 0.00, 0.00, 1.00, 0.00, 1.00, 1.00, 0.00, 0.00, 0.00
1579, 0, 59.499, 0.88, 1, 0.03, 0.39, 0.00, 0.00, 0.15, 0.00, 0.14, 1.26, 1.05, 1.10, 0.09, 0.35, 0.00, 0.00, 0.93, 0.07, 0.20, 0.00, 1.00, 0.00, 1.00, 0.00, 0.00, 0.00, 1.00, 1.00, 0.00, 0.00, 1.00, 0.00, 1.00, 1.00, 0.00, 0.00, 0.00
1580, 0, 59.537, 0.88, 1, 0.00, 0.37, 0.00, 0.08, 0.08, 0.00, 0.04, 1.40, 0.98, 0.85, 0.12, 0.48, 0.00, 0.00, 0.87, 0.07, 0.38, 0.00, 1.00, 0.00, 1.00, 0.00, 0.00, 0.00, 1.00, 1.00, 0.00, 0.00, 1.00, 0.00, 1.00, 1.00, 0.00, 0.00, 0.00
1581, 0, 59.575, 0.88, 1, 0.02, 0.16, 0.00, 0.22, 0.02, 0.00, 0.00, 1.34, 0.88, 0.41, 0.12, 0.50, 0.00, 0.00, 0.93, 0.07, 0.64, 0.00, 1.00, 0.00, 1.00, 0.00, 0.00, 0.00, 1.00, 1.00, 0.00, 0.00, 1.00, 0.00, 1.00, 1.00, 0.00, 0.00, 0.00
1582, 0, 59.613, 0.88, 1, 0.04, 0.00, 0.00, 0.28, 0.00, 0.00, 0.00, 1.12, 0.84, 0.00, 0.03, 0.56, 0.00, 0.00, 0.97, 0.00, 0.80, 0.00, 1.00, 0.00, 1.00, 0.00, 0.00, 0.00, 0.00, 1.00, 0.00, 0.00, 1.00, 0.00, 1.00, 1.00, 0.00, 0.00, 0.00
1583, 0, 59.650, 0.88, 1, 0.08, 0.00, 0.00, 0.20, 0.00, 0.00, 0.00, 0.90, 0.75, 0.00, 0.06, 0.63, 0.00, 0.00, 1.03, 0.00, 0.92, 0.00, 1.00, 0.00, 1.00, 0.00, 0.00, 0.00, 0.00, 1.00, 0.00, 0.00, 1.00, 0.00, 1.00, 1.00, 0.00, 0.00, 0.00
1584, 0, 59.688, 0.88, 1, 0.15, 0.00, 0.00, 0.05, 0.00, 0.00, 0.00, 0.81, 0.75, 0.00, 0.06, 0.74, 0.00, 0.00, 0.94, 0.00, 1.08, 0.00, 0.00, 0.00, 1.00, 0.00, 0.00, 0.00, 0.00, 1.00, 0.00, 0.00, 1.00, 0.00, 1.00, 1.00, 0.00, 0.00, 0.00
1585, 0, 59.726, 0.88, 1, 0.29, 0.01, 0.00, 0.00, 0.00, 0.00, 0.00, 0.89, 0.71, 0.00, 0.15, 0.70, 0.10, 0.00, 0.62, 0.00, 1.12, 0.00, 0.00, 0.00, 1.00, 0.00, 0.00, 0.00, 0.00, 1.00, 0.00, 0.00, 1.00, 0.00, 1.00, 1.00, 0.00, 0.00, 0.00
1586, 0, 59.763, 0.88, 1, 0.42, 0.01, 0.00, 0.00, 0.00, 0.00, 0.00, 0.99, 0.68, 0.00, 0.20, 0.89, 0.18, 0.00, 0.35, 0.00, 1.05, 0.00, 0.00, 0.00, 1.00, 0.00, 0.00, 0.00, 0.00, 1.00, 0.00, 0.00, 1.00, 0.00, 1.00, 1.00, 0.00, 0.00, 0.00
1587, 0, 59.801, 0.88, 1, 0.47, 0.01, 0.00, 0.00, 0.00, 0.00, 0.00, 1.03, 0.62, 0.01, 0.32, 1.20, 0.28, 0.00, 0.10, 0.00, 0.96, 0.00, 0.00, 0.00, 1.00, 0.00, 0.00, 0.00, 0.00, 1.00, 0.00, 0.00, 1.00, 0.00, 1.00, 1.00, 0.00, 0.00, 0.00
1588, 0, 59.839, 0.88, 1, 0.35, 0.00, 0.00, 0.00, 0.00, 0.00, 0.00, 0.96, 0.65, 0.02, 0.35, 1.32, 0.34, 0.00, 0.08, 0.00, 0.72, 0.00, 0.00, 0.00, 1.00, 0.00, 0.00, 0.00, 0.00, 1.00, 0.00, 1.00, 1.00, 0.00, 1.00, 1.00, 0.00, 0.00, 0.00
1589, 0, 59.877, 0.88, 1, 0.22, 0.00, 0.00, 0.00, 0.00, 0.00, 0.00, 0.90, 0.70, 0.04, 0.35, 1.32, 0.38, 0.00, 0.02, 0.00, 0.52, 0.00, 0.00, 0.00, 1.00, 0.00, 0.00, 0.00, 0.00, 1.00, 0.00, 1.00, 1.00, 0.00, 1.00, 0.00, 0.00, 0.00, 0.00
1590, 0, 59.914, 0.88, 1, 0.07, 0.00, 0.00, 0.00, 0.00, 0.00, 0.00, 1.14, 0.74, 0.13, 0.40, 0.95, 0.42, 0.00, 0.10, 0.05, 0.44, 0.00, 0.00, 0.00, 1.00, 0.00, 0.00, 0.00, 0.00, 1.00, 0.00, 1.00, 1.00, 0.00, 1.00, 0.00, 0.00, 0.00, 0.00
1591, 0, 59.952, 0.88, 1, 0.05, 0.00, 0.00, 0.00, 0.00, 0.00, 0.00, 1.22, 0.75, 0.28, 0.30, 0.74, 0.27, 0.00, 0.18, 0.14, 0.52, 0.00, 0.00, 0.00, 1.00, 0.00, 0.00, 0.00, 0.00, 1.00, 0.00, 1.00, 1.00, 0.00, 1.00, 0.00, 0.00, 0.00, 0.00
1592, 0, 59.990, 0.88, 1, 0.02, 0.00, 0.00, 0.00, 0.00, 0.00, 0.00, 1.26, 0.73, 0.39, 0.18, 0.58, 0.15, 0.00, 0.27, 0.17, 0.47, 0.00, 0.00, 0.00, 1.00, 0.00, 0.00, 0.00, 0.00, 1.00, 0.00, 1.00, 1.00, 0.00, 1.00, 0.00, 0.00, 0.00, 0.00
1593, 0, 60.027, 0.88, 1, 0.02, 0.00, 0.00, 0.00, 0.00, 0.00, 0.00, 1.04, 0.75, 0.49, 0.04, 0.76, 0.00, 0.00, 0.17, 0.21, 0.37, 0.00, 0.00, 0.00, 1.00, 0.00, 0.00, 0.00, 0.00, 1.00, 0.00, 1.00, 1.00, 0.00, 1.00, 0.00, 0.00, 0.00, 0.00
1594, 0, 60.065, 0.88, 1, 0.01, 0.00, 0.00, 0.00, 0.00, 0.00, 0.03, 0.87, 0.68, 0.57, 0.03, 0.92, 0.07, 0.00, 0.09, 0.16, 0.28, 0.00, 0.00, 0.00, 1.00, 0.00, 0.00, 0.00, 0.00, 1.00, 0.00, 1.00, 1.00, 0.00, 0.00, 0.00, 0.00, 0.00, 0.00
1595, 0, 60.103, 0.88, 1, 0.03, 0.00, 0.00, 0.00, 0.00, 0.00, 0.03, 0.94, 0.72, 0.44, 0.03, 0.67, 0.07, 0.00, 0.08, 0.13, 0.43, 0.00, 0.00, 0.00, 1.00, 0.00, 0.00, 0.00, 0.00, 1.00, 0.00, 1.00, 1.00, 0.00, 1.00, 0.00, 0.00, 0.00, 0.00
1596, 0, 60.140, 0.93, 1, 0.03, 0.00, 0.00, 0.00, 0.00, 0.00, 0.03, 1.05, 0.75, 0.23, 0.00, 0.31, 0.07, 0.00, 0.08, 0.05, 0.43, 0.00, 0.00, 0.00, 1.00, 0.00, 0.00, 0.00, 0.00, 1.00, 0.00, 1.00, 0.00, 0.00, 1.00, 0.00, 0.00, 0.00, 0.00
1597, 0, 60.178, 0.88, 1, 0.02, 0.00, 0.00, 0.00, 0.00, 0.00, 0.00, 1.18, 0.82, 0.00, 0.00, 0.00, 0.00, 0.00, 0.08, 0.00, 0.41, 0.00, 0.00, 0.00, 1.00, 0.00, 0.00, 0.00, 1.00, 1.00, 0.00, 0.00, 0.00, 0.00, 1.00, 0.00, 0.00, 0.00, 0.00
1598, 0, 60.216, 0.88, 1, 0.00, 0.00, 0.00, 0.00, 0.00, 0.00, 0.00, 1.17, 0.85, 0.00, 0.00, 0.06, 0.00, 0.00, 0.00, 0.00, 0.32, 0.00, 0.00, 0.00, 1.00, 0.00, 0.00, 0.00, 1.00, 1.00, 0.00, 0.00, 0.00, 0.00, 1.00, 0.00, 0.00, 0.00, 0.00
1599, 0, 60.254, 0.88, 1, 0.00, 0.00, 0.00, 0.00, 0.00, 0.00, 0.00, 1.11, 0.87, 0.00, 0.00, 0.18, 0.00, 0.00, 0.05, 0.00, 0.44, 0.00, 0.00, 0.00, 1.00, 0.00, 0.00, 0.00, 1.00, 1.00, 0.00, 0.00, 0.00, 0.00, 1.00, 0.00, 0.00, 0.00, 0.00
1600, 0, 60.291, 0.88, 1, 0.00, 0.00, 0.00, 0.00, 0.04, 0.00, 0.00, 1.13, 0.77, 0.24, 0.14, 0.47, 0.00, 0.00, 0.05, 0.00, 0.54, 0.00, 0.00, 0.00, 1.00, 0.00, 0.00, 0.00, 1.00, 1.00, 0.00, 0.00, 0.00, 0.00, 1.00, 0.00, 0.00, 0.00, 0.00
1601, 0, 60.329, 0.98, 1, 0.02, 0.00, 0.00, 0.00, 0.07, 0.00, 0.00, 1.15, 0.63, 0.47, 0.29, 0.71, 0.00, 0.00, 0.05, 0.00, 0.58, 0.00, 0.00, 0.00, 1.00, 0.00, 0.00, 0.00, 0.00, 1.00, 0.00, 0.00, 1.00, 0.00, 1.00, 0.00, 0.00, 0.00, 0.00
1602, 0, 60.367, 0.98, 1, 0.02, 0.00, 0.00, 0.00, 0.07, 0.00, 0.00, 1.13, 0.66, 0.95, 0.29, 0.82, 0.00, 0.00, 0.12, 0.02, 0.31, 0.00, 0.00, 0.00, 1.00, 0.00, 0.00, 0.00, 0.00, 1.00, 0.00, 0.00, 1.00, 0.00, 1.00, 0.00, 0.00, 0.00, 0.00
1603, 0, 60.404, 0.93, 1, 0.09, 0.16, 0.00, 0.03, 0.03, 0.00, 0.00, 0.99, 0.88, 1.28, 0.15, 0.72, 0.00, 0.00, 0.44, 0.02, 0.16, 0.00, 0.00, 0.00, 1.00, 0.00, 0.00, 0.00, 0.00, 1.00, 1.00, 0.00, 1.00, 0.00, 1.00, 1.00, 0.00, 0.00, 0.00
1604, 0, 60.442, 0.88, 1, 0.28, 0.49, 0.00, 0.04, 0.01, 0.00, 0.00, 0.86, 1.07, 1.73, 0.00, 0.54, 0.00, 0.00, 0.88, 0.02, 0.00, 0.00, 0.00, 0.00, 1.00, 0.00, 0.00, 0.00, 0.00, 1.00, 1.00, 0.00, 1.00, 0.00, 1.00, 1.00, 0.00, 0.00, 0.00
1605, 0, 60.480, 0.88, 1, 0.33, 0.54, 0.00, 0.16, 0.01, 0.00, 0.06, 0.87, 1.00, 1.59, 0.00, 0.33, 0.20, 0.00, 1.09, 0.00, 0.14, 0.00, 0.00, 0.00, 1.00, 0.00, 0.00, 0.00, 1.00, 1.00, 1.00, 0.00, 1.00, 0.00, 1.00, 1.00, 0.00, 0.00, 0.00
1606, 0, 60.518, 0.88, 1, 0.38, 0.42, 0.00, 0.13, 0.01, 0.00, 0.20, 1.00, 0.86, 1.60, 0.00, 0.31, 0.22, 0.00, 0.86, 0.00, 0.30, 0.00, 0.00, 0.00, 1.00, 0.00, 0.00, 0.00, 1.00, 1.00, 1.00, 1.00, 0.00, 0.00, 1.00, 1.00, 0.00, 0.00, 0.00
1607, 0, 60.555, 0.88, 1, 0.26, 0.16, 0.00, 0.12, 0.00, 0.00, 0.33, 1.10, 0.76, 1.41, 0.02, 0.33, 0.22, 0.00, 0.50, 0.00, 0.42, 0.00, 0.00, 0.00, 1.00, 0.00, 0.00, 0.00, 0.00, 1.00, 1.00, 1.00, 0.00, 0.00, 1.00, 1.00, 0.00, 0.00, 0.00
1608, 0, 60.593, 0.88, 1, 0.27, 0.18, 0.00, 0.00, 0.00, 0.00, 0.38, 1.10, 0.78, 1.55, 0.09, 0.41, 0.01, 0.00, 0.26, 0.01, 0.36, 0.00, 0.00, 0.00, 1.00, 0.00, 0.00, 0.00, 0.00, 1.00, 1.00, 1.00, 0.00, 0.00, 1.00, 1.00, 0.00, 0.00, 0.00
1609, 0, 60.631, 0.88, 1, 0.31, 0.18, 0.00, 0.00, 0.00, 0.00, 0.38, 1.06, 0.83, 1.19, 0.11, 0.40, 0.00, 0.00, 0.17, 0.01, 0.26, 0.00, 0.00, 0.00, 1.00, 0.00, 0.00, 0.00, 1.00, 1.00, 1.00, 1.00, 0.00, 0.00, 1.00, 1.00, 0.00, 0.00, 0.00
1610, 0, 60.668, 0.88, 1, 0.28, 0.12, 0.00, 0.15, 0.00, 0.00, 0.25, 1.12, 0.73, 0.84, 0.40, 0.43, 0.08, 0.00, 0.10, 0.01, 0.29, 0.00, 0.00, 0.00, 1.00, 0.00, 0.00, 0.00, 0.00, 1.00, 0.00, 1.00, 0.00, 0.00, 1.00, 0.00, 0.00, 0.00, 0.00
1611, 0, 60.706, 0.98, 1, 0.25, 0.05, 0.00, 0.23, 0.00, 0.00, 0.15, 1.30, 0.57, 0.36, 0.52, 0.37, 0.26, 0.00, 0.00, 0.00, 0.49, 0.00, 0.00, 0.00, 1.00, 0.00, 0.00, 0.00, 0.00, 1.00, 0.00, 1.00, 0.00, 0.00, 1.00, 0.00, 0.00, 0.00, 0.00
1612, 0, 60.744, 0.98, 1, 0.34, 0.05, 0.00, 0.23, 0.02, 0.00, 0.00, 1.36, 0.33, 0.14, 0.50, 0.22, 0.26, 0.00, 0.08, 0.00, 0.43, 0.00, 0.00, 0.00, 1.00, 0.00, 0.00, 0.00, 0.00, 1.00, 0.00, 1.00, 0.00, 0.00, 1.00, 0.00, 0.00, 0.00, 0.00
1613, 0, 60.781, 0.98, 1, 0.48, 0.05, 0.00, 0.14, 0.04, 0.00, 0.00, 1.41, 0.24, 0.00, 0.18, 0.05, 0.18, 0.00, 0.08, 0.00, 0.27, 0.00, 0.00, 0.00, 1.00, 0.00, 0.00, 0.00, 0.00, 1.00, 0.00, 1.00, 0.00, 0.00, 1.00, 0.00, 0.00, 0.00, 0.00
1614, 0, 60.819, 0.98, 1, 0.65, 0.05, 0.00, 0.16, 0.04, 0.00, 0.00, 1.45, 0.19, 0.00, 0.11, 0.28, 0.00, 0.00, 0.11, 0.00, 0.17, 0.00, 0.00, 0.00, 1.00, 0.00, 0.00, 0.00, 1.00, 1.00, 0.00, 1.00, 0.00, 0.00, 1.00, 0.00, 0.00, 0.00, 0.00
1615, 0, 60.857, 0.88, 1, 0.57, 0.22, 0.00, 0.16, 0.02, 0.00, 0.02, 1.64, 0.26, 0.10, 0.31, 0.55, 0.08, 0.00, 0.09, 0.00, 0.38, 0.00, 0.00, 0.00, 1.00, 0.00, 0.00, 0.00, 1.00, 1.00, 0.00, 1.00, 0.00, 0.00, 1.00, 0.00, 0.00, 0.00, 0.00
1616, 0, 60.895, 0.93, 1, 0.52, 0.30, 0.00, 0.10, 0.00, 0.00, 0.02, 1.82, 0.40, 0.27, 0.47, 0.68, 0.08, 0.00, 0.13, 0.00, 0.71, 0.00, 0.00, 0.00, 1.00, 0.00, 0.00, 0.00, 1.00, 1.00, 0.00, 1.00, 0.00, 0.00, 1.00, 0.00, 0.00, 0.00, 0.00
1617, 0, 60.932, 0.98, 1, 0.58, 0.32, 0.00, 0.00, 0.00, 0.00, 0.02, 1.94, 0.49, 0.38, 0.50, 0.62, 0.08, 0.00, 0.17, 0.00, 0.76, 0.00, 0.00, 0.00, 1.00, 0.00, 0.00, 0.00, 1.00, 1.00, 0.00, 1.00, 0.00, 0.00, 1.00, 0.00, 0.00, 0.00, 0.00
1618, 0, 60.970, 0.98, 1, 0.63, 0.14, 0.00, 0.00, 0.00, 0.00, 0.05, 1.85, 0.53, 0.50, 0.32, 0.50, 0.00, 0.00, 0.12, 0.00, 0.55, 0.00, 0.00, 0.00, 1.00, 0.00, 0.00, 0.00, 1.00, 1.00, 0.00, 1.00, 0.00, 0.00, 1.00, 0.00, 0.00, 0.00, 0.00
1619, 0, 61.008, 0.98, 1, 0.67, 0.12, 0.00, 0.00, 0.00, 0.00, 0.11, 1.69, 0.51, 0.47, 0.16, 0.52, 0.00, 0.00, 0.11, 0.00, 0.22, 0.00, 0.00, 0.00, 1.00, 0.00, 0.00, 0.00, 1.00, 1.00, 0.00, 1.00, 0.00, 0.00, 1.00, 0.00, 0.00, 0.00, 0.00
1620, 0, 61.045, 0.98, 1, 0.42, 0.11, 0.00, 0.14, 0.00, 0.00, 0.18, 1.64, 0.38, 0.36, 0.07, 0.49, 0.00, 0.00, 0.09, 0.04, 0.07, 0.00, 0.00, 0.00, 1.00, 0.00, 0.00, 0.00, 1.00, 1.00, 0.00, 1.00, 0.00, 0.00, 1.00, 0.00, 0.00, 0.00, 0.00
1621, 0, 61.083, 0.93, 1, 0.26, 0.06, 0.00, 0.18, 0.00, 0.00, 0.20, 1.67, 0.21, 0.30, 0.16, 0.65, 0.00, 0.00, 0.14, 0.12, 0.23, 0.00, 0.00, 0.00, 1.00, 0.00, 0.00, 0.00, 1.00, 0.00, 0.00, 1.00, 0.00, 0.00, 1.00, 0.00, 0.00, 0.00, 0.00
1622, 0, 61.121, 0.93, 1, 0.10, 0.00, 0.00, 0.19, 0.00, 0.00, 0.19, 1.68, 0.02, 0.27, 0.15, 0.83, 0.00, 0.00, 0.20, 0.12, 0.25, 0.00, 0.00, 0.00, 1.00, 0.00, 0.00, 0.00, 1.00, 0.00, 0.00, 1.00, 0.00, 0.00, 1.00, 0.00, 0.00, 0.00, 0.00
1623, 0, 61.159, 0.98, 1, 0.16, 0.00, 0.00, 0.09, 0.00, 0.00, 0.23, 1.62, 0.00, 0.44, 0.10, 0.94, 0.00, 0.00, 0.33, 0.17, 0.21, 0.00, 0.00, 0.00, 1.00, 0.00, 0.00, 0.00, 1.00, 0.00, 0.00, 1.00, 0.00, 0.00, 1.00, 0.00, 0.00, 0.00, 0.00
1624, 0, 61.196, 0.88, 1, 0.20, 0.00, 0.00, 0.09, 0.00, 0.00, 0.31, 1.86, 0.00, 0.35, 0.11, 0.95, 0.00, 0.00, 0.52, 0.19, 0.06, 0.00, 0.00, 0.00, 1.00, 0.00, 0.00, 0.00, 1.00, 0.00, 0.00, 1.00, 0.00, 0.00, 1.00, 0.00, 0.00, 0.00, 0.00
1625, 0, 61.234, 0.88, 1, 0.39, 0.00, 0.00, 0.22, 0.00, 0.00, 0.45, 2.10, 0.12, 0.24, 0.11, 0.80, 0.01, 0.00, 0.51, 0.36, 0.23, 0.00, 0.00, 0.00, 1.00, 0.00, 0.00, 0.00, 1.00, 0.00, 0.00, 1.00, 1.00, 0.00, 1.00, 0.00, 0.00, 0.00, 0.00
1626, 0, 61.272, 0.88, 1, 0.33, 0.00, 0.00, 0.19, 0.03, 0.00, 0.47, 2.27, 0.23, 0.15, 0.11, 0.81, 0.07, 0.00, 0.32, 0.55, 0.41, 0.00, 0.00, 0.00, 1.00, 0.00, 0.00, 0.00, 1.00, 1.00, 0.00, 1.00, 1.00, 0.00, 1.00, 0.00, 0.00, 0.00, 0.00
1627, 0, 61.309, 0.98, 1, 0.32, 0.00, 0.00, 0.15, 0.10, 0.00, 0.39, 2.24, 0.38, 0.08, 0.01, 0.80, 0.22, 0.00, 0.09, 0.76, 0.41, 0.00, 0.00, 0.00, 1.00, 0.00, 0.00, 0.00, 1.00, 1.00, 0.00, 1.00, 0.00, 0.00, 1.00, 0.00, 0.00, 0.00, 0.00
1628, 0, 61.347, 0.98, 1, 0.09, 0.00, 0.00, 0.07, 0.10, 0.00, 0.28, 2.04, 0.41, 0.21, 0.01, 0.94, 0.26, 0.00, 0.00, 0.88, 0.22, 0.00, 0.00, 0.00, 1.00, 0.00, 0.00, 0.00, 1.00, 1.00, 0.00, 1.00, 0.00, 0.00, 1.00, 0.00, 0.00, 0.00, 0.00
1629, 0, 61.385, 0.98, 1, 0.09, 0.00, 0.00, 0.34, 0.13, 0.00, 0.15, 1.88, 0.46, 0.43, 0.01, 0.85, 0.25, 0.06, 0.06, 0.86, 0.00, 0.00, 0.00, 0.00, 1.00, 0.00, 0.00, 0.00, 1.00, 1.00, 0.00, 1.00, 0.00, 0.00, 1.00, 0.00, 0.00, 0.00, 0.00
1630, 0, 61.422, 0.88, 1, 0.00, 0.00, 0.00, 0.34, 0.20, 0.00, 0.08, 2.01, 0.45, 0.62, 0.22, 0.79, 0.41, 0.10, 0.63, 0.67, 0.00, 0.00, 0.00, 0.00, 1.00, 0.00, 0.00, 0.00, 1.00, 1.00, 0.00, 1.00, 0.00, 0.00, 1.00, 0.00, 0.00, 0.00, 0.00
1631, 0, 61.460, 0.98, 1, 0.02, 0.00, 0.00, 0.27, 0.32, 0.00, 0.00, 2.35, 0.47, 0.71, 0.57, 0.66, 0.54, 0.14, 1.28, 0.46, 0.00, 0.00, 0.00, 0.00, 1.00, 0.00, 0.00, 0.00, 1.00, 1.00, 0.00, 1.00, 0.00, 0.00, 1.00, 1.00, 0.00, 0.00, 0.00
1632, 0, 61.498, 0.98, 1, 0.02, 0.00, 0.00, 0.14, 0.41, 0.00, 0.00, 2.38, 0.56, 0.86, 0.74, 0.69, 0.51, 0.08, 1.62, 0.18, 0.00, 0.00, 0.00, 0.00, 1.00, 0.00, 0.00, 0.00, 1.00, 1.00, 0.00, 1.00, 0.00, 0.00, 1.00, 1.00, 0.00, 0.00, 0.00
1633, 0, 61.536, 0.98, 1, 0.02, 0.00, 0.00, 0.26, 0.40, 0.00, 0.00, 2.14, 0.64, 1.35, 0.52, 0.86, 0.23, 0.07, 1.41, 0.22, 0.00, 0.00, 0.00, 0.00, 1.00, 0.00, 0.00, 0.00, 1.00, 1.00, 0.00, 1.00, 0.00, 0.00, 1.00, 1.00, 0.00, 0.00, 0.00
1634, 0, 61.573, 0.98, 1, 0.00, 0.00, 0.00, 0.26, 0.40, 0.00, 0.00, 2.00, 0.69, 1.89, 0.22, 1.01, 0.04, 0.03, 1.01, 0.17, 0.00, 0.00, 0.00, 0.00, 1.00, 0.00, 0.00, 0.00, 1.00, 1.00, 1.00, 1.00, 0.00, 0.00, 1.00, 1.00, 0.00, 0.00, 0.00
1635, 0, 61.611, 0.88, 1, 0.00, 0.00, 0.00, 0.23, 0.38, 0.00, 0.00, 1.96, 0.75, 1.80, 0.25, 0.97, 0.03, 0.03, 1.23, 0.32, 0.00, 0.00, 0.00, 0.00, 1.00, 0.00, 0.00, 0.00, 1.00, 1.00, 1.00, 1.00, 0.00, 0.00, 1.00, 1.00, 0.00, 0.00, 0.00
1636, 0, 61.649, 0.93, 1, 0.00, 0.00, 0.00, 0.11, 0.41, 0.00, 0.00, 1.90, 0.79, 1.76, 0.32, 0.76, 0.00, 0.00, 1.46, 0.43, 0.03, 0.00, 0.00, 0.00, 1.00, 0.00, 0.00, 0.00, 1.00, 1.00, 1.00, 0.00, 0.00, 0.00, 1.00, 1.00, 0.00, 0.00, 0.00
1637, 0, 61.686, 0.93, 1, 0.00, 0.00, 0.00, 0.18, 0.45, 0.00, 0.00, 1.74, 0.83, 1.66, 0.31, 0.59, 0.02, 0.00, 1.84, 0.62, 0.03, 0.00, 0.00, 0.00, 1.00, 0.00, 0.00, 0.00, 1.00, 1.00, 1.00, 0.00, 0.00, 0.00, 1.00, 1.00, 0.00, 0.00, 0.00
1638, 0, 61.724, 0.93, 1, 0.03, 0.00, 0.00, 0.09, 0.36, 0.00, 0.00, 1.79, 0.69, 1.87, 0.16, 0.46, 0.02, 0.02, 1.40, 0.68, 0.12, 0.00, 1.00, 0.00, 1.00, 0.00, 0.00, 0.00, 1.00, 1.00, 1.00, 0.00, 0.00, 0.00, 1.00, 1.00, 0.00, 0.00, 0.00
1639, 0, 61.762, 0.98, 1, 0.03, 0.00, 0.00, 0.36, 0.22, 0.00, 0.00, 1.86, 0.56, 1.66, 0.11, 0.40, 0.05, 0.02, 0.93, 0.51, 0.09, 0.00, 1.00, 0.00, 1.00, 0.00, 0.00, 0.00, 1.00, 1.00, 0.00, 0.00, 0.00, 0.00, 1.00, 0.00, 0.00, 0.00, 0.00
1640, 0, 61.800, 0.98, 1, 0.14, 0.00, 0.00, 0.36, 0.05, 0.00, 0.00, 2.09, 0.38, 1.04, 0.50, 0.45, 0.04, 0.02, 0.31, 0.28, 0.09, 0.00, 1.00, 0.00, 1.00, 0.00, 0.00, 0.00, 1.00, 0.00, 0.00, 0.00, 0.00, 0.00, 1.00, 0.00, 0.00, 0.00, 0.00
1641, 0, 61.837, 0.98, 1, 0.20, 0.00, 0.00, 0.40, 0.02, 0.00, 0.00, 2.17, 0.26, 0.65, 0.86, 0.46, 0.04, 0.00, 0.12, 0.08, 0.00, 0.00, 1.00, 0.00, 1.00, 0.00, 0.00, 0.00, 1.00, 0.00, 0.00, 1.00, 0.00, 0.00, 1.00, 0.00, 0.00, 0.00, 0.00
1642, 0, 61.875, 0.98, 1, 0.35, 0.00, 0.00, 0.26, 0.03, 0.00, 0.00, 2.15, 0.21, 0.22, 1.12, 0.37, 0.00, 0.00, 0.00, 0.00, 0.00, 0.00, 1.00, 0.00, 1.00, 0.00, 0.00, 0.00, 1.00, 0.00, 0.00, 1.00, 0.00, 0.00, 1.00, 0.00, 0.00, 0.00, 0.00
1643, 0, 61.913, 0.93, 1, 0.41, 0.02, 0.00, 0.22, 0.03, 0.00, 0.00, 1.96, 0.22, 0.37, 0.81, 0.36, 0.00, 0.00, 0.00, 0.00, 0.00, 0.00, 1.00, 0.00, 1.00, 0.00, 0.00, 0.00, 1.00, 0.00, 0.00, 1.00, 0.00, 0.00, 1.00, 0.00, 0.00, 0.00, 0.00
1644, 0, 61.950, 0.98, 1, 0.42, 0.02, 0.00, 0.16, 0.05, 0.00, 0.03, 1.92, 0.25, 0.19, 0.53, 0.74, 0.00, 0.02, 0.00, 0.00, 0.00, 0.00, 1.00, 0.00, 1.00, 0.00, 0.00, 0.00, 1.00, 0.00, 0.00, 1.00, 0.00, 0.00, 1.00, 0.00, 0.00, 0.00, 0.00
1645, 0, 61.988, 0.98, 1, 0.31, 0.02, 0.00, 0.12, 0.05, 0.00, 0.03, 1.97, 0.27, 0.37, 0.88, 0.90, 0.00, 0.02, 0.23, 0.00, 0.00, 0.00, 0.00, 0.00, 1.00, 0.00, 0.00, 0.00, 1.00, 1.00, 0.00, 1.00, 0.00, 0.00, 1.00, 0.00, 0.00, 0.00, 0.00
1646, 0, 62.026, 0.98, 1, 0.21, 0.00, 0.00, 0.22, 0.05, 0.00, 0.03, 1.85, 0.36, 0.43, 0.96, 0.93, 0.00, 0.02, 0.36, 0.00, 0.00, 0.00, 0.00, 0.00, 1.00, 0.00, 0.00, 0.00, 1.00, 1.00, 0.00, 0.00, 0.00, 0.00, 1.00, 0.00, 0.00, 0.00, 0.00
1647, 0, 62.063, 0.98, 1, 0.26, 0.00, 0.00, 0.24, 0.04, 0.00, 0.00, 1.59, 0.31, 0.59, 1.36, 0.55, 0.03, 0.00, 0.60, 0.00, 0.00, 0.00, 0.00, 0.00, 1.00, 0.00, 0.00, 0.00, 1.00, 1.00, 0.00, 0.00, 0.00, 0.00, 1.00, 0.00, 0.00, 0.00, 0.00
1648, 0, 62.101, 0.98, 1, 0.38, 0.00, 0.00, 0.15, 0.00, 0.00, 0.00, 1.43, 0.27, 0.71, 0.93, 0.44, 0.03, 0.00, 0.36, 0.00, 0.00, 0.00, 0.00, 0.00, 1.00, 0.00, 0.00, 0.00, 1.00, 1.00, 0.00, 0.00, 0.00, 0.00, 1.00, 0.00, 0.00, 0.00, 0.00
1649, 0, 62.139, 0.98, 1, 0.46, 0.00, 0.00, 0.05, 0.00, 0.00, 0.01, 1.49, 0.12, 0.75, 0.86, 0.25, 0.03, 0.00, 0.23, 0.00, 0.00, 0.00, 0.00, 0.00, 1.00, 0.00, 0.00, 0.00, 1.00, 1.00, 0.00, 0.00, 0.00, 0.00, 1.00, 0.00, 0.00, 0.00, 0.00
1650, 0, 62.177, 0.98, 1, 0.35, 0.00, 0.00, 0.03, 0.00, 0.00, 0.03, 1.90, 0.31, 0.78, 0.54, 0.43, 0.27, 0.00, 0.00, 0.04, 0.00, 0.00, 0.00, 0.00, 1.00, 0.00, 0.00, 0.00, 1.00, 1.00, 0.00, 0.00, 0.00, 0.00, 1.00, 0.00, 0.00, 0.00, 0.00
1651, 0, 62.214, 0.98, 1, 0.22, 0.01, 0.00, 0.03, 0.00, 0.00, 0.06, 2.34, 0.48, 0.93, 0.57, 0.59, 0.27, 0.00, 0.00, 0.25, 0.00, 0.00, 0.00, 0.00, 1.00, 0.00, 0.00, 0.00, 1.00, 1.00, 0.00, 1.00, 0.00, 0.00, 1.00, 0.00, 0.00, 0.00, 0.00
1652, 0, 62.252, 0.98, 1, 0.21, 0.01, 0.00, 0.00, 0.00, 0.00, 0.12, 2.72, 0.67, 1.02, 0.64, 0.75, 0.27, 0.00, 0.00, 0.41, 0.00, 0.00, 0.00, 0.00, 1.00, 0.00, 0.00, 0.00, 1.00, 1.00, 0.00, 1.00, 0.00, 0.00, 1.00, 0.00, 0.00, 0.00, 0.00
1653, 0, 62.290, 0.88, 1, 0.22, 0.01, 0.00, 0.00, 0.00, 0.00, 0.15, 2.83, 0.60, 1.10, 0.47, 0.88, 0.00, 0.00, 0.00, 0.65, 0.00, 0.00, 0.00, 0.00, 1.00, 0.00, 0.00, 0.00, 1.00, 1.00, 0.00, 1.00, 0.00, 0.00, 1.00, 0.00, 0.00, 0.00, 0.00
1654, 0, 62.327, 0.98, 1, 0.29, 0.00, 0.00, 0.00, 0.02, 0.00, 0.21, 2.76, 0.54, 0.92, 0.41, 1.17, 0.00, 0.00, 0.00, 0.63, 0.00, 0.00, 0.00, 0.00, 1.00, 0.00, 0.00, 0.00, 1.00, 1.00, 0.00, 1.00, 0.00, 0.00, 1.00, 0.00, 0.00, 0.00, 0.00
1655, 0, 62.365, 0.98, 1, 0.20, 0.00, 0.00, 0.00, 0.03, 0.00, 0.14, 2.62, 0.42, 0.76, 0.20, 1.01, 0.05, 0.00, 0.00, 0.50, 0.00, 0.00, 0.00, 0.00, 1.00, 0.00, 0.00, 0.00, 1.00, 1.00, 0.00, 1.00, 0.00, 0.00, 1.00, 0.00, 0.00, 0.00, 0.00
1656, 0, 62.403, 0.98, 1, 0.19, 0.02, 0.00, 0.00, 0.03, 0.00, 0.10, 2.42, 0.42, 0.87, 0.17, 0.76, 0.05, 0.00, 0.00, 0.23, 0.04, 0.00, 0.00, 0.00, 1.00, 0.00, 0.00, 0.00, 1.00, 1.00, 0.00, 1.00, 0.00, 0.00, 1.00, 0.00, 0.00, 0.00, 0.00
1657, 0, 62.441, 0.98, 1, 0.10, 0.03, 0.00, 0.02, 0.03, 0.00, 0.00, 2.16, 0.41, 1.25, 0.00, 0.32, 0.13, 0.02, 0.00, 0.20, 0.04, 0.00, 0.00, 0.00, 1.00, 0.00, 0.00, 0.00, 1.00, 1.00, 1.00, 1.00, 0.00, 0.00, 1.00, 0.00, 0.00, 0.00, 0.00
1658, 0, 62.478, 0.98, 1, 0.08, 0.03, 0.00, 0.02, 0.01, 0.00, 0.02, 2.13, 0.45, 1.40, 0.00, 0.35, 0.08, 0.05, 0.00, 0.23, 0.04, 0.00, 0.00, 0.00, 1.00, 0.00, 0.00, 0.00, 1.00, 1.00, 1.00, 1.00, 0.00, 0.00, 1.00, 0.00, 0.00, 0.00, 0.00
1659, 0, 62.516, 0.98, 1, 0.17, 0.01, 0.00, 0.02, 0.01, 0.00, 0.08, 2.16, 0.45, 1.36, 0.00, 0.31, 0.14, 0.05, 0.00, 0.27, 0.00, 0.00, 0.00, 0.00, 1.00, 0.00, 0.00, 0.00, 1.00, 1.00, 1.00, 1.00, 0.00, 0.00, 1.00, 0.00, 0.00, 0.00, 0.00
1660, 0, 62.554, 0.98, 1, 0.16, 0.00, 0.00, 0.00, 0.00, 0.00, 0.08, 2.18, 0.40, 1.08, 0.00, 0.72, 0.23, 0.09, 0.00, 0.31, 0.00, 0.00, 0.00, 0.00, 1.00, 0.00, 0.00, 0.00, 1.00, 1.00, 1.00, 1.00, 0.00, 0.00, 1.00, 0.00, 0.00, 0.00, 0.00
1661, 0, 62.591, 0.98, 1, 0.14, 0.00, 0.00, 0.00, 0.00, 0.00, 0.06, 2.03, 0.34, 1.07, 0.00, 1.12, 0.39, 0.12, 0.00, 0.45, 0.00, 0.00, 0.00, 0.00, 1.00, 0.00, 0.00, 0.00, 1.00, 1.00, 1.00, 1.00, 1.00, 0.00, 1.00, 0.00, 0.00, 0.00, 0.00
1662, 0, 62.629, 0.98, 1, 0.06, 0.00, 0.00, 0.00, 0.00, 0.00, 0.02, 1.97, 0.26, 0.95, 0.09, 1.25, 0.32, 0.12, 0.00, 0.46, 0.00, 0.00, 0.00, 0.00, 1.00, 0.00, 0.00, 0.00, 1.00, 1.00, 1.00, 1.00, 1.00, 0.00, 1.00, 0.00, 0.00, 0.00, 0.00
1663, 0, 62.667, 0.98, 1, 0.14, 0.00, 0.00, 0.00, 0.04, 0.00, 0.05, 2.05, 0.33, 1.00, 0.09, 1.04, 0.16, 0.07, 0.00, 0.38, 0.00, 0.00, 0.00, 0.00, 1.00, 0.00, 0.00, 0.00, 1.00, 1.00, 0.00, 0.00, 1.00, 0.00, 1.00, 0.00, 0.00, 0.00, 0.00
1664, 0, 62.704, 0.98, 1, 0.20, 0.00, 0.00, 0.07, 0.09, 0.00, 0.07, 2.12, 0.48, 1.14, 0.09, 0.71, 0.00, 0.00, 0.11, 0.22, 0.00, 0.00, 0.00, 0.00, 1.00, 0.00, 0.00, 0.00, 1.00, 1.00, 0.00, 0.00, 1.00, 0.00, 1.00, 0.00, 0.00, 0.00, 0.00
1665, 0, 62.742, 0.98, 1, 0.14, 0.00, 0.00, 0.07, 0.20, 0.00, 0.05, 1.97, 0.72, 1.33, 0.23, 0.67, 0.04, 0.00, 0.29, 0.16, 0.00, 0.00, 0.00, 0.00, 1.00, 0.00, 0.00, 0.00, 1.00, 1.00, 0.00, 0.00, 0.00, 0.00, 1.00, 0.00, 0.00, 0.00, 0.00
1666, 0, 62.780, 0.98, 1, 0.06, 0.00, 0.00, 0.07, 0.27, 0.00, 0.02, 1.80, 0.91, 1.39, 0.67, 0.53, 0.04, 0.00, 0.36, 0.04, 0.12, 0.00, 0.00, 0.00, 1.00, 0.00, 0.00, 0.00, 1.00, 1.00, 0.00, 0.00, 0.00, 0.00, 1.00, 1.00, 0.00, 0.00, 0.00
1667, 0, 62.818, 0.98, 1, 0.00, 0.00, 0.00, 0.17, 0.39, 0.00, 0.02, 1.75, 1.04, 1.25, 0.99, 0.62, 0.04, 0.00, 0.25, 0.00, 0.21, 0.00, 0.00, 0.00, 1.00, 0.00, 0.00, 0.00, 1.00, 1.00, 1.00, 0.00, 0.00, 0.00, 1.00, 1.00, 0.00, 0.00, 0.00
1668, 0, 62.855, 0.98, 1, 0.00, 0.00, 0.00, 0.17, 0.41, 0.02, 0.02, 1.81, 1.12, 1.38, 1.24, 0.82, 0.13, 0.00, 0.28, 0.05, 0.21, 0.00, 0.00, 0.00, 1.00, 0.00, 0.00, 0.00, 1.00, 1.00, 1.00, 0.00, 0.00, 0.00, 1.00, 1.00, 0.00, 0.00, 0.00
1669, 0, 62.893, 0.98, 1, 0.00, 0.00, 0.00, 0.17, 0.46, 0.02, 0.02, 1.92, 1.24, 1.35, 1.44, 1.09, 0.37, 0.00, 0.64, 0.26, 0.09, 0.00, 0.00, 0.00, 1.00, 0.00, 0.00, 0.00, 1.00, 1.00, 1.00, 0.00, 0.00, 0.00, 1.00, 1.00, 0.00, 0.00, 0.00
1670, 0, 62.931, 0.98, 1, 0.00, 0.00, 0.00, 0.00, 0.36, 0.02, 0.00, 1.88, 1.36, 1.57, 1.12, 1.14, 0.37, 0.01, 1.03, 0.26, 0.00, 0.00, 0.00, 0.00, 1.00, 0.00, 0.00, 0.00, 1.00, 1.00, 1.00, 0.00, 0.00, 0.00, 1.00, 1.00, 0.00, 0.00, 0.00
1671, 0, 62.968, 0.88, 1, 0.03, 0.00, 0.00, 0.00, 0.29, 0.00, 0.00, 1.93, 1.46, 1.57, 0.64, 1.06, 0.24, 0.04, 1.23, 0.23, 0.00, 0.00, 1.00, 0.00, 1.00, 0.00, 0.00, 0.00, 1.00, 1.00, 1.00, 0.00, 0.00, 0.00, 1.00, 1.00, 0.00, 0.00, 0.00
1672, 0, 63.006, 0.88, 1, 0.03, 0.00, 0.00, 0.11, 0.16, 0.00, 0.00, 1.69, 1.50, 1.68, 0.07, 0.94, 0.00, 0.04, 1.13, 0.17, 0.04, 0.00, 1.00, 0.00, 1.00, 0.00, 0.00, 0.00, 1.00, 1.00, 1.00, 0.00, 0.00, 0.00, 1.00, 1.00, 0.00, 0.00, 0.00
1673, 0, 63.044, 0.88, 1, 0.06, 0.01, 0.00, 0.15, 0.10, 0.00, 0.00, 1.42, 1.47, 1.50, 0.07, 0.82, 0.00, 0.03, 1.01, 0.17, 0.13, 0.00, 1.00, 0.00, 1.00, 0.00, 0.00, 0.00, 1.00, 1.00, 1.00, 0.00, 0.00, 0.00, 1.00, 1.00, 0.00, 0.00, 0.00
1674, 0, 63.082, 0.88, 1, 0.10, 0.10, 0.00, 0.15, 0.05, 0.00, 0.00, 1.09, 1.42, 1.50, 0.17, 0.63, 0.00, 0.00, 0.90, 0.15, 0.29, 0.00, 1.00, 0.00, 1.00, 0.00, 0.00, 0.00, 1.00, 1.00, 1.00, 0.00, 0.00, 0.00, 1.00, 1.00, 0.00, 0.00, 0.00
1675, 0, 63.119, 0.88, 1, 0.10, 0.10, 0.00, 0.14, 0.02, 0.00, 0.00, 1.17, 1.26, 1.40, 0.10, 0.82, 0.09, 0.00, 0.57, 0.00, 0.24, 0.00, 1.00, 0.00, 1.00, 0.00, 0.00, 0.00, 1.00, 1.00, 1.00, 0.00, 1.00, 0.00, 1.00, 1.00, 0.00, 0.00, 0.00
1676, 0, 63.157, 0.93, 1, 0.06, 0.24, 0.00, 0.20, 0.02, 0.00, 0.00, 1.31, 0.97, 1.27, 0.10, 0.90, 0.14, 0.00, 0.30, 0.00, 0.15, 0.00, 0.00, 0.00, 1.00, 0.00, 0.00, 0.00, 1.00, 1.00, 1.00, 1.00, 1.00, 0.00, 1.00, 0.00, 0.00, 0.00, 0.00
1677, 0, 63.195, 0.98, 1, 0.00, 0.28, 0.00, 0.36, 0.00, 0.00, 0.00, 1.50, 0.69, 1.05, 0.00, 1.13, 0.18, 0.00, 0.00, 0.00, 0.00, 0.00, 0.00, 0.00, 1.00, 0.00, 0.00, 0.00, 1.00, 1.00, 1.00, 1.00, 1.00, 0.00, 1.00, 0.00, 0.00, 0.00, 0.00
1678, 0, 63.232, 0.98, 1, 0.04, 0.53, 0.00, 0.27, 0.00, 0.00, 0.00, 1.32, 0.53, 0.86, 0.00, 0.84, 0.22, 0.00, 0.00, 0.00, 0.00, 0.00, 0.00, 0.00, 1.00, 0.00, 0.00, 0.00, 0.00, 1.00, 0.00, 1.00, 1.00, 0.00, 1.00, 0.00, 0.00, 0.00, 0.00
1679, 0, 63.270, 0.93, 1, 0.23, 0.59, 0.00, 0.19, 0.00, 0.00, 0.00, 1.04, 0.65, 0.72, 0.00, 0.74, 0.29, 0.00, 0.05, 0.00, 0.10, 0.00, 0.00, 0.00, 1.00, 0.00, 0.00, 0.00, 0.00, 1.00, 0.00, 1.00, 1.00, 0.00, 1.00, 0.00, 0.00, 0.00, 0.00
1680, 0, 63.308, 0.88, 1, 0.43, 0.62, 0.00, 0.04, 0.00, 0.00, 0.00, 0.68, 0.65, 0.49, 0.13, 0.63, 0.25, 0.00, 0.05, 0.00, 0.10, 0.00, 0.00, 0.00, 1.00, 0.00, 0.00, 0.00, 0.00, 1.00, 0.00, 1.00, 1.00, 0.00, 1.00, 0.00, 0.00, 0.00, 0.00
1681, 0, 63.345, 0.88, 1, 0.43, 0.37, 0.00, 0.18, 0.00, 0.00, 0.07, 0.62, 0.67, 0.47, 0.64, 0.59, 0.12, 0.00, 0.05, 0.00, 0.10, 0.00, 0.00, 0.00, 1.00, 0.00, 0.00, 0.00, 0.00, 1.00, 0.00, 0.00, 1.00, 0.00, 1.00, 0.00, 0.00, 0.00, 0.00
1682, 0, 63.383, 0.88, 1, 0.29, 0.16, 0.00, 0.40, 0.00, 0.00, 0.12, 0.68, 0.58, 0.54, 1.07, 0.58, 0.00, 0.00, 0.00, 0.00, 0.00, 0.00, 0.00, 0.00, 1.00, 0.00, 0.00, 0.00, 0.00, 1.00, 0.00, 0.00, 0.00, 0.00, 0.00, 0.00, 0.00, 0.00, 0.00
1683, 0, 63.421, 0.88, 1, 0.09, 0.00, 0.00, 0.57, 0.00, 0.00, 0.12, 0.72, 0.59, 0.45, 1.52, 0.57, 0.00, 0.00, 0.04, 0.00, 0.00, 0.00, 0.00, 0.00, 1.00, 0.00, 0.00, 0.00, 0.00, 1.00, 0.00, 0.00, 0.00, 0.00, 1.00, 0.00, 0.00, 0.00, 0.00
1684, 0, 63.459, 0.98, 1, 0.05, 0.00, 0.00, 0.69, 0.00, 0.00, 0.06, 0.75, 0.49, 0.21, 1.16, 0.56, 0.02, 0.00, 0.06, 0.00, 0.00, 0.00, 0.00, 0.00, 1.00, 0.00, 0.00, 0.00, 0.00, 1.00, 0.00, 0.00, 0.00, 0.00, 1.00, 0.00, 0.00, 0.00, 0.00
1685, 0, 63.496, 0.98, 1, 0.16, 0.00, 0.00, 0.46, 0.00, 0.03, 0.04, 0.92, 0.52, 0.11, 0.73, 0.79, 0.03, 0.00, 0.44, 0.00, 0.03, 0.00, 0.00, 0.00, 1.00, 0.00, 0.00, 0.00, 1.00, 1.00, 0.00, 0.00, 0.00, 0.00, 1.00, 0.00, 0.00, 0.00, 0.00
1686, 0, 63.534, 0.98, 1, 0.27, 0.04, 0.00, 0.29, 0.00, 0.03, 0.05, 1.24, 0.51, 0.30, 0.14, 0.98, 0.03, 0.00, 0.62, 0.00, 0.15, 0.00, 0.00, 0.00, 1.00, 0.00, 0.00, 0.00, 1.00, 1.00, 0.00, 1.00, 0.00, 0.00, 1.00, 0.00, 0.00, 0.00, 0.00
1687, 0, 63.572, 0.98, 1, 0.45, 0.05, 0.00, 0.28, 0.00, 0.05, 0.05, 1.40, 0.56, 0.42, 0.00, 1.11, 0.01, 0.00, 0.73, 0.00, 0.15, 0.00, 0.00, 0.00, 1.00, 0.00, 0.00, 0.00, 1.00, 1.00, 0.00, 1.00, 0.00, 0.00, 1.00, 0.00, 0.00, 0.00, 0.00
1688, 0, 63.609, 0.93, 1, 0.47, 0.05, 0.00, 0.46, 0.00, 0.02, 0.02, 1.25, 0.52, 0.58, 0.00, 0.99, 0.00, 0.00, 0.54, 0.00, 0.12, 0.00, 1.00, 0.00, 1.00, 0.00, 0.00, 0.00, 1.00, 1.00, 0.00, 1.00, 1.00, 0.00, 1.00, 0.00, 0.00, 0.00, 0.00
1689, 0, 63.647, 0.93, 1, 0.45, 0.01, 0.00, 0.61, 0.00, 0.02, 0.01, 1.10, 0.60, 0.77, 0.00, 1.01, 0.13, 0.00, 0.69, 0.09, 0.00, 0.00, 1.00, 0.00, 1.00, 0.00, 0.00, 0.00, 1.00, 1.00, 0.00, 1.00, 1.00, 0.00, 1.00, 1.00, 0.00, 0.00, 0.00
1690, 0, 63.685, 0.98, 1, 0.40, 0.14, 0.00, 0.40, 0.09, 0.01, 0.01, 1.23, 0.72, 0.98, 0.18, 1.17, 0.13, 0.00, 1.28, 0.10, 0.00, 0.00, 1.00, 0.00, 1.00, 0.00, 0.00, 0.00, 1.00, 1.00, 0.00, 1.00, 1.00, 0.00, 1.00, 1.00, 0.00, 0.00, 0.00
1691, 0, 63.723, 0.98, 1, 0.25, 0.14, 0.00, 0.26, 0.13, 0.01, 0.01, 1.48, 0.80, 1.02, 0.33, 1.18, 0.20, 0.00, 1.52, 0.10, 0.05, 0.00, 1.00, 0.00, 1.00, 0.00, 0.00, 0.00, 1.00, 1.00, 0.00, 1.00, 1.00, 0.00, 1.00, 1.00, 0.00, 0.00, 0.00
1692, 0, 63.760, 0.98, 1, 0.19, 0.15, 0.00, 0.11, 0.26, 0.01, 0.09, 1.52, 0.83, 1.07, 0.33, 1.05, 0.26, 0.00, 1.46, 0.03, 0.05, 0.00, 1.00, 0.00, 1.00, 0.00, 0.00, 0.00, 1.00, 1.00, 0.00, 1.00, 1.00, 0.00, 1.00, 1.00, 0.00, 0.00, 0.00
1693, 0, 63.798, 0.98, 1, 0.06, 0.10, 0.00, 0.20, 0.29, 0.00, 0.09, 1.23, 0.75, 1.15, 0.18, 0.89, 0.31, 0.00, 1.06, 0.02, 0.05, 0.00, 1.00, 0.00, 1.00, 0.00, 0.00, 0.00, 1.00, 1.00, 0.00, 1.00, 1.00, 0.00, 1.00, 1.00, 0.00, 0.00, 0.00
1694, 0, 63.836, 0.98, 1, 0.05, 0.24, 0.00, 0.29, 0.38, 0.00, 0.09, 0.97, 0.67, 1.23, 0.02, 0.86, 0.28, 0.00, 0.98, 0.02, 0.00, 0.00, 1.00, 0.00, 1.00, 1.00, 0.00, 0.00, 1.00, 1.00, 0.00, 1.00, 1.00, 0.00, 1.00, 1.00, 0.00, 0.00, 0.00
1695, 0, 63.873, 0.98, 1, 0.02, 0.23, 0.00, 0.38, 0.38, 0.00, 0.00, 1.22, 0.77, 1.39, 0.35, 1.22, 0.08, 0.00, 0.69, 0.00, 0.00, 0.00, 1.00, 0.00, 1.00, 1.00, 0.00, 0.00, 1.00, 1.00, 1.00, 1.00, 1.00, 0.00, 1.00, 1.00, 0.00, 0.00, 0.00
1696, 0, 63.911, 0.98, 1, 0.02, 0.14, 0.00, 0.29, 0.39, 0.00, 0.00, 1.62, 0.93, 1.55, 0.62, 1.58, 0.07, 0.00, 0.50, 0.02, 0.00, 0.00, 0.00, 0.00, 1.00, 1.00, 0.00, 0.00, 1.00, 1.00, 1.00, 1.00, 1.00, 0.00, 1.00, 0.00, 0.00, 0.00, 0.00
1697, 0, 63.949, 0.98, 1, 0.00, 0.05, 0.00, 0.26, 0.42, 0.00, 0.00, 1.90, 1.09, 1.73, 0.69, 1.89, 0.04, 0.01, 0.30, 0.08, 0.00, 0.00, 0.00, 0.00, 1.00, 1.00, 0.00, 0.00, 1.00, 1.00, 1.00, 0.00, 1.00, 0.00, 1.00, 0.00, 0.00, 0.00, 0.00
1698, 0, 63.986, 0.98, 1, 0.00, 0.05, 0.00, 0.21, 0.50, 0.00, 0.00, 1.64, 1.05, 1.62, 0.52, 1.60, 0.04, 0.01, 0.55, 0.08, 0.00, 0.00, 0.00, 0.00, 1.00, 1.00, 0.00, 0.00, 1.00, 1.00, 1.00, 1.00, 1.00, 0.00, 1.00, 0.00, 0.00, 0.00, 0.00
1699, 0, 64.024, 0.98, 1, 0.00, 0.05, 0.00, 0.28, 0.62, 0.00, 0.00, 1.43, 0.99, 1.26, 0.35, 1.40, 0.00, 0.01, 0.62, 0.06, 0.00, 0.00, 1.00, 0.00, 1.00, 1.00, 0.00, 0.00, 1.00, 1.00, 1.00, 1.00, 1.00, 0.00, 1.00, 0.00, 0.00, 0.00, 0.00
1700, 0, 64.062, 0.98, 1, 0.00, 0.00, 0.00, 0.30, 0.69, 0.07, 0.00, 1.32, 1.02, 0.81, 0.41, 1.60, 0.00, 0.00, 0.80, 0.07, 0.00, 0.00, 1.00, 0.00, 1.00, 1.00, 0.00, 0.00, 1.00, 1.00, 0.00, 0.00, 1.00, 0.00, 1.00, 0.00, 0.00, 0.00, 0.00
1701, 0, 64.100, 0.98, 1, 0.00, 0.00, 0.00, 0.42, 0.65, 0.24, 0.00, 1.41, 1.09, 0.32, 0.47, 1.87, 0.00, 0.00, 0.96, 0.06, 0.00, 0.00, 1.00, 0.00, 1.00, 1.00, 1.00, 0.00, 1.00, 1.00, 0.00, 0.00, 1.00, 0.00, 1.00, 0.00, 0.00, 0.00, 0.00
1702, 0, 64.137, 0.98, 1, 0.00, 0.00, 0.00, 0.48, 0.51, 0.43, 0.00, 1.44, 1.16, 0.12, 0.51, 2.00, 0.00, 0.00, 1.08, 0.06, 0.00, 0.00, 1.00, 0.00, 1.00, 1.00, 1.00, 0.00, 1.00, 1.00, 0.00, 0.00, 1.00, 0.00, 1.00, 0.00, 0.00, 0.00, 0.00
1703, 0, 64.175, 0.98, 1, 0.00, 0.00, 0.00, 0.61, 0.41, 0.51, 0.00, 1.65, 1.11, 0.00, 0.86, 1.83, 0.00, 0.00, 1.20, 0.00, 0.00, 0.00, 1.00, 0.00, 1.00, 1.00, 1.00, 0.00, 1.00, 1.00, 0.00, 0.00, 1.00, 0.00, 1.00, 0.00, 0.00, 0.00, 0.00
1704, 0, 64.213, 0.98, 1, 0.00, 0.00, 0.00, 0.63, 0.43, 0.49, 0.00, 1.78, 0.99, 0.00, 0.64, 1.70, 0.00, 0.00, 1.06, 0.00, 0.00, 0.00, 1.00, 0.00, 1.00, 1.00, 1.00, 0.00, 1.00, 1.00, 0.00, 0.00, 1.00, 0.00, 1.00, 0.00, 0.00, 0.00, 0.00
1705, 0, 64.250, 0.98, 1, 0.00, 0.00, 0.00, 0.68, 0.34, 0.47, 0.00, 1.73, 0.80, 0.02, 0.62, 1.51, 0.33, 0.00, 0.78, 0.00, 0.00, 0.00, 1.00, 0.00, 1.00, 1.00, 1.00, 0.00, 1.00, 1.00, 0.00, 0.00, 1.00, 0.00, 1.00, 0.00, 0.00, 0.00, 0.00
1706, 0, 64.288, 0.98, 1, 0.04, 0.00, 0.00, 0.61, 0.21, 0.34, 0.00, 1.52, 0.67, 0.14, 0.37, 1.28, 0.54, 0.00, 0.47, 0.00, 0.00, 0.00, 1.00, 0.00, 1.00, 0.00, 0.00, 0.00, 1.00, 1.00, 0.00, 0.00, 1.00, 0.00, 1.00, 0.00, 0.00, 0.00, 0.00
1707, 0, 64.326, 0.98, 1, 0.04, 0.00, 0.00, 0.51, 0.03, 0.20, 0.00, 1.43, 0.63, 0.18, 0.63, 1.07, 0.61, 0.00, 0.48, 0.00, 0.00, 0.00, 1.00, 0.00, 1.00, 0.00, 0.00, 0.00, 1.00, 1.00, 0.00, 0.00, 1.00, 0.00, 1.00, 0.00, 0.00, 0.00, 0.00
1708, 0, 64.364, 0.98, 1, 0.04, 0.00, 0.00, 0.40, 0.01, 0.07, 0.00, 1.59, 0.73, 0.39, 0.49, 0.89, 0.27, 0.00, 0.62, 0.00, 0.00, 0.00, 1.00, 0.00, 1.00, 0.00, 0.00, 0.00, 1.00, 1.00, 0.00, 0.00, 1.00, 1.00, 0.00, 0.00, 0.00, 0.00, 0.00
1709, 0, 64.401, 0.98, 1, 0.00, 0.00, 0.00, 0.19, 0.00, 0.04, 0.01, 1.62, 0.83, 0.44, 0.26, 0.58, 0.06, 0.00, 0.65, 0.00, 0.00, 0.00, 1.00, 0.00, 1.00, 0.00, 0.00, 0.00, 1.00, 1.00, 0.00, 0.00, 1.00, 1.00, 0.00, 0.00, 0.00, 0.00, 0.00
1710, 0, 64.439, 0.88, 1, 0.04, 0.00, 0.00, 0.10, 0.00, 0.04, 0.01, 1.65, 0.89, 0.61, 0.47, 0.65, 0.29, 0.00, 0.94, 0.00, 0.00, 0.00, 1.00, 0.00, 1.00, 0.00, 0.00, 0.00, 1.00, 1.00, 0.00, 0.00, 1.00, 1.00, 0.00, 0.00, 0.00, 0.00, 0.00
1711, 0, 64.477, 0.98, 1, 0.11, 0.00, 0.00, 0.05, 0.07, 0.20, 0.01, 1.68, 0.90, 0.72, 1.07, 0.73, 0.55, 0.00, 1.05, 0.00, 0.00, 0.00, 1.00, 0.00, 1.00, 0.00, 0.00, 0.00, 1.00, 1.00, 0.00, 0.00, 1.00, 1.00, 0.00, 0.00, 0.00, 0.00, 0.00
1712, 0, 64.514, 0.98, 1, 0.17, 0.00, 0.00, 0.06, 0.12, 0.34, 0.00, 1.85, 0.88, 0.90, 1.73, 0.95, 0.83, 0.00, 1.20, 0.00, 0.00, 0.00, 1.00, 0.00, 1.00, 0.00, 0.00, 0.00, 1.00, 1.00, 0.00, 0.00, 1.00, 1.00, 0.00, 0.00, 0.00, 0.00, 0.00
1713, 0, 64.552, 0.98, 1, 0.16, 0.00, 0.00, 0.19, 0.12, 0.34, 0.00, 1.85, 0.83, 0.96, 1.83, 0.84, 0.85, 0.00, 0.96, 0.00, 0.04, 0.00, 1.00, 0.00, 1.00, 0.00, 0.00, 0.00, 1.00, 1.00, 0.00, 0.00, 1.00, 1.00, 0.00, 0.00, 0.00, 0.00, 0.00
1714, 0, 64.590, 0.93, 1, 0.35, 0.02, 0.00, 0.25, 0.06, 0.14, 0.00, 1.62, 0.74, 0.93, 1.70, 0.79, 0.58, 0.00, 0.77, 0.00, 0.16, 0.00, 1.00, 0.00, 1.00, 0.00, 0.00, 0.00, 1.00, 1.00, 0.00, 0.00, 1.00, 1.00, 0.00, 0.00, 0.00, 0.00, 0.00
1715, 0, 64.627, 0.88, 1, 0.52, 0.02, 0.00, 0.28, 0.00, 0.00, 0.00, 1.55, 0.72, 0.84, 1.04, 1.10, 0.31, 0.00, 0.48, 0.00, 0.24, 0.00, 1.00, 0.00, 1.00, 0.00, 0.00, 0.00, 1.00, 1.00, 0.00, 0.00, 1.00, 0.00, 1.00, 0.00, 0.00, 0.00, 0.00
1716, 0, 64.665, 0.88, 1, 0.80, 0.10, 0.00, 0.14, 0.00, 0.00, 0.00, 1.45, 0.72, 0.77, 0.47, 1.26, 0.00, 0.00, 0.11, 0.00, 0.29, 0.00, 1.00, 0.00, 1.00, 0.00, 0.00, 0.00, 1.00, 1.00, 0.00, 1.00, 1.00, 0.00, 1.00, 0.00, 0.00, 0.00, 0.00
1717, 0, 64.703, 0.88, 1, 0.78, 0.08, 0.00, 0.04, 0.00, 0.00, 0.00, 1.50, 0.80, 0.60, 0.09, 1.44, 0.00, 0.00, 0.00, 0.00, 0.19, 0.00, 1.00, 0.00, 1.00, 0.00, 0.00, 0.00, 1.00, 1.00, 0.00, 1.00, 0.00, 0.00, 1.00, 0.00, 0.00, 0.00, 0.00
1718, 0, 64.741, 0.88, 1, 0.55, 0.08, 0.00, 0.01, 0.05, 0.00, 0.00, 1.53, 0.81, 0.71, 0.09, 1.26, 0.10, 0.05, 0.33, 0.00, 0.10, 0.00, 1.00, 0.00, 1.00, 0.00, 0.00, 0.00, 1.00, 1.00, 0.00, 1.00, 0.00, 0.00, 1.00, 0.00, 0.00, 0.00, 0.00
1719, 0, 64.778, 0.98, 1, 0.24, 0.00, 0.00, 0.01, 0.10, 0.00, 0.00, 1.57, 0.83, 1.00, 0.09, 1.31, 0.16, 0.08, 0.59, 0.00, 0.02, 0.00, 1.00, 0.00, 1.00, 0.00, 0.00, 0.00, 1.00, 1.00, 0.00, 1.00, 0.00, 0.00, 1.00, 0.00, 0.00, 0.00, 0.00
1720, 0, 64.816, 0.98, 1, 0.00, 0.00, 0.00, 0.07, 0.18, 0.00, 0.00, 1.59, 1.02, 1.11, 0.00, 1.27, 0.18, 0.13, 1.07, 0.09, 0.00, 0.00, 1.00, 0.00, 1.00, 0.00, 0.00, 0.00, 1.00, 1.00, 0.00, 1.00, 0.00, 0.00, 1.00, 0.00, 0.00, 0.00, 0.00
1721, 0, 64.854, 0.98, 1, 0.00, 0.00, 0.00, 0.16, 0.26, 0.00, 0.00, 1.53, 1.18, 1.09, 0.28, 1.00, 0.08, 0.13, 1.37, 0.09, 0.00, 0.00, 1.00, 0.00, 1.00, 0.00, 0.00, 0.00, 1.00, 1.00, 0.00, 1.00, 0.00, 0.00, 1.00, 1.00, 0.00, 0.00, 0.00
1722, 0, 64.891, 0.98, 1, 0.00, 0.00, 0.00, 0.16, 0.31, 0.00, 0.00, 1.47, 1.34, 0.73, 0.44, 0.70, 0.02, 0.11, 1.61, 0.09, 0.05, 0.00, 1.00, 0.00, 1.00, 0.00, 0.00, 0.00, 1.00, 1.00, 0.00, 1.00, 0.00, 0.00, 1.00, 1.00, 0.00, 0.00, 0.00
1723, 0, 64.929, 0.98, 1, 0.00, 0.10, 0.00, 0.15, 0.27, 0.00, 0.00, 1.46, 1.20, 0.78, 0.44, 0.56, 0.00, 0.07, 1.49, 0.09, 0.05, 0.00, 1.00, 0.00, 1.00, 0.00, 0.00, 0.00, 1.00, 1.00, 0.00, 1.00, 0.00, 0.00, 1.00, 1.00, 0.00, 0.00, 0.00
1724, 0, 64.967, 0.98, 1, 0.04, 0.27, 0.00, 0.04, 0.17, 0.00, 0.00, 1.34, 1.13, 0.69, 0.16, 0.72, 0.00, 0.01, 1.30, 0.23, 0.05, 0.00, 1.00, 0.00, 1.00, 0.00, 0.00, 0.00, 1.00, 1.00, 0.00, 1.00, 1.00, 0.00, 1.00, 1.00, 0.00, 0.00, 0.00
1725, 0, 65.005, 0.98, 1, 0.16, 0.27, 0.00, 0.04, 0.12, 0.00, 0.00, 1.81, 0.90, 0.77, 0.01, 0.91, 0.00, 0.00, 1.16, 0.30, 0.00, 0.00, 1.00, 0.00, 1.00, 0.00, 0.00, 0.00, 1.00, 1.00, 0.00, 1.00, 1.00, 0.00, 1.00, 1.00, 0.00, 0.00, 0.00
1726, 0, 65.042, 0.98, 1, 0.16, 0.17, 0.00, 0.04, 0.29, 0.13, 0.00, 2.20, 0.93, 0.95, 0.04, 1.02, 0.03, 0.00, 1.12, 0.50, 0.00, 0.00, 0.00, 0.00, 1.00, 0.00, 0.00, 0.00, 1.00, 1.00, 1.00, 1.00, 1.00, 0.00, 1.00, 1.00, 0.00, 0.00, 0.00
1727, 0, 65.080, 0.98, 1, 0.12, 0.00, 0.00, 0.12, 0.45, 0.25, 0.00, 2.65, 0.92, 1.20, 0.04, 1.06, 0.10, 0.00, 1.02, 0.61, 0.00, 0.00, 0.00, 0.00, 1.00, 0.00, 0.00, 0.00, 1.00, 1.00, 1.00, 1.00, 1.00, 0.00, 1.00, 1.00, 0.00, 0.00, 0.00
1728, 0, 65.118, 0.98, 1, 0.15, 0.04, 0.00, 0.25, 0.39, 0.25, 0.00, 2.33, 0.90, 1.35, 0.48, 1.04, 0.18, 0.00, 1.05, 0.64, 0.13, 0.00, 0.00, 0.00, 1.00, 0.00, 0.00, 0.00, 1.00, 1.00, 1.00, 1.00, 1.00, 0.00, 1.00, 1.00, 0.00, 0.00, 0.00
1729, 0, 65.155, 0.88, 1, 0.27, 0.14, 0.00, 0.21, 0.20, 0.12, 0.00, 2.08, 0.67, 1.19, 0.77, 1.08, 0.32, 0.00, 1.01, 0.49, 0.31, 0.00, 0.00, 0.00, 1.00, 0.00, 0.00, 0.00, 1.00, 1.00, 1.00, 1.00, 1.00, 0.00, 1.00, 1.00, 0.00, 0.00, 0.00
1730, 0, 65.193, 0.88, 1, 0.41, 0.14, 0.00, 0.13, 0.01, 0.00, 0.00, 1.66, 0.63, 1.29, 0.77, 0.77, 0.25, 0.00, 0.82, 0.34, 0.31, 1.00, 0.00, 0.00, 1.00, 0.00, 0.00, 0.00, 1.00, 1.00, 1.00, 1.00, 1.00, 0.00, 1.00, 1.00, 0.00, 0.00, 0.00
1731, 0, 65.231, 0.88, 1, 0.41, 0.11, 0.00, 0.00, 0.01, 0.00, 0.00, 1.48, 0.74, 1.49, 0.39, 0.45, 0.24, 0.00, 0.57, 0.36, 0.23, 1.00, 0.00, 0.00, 1.00, 0.00, 0.00, 0.00, 1.00, 1.00, 1.00, 1.00, 1.00, 0.00, 1.00, 0.00, 0.00, 0.00, 0.00
1732, 0, 65.268, 0.88, 1, 0.41, 0.04, 0.00, 0.00, 0.00, 0.00, 0.00, 1.35, 0.77, 1.69, 0.07, 0.32, 0.37, 0.06, 0.45, 0.22, 0.05, 1.00, 0.00, 0.00, 1.00, 0.00, 0.00, 0.00, 1.00, 1.00, 0.00, 1.00, 1.00, 0.00, 1.00, 0.00, 0.00, 0.00, 0.00
1733, 0, 65.306, 0.98, 1, 0.38, 0.10, 0.00, 0.18, 0.01, 0.00, 0.00, 1.41, 0.60, 1.15, 0.17, 0.55, 0.40, 0.19, 0.41, 0.13, 0.10, 1.00, 0.00, 0.00, 1.00, 0.00, 0.00, 0.00, 1.00, 1.00, 0.00, 1.00, 1.00, 0.00, 1.00, 0.00, 0.00, 0.00, 0.00
1734, 0, 65.344, 0.98, 1, 0.29, 0.10, 0.00, 0.42, 0.07, 0.00, 0.00, 1.58, 0.51, 0.71, 0.44, 0.77, 0.72, 0.19, 0.43, 0.00, 0.06, 1.00, 0.00, 0.00, 1.00, 0.00, 0.00, 0.00, 1.00, 1.00, 1.00, 1.00, 1.00, 0.00, 1.00, 0.00, 0.00, 0.00, 0.00
1735, 0, 65.382, 0.98, 1, 0.36, 0.07, 0.00, 0.42, 0.09, 0.00, 0.00, 1.73, 0.53, 0.49, 0.48, 1.12, 0.47, 0.13, 0.25, 0.00, 0.06, 1.00, 0.00, 0.00, 1.00, 0.00, 0.00, 0.00, 1.00, 1.00, 0.00, 1.00, 1.00, 0.00, 1.00, 0.00, 0.00, 0.00, 0.00
1736, 0, 65.419, 0.98, 1, 0.51, 0.00, 0.00, 0.24, 0.11, 0.00, 0.00, 1.99, 0.66, 0.77, 0.38, 1.45, 0.44, 0.00, 0.15, 0.00, 0.00, 1.00, 0.00, 0.00, 1.00, 0.00, 0.00, 0.00, 1.00, 1.00, 0.00, 1.00, 1.00, 0.00, 1.00, 0.00, 0.00, 0.00, 0.00
1737, 0, 65.457, 0.98, 1, 0.80, 0.03, 0.00, 0.00, 0.05, 0.00, 0.00, 2.15, 0.85, 0.82, 0.04, 1.73, 0.05, 0.00, 0.16, 0.16, 0.02, 1.00, 0.00, 0.00, 0.00, 0.00, 0.00, 0.00, 1.00, 1.00, 0.00, 1.00, 1.00, 0.00, 1.00, 0.00, 0.00, 0.00, 0.00
1738, 0, 65.495, 0.98, 1, 0.95, 0.03, 0.00, 0.00, 0.03, 0.00, 0.00, 2.21, 1.01, 0.76, 0.00, 1.50, 0.00, 0.00, 0.16, 0.15, 0.09, 1.00, 0.00, 0.00, 0.00, 0.00, 0.00, 0.00, 1.00, 1.00, 0.00, 1.00, 1.00, 0.00, 1.00, 0.00, 0.00, 0.00, 0.00
1739, 0, 65.532, 0.98, 1, 1.11, 0.18, 0.00, 0.00, 0.00, 0.00, 0.00, 2.22, 0.93, 0.41, 0.05, 1.52, 0.00, 0.00, 0.17, 0.15, 0.09, 1.00, 0.00, 0.00, 0.00, 0.00, 0.00, 0.00, 1.00, 1.00, 0.00, 1.00, 1.00, 0.00, 1.00, 0.00, 0.00, 0.00, 0.00
1740, 0, 65.570, 0.98, 1, 1.01, 0.19, 0.00, 0.00, 0.08, 0.00, 0.00, 2.09, 0.73, 0.23, 0.05, 1.47, 0.00, 0.00, 0.10, 0.02, 0.06, 1.00, 0.00, 0.00, 1.00, 0.00, 0.00, 0.00, 1.00, 1.00, 0.00, 1.00, 1.00, 0.00, 1.00, 0.00, 0.00, 0.00, 0.00
1741, 0, 65.608, 0.98, 1, 0.75, 0.19, 0.00, 0.00, 0.09, 0.00, 0.00, 2.14, 0.63, 0.12, 0.05, 1.40, 0.00, 0.00, 0.12, 0.02, 0.00, 1.00, 0.00, 0.00, 1.00, 0.00, 0.00, 0.00, 1.00, 1.00, 0.00, 1.00, 1.00, 0.00, 1.00, 0.00, 0.00, 0.00, 0.00
1742, 0, 65.646, 0.98, 1, 0.55, 0.05, 0.00, 0.00, 0.09, 0.00, 0.00, 2.43, 0.66, 0.38, 0.45, 1.21, 0.00, 0.00, 0.27, 0.20, 0.00, 1.00, 1.00, 0.00, 1.00, 0.00, 0.00, 0.00, 1.00, 1.00, 0.00, 1.00, 1.00, 0.00, 1.00, 0.00, 0.00, 0.00, 0.00
1743, 0, 65.683, 0.98, 1, 0.34, 0.00, 0.00, 0.00, 0.06, 0.00, 0.00, 2.61, 0.78, 0.63, 0.65, 1.03, 0.02, 0.00, 0.29, 0.23, 0.06, 1.00, 1.00, 0.00, 1.00, 0.00, 0.00, 0.00, 1.00, 1.00, 0.00, 1.00, 1.00, 0.00, 1.00, 0.00, 0.00, 0.00, 0.00
1744, 0, 65.721, 0.98, 1, 0.34, 0.05, 0.00, 0.02, 0.08, 0.00, 0.00, 2.59, 0.77, 0.84, 0.93, 1.20, 0.14, 0.00, 0.47, 0.29, 0.13, 1.00, 1.00, 0.00, 1.00, 0.00, 0.00, 0.00, 1.00, 1.00, 0.00, 1.00, 1.00, 0.00, 1.00, 0.00, 0.00, 0.00, 0.00
1745, 0, 65.759, 0.98, 1, 0.25, 0.12, 0.00, 0.02, 0.12, 0.00, 0.00, 2.04, 0.85, 0.72, 0.52, 0.96, 0.16, 0.00, 0.70, 0.16, 0.25, 1.00, 0.00, 0.00, 1.00, 0.00, 0.00, 0.00, 1.00, 1.00, 0.00, 1.00, 1.00, 0.00, 1.00, 0.00, 0.00, 0.00, 0.00
1746, 0, 65.796, 0.98, 1, 0.29, 0.21, 0.00, 0.02, 0.13, 0.00, 0.00, 1.76, 0.88, 0.62, 0.32, 0.84, 0.20, 0.00, 0.93, 0.14, 0.34, 1.00, 0.00, 0.00, 1.00, 0.00, 0.00, 0.00, 1.00, 1.00, 0.00, 1.00, 1.00, 0.00, 1.00, 1.00, 0.00, 0.00, 0.00
1747, 0, 65.834, 0.98, 1, 0.28, 0.18, 0.00, 0.00, 0.12, 0.00, 0.00, 1.51, 0.94, 0.57, 0.49, 0.64, 0.09, 0.00, 1.24, 0.08, 0.44, 1.00, 0.00, 0.00, 1.00, 0.00, 0.00, 0.00, 1.00, 1.00, 0.00, 1.00, 1.00, 0.00, 1.00, 1.00, 0.00, 0.00, 0.00
1748, 0, 65.872, 0.98, 1, 0.24, 0.12, 0.00, 0.00, 0.08, 0.00, 0.00, 1.56, 0.82, 0.59, 1.05, 0.81, 0.07, 0.00, 1.43, 0.13, 0.54, 0.00, 0.00, 0.00, 1.00, 0.00, 0.00, 0.00, 1.00, 1.00, 0.00, 1.00, 1.00, 0.00, 1.00, 1.00, 0.00, 0.00, 0.00
1749, 0, 65.909, 0.98, 1, 0.21, 0.11, 0.00, 0.00, 0.10, 0.00, 0.05, 1.40, 0.70, 0.45, 1.20, 1.00, 0.00, 0.00, 1.35, 0.16, 0.39, 0.00, 0.00, 0.00, 1.00, 0.00, 0.00, 0.00, 1.00, 1.00, 0.00, 1.00, 0.00, 0.00, 1.00, 1.00, 0.00, 0.00, 0.00
1750, 0, 65.947, 0.98, 1, 0.20, 0.10, 0.00, 0.00, 0.08, 0.00, 0.05, 1.26, 0.64, 0.32, 0.75, 0.72, 0.00, 0.00, 1.18, 0.16, 0.22, 0.00, 1.00, 0.00, 1.00, 0.00, 0.00, 0.00, 1.00, 1.00, 0.00, 0.00, 0.00, 0.00, 1.00, 1.00, 0.00, 0.00, 0.00
1751, 0, 65.985, 0.98, 1, 0.15, 0.09, 0.00, 0.00, 0.08, 0.00, 0.05, 1.21, 0.77, 0.27, 0.15, 0.43, 0.19, 0.00, 1.06, 0.25, 0.16, 0.00, 1.00, 0.00, 1.00, 0.00, 0.00, 0.00, 1.00, 1.00, 0.00, 0.00, 0.00, 0.00, 1.00, 1.00, 0.00, 0.00, 0.00
1752, 0, 66.023, 0.98, 1, 0.14, 0.00, 0.00, 0.00, 0.00, 0.00, 0.00, 1.32, 0.91, 0.51, 0.01, 0.19, 0.33, 0.00, 1.27, 0.36, 0.29, 0.00, 1.00, 0.00, 1.00, 0.00, 0.00, 0.00, 1.00, 1.00, 0.00, 0.00, 0.00, 0.00, 1.00, 1.00, 0.00, 0.00, 0.00
1753, 0, 66.060, 0.98, 1, 0.08, 0.00, 0.00, 0.00, 0.00, 0.00, 0.00, 1.37, 1.03, 0.79, 0.00, 0.19, 0.56, 0.00, 1.54, 0.53, 0.37, 0.00, 1.00, 0.00, 1.00, 0.00, 0.00, 0.00, 1.00, 1.00, 0.00, 0.00, 0.00, 0.00, 1.00, 1.00, 0.00, 0.00, 0.00
1754, 0, 66.098, 0.88, 1, 0.25, 0.00, 0.00, 0.00, 0.02, 0.00, 0.01, 1.38, 1.12, 1.04, 0.00, 0.27, 0.50, 0.00, 1.68, 0.57, 0.48, 0.00, 1.00, 0.00, 1.00, 0.00, 0.00, 0.00, 1.00, 1.00, 0.00, 0.00, 0.00, 0.00, 1.00, 1.00, 0.00, 0.00, 0.00
1755, 0, 66.136, 0.98, 1, 0.42, 0.04, 0.00, 0.00, 0.02, 0.00, 0.01, 1.35, 1.09, 1.00, 0.00, 0.19, 0.43, 0.00, 1.32, 0.41, 0.57, 0.00, 1.00, 0.00, 1.00, 0.00, 0.00, 0.00, 1.00, 1.00, 0.00, 0.00, 0.00, 0.00, 1.00, 1.00, 0.00, 0.00, 0.00
1756, 0, 66.173, 0.93, 1, 0.66, 0.04, 0.00, 0.00, 0.02, 0.00, 0.04, 1.30, 1.04, 0.75, 0.00, 0.22, 0.36, 0.00, 0.94, 0.23, 0.62, 0.00, 1.00, 0.00, 1.00, 0.00, 0.00, 0.00, 1.00, 1.00, 0.00, 0.00, 0.00, 0.00, 1.00, 0.00, 0.00, 0.00, 0.00
1757, 0, 66.211, 0.93, 1, 0.56, 0.04, 0.00, 0.00, 0.04, 0.00, 0.14, 1.15, 0.89, 0.36, 0.00, 0.08, 0.24, 0.00, 0.49, 0.00, 0.36, 0.00, 1.00, 0.00, 1.00, 0.00, 0.00, 0.00, 1.00, 1.00, 0.00, 0.00, 0.00, 0.00, 1.00, 0.00, 0.00, 0.00, 0.00
1758, 0, 66.249, 0.98, 1, 0.44, 0.00, 0.00, 0.00, 0.04, 0.00, 0.23, 1.12, 0.87, 0.45, 0.00, 0.03, 0.32, 0.00, 0.58, 0.00, 0.14, 0.00, 1.00, 0.00, 1.00, 0.00, 0.00, 0.00, 1.00, 1.00, 0.00, 0.00, 0.00, 0.00, 1.00, 0.00, 0.00, 0.00, 0.00
1759, 0, 66.287, 0.98, 1, 0.19, 0.04, 0.00, 0.00, 0.04, 0.00, 0.25, 1.11, 0.88, 0.67, 0.00, 0.00, 0.23, 0.00, 0.64, 0.00, 0.00, 0.00, 1.00, 0.00, 1.00, 0.00, 0.00, 0.00, 1.00, 1.00, 0.00, 0.00, 0.00, 0.00, 1.00, 0.00, 0.00, 0.00, 0.00
1760, 0, 66.324, 0.98, 1, 0.13, 0.10, 0.00, 0.00, 0.01, 0.00, 0.18, 1.23, 0.89, 0.88, 0.00, 0.22, 0.28, 0.00, 0.77, 0.06, 0.00, 0.00, 1.00, 0.00, 1.00, 0.00, 0.00, 0.00, 1.00, 1.00, 0.00, 0.00, 0.00, 0.00, 1.00, 0.00, 0.00, 0.00, 0.00
1761, 0, 66.362, 0.98, 1, 0.09, 0.11, 0.00, 0.00, 0.04, 0.00, 0.20, 1.22, 0.86, 0.76, 0.00, 0.32, 0.20, 0.00, 1.01, 0.06, 0.02, 0.00, 1.00, 0.00, 1.00, 0.00, 0.00, 0.00, 1.00, 1.00, 0.00, 0.00, 0.00, 0.00, 1.00, 1.00, 0.00, 0.00, 0.00
1762, 0, 66.400, 0.98, 1, 0.21, 0.14, 0.00, 0.00, 0.10, 0.00, 0.21, 1.38, 0.87, 0.62, 0.00, 0.53, 0.27, 0.00, 1.16, 0.06, 0.16, 0.00, 1.00, 0.00, 1.00, 0.00, 0.00, 0.00, 1.00, 1.00, 0.00, 0.00, 0.00, 0.00, 1.00, 1.00, 0.00, 0.00, 0.00
1763, 0, 66.437, 0.98, 1, 0.34, 0.08, 0.00, 0.00, 0.09, 0.00, 0.25, 1.30, 0.78, 0.46, 0.00, 0.40, 0.22, 0.00, 0.90, 0.00, 0.37, 0.00, 1.00, 0.00, 1.00, 0.00, 0.00, 0.00, 1.00, 1.00, 0.00, 0.00, 0.00, 0.00, 1.00, 1.00, 0.00, 0.00, 0.00
1764, 0, 66.475, 0.98, 1, 0.57, 0.09, 0.00, 0.00, 0.05, 0.00, 0.26, 1.28, 0.58, 0.31, 0.00, 0.30, 0.18, 0.00, 0.45, 0.00, 0.58, 0.00, 1.00, 0.00, 1.00, 0.00, 0.00, 0.00, 1.00, 1.00, 0.00, 0.00, 0.00, 0.00, 1.00, 1.00, 0.00, 0.00, 0.00
1765, 0, 66.513, 0.98, 1, 0.46, 0.02, 0.00, 0.00, 0.00, 0.00, 0.20, 0.99, 0.35, 0.10, 0.06, 0.08, 0.10, 0.00, 0.02, 0.00, 0.43, 1.00, 1.00, 0.00, 1.00, 0.00, 0.00, 0.00, 0.00, 1.00, 0.00, 0.00, 0.00, 1.00, 1.00, 0.00, 0.00, 0.00, 0.00
1766, 0, 66.550, 0.93, 1, 0.29, 0.06, 0.00, 0.00, 0.00, 0.00, 0.13, 0.84, 0.27, 0.29, 0.06, 0.00, 0.19, 0.00, 0.00, 0.00, 0.22, 1.00, 1.00, 0.00, 1.00, 0.00, 0.00, 0.00, 0.00, 1.00, 0.00, 0.00, 0.00, 1.00, 0.00, 0.00, 0.00, 0.00, 0.00
1767, 0, 66.588, 0.98, 1, 0.13, 0.29, 0.00, 0.18, 0.00, 0.00, 0.02, 0.67, 0.39, 0.66, 0.09, 0.15, 0.31, 0.00, 0.11, 0.00, 0.00, 1.00, 1.00, 0.00, 1.00, 0.00, 0.00, 0.00, 0.00, 1.00, 1.00, 0.00, 0.00, 1.00, 0.00, 0.00, 0.00, 0.00, 0.00
1768, 0, 66.626, 0.98, 1, 0.18, 0.53, 0.00, 0.21, 0.00, 0.00, 0.02, 0.78, 0.50, 1.08, 0.04, 0.15, 0.56, 0.00, 0.52, 0.00, 0.17, 1.00, 1.00, 0.00, 1.00, 0.00, 0.00, 0.00, 0.00, 1.00, 1.00, 0.00, 0.00, 1.00, 0.00, 0.00, 0.00, 0.00, 0.00
1769, 0, 66.664, 0.98, 1, 0.24, 0.74, 0.00, 0.24, 0.00, 0.00, 0.00, 0.88, 0.57, 1.27, 0.04, 0.15, 0.77, 0.00, 0.93, 0.00, 0.31, 1.00, 1.00, 0.00, 1.00, 0.00, 0.00, 0.00, 0.00, 0.00, 1.00, 0.00, 0.00, 1.00, 0.00, 0.00, 0.00, 0.00, 0.00
1770, 0, 66.701, 0.98, 1, 0.34, 0.77, 0.00, 0.06, 0.00, 0.00, 0.00, 0.96, 0.53, 0.92, 0.00, 0.15, 0.63, 0.00, 1.28, 0.00, 0.31, 1.00, 1.00, 0.00, 1.00, 0.00, 0.00, 0.00, 0.00, 0.00, 1.00, 0.00, 0.00, 1.00, 0.00, 0.00, 0.00, 0.00, 0.00
1771, 0, 66.739, 0.98, 1, 0.54, 0.85, 0.00, 0.20, 0.00, 0.00, 0.00, 0.80, 0.40, 0.52, 0.00, 0.30, 0.31, 0.00, 1.19, 0.04, 0.17, 1.00, 1.00, 0.00, 1.00, 0.00, 0.00, 0.00, 0.00, 1.00, 0.00, 0.00, 0.00, 0.00, 0.00, 0.00, 0.00, 0.00, 0.00
1772, 0, 66.777, 0.98, 1, 0.81, 1.01, 0.00, 0.27, 0.00, 0.00, 0.02, 0.75, 0.29, 0.20, 0.00, 0.70, 0.00, 0.00, 1.20, 0.08, 0.02, 1.00, 1.00, 0.00, 1.00, 0.00, 0.00, 0.00, 0.00, 0.00, 0.00, 0.00, 0.00, 0.00, 0.00, 0.00, 0.00, 0.00, 0.00
1773, 0, 66.814, 0.98, 1, 0.81, 1.11, 0.00, 0.33, 0.00, 0.00, 0.03, 0.59, 0.20, 0.28, 0.00, 0.81, 0.00, 0.00, 1.03, 0.15, 0.02, 1.00, 1.00, 0.00, 1.00, 0.00, 0.00, 0.00, 0.00, 0.00, 0.00, 0.00, 0.00, 0.00, 1.00, 0.00, 0.00, 0.00, 0.00
1774, 0, 66.852, 0.98, 1, 0.70, 1.10, 0.00, 0.16, 0.00, 0.00, 0.03, 0.60, 0.25, 0.37, 0.00, 0.78, 0.00, 0.00, 0.89, 0.16, 0.00, 0.00, 1.00, 0.00, 1.00, 0.00, 0.00, 0.00, 0.00, 0.00, 0.00, 0.00, 0.00, 0.00, 1.00, 0.00, 0.00, 0.00, 0.00
1775, 0, 66.890, 0.88, 1, 0.40, 1.01, 0.00, 0.06, 0.00, 0.00, 0.01, 0.78, 0.41, 0.43, 0.00, 0.50, 0.00, 0.00, 0.88, 0.11, 0.00, 0.00, 1.00, 0.00, 1.00, 0.00, 0.00, 0.00, 0.00, 1.00, 0.00, 0.00, 0.00, 0.00, 1.00, 0.00, 0.00, 0.00, 0.00
1776, 0, 66.927, 0.88, 1, 0.20, 0.68, 0.00, 0.00, 0.00, 0.00, 0.00, 0.94, 0.61, 0.36, 0.00, 0.25, 0.00, 0.00, 0.82, 0.05, 0.00, 0.00, 1.00, 0.00, 1.00, 0.00, 0.00, 0.00, 0.00, 1.00, 0.00, 0.00, 0.00, 0.00, 1.00, 0.00, 0.00, 0.00, 0.00
1777, 0, 66.965, 0.88, 1, 0.15, 0.45, 0.00, 0.00, 0.00, 0.00, 0.03, 0.86, 0.68, 0.23, 0.00, 0.12, 0.00, 0.00, 0.75, 0.00, 0.00, 0.00, 1.00, 0.00, 1.00, 0.00, 0.00, 0.00, 0.00, 1.00, 0.00, 0.00, 0.00, 0.00, 1.00, 0.00, 0.00, 0.00, 0.00
1778, 0, 67.003, 0.88, 1, 0.11, 0.25, 0.00, 0.00, 0.00, 0.00, 0.03, 0.49, 0.69, 0.06, 0.04, 0.00, 0.00, 0.00, 0.68, 0.00, 0.00, 0.00, 1.00, 0.00, 1.00, 0.00, 0.00, 0.00, 0.00, 1.00, 0.00, 0.00, 0.00, 0.00, 1.00, 0.00, 0.00, 0.00, 0.00
1779, 0, 67.041, 0.88, 1, 0.08, 0.39, 0.00, 0.00, 0.01, 0.00, 0.03, 0.26, 0.68, 0.15, 0.04, 0.00, 0.11, 0.00, 0.69, 0.00, 0.00, 0.00, 1.00, 0.00, 1.00, 0.00, 1.00, 0.00, 0.00, 1.00, 0.00, 0.00, 0.00, 0.00, 1.00, 0.00, 0.00, 0.00, 0.00
1780, 0, 67.078, 0.88, 1, 0.05, 0.46, 0.00, 0.00, 0.09, 0.00, 0.00, 0.23, 0.76, 0.19, 0.04, 0.11, 0.44, 0.00, 0.63, 0.00, 0.00, 0.00, 1.00, 0.00, 1.00, 0.00, 1.00, 0.00, 0.00, 1.00, 0.00, 0.00, 0.00, 0.00, 1.00, 0.00, 0.00, 0.00, 0.00
1781, 0, 67.116, 0.98, 1, 0.12, 0.50, 0.00, 0.00, 0.15, 0.00, 0.00, 0.18, 0.75, 0.28, 0.00, 0.20, 0.74, 0.00, 0.29, 0.00, 0.00, 0.00, 1.00, 0.00, 1.00, 0.00, 0.00, 0.00, 0.00, 1.00, 0.00, 0.00, 0.00, 0.00, 1.00, 0.00, 0.00, 0.00, 0.00
1782, 0, 67.154, 0.98, 1, 0.29, 0.52, 0.00, 0.00, 0.17, 0.00, 0.08, 0.35, 0.75, 0.18, 0.00, 0.46, 0.82, 0.00, 0.18, 0.00, 0.00, 0.00, 1.00, 0.00, 1.00, 0.00, 0.00, 0.00, 0.00, 1.00, 0.00, 0.00, 0.00, 0.00, 1.00, 0.00, 0.00, 0.00, 0.00
1783, 0, 67.191, 0.98, 1, 0.32, 0.37, 0.00, 0.00, 0.11, 0.00, 0.28, 0.50, 0.66, 0.29, 0.00, 0.45, 0.61, 0.00, 0.13, 0.00, 0.00, 0.00, 1.00, 0.00, 1.00, 0.00, 1.00, 0.00, 0.00, 1.00, 0.00, 1.00, 0.00, 0.00, 1.00, 0.00, 0.00, 0.00, 0.00
1784, 0, 67.229, 0.98, 1, 0.30, 0.22, 0.00, 0.00, 0.06, 0.00, 0.42, 0.76, 0.66, 0.49, 0.00, 0.44, 0.32, 0.00, 0.13, 0.00, 0.01, 0.00, 1.00, 0.00, 1.00, 0.00, 1.00, 0.00, 0.00, 1.00, 0.00, 1.00, 0.00, 0.00, 1.00, 0.00, 0.00, 0.00, 0.00
1785, 0, 67.267, 0.98, 1, 0.33, 0.00, 0.00, 0.00, 0.02, 0.05, 0.33, 1.00, 0.77, 0.44, 0.19, 0.39, 0.14, 0.00, 0.07, 0.05, 0.09, 0.00, 1.00, 0.00, 1.00, 0.00, 1.00, 0.00, 0.00, 1.00, 0.00, 1.00, 0.00, 0.00, 1.00, 0.00, 0.00, 0.00, 0.00
1786, 0, 67.305, 0.98, 1, 0.41, 0.00, 0.00, 0.00, 0.01, 0.13, 0.13, 1.26, 0.94, 0.29, 0.21, 0.48, 0.01, 0.00, 0.07, 0.11, 0.09, 0.00, 0.00, 0.00, 1.00, 0.00, 0.00, 0.00, 0.00, 1.00, 0.00, 1.00, 0.00, 0.00, 1.00, 0.00, 0.00, 0.00, 0.00
1787, 0, 67.342, 0.88, 1, 0.47, 0.00, 0.00, 0.00, 0.00, 0.20, 0.00, 1.49, 1.06, 0.09, 0.24, 0.69, 0.00, 0.00, 0.07, 0.22, 0.08, 0.00, 0.00, 0.00, 1.00, 0.00, 0.00, 0.00, 0.00, 1.00, 0.00, 1.00, 0.00, 0.00, 1.00, 0.00, 0.00, 0.00, 0.00
1788, 0, 67.380, 0.88, 1, 0.30, 0.00, 0.00, 0.00, 0.00, 0.15, 0.03, 1.28, 1.02, 0.23, 0.05, 0.70, 0.00, 0.00, 0.00, 0.18, 0.00, 0.00, 0.00, 0.00, 1.00, 0.00, 0.00, 0.00, 0.00, 1.00, 0.00, 1.00, 0.00, 0.00, 1.00, 0.00, 0.00, 0.00, 0.00
1789, 0, 67.418, 0.93, 1, 0.19, 0.00, 0.00, 0.00, 0.00, 0.08, 0.03, 1.11, 1.02, 0.22, 0.02, 0.76, 0.00, 0.04, 0.18, 0.12, 0.08, 0.00, 1.00, 0.00, 1.00, 0.00, 1.00, 0.00, 0.00, 1.00, 0.00, 1.00, 0.00, 0.00, 1.00, 0.00, 0.00, 0.00, 0.00
1790, 0, 67.455, 0.98, 1, 0.08, 0.16, 0.00, 0.18, 0.04, 0.40, 0.03, 0.72, 0.93, 0.14, 0.36, 0.48, 0.00, 0.04, 0.44, 0.00, 0.33, 0.00, 1.00, 0.00, 1.00, 0.00, 1.00, 0.00, 1.00, 1.00, 0.00, 1.00, 0.00, 0.00, 1.00, 0.00, 0.00, 0.00, 0.00
1791, 0, 67.493, 0.98, 1, 0.07, 0.19, 0.00, 0.22, 0.04, 0.67, 0.00, 0.55, 0.88, 0.13, 0.44, 0.26, 0.00, 0.04, 0.67, 0.00, 0.36, 0.00, 1.00, 0.00, 1.00, 0.00, 0.00, 0.00, 1.00, 1.00, 0.00, 1.00, 0.00, 0.00, 1.00, 1.00, 0.00, 0.00, 0.00
1792, 0, 67.531, 0.98, 1, 0.11, 0.30, 0.00, 0.22, 0.06, 0.67, 0.00, 0.43, 0.88, 0.30, 0.52, 0.11, 0.02, 0.00, 0.86, 0.00, 0.38, 0.00, 1.00, 0.00, 1.00, 0.00, 0.00, 0.00, 1.00, 1.00, 0.00, 1.00, 0.00, 0.00, 1.00, 1.00, 0.00, 0.00, 0.00
1793, 0, 67.568, 0.98, 1, 0.14, 0.40, 0.00, 0.04, 0.04, 0.27, 0.00, 0.53, 0.92, 0.53, 0.39, 0.18, 0.02, 0.00, 0.97, 0.00, 0.13, 0.00, 1.00, 0.00, 1.00, 0.00, 0.00, 0.00, 1.00, 1.00, 0.00, 1.00, 0.00, 0.00, 1.00, 1.00, 0.00, 0.00, 0.00
1794, 0, 67.606, 0.98, 1, 0.24, 0.74, 0.00, 0.00, 0.04, 0.00, 0.00, 0.52, 0.85, 0.45, 0.31, 0.35, 0.02, 0.00, 0.97, 0.00, 0.10, 0.00, 1.00, 0.00, 1.00, 0.00, 0.00, 0.00, 1.00, 1.00, 0.00, 0.00, 0.00, 0.00, 1.00, 1.00, 0.00, 0.00, 0.00
1795, 0, 67.644, 0.93, 1, 0.29, 0.91, 0.00, 0.00, 0.03, 0.00, 0.03, 0.42, 0.83, 0.75, 0.62, 0.72, 0.09, 0.00, 0.85, 0.09, 0.11, 0.00, 1.00, 0.00, 1.00, 0.00, 0.00, 0.00, 1.00, 1.00, 0.00, 0.00, 0.00, 0.00, 1.00, 1.00, 0.00, 0.00, 0.00
1796, 0, 67.682, 0.98, 1, 0.35, 0.88, 0.00, 0.00, 0.00, 0.00, 0.05, 0.35, 0.78, 1.02, 0.59, 1.02, 0.27, 0.00, 0.55, 0.09, 0.21, 0.00, 1.00, 0.00, 1.00, 0.00, 0.00, 0.00, 1.00, 1.00, 0.00, 1.00, 1.00, 0.00, 1.00, 1.00, 0.00, 0.00, 0.00
1797, 0, 67.719, 0.88, 1, 0.25, 0.72, 0.00, 0.00, 0.00, 0.00, 0.08, 0.51, 0.81, 1.59, 0.59, 1.49, 0.50, 0.00, 0.49, 0.14, 0.30, 0.00, 1.00, 0.00, 1.00, 0.00, 0.00, 0.00, 1.00, 1.00, 0.00, 1.00, 1.00, 0.00, 1.00, 1.00, 0.00, 0.00, 0.00
1798, 0, 67.757, 0.88, 1, 0.19, 0.64, 0.00, 0.00, 0.00, 0.00, 0.05, 0.60, 0.64, 1.19, 0.66, 1.32, 0.41, 0.00, 0.40, 0.05, 0.22, 0.00, 1.00, 0.00, 1.00, 0.00, 0.00, 0.00, 1.00, 1.00, 0.00, 1.00, 1.00, 0.00, 1.00, 0.00, 0.00, 0.00, 0.00
1799, 0, 67.795, 0.88, 1, 0.18, 0.64, 0.00, 0.00, 0.00, 0.00, 0.04, 0.64, 0.51, 0.80, 1.01, 1.19, 0.23, 0.00, 0.51, 0.05, 0.12, 0.00, 0.00, 0.00, 1.00, 0.00, 0.00, 0.00, 0.00, 0.00, 0.00, 1.00, 1.00, 0.00, 1.00, 0.00, 0.00, 0.00, 0.00
1800, 0, 67.832, 0.88, 1, 0.19, 0.43, 0.00, 0.00, 0.00, 0.00, 0.01, 0.49, 0.38, 0.18, 1.53, 0.90, 0.22, 0.00, 0.51, 0.03, 0.04, 0.00, 0.00, 0.00, 1.00, 0.00, 0.00, 0.00, 0.00, 0.00, 0.00, 1.00, 1.00, 0.00, 1.00, 0.00, 0.00, 0.00, 0.00
1801, 0, 67.870, 0.88, 1, 0.13, 0.22, 0.00, 0.00, 0.00, 0.00, 0.00, 0.38, 0.38, 0.11, 1.31, 0.94, 0.32, 0.00, 0.53, 0.03, 0.00, 0.00, 0.00, 0.00, 1.00, 0.00, 0.00, 0.00, 0.00, 0.00, 0.00, 1.00, 1.00, 0.00, 1.00, 0.00, 0.00, 0.00, 0.00
1802, 0, 67.908, 0.88, 1, 0.03, 0.00, 0.00, 0.00, 0.00, 0.00, 0.00, 0.17, 0.38, 0.00, 0.77, 0.97, 0.32, 0.00, 0.39, 0.03, 0.11, 0.00, 0.00, 0.00, 1.00, 0.00, 0.00, 0.00, 0.00, 0.00, 0.00, 1.00, 1.00, 0.00, 1.00, 0.00, 0.00, 0.00, 0.00
1803, 0, 67.946, 0.88, 1, 0.00, 0.00, 0.00, 0.00, 0.00, 0.00, 0.00, 0.08, 0.39, 0.00, 0.26, 0.85, 0.11, 0.02, 0.22, 0.00, 0.14, 0.00, 0.00, 0.00, 1.00, 0.00, 0.00, 0.00, 0.00, 0.00, 0.00, 1.00, 1.00, 0.00, 1.00, 0.00, 0.00, 0.00, 0.00
1804, 0, 67.983, 0.93, 1, 0.15, 0.00, 0.00, 0.00, 0.00, 0.00, 0.00, 0.00, 0.30, 0.00, 0.01, 0.62, 0.00, 0.02, 0.04, 0.00, 0.18, 0.00, 0.00, 0.00, 1.00, 0.00, 0.00, 0.00, 0.00, 0.00, 0.00, 1.00, 1.00, 0.00, 1.00, 0.00, 0.00, 0.00, 0.00
1805, 0, 68.021, 0.98, 1, 0.26, 0.01, 0.00, 0.00, 0.00, 0.00, 0.00, 0.01, 0.15, 0.00, 0.39, 0.62, 0.00, 0.05, 0.13, 0.00, 0.07, 0.00, 0.00, 0.00, 1.00, 0.00, 0.00, 0.00, 0.00, 0.00, 0.00, 1.00, 1.00, 0.00, 1.00, 0.00, 0.00, 0.00, 0.00
1806, 0, 68.059, 0.88, 1, 0.42, 0.14, 0.00, 0.00, 0.00, 0.00, 0.00, 0.01, 0.05, 0.00, 0.74, 0.64, 0.01, 0.04, 0.29, 0.00, 0.28, 0.00, 0.00, 0.00, 1.00, 0.00, 0.00, 0.00, 0.00, 0.00, 0.00, 1.00, 1.00, 0.00, 1.00, 0.00, 0.00, 0.00, 0.00
1807, 0, 68.096, 0.88, 1, 0.41, 0.36, 0.00, 0.00, 0.00, 0.00, 0.00, 0.07, 0.00, 0.00, 0.93, 0.79, 0.01, 0.04, 0.46, 0.00, 0.37, 0.00, 0.00, 0.00, 1.00, 0.00, 0.00, 0.00, 0.00, 0.00, 0.00, 1.00, 1.00, 0.00, 0.00, 0.00, 0.00, 0.00, 0.00
1808, 0, 68.134, 0.88, 1, 0.46, 0.34, 0.00, 0.00, 0.00, 0.00, 0.00, 0.06, 0.00, 0.00, 0.71, 0.66, 0.01, 0.01, 0.48, 0.00, 0.37, 0.00, 0.00, 0.00, 1.00, 0.00, 0.00, 0.00, 0.00, 0.00, 0.00, 1.00, 1.00, 0.00, 0.00, 0.00, 0.00, 0.00, 0.00
1809, 0, 68.172, 0.88, 1, 0.48, 0.28, 0.00, 0.00, 0.00, 0.00, 0.00, 0.08, 0.00, 0.00, 0.49, 0.45, 0.00, 0.00, 0.36, 0.00, 0.14, 0.00, 0.00, 0.00, 1.00, 0.00, 0.00, 0.00, 0.00, 0.00, 0.00, 1.00, 1.00, 0.00, 0.00, 0.00, 0.00, 0.00, 0.00
1810, 0, 68.209, 0.88, 1, 0.44, 0.21, 0.00, 0.00, 0.00, 0.00, 0.00, 0.18, 0.18, 0.13, 0.34, 0.62, 0.00, 0.08, 0.20, 0.08, 0.01, 0.00, 0.00, 0.00, 1.00, 0.00, 0.00, 0.00, 0.00, 0.00, 0.00, 1.00, 1.00, 0.00, 0.00, 0.00, 0.00, 0.00, 0.00
1811, 0, 68.247, 0.93, 1, 0.38, 0.25, 0.00, 0.00, 0.00, 0.00, 0.00, 0.24, 0.32, 0.26, 0.18, 0.77, 0.00, 0.15, 0.05, 0.16, 0.01, 0.00, 0.00, 0.00, 1.00, 0.00, 0.00, 0.00, 0.00, 0.00, 0.00, 1.00, 1.00, 0.00, 1.00, 0.00, 0.00, 0.00, 0.00
1812, 0, 68.285, 0.88, 1, 0.35, 0.19, 0.00, 0.00, 0.00, 0.00, 0.07, 0.34, 0.47, 0.42, 0.16, 1.05, 0.00, 0.17, 0.00, 0.20, 0.00, 0.00, 0.00, 0.00, 1.00, 0.00, 0.00, 0.00, 0.00, 0.00, 0.00, 1.00, 1.00, 0.00, 1.00, 0.00, 0.00, 0.00, 0.00
1813, 0, 68.323, 0.88, 1, 0.31, 0.04, 0.00, 0.00, 0.00, 0.00, 0.14, 0.18, 0.41, 0.72, 0.13, 0.84, 0.00, 0.17, 0.02, 0.34, 0.08, 0.00, 0.00, 0.00, 1.00, 0.00, 0.00, 0.00, 0.00, 0.00, 0.00, 1.00, 1.00, 0.00, 1.00, 0.00, 0.00, 0.00, 0.00
1814, 0, 68.360, 0.88, 1, 0.28, 0.00, 0.00, 0.00, 0.00, 0.00, 0.18, 0.12, 0.40, 1.04, 0.13, 0.74, 0.00, 0.18, 0.06, 0.55, 0.21, 0.00, 0.00, 0.00, 1.00, 0.00, 0.00, 0.00, 0.00, 0.00, 0.00, 0.00, 1.00, 0.00, 1.00, 0.00, 0.00, 0.00, 0.00
1815, 0, 68.398, 0.93, 1, 0.16, 0.00, 0.00, 0.00, 0.00, 0.00, 0.11, 0.15, 0.38, 1.05, 0.00, 0.68, 0.00, 0.17, 0.13, 0.77, 0.21, 0.00, 0.00, 0.00, 1.00, 0.00, 0.00, 0.00, 0.00, 0.00, 0.00, 1.00, 1.00, 0.00, 1.00, 0.00, 0.00, 0.00, 0.00
1816, 0, 68.436, 0.98, 1, 0.15, 0.00, 0.00, 0.00, 0.00, 0.00, 0.04, 0.30, 0.43, 0.78, 0.00, 0.67, 0.00, 0.09, 0.12, 0.70, 0.13, 0.00, 0.00, 0.00, 1.00, 0.00, 0.00, 0.00, 0.00, 0.00, 0.00, 1.00, 1.00, 0.00, 1.00, 0.00, 0.00, 0.00, 0.00
1817, 0, 68.473, 0.98, 1, 0.14, 0.00, 0.00, 0.00, 0.00, 0.00, 0.00, 0.41, 0.42, 0.43, 0.00, 0.58, 0.00, 0.00, 0.08, 0.41, 0.00, 0.00, 0.00, 0.00, 1.00, 0.00, 0.00, 0.00, 0.00, 0.00, 0.00, 1.00, 1.00, 0.00, 1.00, 0.00, 0.00, 0.00, 0.00
1818, 0, 68.511, 0.98, 1, 0.12, 0.00, 0.00, 0.02, 0.00, 0.00, 0.00, 0.45, 0.31, 0.51, 0.27, 0.57, 0.00, 0.00, 0.01, 0.15, 0.00, 0.00, 0.00, 0.00, 1.00, 0.00, 0.00, 0.00, 0.00, 1.00, 0.00, 1.00, 0.00, 0.00, 1.00, 0.00, 0.00, 0.00, 0.00
1819, 0, 68.549, 0.98, 1, 0.10, 0.00, 0.00, 0.02, 0.00, 0.00, 0.00, 0.56, 0.24, 0.72, 0.57, 0.76, 0.00, 0.00, 0.00, 0.06, 0.00, 0.00, 0.00, 0.00, 1.00, 0.00, 0.00, 0.00, 0.00, 1.00, 0.00, 1.00, 0.00, 0.00, 1.00, 0.00, 0.00, 0.00, 0.00
1820, 0, 68.587, 0.98, 1, 0.11, 0.00, 0.00, 0.02, 0.00, 0.00, 0.00, 0.45, 0.24, 0.62, 0.57, 0.71, 0.00, 0.00, 0.20, 0.22, 0.12, 0.00, 0.00, 0.00, 1.00, 0.00, 0.00, 0.00, 0.00, 1.00, 0.00, 1.00, 0.00, 0.00, 1.00, 0.00, 0.00, 0.00, 0.00
1821, 0, 68.624, 0.98, 1, 0.10, 0.00, 0.00, 0.00, 0.00, 0.00, 0.00, 0.26, 0.28, 0.36, 0.52, 0.60, 0.00, 0.00, 0.64, 0.51, 0.12, 0.00, 0.00, 0.00, 1.00, 0.00, 0.00, 0.00, 0.00, 1.00, 0.00, 1.00, 0.00, 0.00, 1.00, 0.00, 0.00, 0.00, 0.00
1822, 0, 68.662, 0.98, 1, 0.06, 0.00, 0.00, 0.00, 0.00, 0.00, 0.00, 0.00, 0.34, 0.00, 0.22, 0.22, 0.00, 0.00, 0.91, 0.72, 0.12, 0.00, 0.00, 0.00, 1.00, 0.00, 0.00, 0.00, 0.00, 0.00, 0.00, 0.00, 0.00, 0.00, 1.00, 0.00, 0.00, 0.00, 0.00
1823, 0, 68.700, 0.98, 1, 0.00, 0.00, 0.00, 0.00, 0.00, 0.00, 0.00, 0.00, 0.33, 0.19, 0.56, 0.27, 0.00, 0.08, 0.70, 0.56, 0.16, 0.00, 0.00, 0.00, 1.00, 0.00, 0.00, 0.00, 0.00, 1.00, 0.00, 0.00, 0.00, 0.00, 1.00, 0.00, 0.00, 0.00, 0.00
1824, 0, 68.737, 0.98, 1, 0.00, 0.00, 0.00, 0.00, 0.00, 0.00, 0.00, 0.00, 0.33, 0.44, 0.34, 0.20, 0.01, 0.15, 0.27, 0.26, 0.29, 0.00, 0.00, 0.00, 1.00, 0.00, 0.00, 0.00, 0.00, 1.00, 0.00, 0.00, 0.00, 0.00, 1.00, 0.00, 0.00, 0.00, 0.00
1825, 0, 68.775, 0.98, 1, 0.00, 0.00, 0.00, 0.00, 0.00, 0.00, 0.00, 0.34, 0.38, 0.77, 0.79, 0.37, 0.29, 0.15, 0.31, 0.00, 0.29, 0.00, 0.00, 0.00, 1.00, 0.00, 0.00, 0.00, 0.00, 1.00, 0.00, 0.00, 0.00, 0.00, 1.00, 0.00, 0.00, 0.00, 0.00
1826, 0, 68.813, 0.98, 1, 0.00, 0.00, 0.00, 0.00, 0.01, 0.00, 0.05, 0.64, 0.40, 1.04, 0.55, 0.39, 0.78, 0.06, 0.66, 0.00, 0.13, 0.00, 0.00, 0.00, 1.00, 0.00, 0.00, 0.00, 0.00, 1.00, 1.00, 0.00, 0.00, 0.00, 1.00, 0.00, 0.00, 0.00, 0.00
1827, 0, 68.850, 0.98, 1, 0.00, 0.00, 0.00, 0.00, 0.02, 0.00, 0.17, 0.99, 0.57, 1.29, 0.55, 0.39, 0.95, 0.00, 0.82, 0.00, 0.00, 0.00, 0.00, 0.00, 1.00, 0.00, 0.00, 0.00, 0.00, 1.00, 1.00, 0.00, 0.00, 0.00, 1.00, 0.00, 0.00, 0.00, 0.00
1828, 0, 68.888, 0.98, 1, 0.00, 0.00, 0.00, 0.00, 0.03, 0.00, 0.33, 0.94, 0.58, 1.55, 0.18, 0.27, 0.88, 0.00, 0.75, 0.00, 0.00, 0.00, 0.00, 0.00, 1.00, 0.00, 0.00, 0.00, 1.00, 1.00, 0.00, 0.00, 0.00, 0.00, 1.00, 0.00, 0.00, 0.00, 0.00
1829, 0, 68.926, 0.98, 1, 0.00, 0.00, 0.00, 0.00, 0.12, 0.00, 0.42, 0.89, 0.65, 1.37, 0.22, 0.17, 0.67, 0.00, 0.68, 0.00, 0.00, 0.00, 0.00, 0.00, 1.00, 0.00, 0.00, 0.00, 1.00, 1.00, 0.00, 0.00, 0.00, 0.00, 1.00, 0.00, 0.00, 0.00, 0.00
1830, 0, 68.964, 0.98, 1, 0.00, 0.00, 0.00, 0.00, 0.20, 0.00, 0.40, 0.98, 0.74, 1.03, 0.22, 0.27, 0.48, 0.00, 0.83, 0.03, 0.00, 0.00, 0.00, 0.00, 1.00, 0.00, 0.00, 0.00, 1.00, 1.00, 1.00, 0.00, 0.00, 0.00, 1.00, 0.00, 0.00, 0.00, 0.00
1831, 0, 69.001, 0.98, 1, 0.00, 0.00, 0.00, 0.00, 0.29, 0.00, 0.30, 1.19, 0.79, 0.66, 0.24, 0.45, 0.28, 0.00, 0.67, 0.03, 0.00, 0.00, 0.00, 0.00, 1.00, 0.00, 0.00, 0.00, 1.00, 1.00, 1.00, 0.00, 0.00, 0.00, 1.00, 0.00, 0.00, 0.00, 0.00
1832, 0, 69.039, 0.98, 1, 0.00, 0.00, 0.00, 0.00, 0.26, 0.00, 0.25, 1.39, 0.84, 0.86, 0.10, 0.63, 0.00, 0.00, 0.50, 0.03, 0.00, 0.00, 0.00, 0.00, 1.00, 0.00, 0.00, 0.00, 1.00, 1.00, 0.00, 0.00, 0.00, 0.00, 1.00, 0.00, 0.00, 0.00, 0.00
1833, 0, 69.077, 0.98, 1, 0.00, 0.00, 0.00, 0.04, 0.23, 0.00, 0.15, 1.39, 0.73, 1.05, 0.10, 0.63, 0.00, 0.00, 0.37, 0.00, 0.00, 0.00, 0.00, 0.00, 1.00, 0.00, 0.00, 0.00, 1.00, 1.00, 0.00, 0.00, 0.00, 0.00, 1.00, 0.00, 0.00, 0.00, 0.00
1834, 0, 69.114, 0.93, 1, 0.08, 0.00, 0.00, 0.17, 0.13, 0.00, 0.09, 1.38, 0.76, 1.14, 0.00, 0.60, 0.00, 0.00, 0.44, 0.00, 0.05, 0.00, 0.00, 0.00, 1.00, 0.00, 0.00, 0.00, 1.00, 1.00, 0.00, 0.00, 0.00, 0.00, 1.00, 0.00, 0.00, 0.00, 0.00
1835, 0, 69.152, 0.88, 1, 0.13, 0.00, 0.00, 0.17, 0.05, 0.00, 0.00, 1.31, 0.65, 0.67, 0.09, 0.46, 0.00, 0.00, 0.35, 0.00, 0.17, 0.00, 0.00, 0.00, 1.00, 0.00, 0.00, 0.00, 1.00, 1.00, 0.00, 0.00, 0.00, 0.00, 1.00, 0.00, 0.00, 0.00, 0.00
1836, 0, 69.190, 0.88, 1, 0.19, 0.00, 0.00, 0.13, 0.00, 0.00, 0.00, 1.21, 0.49, 0.33, 0.10, 0.28, 0.00, 0.00, 0.17, 0.00, 0.17, 0.00, 0.00, 0.00, 1.00, 0.00, 0.00, 0.00, 1.00, 0.00, 0.00, 0.00, 0.00, 0.00, 0.00, 0.00, 0.00, 0.00, 0.00
1837, 0, 69.228, 0.88, 1, 0.17, 0.00, 0.00, 0.00, 0.00, 0.00, 0.00, 1.09, 0.33, 0.11, 0.10, 0.10, 0.00, 0.00, 0.03, 0.00, 0.47, 0.00, 0.00, 0.00, 1.00, 0.00, 0.00, 0.00, 0.00, 0.00, 0.00, 0.00, 0.00, 0.00, 0.00, 0.00, 0.00, 0.00, 0.00
1838, 0, 69.265, 0.88, 1, 0.12, 0.00, 0.00, 0.00, 0.00, 0.00, 0.00, 0.88, 0.24, 0.10, 0.01, 0.16, 0.00, 0.00, 0.02, 0.00, 0.40, 0.00, 0.00, 0.00, 1.00, 0.00, 0.00, 0.00, 0.00, 0.00, 0.00, 0.00, 0.00, 0.00, 0.00, 0.00, 0.00, 0.00, 0.00
1839, 0, 69.303, 0.88, 1, 0.08, 0.00, 0.00, 0.00, 0.00, 0.00, 0.03, 0.76, 0.36, 0.10, 0.00, 0.38, 0.04, 0.00, 0.11, 0.07, 0.46, 0.00, 0.00, 0.00, 1.00, 0.00, 0.00, 0.00, 0.00, 0.00, 0.00, 0.00, 0.00, 0.00, 0.00, 0.00, 0.00, 0.00, 0.00
1840, 0, 69.341, 0.88, 1, 0.03, 0.00, 0.00, 0.09, 0.00, 0.00, 0.03, 0.51, 0.40, 0.00, 0.30, 0.56, 0.04, 0.01, 0.15, 0.07, 0.19, 0.00, 0.00, 0.00, 1.00, 0.00, 0.00, 0.00, 0.00, 0.00, 0.00, 0.00, 0.00, 0.00, 0.00, 0.00, 0.00, 0.00, 0.00
1841, 0, 69.378, 0.88, 1, 0.02, 0.00, 0.00, 0.22, 0.00, 0.00, 0.03, 0.45, 0.51, 0.00, 0.45, 0.62, 0.04, 0.01, 0.13, 0.07, 0.18, 0.00, 0.00, 0.00, 1.00, 0.00, 0.00, 0.00, 0.00, 0.00, 0.00, 0.00, 1.00, 0.00, 0.00, 0.00, 0.00, 0.00, 0.00
1842, 0, 69.416, 0.88, 1, 0.00, 0.00, 0.00, 0.22, 0.00, 0.00, 0.00, 0.22, 0.55, 0.00, 0.61, 0.92, 0.07, 0.12, 0.04, 0.26, 0.12, 0.00, 0.00, 0.00, 1.00, 0.00, 0.00, 0.00, 0.00, 0.00, 0.00, 0.00, 1.00, 0.00, 0.00, 0.00, 0.00, 0.00, 0.00
1843, 0, 69.454, 0.98, 1, 0.00, 0.00, 0.00, 0.13, 0.00, 0.00, 0.00, 0.11, 0.67, 0.00, 0.31, 1.01, 0.07, 0.18, 0.07, 0.74, 0.13, 0.00, 0.00, 0.00, 1.00, 0.00, 0.00, 0.00, 0.00, 1.00, 0.00, 0.00, 1.00, 0.00, 0.00, 0.00, 0.00, 0.00, 0.00
1844, 0, 69.491, 0.98, 1, 0.00, 0.00, 0.00, 0.00, 0.00, 0.03, 0.00, 0.00, 0.79, 0.00, 0.59, 1.11, 0.09, 0.18, 0.18, 0.97, 0.09, 0.00, 0.00, 0.00, 1.00, 0.00, 0.00, 0.00, 0.00, 0.00, 0.00, 0.00, 0.00, 0.00, 0.00, 0.00, 0.00, 0.00, 0.00
1845, 0, 69.529, 0.93, 1, 0.00, 0.00, 0.00, 0.00, 0.00, 0.18, 0.00, 0.00, 0.89, 0.00, 0.43, 0.58, 0.09, 0.11, 0.41, 1.27, 0.22, 0.00, 0.00, 0.00, 1.00, 0.00, 0.00, 0.00, 0.00, 0.00, 0.00, 0.00, 0.00, 0.00, 0.00, 0.00, 0.00, 0.00, 1.00
1846, 0, 69.567, 0.98, 1, 0.00, 0.00, 0.10, 0.00, 0.00, 0.35, 0.00, 0.05, 0.77, 0.15, 0.43, 0.32, 0.18, 0.10, 0.84, 1.65, 0.16, 0.00, 0.00, 0.00, 1.00, 0.00, 0.00, 0.00, 0.00, 1.00, 0.00, 0.00, 0.00, 0.00, 0.00, 0.00, 1.00, 0.00, 1.00
1847, 0, 69.605, 0.93, 1, 0.00, 0.00, 0.21, 0.00, 0.00, 0.50, 0.00, 0.10, 0.68, 0.30, 0.00, 0.00, 0.24, 0.13, 1.22, 2.31, 0.25, 0.00, 0.00, 0.00, 1.00, 0.00, 0.00, 0.00, 0.00, 1.00, 0.00, 0.00, 0.00, 0.00, 0.00, 0.00, 1.00, 0.00, 1.00
1848, 0, 69.642, 0.93, 1, 0.00, 0.00, 0.21, 0.00, 0.00, 0.61, 0.00, 0.10, 0.67, 0.32, 0.00, 0.00, 0.17, 0.09, 1.41, 2.64, 0.19, 0.00, 0.00, 0.00, 1.00, 0.00, 0.00, 0.00, 0.00, 1.00, 0.00, 0.00, 0.00, 0.00, 0.00, 0.00, 1.00, 0.00, 1.00
1849, 0, 69.680, 0.98, 1, 0.00, 0.00, 0.12, 0.00, 0.04, 0.55, 0.00, 0.05, 0.89, 0.19, 0.00, 0.03, 0.08, 0.10, 1.21, 2.61, 0.18, 0.00, 0.00, 0.00, 1.00, 0.00, 0.00, 0.00, 0.00, 1.00, 0.00, 0.00, 0.00, 0.00, 0.00, 0.00, 1.00, 0.00, 1.00
1850, 0, 69.718, 0.93, 1, 0.00, 0.00, 0.00, 0.00, 0.13, 0.37, 0.00, 0.00, 1.20, 0.11, 0.00, 0.57, 0.00, 0.15, 0.79, 2.56, 0.10, 0.00, 0.00, 0.00, 1.00, 0.00, 0.00, 0.00, 0.00, 1.00, 0.00, 0.00, 0.00, 0.00, 0.00, 0.00, 1.00, 0.00, 1.00
1851, 0, 69.755, 0.93, 1, 0.00, 0.00, 0.00, 0.00, 0.17, 0.10, 0.00, 0.00, 1.31, 0.37, 0.00, 1.05, 0.00, 0.15, 0.40, 2.23, 0.03, 0.00, 0.00, 0.00, 1.00, 0.00, 0.00, 0.00, 0.00, 1.00, 0.00, 1.00, 1.00, 0.00, 0.00, 0.00, 1.00, 0.00, 1.00
1852, 0, 69.793, 0.98, 1, 0.00, 0.00, 0.00, 0.00, 0.19, 0.00, 0.00, 0.00, 1.30, 0.61, 0.00, 1.46, 0.00, 0.08, 0.16, 1.97, 0.00, 0.00, 0.00, 0.00, 1.00, 0.00, 0.00, 0.00, 0.00, 1.00, 0.00, 1.00, 1.00, 0.00, 0.00, 0.00, 1.00, 0.00, 0.00
1853, 0, 69.831, 0.98, 1, 0.00, 0.00, 0.00, 0.00, 0.11, 0.00, 0.00, 0.03, 1.21, 0.82, 0.00, 1.39, 0.00, 0.00, 0.27, 1.69, 0.00, 0.00, 0.00, 0.00, 1.00, 0.00, 0.00, 0.00, 0.00, 1.00, 1.00, 1.00, 1.00, 0.00, 0.00, 0.00, 1.00, 0.00, 0.00
1854, 0, 69.869, 0.98, 1, 0.00, 0.00, 0.00, 0.00, 0.14, 0.00, 0.00, 0.03, 1.18, 0.73, 0.00, 1.28, 0.00, 0.00, 0.43, 1.70, 0.00, 0.00, 0.00, 0.00, 1.00, 0.00, 0.00, 0.00, 0.00, 1.00, 1.00, 1.00, 1.00, 0.00, 0.00, 0.00, 1.00, 0.00, 0.00
1855, 0, 69.906, 0.98, 1, 0.00, 0.00, 0.00, 0.00, 0.21, 0.00, 0.00, 0.14, 1.16, 0.70, 0.00, 0.88, 0.00, 0.00, 0.61, 1.50, 0.08, 0.00, 0.00, 0.00, 1.00, 0.00, 0.00, 0.00, 0.00, 1.00, 1.00, 1.00, 1.00, 0.00, 0.00, 0.00, 1.00, 0.00, 0.00
1856, 0, 69.944, 0.98, 1, 0.00, 0.00, 0.00, 0.00, 0.28, 0.00, 0.00, 0.15, 1.15, 0.71, 0.00, 0.46, 0.00, 0.00, 0.65, 1.39, 0.08, 0.00, 0.00, 0.00, 1.00, 0.00, 0.00, 0.00, 0.00, 1.00, 1.00, 0.00, 0.00, 0.00, 0.00, 1.00, 1.00, 0.00, 1.00
1857, 0, 69.982, 0.98, 1, 0.00, 0.00, 0.00, 0.00, 0.28, 0.00, 0.00, 0.22, 1.20, 0.96, 0.00, 0.09, 0.00, 0.00, 0.84, 1.35, 0.08, 0.00, 0.00, 0.00, 1.00, 0.00, 0.00, 0.00, 0.00, 1.00, 1.00, 0.00, 0.00, 0.00, 0.00, 1.00, 1.00, 0.00, 1.00
1858, 0, 70.019, 0.98, 1, 0.00, 0.00, 0.00, 0.00, 0.17, 0.03, 0.00, 0.10, 1.20, 1.17, 0.00, 0.08, 0.00, 0.00, 0.88, 1.44, 0.00, 0.00, 0.00, 0.00, 1.00, 0.00, 0.00, 0.00, 0.00, 1.00, 1.00, 0.00, 0.00, 0.00, 0.00, 1.00, 1.00, 0.00, 1.00
1859, 0, 70.057, 0.98, 1, 0.00, 0.00, 0.00, 0.00, 0.20, 0.23, 0.00, 0.07, 1.20, 1.06, 0.00, 0.02, 0.00, 0.00, 1.03, 1.21, 0.02, 0.00, 0.00, 0.00, 1.00, 0.00, 0.00, 0.00, 0.00, 1.00, 1.00, 0.00, 0.00, 0.00, 0.00, 1.00, 1.00, 0.00, 1.00
1860, 0, 70.095, 0.98, 1, 0.00, 0.00, 0.00, 0.00, 0.33, 0.23, 0.00, 0.00, 1.20, 0.86, 0.04, 0.22, 0.00, 0.00, 1.02, 0.84, 0.04, 0.00, 0.00, 0.00, 1.00, 0.00, 0.00, 0.00, 0.00, 1.00, 1.00, 0.00, 0.00, 0.00, 0.00, 1.00, 0.00, 0.00, 1.00
1861, 0, 70.132, 0.98, 1, 0.00, 0.00, 0.00, 0.00, 0.42, 0.20, 0.00, 0.00, 1.17, 0.45, 0.04, 0.31, 0.00, 0.00, 1.34, 0.79, 0.16, 0.00, 0.00, 0.00, 1.00, 0.00, 0.00, 0.00, 0.00, 1.00, 0.00, 0.00, 0.00, 0.00, 0.00, 1.00, 0.00, 0.00, 1.00
1862, 0, 70.170, 0.98, 1, 0.00, 0.00, 0.00, 0.00, 0.41, 0.00, 0.00, 0.00, 1.14, 0.34, 0.04, 0.35, 0.00, 0.00, 1.33, 1.10, 0.32, 0.00, 0.00, 0.00, 1.00, 0.00, 0.00, 0.00, 0.00, 1.00, 0.00, 0.00, 0.00, 0.00, 0.00, 1.00, 0.00, 0.00, 1.00
1863, 0, 70.208, 0.93, 1, 0.00, 0.00, 0.00, 0.00, 0.27, 0.00, 0.00, 0.00, 1.12, 0.17, 0.00, 0.24, 0.00, 0.00, 1.11, 1.20, 0.52, 0.00, 0.00, 0.00, 1.00, 0.00, 0.00, 0.00, 0.00, 1.00, 0.00, 0.00, 0.00, 0.00, 0.00, 0.00, 0.00, 0.00, 1.00
1864, 0, 70.246, 0.88, 1, 0.00, 0.00, 0.00, 0.00, 0.23, 0.00, 0.00, 0.00, 1.17, 0.17, 0.00, 0.23, 0.00, 0.00, 0.67, 1.04, 0.62, 0.00, 0.00, 0.00, 1.00, 0.00, 0.00, 0.00, 0.00, 1.00, 0.00, 0.00, 0.00, 0.00, 0.00, 1.00, 0.00, 0.00, 1.00
1865, 0, 70.283, 0.88, 1, 0.00, 0.00, 0.00, 0.00, 0.13, 0.00, 0.00, 0.00, 1.17, 0.38, 0.00, 0.34, 0.00, 0.00, 0.46, 0.81, 0.82, 0.00, 0.00, 0.00, 1.00, 0.00, 0.00, 0.00, 0.00, 1.00, 0.00, 0.00, 0.00, 0.00, 0.00, 0.00, 0.00, 0.00, 1.00
1866, 0, 70.321, 0.88, 1, 0.00, 0.00, 0.00, 0.00, 0.07, 0.06, 0.00, 0.00, 1.16, 0.57, 0.00, 0.24, 0.00, 0.00, 0.57, 0.86, 0.91, 0.00, 0.00, 0.00, 1.00, 0.00, 0.00, 0.00, 0.00, 1.00, 1.00, 0.00, 0.00, 0.00, 0.00, 0.00, 0.00, 0.00, 1.00
1867, 0, 70.359, 0.93, 1, 0.00, 0.00, 0.00, 0.00, 0.00, 0.06, 0.00, 0.00, 1.20, 0.79, 0.00, 0.15, 0.00, 0.00, 0.50, 0.95, 0.87, 0.00, 0.00, 0.00, 1.00, 0.00, 0.00, 0.00, 0.00, 1.00, 1.00, 0.00, 0.00, 0.00, 0.00, 0.00, 0.00, 0.00, 1.00
1868, 0, 70.396, 0.88, 1, 0.00, 0.00, 0.00, 0.00, 0.00, 0.06, 0.00, 0.00, 1.32, 0.65, 0.00, 0.13, 0.00, 0.00, 0.42, 1.07, 0.69, 0.00, 0.00, 0.00, 1.00, 0.00, 0.00, 0.00, 0.00, 1.00, 1.00, 0.00, 0.00, 0.00, 0.00, 0.00, 0.00, 0.00, 1.00
1869, 0, 70.434, 0.88, 1, 0.00, 0.00, 0.00, 0.00, 0.07, 0.07, 0.00, 0.00, 1.37, 0.39, 0.00, 0.16, 0.00, 0.00, 0.29, 1.05, 0.38, 0.00, 0.00, 0.00, 1.00, 0.00, 0.00, 0.00, 0.00, 1.00, 1.00, 0.00, 0.00, 0.00, 0.00, 0.00, 0.00, 0.00, 1.00
1870, 0, 70.472, 0.93, 1, 0.00, 0.00, 0.00, 0.00, 0.10, 0.20, 0.00, 0.00, 1.32, 0.24, 0.00, 0.47, 0.00, 0.04, 0.22, 0.87, 0.21, 0.00, 0.00, 0.00, 1.00, 0.00, 0.00, 0.00, 0.00, 1.00, 1.00, 0.00, 0.00, 0.00, 0.00, 0.00, 0.00, 0.00, 1.00
1871, 0, 70.510, 0.98, 1, 0.00, 0.00, 0.00, 0.00, 0.11, 0.20, 0.00, 0.00, 1.23, 0.18, 0.00, 0.55, 0.00, 0.04, 0.24, 0.69, 0.00, 0.00, 0.00, 0.00, 1.00, 0.00, 0.00, 0.00, 0.00, 1.00, 1.00, 0.00, 0.00, 0.00, 1.00, 0.00, 0.00, 0.00, 1.00
1872, 0, 70.547, 0.93, 1, 0.00, 0.00, 0.00, 0.00, 0.04, 0.13, 0.00, 0.00, 1.14, 0.33, 0.05, 0.60, 0.00, 0.08, 0.20, 0.62, 0.00, 0.00, 0.00, 0.00, 1.00, 0.00, 0.00, 0.00, 0.00, 1.00, 1.00, 0.00, 0.00, 0.00, 1.00, 0.00, 0.00, 0.00, 1.00
1873, 0, 70.585, 0.88, 1, 0.00, 0.00, 0.00, 0.00, 0.01, 0.00, 0.00, 0.00, 1.12, 0.38, 0.05, 0.28, 0.00, 0.04, 0.20, 0.68, 0.00, 0.00, 0.00, 0.00, 1.00, 0.00, 0.00, 0.00, 0.00, 1.00, 1.00, 0.00, 0.00, 0.00, 1.00, 0.00, 0.00, 0.00, 1.00
1874, 0, 70.623, 0.88, 1, 0.00, 0.00, 0.00, 0.00, 0.00, 0.00, 0.00, 0.00, 1.06, 0.43, 0.05, 0.14, 0.00, 0.04, 0.29, 0.73, 0.08, 0.00, 0.00, 0.00, 1.00, 0.00, 0.00, 0.00, 0.00, 1.00, 1.00, 0.00, 1.00, 0.00, 1.00, 0.00, 0.00, 0.00, 1.00
1875, 0, 70.660, 0.88, 1, 0.00, 0.00, 0.00, 0.00, 0.00, 0.00, 0.00, 0.00, 0.99, 0.33, 0.00, 0.40, 0.00, 0.00, 0.43, 0.57, 0.11, 0.00, 0.00, 0.00, 1.00, 0.00, 0.00, 0.00, 0.00, 1.00, 1.00, 0.00, 1.00, 0.00, 1.00, 0.00, 0.00, 0.00, 1.00
1876, 0, 70.698, 0.88, 1, 0.00, 0.00, 0.00, 0.00, 0.00, 0.00, 0.00, 0.00, 0.93, 0.20, 0.00, 0.65, 0.00, 0.01, 0.63, 0.41, 0.16, 0.00, 0.00, 0.00, 1.00, 0.00, 0.00, 0.00, 0.00, 1.00, 1.00, 0.00, 1.00, 0.00, 0.00, 0.00, 0.00, 0.00, 1.00
1877, 0, 70.736, 0.88, 1, 0.00, 0.00, 0.00, 0.00, 0.00, 0.00, 0.00, 0.00, 0.91, 0.05, 0.00, 0.72, 0.00, 0.01, 0.54, 0.27, 0.23, 0.00, 0.00, 0.00, 1.00, 0.00, 0.00, 0.00, 0.00, 1.00, 0.00, 0.00, 1.00, 0.00, 0.00, 0.00, 0.00, 0.00, 1.00
1878, 0, 70.773, 0.88, 1, 0.00, 0.00, 0.00, 0.00, 0.00, 0.00, 0.00, 0.00, 0.89, 0.02, 0.00, 0.51, 0.00, 0.01, 0.52, 0.62, 0.33, 0.00, 0.00, 0.00, 1.00, 0.00, 0.00, 0.00, 0.00, 1.00, 0.00, 0.00, 1.00, 0.00, 0.00, 0.00, 0.00, 0.00, 1.00
1879, 0, 70.811, 0.88, 1, 0.08, 0.08, 0.00, 0.00, 0.00, 0.00, 0.00, 0.00, 0.86, 0.14, 0.00, 0.42, 0.00, 0.01, 0.52, 0.90, 0.45, 0.00, 0.00, 0.00, 1.00, 0.00, 0.00, 0.00, 0.00, 1.00, 0.00, 0.00, 1.00, 0.00, 0.00, 0.00, 0.00, 0.00, 1.00
1880, 0, 70.849, 0.88, 1, 0.08, 0.08, 0.00, 0.00, 0.00, 0.00, 0.00, 0.10, 0.72, 0.14, 0.00, 0.44, 0.00, 0.03, 0.42, 0.90, 0.30, 0.00, 0.00, 0.00, 1.00, 0.00, 0.00, 0.00, 0.00, 1.00, 0.00, 0.00, 1.00, 0.00, 0.00, 0.00, 0.00, 0.00, 1.00
1881, 0, 70.887, 0.98, 1, 0.08, 0.08, 0.00, 0.00, 0.00, 0.00, 0.00, 0.27, 0.67, 0.12, 0.00, 0.49, 0.00, 0.04, 0.28, 0.58, 0.22, 0.00, 0.00, 0.00, 1.00, 0.00, 0.00, 0.00, 0.00, 1.00, 0.00, 0.00, 1.00, 0.00, 0.00, 0.00, 0.00, 0.00, 1.00
1882, 0, 70.924, 0.98, 1, 0.00, 0.00, 0.00, 0.00, 0.00, 0.00, 0.00, 0.39, 0.60, 0.00, 0.02, 0.63, 0.02, 0.06, 0.18, 0.27, 0.20, 0.00, 0.00, 0.00, 1.00, 0.00, 0.00, 0.00, 0.00, 1.00, 0.00, 0.00, 1.00, 0.00, 0.00, 0.00, 0.00, 0.00, 1.00
1883, 0, 70.962, 0.98, 1, 0.00, 0.00, 0.00, 0.00, 0.00, 0.00, 0.00, 0.31, 0.63, 0.00, 0.02, 0.51, 0.02, 0.10, 0.33, 0.13, 0.34, 0.00, 0.00, 0.00, 1.00, 0.00, 0.00, 0.00, 0.00, 1.00, 0.00, 0.00, 1.00, 0.00, 0.00, 0.00, 0.00, 0.00, 1.00
1884, 0, 71.000, 0.98, 1, 0.00, 0.00, 0.00, 0.00, 0.00, 0.00, 0.00, 0.21, 0.57, 0.00, 0.02, 0.43, 0.02, 0.10, 0.35, 0.03, 0.38, 0.00, 0.00, 0.00, 1.00, 0.00, 0.00, 0.00, 0.00, 1.00, 0.00, 1.00, 0.00, 0.00, 0.00, 0.00, 0.00, 0.00, 1.00
1885, 0, 71.037, 0.88, 1, 0.00, 0.00, 0.00, 0.00, 0.00, 0.00, 0.00, 0.09, 0.59, 0.00, 0.00, 0.22, 0.00, 0.09, 0.23, 0.00, 0.35, 0.00, 0.00, 0.00, 1.00, 0.00, 0.00, 0.00, 0.00, 1.00, 0.00, 1.00, 0.00, 0.00, 0.00, 0.00, 0.00, 0.00, 1.00
1886, 0, 71.075, 0.98, 1, 0.08, 0.00, 0.00, 0.00, 0.00, 0.00, 0.01, 0.09, 0.64, 0.06, 0.00, 0.23, 0.00, 0.02, 0.14, 0.00, 0.34, 0.00, 0.00, 0.00, 1.00, 0.00, 0.00, 0.00, 0.00, 1.00, 0.00, 1.00, 0.00, 0.00, 0.00, 0.00, 0.00, 0.00, 1.00
1887, 0, 71.113, 0.98, 1, 0.21, 0.14, 0.00, 0.00, 0.00, 0.00, 0.02, 0.08, 0.70, 0.25, 0.11, 0.18, 0.00, 0.00, 0.19, 0.04, 0.59, 0.00, 0.00, 0.00, 1.00, 0.00, 0.00, 0.00, 0.00, 1.00, 0.00, 1.00, 0.00, 0.00, 0.00, 0.00, 0.00, 0.00, 1.00
1888, 0, 71.151, 0.88, 1, 0.52, 0.18, 0.00, 0.00, 0.00, 0.00, 0.02, 0.08, 0.47, 0.25, 0.37, 0.32, 0.00, 0.00, 0.19, 0.25, 0.71, 0.00, 0.00, 0.00, 1.00, 0.00, 0.00, 0.00, 0.00, 1.00, 0.00, 1.00, 0.00, 0.00, 0.00, 0.00, 0.00, 0.00, 1.00
1889, 0, 71.188, 0.88, 1, 0.77, 0.28, 0.00, 0.00, 0.00, 0.00, 0.02, 0.05, 0.23, 0.19, 0.65, 0.45, 0.00, 0.00, 0.12, 0.41, 0.90, 1.00, 0.00, 0.00, 1.00, 0.00, 0.00, 0.00, 0.00, 0.00, 0.00, 1.00, 0.00, 0.00, 0.00, 0.00, 0.00, 0.00, 1.00
1890, 0, 71.226, 0.88, 1, 0.90, 0.13, 0.00, 0.00, 0.00, 0.00, 0.05, 0.12, 0.00, 0.00, 0.55, 0.65, 0.00, 0.00, 0.00, 0.79, 0.56, 1.00, 0.00, 0.00, 1.00, 0.00, 0.00, 0.00, 0.00, 0.00, 0.00, 1.00, 0.00, 0.00, 0.00, 0.00, 0.00, 0.00, 1.00
1891, 0, 71.264, 0.88, 1, 0.84, 0.10, 0.00, 0.00, 0.00, 0.00, 0.07, 0.19, 0.00, 0.00, 0.40, 0.57, 0.00, 0.00, 0.00, 0.80, 0.31, 1.00, 0.00, 0.00, 1.00, 0.00, 0.00, 0.00, 0.00, 0.00, 0.00, 1.00, 0.00, 0.00, 0.00, 0.00, 0.00, 0.00, 0.00
1892, 0, 71.301, 0.88, 1, 0.83, 0.00, 0.00, 0.00, 0.00, 0.00, 0.19, 0.58, 0.00, 0.00, 0.32, 0.66, 0.00, 0.00, 0.00, 0.86, 0.03, 1.00, 1.00, 0.00, 1.00, 0.00, 0.00, 0.00, 0.00, 0.00, 0.00, 1.00, 0.00, 0.00, 0.00, 0.00, 0.00, 0.00, 0.00
1893, 0, 71.339, 0.88, 1, 0.81, 0.00, 0.00, 0.00, 0.00, 0.00, 0.26, 0.69, 0.00, 0.00, 0.39, 0.63, 0.00, 0.00, 0.00, 0.67, 0.03, 1.00, 1.00, 0.00, 1.00, 0.00, 0.00, 0.00, 0.00, 0.00, 0.00, 1.00, 0.00, 0.00, 0.00, 0.00, 0.00, 0.00, 0.00
1894, 0, 71.377, 0.88, 1, 0.75, 0.08, 0.00, 0.00, 0.00, 0.00, 0.34, 0.82, 0.00, 0.00, 0.34, 0.71, 0.12, 0.00, 0.00, 0.75, 0.09, 1.00, 1.00, 0.00, 1.00, 0.00, 0.00, 0.00, 0.00, 0.00, 0.00, 1.00, 0.00, 0.00, 0.00, 0.00, 0.00, 0.00, 0.00
1895, 0, 71.414, 0.88, 1, 0.69, 0.22, 0.00, 0.00, 0.00, 0.00, 0.22, 0.69, 0.00, 0.00, 0.18, 0.67, 0.15, 0.00, 0.00, 0.80, 0.10, 1.00, 1.00, 0.00, 1.00, 0.00, 0.00, 0.00, 0.00, 0.00, 0.00, 1.00, 0.00, 0.00, 0.00, 0.00, 0.00, 0.00, 0.00
1896, 0, 71.452, 0.98, 1, 0.56, 0.23, 0.00, 0.00, 0.01, 0.00, 0.10, 0.57, 0.00, 0.00, 0.55, 0.71, 0.15, 0.00, 0.00, 0.57, 0.23, 1.00, 0.00, 0.00, 1.00, 0.00, 0.00, 0.00, 0.00, 0.00, 0.00, 1.00, 0.00, 0.00, 0.00, 0.00, 0.00, 0.00, 0.00
1897, 0, 71.490, 0.93, 1, 0.52, 0.16, 0.00, 0.00, 0.04, 0.00, 0.00, 0.51, 0.00, 0.00, 0.89, 0.66, 0.03, 0.01, 0.00, 0.26, 0.29, 1.00, 0.00, 0.00, 1.00, 0.00, 0.00, 0.00, 0.00, 0.00, 0.00, 1.00, 0.00, 0.00, 0.00, 0.00, 0.00, 0.00, 0.00
1898, 0, 71.528, 0.98, 1, 0.31, 0.17, 0.00, 0.00, 0.04, 0.00, 0.00, 0.46, 0.00, 0.00, 0.96, 0.43, 0.03, 0.01, 0.00, 0.00, 0.47, 1.00, 0.00, 0.00, 1.00, 0.00, 0.00, 0.00, 0.00, 0.00, 0.00, 0.00, 0.00, 0.00, 0.00, 0.00, 0.00, 0.00, 0.00
1899, 0, 71.565, 0.93, 1, 0.21, 0.16, 0.00, 0.11, 0.02, 0.00, 0.00, 0.72, 0.00, 0.00, 0.50, 0.20, 0.23, 0.01, 0.00, 0.04, 0.42, 1.00, 0.00, 0.00, 1.00, 0.00, 0.00, 0.00, 0.00, 0.00, 0.00, 0.00, 0.00, 0.00, 0.00, 0.00, 0.00, 0.00, 0.00
1900, 0, 71.603, 0.88, 1, 0.25, 0.45, 0.00, 0.12, 0.00, 0.00, 0.00, 0.93, 0.13, 0.02, 0.56, 0.33, 0.23, 0.00, 0.49, 0.21, 0.32, 0.00, 0.00, 0.00, 1.00, 0.00, 0.00, 0.00, 0.00, 0.00, 0.00, 0.00, 0.00, 0.00, 0.00, 0.00, 0.00, 0.00, 0.00
1901, 0, 71.641, 0.98, 1, 0.40, 0.63, 0.00, 0.16, 0.00, 0.00, 0.00, 1.08, 0.24, 0.02, 1.04, 0.67, 0.20, 0.00, 1.05, 0.39, 0.09, 0.00, 0.00, 0.00, 1.00, 0.00, 0.00, 0.00, 0.00, 1.00, 0.00, 0.00, 1.00, 0.00, 0.00, 0.00, 0.00, 0.00, 0.00
1902, 0, 71.678, 0.98, 1, 0.43, 0.81, 0.00, 0.05, 0.00, 0.00, 0.00, 0.90, 0.43, 0.11, 1.16, 0.87, 0.00, 0.00, 1.49, 0.50, 0.00, 0.00, 0.00, 0.00, 1.00, 0.00, 0.00, 0.00, 0.00, 1.00, 0.00, 0.00, 1.00, 0.00, 0.00, 0.00, 0.00, 0.00, 0.00
1903, 0, 71.716, 0.98, 1, 0.30, 0.52, 0.00, 0.04, 0.00, 0.00, 0.00, 0.70, 0.57, 0.39, 0.70, 0.95, 0.00, 0.00, 1.40, 0.78, 0.00, 0.00, 0.00, 0.00, 1.00, 0.00, 0.00, 0.00, 0.00, 1.00, 0.00, 0.00, 1.00, 0.00, 0.00, 0.00, 0.00, 0.00, 0.00
1904, 0, 71.754, 0.98, 1, 0.14, 0.19, 0.00, 0.00, 0.00, 0.00, 0.00, 0.46, 0.71, 0.64, 0.12, 1.03, 0.00, 0.00, 1.22, 1.03, 0.00, 0.00, 0.00, 0.00, 1.00, 0.00, 0.00, 0.00, 0.00, 1.00, 0.00, 0.00, 1.00, 0.00, 0.00, 1.00, 0.00, 0.00, 0.00
1905, 0, 71.792, 0.98, 1, 0.19, 0.12, 0.00, 0.00, 0.00, 0.00, 0.00, 0.56, 0.74, 0.69, 0.00, 1.15, 0.15, 0.00, 0.97, 1.20, 0.00, 0.00, 0.00, 0.00, 1.00, 0.00, 0.00, 0.00, 0.00, 1.00, 0.00, 0.00, 1.00, 0.00, 0.00, 0.00, 0.00, 0.00, 0.00
1906, 0, 71.829, 0.88, 1, 0.18, 0.27, 0.00, 0.05, 0.00, 0.00, 0.00, 0.70, 0.74, 0.58, 0.00, 0.88, 0.15, 0.00, 0.70, 0.95, 0.00, 0.00, 0.00, 0.00, 1.00, 0.00, 0.00, 0.00, 0.00, 1.00, 0.00, 0.00, 1.00, 0.00, 0.00, 0.00, 0.00, 0.00, 0.00
1907, 0, 71.867, 0.98, 1, 0.13, 0.58, 0.00, 0.08, 0.00, 0.00, 0.00, 0.77, 0.76, 0.48, 0.00, 0.51, 0.15, 0.00, 0.38, 0.50, 0.00, 0.00, 0.00, 0.00, 1.00, 0.00, 0.00, 0.00, 0.00, 1.00, 0.00, 0.00, 1.00, 0.00, 0.00, 1.00, 0.00, 0.00, 0.00
1908, 0, 71.905, 0.98, 1, 0.04, 0.52, 0.00, 0.12, 0.00, 0.00, 0.00, 0.53, 0.77, 0.59, 0.00, 0.19, 0.00, 0.00, 0.28, 0.18, 0.00, 0.00, 0.00, 0.00, 1.00, 0.00, 0.00, 0.00, 0.00, 1.00, 0.00, 0.00, 1.00, 0.00, 0.00, 1.00, 0.00, 0.00, 0.00
1909, 0, 71.942, 0.88, 1, 0.06, 0.60, 0.00, 0.07, 0.00, 0.00, 0.05, 0.35, 0.66, 0.61, 0.00, 0.11, 0.00, 0.00, 0.24, 0.07, 0.00, 0.00, 0.00, 0.00, 1.00, 0.00, 0.00, 0.00, 0.00, 1.00, 0.00, 0.00, 1.00, 0.00, 1.00, 1.00, 0.00, 0.00, 0.00
1910, 0, 71.980, 0.98, 1, 0.11, 0.37, 0.00, 0.04, 0.00, 0.00, 0.05, 0.34, 0.62, 0.49, 0.00, 0.47, 0.00, 0.00, 0.24, 0.14, 0.00, 0.00, 0.00, 0.00, 1.00, 0.00, 0.00, 0.00, 0.00, 1.00, 0.00, 0.00, 1.00, 0.00, 1.00, 0.00, 0.00, 0.00, 0.00
1911, 0, 72.018, 0.98, 1, 0.23, 0.50, 0.00, 0.00, 0.00, 0.00, 0.05, 0.47, 0.60, 0.32, 0.00, 0.84, 0.00, 0.00, 0.14, 0.35, 0.00, 0.00, 0.00, 0.00, 1.00, 0.00, 0.00, 0.00, 0.00, 1.00, 0.00, 0.00, 1.00, 0.00, 1.00, 0.00, 0.00, 0.00, 0.00
1912, 0, 72.055, 0.98, 1, 0.25, 0.30, 0.00, 0.05, 0.00, 0.00, 0.00, 0.53, 0.60, 0.12, 0.00, 1.03, 0.00, 0.00, 0.05, 0.31, 0.00, 0.00, 0.00, 0.00, 1.00, 0.00, 0.00, 0.00, 0.00, 1.00, 0.00, 0.00, 1.00, 0.00, 1.00, 0.00, 0.00, 0.00, 0.00
1913, 0, 72.093, 0.98, 1, 0.20, 0.48, 0.00, 0.27, 0.00, 0.00, 0.00, 0.35, 0.51, 0.15, 0.00, 0.85, 0.00, 0.00, 0.00, 0.24, 0.00, 0.00, 0.00, 0.00, 1.00, 0.00, 0.00, 0.00, 0.00, 1.00, 0.00, 0.00, 1.00, 0.00, 1.00, 0.00, 0.00, 0.00, 0.00
1914, 0, 72.131, 0.98, 1, 0.10, 0.43, 0.00, 0.49, 0.00, 0.00, 0.00, 0.17, 0.45, 0.07, 0.00, 0.64, 0.00, 0.02, 0.00, 0.03, 0.00, 0.00, 0.00, 0.00, 1.00, 0.00, 0.00, 0.00, 0.00, 1.00, 0.00, 0.00, 1.00, 0.00, 1.00, 0.00, 0.00, 0.00, 0.00
1915, 0, 72.169, 0.98, 1, 0.02, 0.39, 0.00, 0.75, 0.00, 0.00, 0.00, 0.02, 0.56, 0.10, 0.00, 0.60, 0.10, 0.02, 0.21, 0.14, 0.00, 0.00, 0.00, 0.00, 1.00, 0.00, 0.00, 0.00, 0.00, 1.00, 0.00, 0.00, 1.00, 0.00, 1.00, 0.00, 0.00, 0.00, 0.00
1916, 0, 72.206, 0.98, 1, 0.02, 0.15, 0.00, 0.74, 0.00, 0.00, 0.00, 0.00, 0.63, 0.03, 0.00, 0.65, 0.32, 0.02, 0.57, 0.32, 0.00, 0.00, 0.00, 0.00, 1.00, 0.00, 0.00, 0.00, 0.00, 1.00, 0.00, 0.00, 1.00, 0.00, 0.00, 1.00, 0.00, 0.00, 0.00
1917, 0, 72.244, 0.98, 1, 0.00, 0.00, 0.00, 0.56, 0.02, 0.00, 0.00, 0.00, 0.69, 0.03, 0.00, 0.76, 0.41, 0.00, 0.97, 0.63, 0.00, 0.00, 0.00, 0.00, 1.00, 0.00, 0.00, 0.00, 0.00, 1.00, 0.00, 0.00, 1.00, 0.00, 0.00, 1.00, 0.00, 0.00, 0.00
1918, 0, 72.282, 0.98, 1, 0.00, 0.00, 0.00, 0.25, 0.04, 0.00, 0.00, 0.00, 0.70, 0.07, 0.00, 0.68, 0.37, 0.00, 1.17, 0.81, 0.00, 0.00, 0.00, 0.00, 1.00, 0.00, 0.00, 0.00, 0.00, 1.00, 0.00, 0.00, 1.00, 0.00, 0.00, 1.00, 0.00, 0.00, 0.00
1919, 0, 72.319, 0.98, 1, 0.00, 0.18, 0.00, 0.04, 0.04, 0.00, 0.00, 0.00, 0.75, 0.19, 0.00, 0.71, 0.15, 0.00, 1.23, 1.05, 0.00, 0.00, 0.00, 0.00, 1.00, 0.00, 0.00, 0.00, 0.00, 1.00, 0.00, 0.00, 0.00, 0.00, 0.00, 1.00, 0.00, 0.00, 0.00
1920, 0, 72.357, 0.98, 1, 0.00, 0.18, 0.00, 0.00, 0.02, 0.00, 0.00, 0.48, 0.90, 0.35, 0.00, 0.56, 0.06, 0.00, 1.28, 0.81, 0.00, 0.00, 0.00, 0.00, 1.00, 0.00, 0.00, 0.00, 0.00, 1.00, 0.00, 0.00, 0.00, 0.00, 0.00, 1.00, 0.00, 0.00, 0.00
1921, 0, 72.395, 0.98, 1, 0.00, 0.18, 0.00, 0.00, 0.05, 0.00, 0.00, 0.97, 0.99, 0.43, 0.23, 0.56, 0.01, 0.00, 1.32, 0.68, 0.00, 0.00, 0.00, 0.00, 1.00, 0.00, 0.00, 0.00, 0.00, 1.00, 0.00, 0.00, 0.00, 0.00, 0.00, 1.00, 0.00, 0.00, 0.00
1922, 0, 72.433, 0.98, 1, 0.00, 0.00, 0.00, 0.08, 0.10, 0.00, 0.00, 1.42, 1.13, 0.47, 0.83, 0.41, 0.11, 0.00, 1.45, 0.45, 0.00, 0.00, 0.00, 0.00, 1.00, 0.00, 0.00, 0.00, 0.00, 1.00, 0.00, 0.00, 0.00, 0.00, 0.00, 1.00, 0.00, 0.00, 0.00
1923, 0, 72.470, 0.98, 1, 0.00, 0.00, 0.00, 0.21, 0.13, 0.00, 0.00, 1.02, 1.12, 0.38, 0.83, 0.38, 0.11, 0.00, 1.09, 0.37, 0.00, 0.00, 0.00, 0.00, 1.00, 0.00, 0.00, 0.00, 0.00, 1.00, 0.00, 0.00, 0.00, 0.00, 0.00, 1.00, 0.00, 0.00, 0.00
1924, 0, 72.508, 0.98, 1, 0.00, 0.00, 0.00, 0.35, 0.12, 0.00, 0.00, 0.65, 1.11, 0.30, 0.60, 0.36, 0.10, 0.00, 0.78, 0.19, 0.00, 0.00, 0.00, 0.00, 1.00, 0.00, 0.00, 0.00, 0.00, 1.00, 0.00, 0.00, 0.00, 0.00, 0.00, 1.00, 0.00, 0.00, 0.00
1925, 0, 72.546, 0.98, 1, 0.00, 0.34, 0.00, 0.28, 0.09, 0.00, 0.00, 0.21, 1.06, 0.21, 0.03, 0.53, 0.00, 0.00, 0.84, 0.33, 0.00, 0.00, 0.00, 0.00, 1.00, 0.00, 0.00, 0.00, 0.00, 1.00, 0.00, 0.00, 0.00, 0.00, 0.00, 1.00, 0.00, 0.00, 0.00
1926, 0, 72.583, 0.98, 1, 0.00, 0.69, 0.00, 0.14, 0.05, 0.00, 0.00, 0.13, 1.06, 0.37, 0.03, 0.71, 0.00, 0.00, 1.22, 0.61, 0.00, 0.00, 0.00, 0.00, 1.00, 0.00, 0.00, 0.00, 0.00, 1.00, 0.00, 0.00, 0.00, 0.00, 0.00, 1.00, 0.00, 0.00, 0.00
1927, 0, 72.621, 0.98, 1, 0.07, 0.89, 0.00, 0.00, 0.03, 0.00, 0.00, 0.01, 1.05, 0.57, 0.03, 0.80, 0.00, 0.00, 1.42, 0.74, 0.00, 0.00, 0.00, 0.00, 1.00, 0.00, 0.00, 0.00, 0.00, 1.00, 0.00, 0.00, 1.00, 0.00, 0.00, 1.00, 0.00, 0.00, 0.00
1928, 0, 72.659, 0.98, 1, 0.07, 0.63, 0.00, 0.00, 0.01, 0.00, 0.00, 0.01, 1.08, 0.66, 0.00, 0.85, 0.00, 0.00, 1.01, 0.65, 0.00, 0.00, 0.00, 0.00, 1.00, 0.00, 0.00, 0.00, 0.00, 1.00, 0.00, 0.00, 1.00, 0.00, 0.00, 1.00, 0.00, 0.00, 0.00
1929, 0, 72.696, 0.98, 1, 0.07, 0.29, 0.00, 0.00, 0.01, 0.00, 0.00, 0.01, 1.15, 0.61, 0.26, 1.07, 0.00, 0.00, 0.77, 0.64, 0.00, 0.00, 0.00, 0.00, 1.00, 0.00, 0.00, 0.00, 0.00, 1.00, 0.00, 0.00, 1.00, 0.00, 0.00, 1.00, 0.00, 0.00, 0.00
1930, 0, 72.734, 0.88, 1, 0.14, 0.19, 0.00, 0.00, 0.00, 0.00, 0.00, 0.00, 1.01, 0.34, 0.49, 1.10, 0.30, 0.00, 0.47, 0.51, 0.21, 0.00, 0.00, 0.00, 1.00, 0.00, 0.00, 0.00, 0.00, 1.00, 0.00, 0.00, 1.00, 0.00, 0.00, 1.00, 0.00, 0.00, 0.00
1931, 0, 72.772, 0.88, 1, 0.29, 0.22, 0.00, 0.02, 0.00, 0.00, 0.01, 0.00, 0.83, 0.17, 0.49, 1.03, 0.55, 0.00, 0.27, 0.27, 0.56, 0.00, 0.00, 0.00, 1.00, 0.00, 0.00, 0.00, 0.00, 1.00, 0.00, 0.00, 1.00, 0.00, 0.00, 1.00, 0.00, 0.00, 1.00
1932, 0, 72.810, 0.88, 1, 0.43, 0.21, 0.00, 0.02, 0.00, 0.00, 0.05, 0.00, 0.68, 0.00, 0.23, 0.78, 0.64, 0.00, 0.02, 0.00, 0.74, 0.00, 0.00, 0.00, 1.00, 0.00, 0.00, 0.00, 0.00, 1.00, 0.00, 0.00, 1.00, 0.00, 1.00, 1.00, 0.00, 0.00, 1.00
1933, 0, 72.847, 0.88, 1, 0.29, 0.11, 0.00, 0.02, 0.00, 0.00, 0.12, 0.00, 0.69, 0.00, 0.00, 0.64, 0.34, 0.00, 0.00, 0.06, 0.67, 0.00, 0.00, 0.00, 1.00, 0.00, 0.00, 0.00, 0.00, 1.00, 0.00, 0.00, 1.00, 0.00, 0.00, 1.00, 0.00, 0.00, 1.00
1934, 0, 72.885, 0.88, 1, 0.13, 0.00, 0.00, 0.00, 0.00, 0.00, 0.19, 0.00, 0.65, 0.05, 0.00, 0.52, 0.14, 0.00, 0.00, 0.11, 0.33, 0.00, 0.00, 0.00, 1.00, 0.00, 0.00, 0.00, 0.00, 1.00, 0.00, 0.00, 1.00, 0.00, 1.00, 1.00, 0.00, 0.00, 1.00
1935, 0, 72.923, 0.88, 1, 0.00, 0.00, 0.00, 0.00, 0.00, 0.00, 0.15, 0.00, 0.65, 0.05, 0.44, 0.72, 0.05, 0.07, 0.47, 0.28, 0.15, 0.00, 0.00, 0.00, 1.00, 0.00, 0.00, 0.00, 0.00, 1.00, 1.00, 0.00, 1.00, 0.00, 1.00, 1.00, 0.00, 0.00, 1.00
1936, 0, 72.960, 0.98, 1, 0.05, 0.00, 0.00, 0.00, 0.03, 0.00, 0.09, 0.00, 0.72, 0.28, 0.57, 1.01, 0.05, 0.10, 0.68, 0.40, 0.00, 0.00, 0.00, 0.00, 1.00, 0.00, 0.00, 0.00, 0.00, 1.00, 1.00, 0.00, 1.00, 0.00, 1.00, 0.00, 0.00, 0.00, 0.00
1937, 0, 72.998, 0.98, 1, 0.05, 0.00, 0.00, 0.00, 0.10, 0.00, 0.00, 0.00, 0.89, 0.54, 0.57, 1.09, 0.00, 0.22, 0.91, 0.51, 0.00, 0.00, 0.00, 0.00, 1.00, 0.00, 0.00, 0.00, 0.00, 1.00, 1.00, 0.00, 1.00, 0.00, 1.00, 0.00, 0.00, 0.00, 0.00
1938, 0, 73.036, 0.98, 1, 0.05, 0.00, 0.00, 0.00, 0.12, 0.00, 0.00, 0.00, 0.98, 0.71, 0.13, 0.89, 0.00, 0.33, 0.82, 0.59, 0.00, 0.00, 0.00, 0.00, 1.00, 0.00, 0.00, 0.00, 0.00, 1.00, 0.00, 0.00, 1.00, 0.00, 1.00, 0.00, 0.00, 0.00, 0.00
1939, 0, 73.074, 0.98, 1, 0.00, 0.00, 0.00, 0.00, 0.13, 0.00, 0.00, 0.00, 1.04, 0.56, 0.00, 0.73, 0.00, 0.41, 1.01, 0.65, 0.00, 0.00, 0.00, 0.00, 1.00, 0.00, 0.00, 0.00, 0.00, 1.00, 0.00, 0.00, 1.00, 0.00, 1.00, 0.00, 0.00, 0.00, 0.00
1940, 0, 73.111, 0.98, 1, 0.00, 0.00, 0.00, 0.00, 0.07, 0.00, 0.00, 0.00, 0.96, 0.29, 0.00, 0.94, 0.09, 0.29, 0.99, 0.50, 0.00, 0.00, 0.00, 0.00, 1.00, 0.00, 0.00, 0.00, 0.00, 1.00, 0.00, 0.00, 1.00, 0.00, 1.00, 0.00, 0.00, 0.00, 0.00
1941, 0, 73.149, 0.98, 1, 0.00, 0.00, 0.00, 0.00, 0.07, 0.00, 0.00, 0.00, 0.93, 0.15, 0.00, 1.10, 0.09, 0.11, 0.99, 0.25, 0.00, 0.00, 0.00, 0.00, 1.00, 0.00, 0.00, 0.00, 0.00, 1.00, 0.00, 0.00, 1.00, 0.00, 0.00, 0.00, 0.00, 0.00, 0.00
1942, 0, 73.187, 0.98, 1, 0.00, 0.03, 0.00, 0.00, 0.14, 0.08, 0.00, 0.00, 0.93, 0.06, 0.00, 1.29, 0.09, 0.00, 0.97, 0.20, 0.00, 0.00, 0.00, 0.00, 1.00, 0.00, 0.00, 0.00, 0.00, 1.00, 0.00, 0.00, 1.00, 0.00, 0.00, 0.00, 0.00, 0.00, 0.00
1943, 0, 73.224, 0.98, 1, 0.00, 0.03, 0.00, 0.00, 0.30, 0.08, 0.00, 0.15, 1.11, 0.02, 0.00, 0.98, 0.00, 0.00, 1.02, 0.34, 0.00, 0.00, 0.00, 0.00, 1.00, 0.00, 0.00, 0.00, 0.00, 1.00, 0.00, 0.00, 1.00, 0.00, 0.00, 1.00, 0.00, 0.00, 0.00
1944, 0, 73.262, 0.98, 1, 0.00, 0.03, 0.00, 0.00, 0.44, 0.08, 0.00, 0.30, 1.26, 0.00, 0.00, 0.74, 0.00, 0.00, 0.92, 0.47, 0.00, 0.00, 0.00, 0.00, 1.00, 0.00, 0.00, 0.00, 0.00, 1.00, 0.00, 0.00, 1.00, 0.00, 0.00, 1.00, 0.00, 0.00, 0.00
1945, 0, 73.300, 0.98, 1, 0.00, 0.00, 0.00, 0.00, 0.41, 0.01, 0.00, 0.30, 1.23, 0.01, 0.46, 0.65, 0.00, 0.00, 0.97, 0.36, 0.00, 0.00, 0.00, 0.00, 1.00, 0.00, 0.00, 0.00, 0.00, 1.00, 0.00, 0.00, 0.00, 0.00, 0.00, 1.00, 0.00, 0.00, 0.00
1946, 0, 73.337, 0.98, 1, 0.00, 0.00, 0.00, 0.00, 0.39, 0.01, 0.00, 0.19, 1.17, 0.05, 0.54, 0.69, 0.00, 0.00, 1.31, 0.42, 0.00, 0.00, 0.00, 0.00, 1.00, 0.00, 0.00, 0.00, 0.00, 1.00, 0.00, 0.00, 0.00, 0.00, 0.00, 1.00, 0.00, 0.00, 0.00
1947, 0, 73.375, 0.98, 1, 0.00, 0.00, 0.00, 0.00, 0.37, 0.09, 0.00, 0.18, 1.08, 0.05, 0.54, 0.66, 0.00, 0.00, 1.50, 0.44, 0.00, 0.00, 0.00, 0.00, 1.00, 0.00, 0.00, 0.00, 0.00, 1.00, 0.00, 0.00, 0.00, 0.00, 0.00, 1.00, 0.00, 0.00, 0.00
1948, 0, 73.413, 0.98, 1, 0.00, 0.00, 0.00, 0.00, 0.39, 0.27, 0.00, 0.31, 1.13, 0.22, 0.08, 0.45, 0.00, 0.00, 1.60, 0.53, 0.00, 0.00, 0.00, 0.00, 1.00, 0.00, 0.00, 0.00, 0.00, 1.00, 0.00, 0.00, 0.00, 0.00, 0.00, 1.00, 0.00, 0.00, 0.00
1949, 0, 73.451, 0.98, 1, 0.00, 0.03, 0.00, 0.00, 0.33, 0.41, 0.00, 0.32, 1.17, 0.47, 0.00, 0.38, 0.00, 0.00, 1.68, 0.51, 0.00, 0.00, 0.00, 0.00, 1.00, 0.00, 0.00, 0.00, 0.00, 1.00, 0.00, 0.00, 0.00, 0.00, 0.00, 1.00, 0.00, 0.00, 0.00
1950, 0, 73.488, 0.98, 1, 0.00, 0.03, 0.02, 0.00, 0.30, 0.49, 0.00, 0.18, 1.21, 0.56, 0.22, 0.51, 0.00, 0.00, 1.48, 0.36, 0.00, 0.00, 0.00, 0.00, 1.00, 0.00, 0.00, 0.00, 0.00, 1.00, 0.00, 0.00, 0.00, 0.00, 0.00, 1.00, 0.00, 0.00, 0.00
1951, 0, 73.526, 0.98, 1, 0.00, 0.03, 0.02, 0.00, 0.23, 0.49, 0.00, 0.04, 1.21, 0.38, 0.23, 0.55, 0.00, 0.00, 1.31, 0.35, 0.00, 0.00, 0.00, 0.00, 1.00, 0.00, 0.00, 0.00, 0.00, 1.00, 0.00, 0.00, 0.00, 0.00, 0.00, 1.00, 0.00, 0.00, 0.00
1952, 0, 73.564, 0.98, 1, 0.00, 0.00, 0.02, 0.00, 0.18, 0.48, 0.00, 0.00, 1.21, 0.08, 0.52, 0.62, 0.00, 0.00, 1.07, 0.34, 0.00, 0.00, 0.00, 0.00, 1.00, 0.00, 0.00, 0.00, 0.00, 1.00, 0.00, 0.00, 0.00, 0.00, 0.00, 1.00, 0.00, 0.00, 0.00
1953, 0, 73.601, 0.98, 1, 0.00, 0.00, 0.00, 0.02, 0.15, 0.48, 0.00, 0.00, 1.21, 0.04, 0.59, 0.67, 0.00, 0.00, 1.35, 0.49, 0.00, 0.00, 0.00, 0.00, 1.00, 0.00, 0.00, 0.00, 0.00, 1.00, 0.00, 0.00, 0.00, 0.00, 0.00, 1.00, 0.00, 0.00, 0.00
1954, 0, 73.639, 0.98, 1, 0.00, 0.00, 0.00, 0.08, 0.19, 0.58, 0.00, 0.00, 1.24, 0.11, 0.76, 0.73, 0.00, 0.00, 1.43, 0.46, 0.00, 0.00, 0.00, 0.00, 1.00, 0.00, 0.00, 0.00, 0.00, 1.00, 0.00, 0.00, 0.00, 0.00, 0.00, 1.00, 0.00, 0.00, 0.00
1955, 0, 73.677, 0.98, 1, 0.00, 0.00, 0.01, 0.08, 0.24, 0.44, 0.00, 0.03, 1.23, 0.25, 0.47, 0.78, 0.00, 0.00, 1.45, 0.28, 0.00, 0.00, 1.00, 0.00, 1.00, 0.00, 0.00, 0.00, 0.00, 1.00, 0.00, 0.00, 0.00, 0.00, 0.00, 1.00, 0.00, 0.00, 0.00
1956, 0, 73.715, 0.98, 1, 0.00, 0.00, 0.05, 0.06, 0.22, 0.28, 0.00, 0.05, 1.22, 0.33, 0.18, 0.76, 0.00, 0.00, 1.36, 0.13, 0.00, 0.00, 1.00, 0.00, 1.00, 0.00, 0.00, 0.00, 0.00, 1.00, 0.00, 0.00, 0.00, 0.00, 0.00, 1.00, 0.00, 0.00, 0.00
1957, 0, 73.752, 0.98, 1, 0.00, 0.00, 0.05, 0.00, 0.25, 0.00, 0.00, 0.16, 1.22, 0.52, 0.00, 0.67, 0.00, 0.00, 1.55, 0.00, 0.00, 0.00, 0.00, 0.00, 1.00, 0.00, 0.00, 0.00, 0.00, 1.00, 0.00, 0.00, 1.00, 0.00, 0.00, 1.00, 0.00, 0.00, 0.00
1958, 0, 73.790, 0.98, 1, 0.00, 0.00, 0.04, 0.00, 0.27, 0.04, 0.09, 0.15, 1.26, 0.53, 0.00, 0.80, 0.00, 0.00, 1.53, 0.13, 0.00, 0.00, 0.00, 0.00, 1.00, 0.00, 0.00, 0.00, 0.00, 1.00, 0.00, 0.00, 1.00, 0.00, 0.00, 1.00, 0.00, 0.00, 0.00
1959, 0, 73.828, 0.98, 1, 0.00, 0.00, 0.00, 0.00, 0.35, 0.17, 0.18, 0.12, 1.24, 0.44, 0.04, 0.81, 0.00, 0.00, 1.40, 0.20, 0.00, 0.00, 0.00, 0.00, 1.00, 0.00, 0.00, 0.00, 0.00, 1.00, 0.00, 0.00, 1.00, 0.00, 0.00, 1.00, 0.00, 0.00, 0.00
1960, 0, 73.865, 0.98, 1, 0.00, 0.12, 0.00, 0.00, 0.27, 0.17, 0.18, 0.07, 1.15, 0.19, 0.04, 0.97, 0.00, 0.14, 1.02, 0.20, 0.00, 0.00, 0.00, 0.00, 1.00, 0.00, 0.00, 0.00, 0.00, 1.00, 0.00, 0.00, 1.00, 0.00, 0.00, 1.00, 0.00, 0.00, 0.00
1961, 0, 73.903, 0.98, 1, 0.00, 0.12, 0.00, 0.00, 0.22, 0.13, 0.09, 0.19, 1.08, 0.25, 0.04, 0.74, 0.00, 0.15, 0.71, 0.07, 0.00, 0.00, 0.00, 0.00, 1.00, 0.00, 0.00, 0.00, 0.00, 1.00, 0.00, 0.00, 0.00, 0.00, 1.00, 0.00, 0.00, 0.00, 0.00
1962, 0, 73.941, 0.98, 1, 0.00, 0.12, 0.00, 0.00, 0.12, 0.00, 0.00, 0.34, 1.07, 0.45, 0.00, 0.61, 0.00, 0.17, 0.54, 0.00, 0.00, 0.00, 0.00, 0.00, 1.00, 0.00, 0.00, 0.00, 0.00, 1.00, 0.00, 1.00, 0.00, 0.00, 1.00, 0.00, 0.00, 0.00, 0.00
1963, 0, 73.978, 0.98, 1, 0.00, 0.09, 0.00, 0.00, 0.17, 0.00, 0.00, 0.49, 1.06, 0.47, 0.00, 0.58, 0.00, 0.03, 0.63, 0.00, 0.00, 0.00, 0.00, 0.00, 1.00, 0.00, 0.00, 0.00, 0.00, 1.00, 0.00, 1.00, 0.00, 0.00, 0.00, 0.00, 0.00, 0.00, 0.00
1964, 0, 74.016, 0.98, 1, 0.00, 0.09, 0.00, 0.00, 0.19, 0.00, 0.00, 0.59, 1.00, 0.26, 0.08, 0.63, 0.00, 0.02, 0.76, 0.00, 0.00, 0.00, 0.00, 0.00, 1.00, 0.00, 0.00, 0.00, 0.00, 1.00, 0.00, 1.00, 0.00, 0.00, 0.00, 0.00, 0.00, 0.00, 0.00
1965, 0, 74.054, 0.98, 1, 0.00, 0.12, 0.00, 0.01, 0.15, 0.00, 0.00, 0.45, 0.90, 0.09, 0.12, 0.92, 0.00, 0.01, 0.87, 0.00, 0.00, 0.00, 0.00, 0.00, 1.00, 0.00, 0.00, 0.00, 0.00, 1.00, 0.00, 1.00, 0.00, 0.00, 0.00, 0.00, 0.00, 0.00, 0.00
1966, 0, 74.092, 0.98, 1, 0.00, 0.19, 0.00, 0.12, 0.06, 0.00, 0.00, 0.30, 0.86, 0.27, 0.12, 0.92, 0.00, 0.01, 0.85, 0.00, 0.00, 0.00, 0.00, 0.00, 1.00, 0.00, 0.00, 0.00, 0.00, 1.00, 0.00, 0.00, 1.00, 0.00, 0.00, 0.00, 0.00, 0.00, 0.00
1967, 0, 74.129, 0.98, 1, 0.02, 0.34, 0.00, 0.21, 0.00, 0.00, 0.00, 0.15, 0.82, 0.49, 0.09, 0.95, 0.00, 0.01, 0.93, 0.00, 0.00, 0.00, 0.00, 0.00, 1.00, 0.00, 0.00, 0.00, 0.00, 1.00, 0.00, 0.00, 1.00, 0.00, 0.00, 0.00, 0.00, 0.00, 0.00
1968, 0, 74.167, 0.98, 1, 0.04, 0.45, 0.00, 0.31, 0.00, 0.00, 0.00, 0.18, 0.78, 0.63, 0.17, 0.78, 0.00, 0.00, 0.95, 0.00, 0.00, 0.00, 0.00, 0.00, 1.00, 0.00, 0.00, 0.00, 0.00, 1.00, 0.00, 0.00, 1.00, 0.00, 0.00, 0.00, 0.00, 0.00, 0.00
1969, 0, 74.205, 0.98, 1, 0.07, 0.29, 0.00, 0.20, 0.00, 0.00, 0.00, 0.17, 0.74, 0.42, 0.17, 0.90, 0.00, 0.00, 0.81, 0.09, 0.00, 0.00, 0.00, 0.00, 1.00, 0.00, 0.00, 0.00, 0.00, 1.00, 0.00, 0.00, 1.00, 0.00, 0.00, 0.00, 0.00, 0.00, 0.00
1970, 0, 74.242, 0.88, 1, 0.20, 0.14, 0.00, 0.11, 0.00, 0.00, 0.00, 0.08, 0.69, 0.19, 0.12, 1.22, 0.00, 0.00, 0.46, 0.30, 0.00, 0.00, 0.00, 0.00, 1.00, 0.00, 0.00, 0.00, 0.00, 1.00, 0.00, 0.00, 1.00, 0.00, 0.00, 0.00, 0.00, 0.00, 0.00
1971, 0, 74.280, 0.88, 1, 0.33, 0.00, 0.00, 0.00, 0.00, 0.00, 0.00, 0.05, 0.64, 0.00, 0.00, 1.12, 0.00, 0.00, 0.19, 0.37, 0.03, 0.00, 0.00, 0.00, 1.00, 0.00, 0.00, 0.00, 0.00, 0.00, 0.00, 0.00, 1.00, 0.00, 0.00, 0.00, 0.00, 0.00, 0.00
1972, 0, 74.318, 0.88, 1, 0.39, 0.00, 0.00, 0.00, 0.00, 0.00, 0.00, 0.00, 0.59, 0.00, 0.00, 0.85, 0.00, 0.00, 0.00, 0.40, 0.05, 0.00, 0.00, 0.00, 1.00, 0.00, 0.00, 0.00, 0.00, 0.00, 0.00, 0.00, 1.00, 0.00, 0.00, 0.00, 0.00, 0.00, 0.00
1973, 0, 74.356, 0.88, 1, 0.31, 0.00, 0.00, 0.00, 0.00, 0.00, 0.00, 0.00, 0.55, 0.00, 0.00, 0.29, 0.00, 0.00, 0.03, 0.19, 0.05, 0.00, 0.00, 0.00, 1.00, 0.00, 0.00, 0.00, 0.00, 0.00, 0.00, 0.00, 1.00, 0.00, 0.00, 0.00, 0.00, 0.00, 0.00
1974, 0, 74.393, 0.88, 1, 0.26, 0.00, 0.00, 0.00, 0.00, 0.00, 0.00, 0.00, 0.52, 0.00, 0.00, 0.11, 0.00, 0.00, 0.03, 0.12, 0.02, 0.00, 0.00, 0.00, 1.00, 0.00, 0.00, 0.00, 0.00, 0.00, 0.00, 0.00, 0.00, 0.00, 0.00, 0.00, 0.00, 0.00, 0.00
1975, 0, 74.431, 0.88, 1, 0.17, 0.00, 0.00, 0.00, 0.00, 0.00, 0.00, 0.31, 0.52, 0.00, 0.26, 0.07, 0.00, 0.00, 0.10, 0.00, 0.00, 0.00, 0.00, 0.00, 1.00, 0.00, 0.00, 0.00, 0.00, 0.00, 0.00, 0.00, 0.00, 0.00, 0.00, 0.00, 0.00, 0.00, 0.00
1976, 0, 74.469, 0.98, 1, 0.11, 0.00, 0.00, 0.00, 0.00, 0.00, 0.00, 0.60, 0.55, 0.00, 0.49, 0.07, 0.00, 0.00, 0.07, 0.00, 0.00, 0.00, 0.00, 0.00, 1.00, 0.00, 0.00, 0.00, 0.00, 1.00, 0.00, 0.00, 0.00, 0.00, 0.00, 0.00, 0.00, 0.00, 0.00
1977, 0, 74.506, 0.98, 1, 0.02, 0.00, 0.00, 0.00, 0.00, 0.00, 0.00, 0.84, 0.63, 0.00, 0.49, 0.07, 0.00, 0.00, 0.07, 0.00, 0.00, 0.00, 0.00, 0.00, 1.00, 0.00, 0.00, 0.00, 0.00, 1.00, 0.00, 0.00, 0.00, 0.00, 0.00, 0.00, 0.00, 0.00, 0.00
1978, 0, 74.544, 0.98, 1, 0.11, 0.00, 0.00, 0.00, 0.00, 0.00, 0.00, 0.74, 0.70, 0.00, 0.23, 0.00, 0.00, 0.00, 0.00, 0.00, 0.00, 0.00, 0.00, 0.00, 1.00, 0.00, 0.00, 0.00, 0.00, 1.00, 0.00, 0.00, 0.00, 0.00, 0.00, 0.00, 0.00, 0.00, 0.00
1979, 0, 74.582, 0.98, 1, 0.15, 0.00, 0.00, 0.00, 0.00, 0.00, 0.02, 0.59, 0.70, 0.00, 0.22, 0.00, 0.00, 0.00, 0.00, 0.00, 0.00, 0.00, 0.00, 0.00, 1.00, 0.00, 0.00, 0.00, 0.00, 1.00, 0.00, 0.00, 0.00, 0.00, 0.00, 0.00, 0.00, 0.00, 0.00
1980, 0, 74.619, 0.98, 1, 0.21, 0.00, 0.00, 0.00, 0.00, 0.00, 0.02, 0.36, 0.69, 0.08, 0.41, 0.04, 0.00, 0.00, 0.00, 0.07, 0.00, 0.00, 0.00, 0.00, 1.00, 0.00, 0.00, 0.00, 0.00, 1.00, 0.00, 0.00, 0.00, 0.00, 0.00, 0.00, 0.00, 0.00, 0.00
1981, 0, 74.657, 0.98, 1, 0.15, 0.00, 0.00, 0.00, 0.00, 0.00, 0.02, 0.18, 0.72, 0.42, 0.41, 0.17, 0.00, 0.00, 0.10, 0.48, 0.02, 0.00, 0.00, 0.00, 1.00, 0.00, 0.00, 0.00, 0.00, 1.00, 0.00, 0.00, 0.00, 0.00, 1.00, 0.00, 0.00, 0.00, 0.00
1982, 0, 74.695, 0.88, 1, 0.20, 0.00, 0.00, 0.00, 0.00, 0.00, 0.00, 0.05, 0.78, 0.78, 0.19, 0.39, 0.00, 0.01, 0.20, 0.81, 0.05, 0.00, 0.00, 0.00, 1.00, 0.00, 0.00, 0.00, 0.00, 1.00, 1.00, 0.00, 0.00, 0.00, 1.00, 0.00, 0.00, 0.00, 0.00
1983, 0, 74.733, 0.88, 1, 0.25, 0.05, 0.00, 0.00, 0.00, 0.00, 0.00, 0.04, 0.93, 1.09, 0.00, 0.41, 0.00, 0.02, 0.52, 1.07, 0.05, 0.00, 0.00, 0.00, 1.00, 0.00, 0.00, 0.00, 0.00, 1.00, 1.00, 0.00, 0.00, 0.00, 1.00, 0.00, 0.00, 0.00, 0.00
1984, 0, 74.770, 0.88, 1, 0.29, 0.05, 0.00, 0.00, 0.00, 0.00, 0.00, 0.00, 1.00, 1.15, 0.00, 0.30, 0.00, 0.03, 0.66, 1.04, 0.04, 0.00, 0.00, 0.00, 1.00, 0.00, 0.00, 0.00, 0.00, 1.00, 1.00, 0.00, 0.00, 0.00, 1.00, 0.00, 0.00, 0.00, 0.00
1985, 0, 74.808, 0.88, 1, 0.22, 0.24, 0.00, 0.05, 0.00, 0.00, 0.00, 0.03, 0.97, 0.94, 0.00, 0.20, 0.00, 0.02, 0.60, 0.82, 0.00, 0.00, 0.00, 0.00, 1.00, 0.00, 0.00, 0.00, 0.00, 1.00, 1.00, 0.00, 0.00, 0.00, 1.00, 0.00, 0.00, 0.00, 0.00
1986, 0, 74.846, 0.88, 1, 0.12, 0.36, 0.00, 0.15, 0.00, 0.00, 0.00, 0.15, 0.85, 0.77, 0.00, 0.19, 0.00, 0.01, 0.28, 0.59, 0.00, 0.00, 0.00, 0.00, 1.00, 0.00, 0.00, 0.00, 0.00, 1.00, 1.00, 0.00, 0.00, 0.00, 1.00, 0.00, 0.00, 0.00, 1.00
1987, 0, 74.883, 0.88, 1, 0.16, 0.58, 0.00, 0.21, 0.00, 0.00, 0.00, 0.23, 0.71, 0.67, 0.00, 0.26, 0.00, 0.00, 0.04, 0.43, 0.00, 0.00, 0.00, 0.00, 1.00, 0.00, 0.00, 0.00, 0.00, 1.00, 1.00, 0.00, 0.00, 0.00, 1.00, 0.00, 0.00, 0.00, 1.00
1988, 0, 74.921, 0.88, 1, 0.21, 0.56, 0.00, 0.31, 0.00, 0.00, 0.00, 0.28, 0.69, 0.88, 0.00, 0.20, 0.00, 0.00, 0.00, 0.46, 0.05, 0.00, 0.00, 0.00, 1.00, 0.00, 0.00, 0.00, 0.00, 1.00, 0.00, 0.00, 0.00, 0.00, 1.00, 0.00, 0.00, 0.00, 1.00
1989, 0, 74.959, 0.88, 1, 0.23, 0.38, 0.00, 0.25, 0.00, 0.00, 0.00, 0.27, 0.68, 0.78, 0.00, 0.18, 0.00, 0.00, 0.03, 0.52, 0.05, 0.00, 0.00, 0.00, 1.00, 0.00, 0.00, 0.00, 0.00, 1.00, 0.00, 0.00, 0.00, 0.00, 1.00, 0.00, 0.00, 0.00, 1.00
1990, 0, 74.997, 0.88, 1, 0.14, 0.30, 0.00, 0.38, 0.00, 0.00, 0.00, 0.52, 0.64, 0.48, 0.00, 0.22, 0.00, 0.00, 0.03, 0.32, 0.06, 0.00, 0.00, 0.00, 1.00, 0.00, 0.00, 0.00, 0.00, 1.00, 0.00, 0.00, 0.00, 0.00, 1.00, 0.00, 0.00, 0.00, 1.00
1991, 0, 75.034, 0.93, 1, 0.05, 0.26, 0.00, 0.34, 0.00, 0.00, 0.00, 0.79, 0.62, 0.28, 0.00, 0.32, 0.00, 0.00, 0.03, 0.20, 0.01, 0.00, 0.00, 0.00, 1.00, 0.00, 0.00, 0.00, 0.00, 1.00, 0.00, 0.00, 0.00, 0.00, 1.00, 0.00, 0.00, 0.00, 0.00
1992, 0, 75.072, 0.88, 1, 0.02, 0.38, 0.00, 0.30, 0.00, 0.00, 0.00, 0.86, 0.58, 0.30, 0.00, 0.47, 0.00, 0.00, 0.00, 0.04, 0.01, 0.00, 0.00, 0.00, 1.00, 0.00, 0.00, 0.00, 0.00, 1.00, 0.00, 0.00, 0.00, 0.00, 1.00, 0.00, 0.00, 0.00, 0.00
1993, 0, 75.110, 0.88, 1, 0.01, 0.26, 0.00, 0.26, 0.00, 0.00, 0.00, 0.79, 0.60, 0.45, 0.00, 0.37, 0.00, 0.00, 0.00, 0.07, 0.00, 0.00, 0.00, 0.00, 1.00, 0.00, 0.00, 0.00, 0.00, 1.00, 0.00, 0.00, 1.00, 0.00, 1.00, 0.00, 0.00, 0.00, 0.00
1994, 0, 75.147, 0.88, 1, 0.00, 0.12, 0.00, 0.27, 0.00, 0.00, 0.03, 0.64, 0.64, 0.46, 0.00, 0.21, 0.00, 0.00, 0.00, 0.05, 0.00, 0.00, 0.00, 0.00, 1.00, 0.00, 0.00, 0.00, 0.00, 1.00, 0.00, 0.00, 1.00, 0.00, 1.00, 0.00, 0.00, 0.00, 0.00
1995, 0, 75.185, 0.88, 1, 0.00, 0.00, 0.00, 0.27, 0.00, 0.00, 0.03, 0.69, 0.68, 0.43, 0.00, 0.28, 0.00, 0.00, 0.00, 0.30, 0.01, 0.00, 0.00, 0.00, 1.00, 0.00, 0.00, 0.00, 0.00, 1.00, 0.00, 0.00, 1.00, 0.00, 1.00, 0.00, 0.00, 0.00, 0.00
1996, 0, 75.223, 0.98, 1, 0.00, 0.00, 0.00, 0.13, 0.00, 0.00, 0.03, 0.63, 0.67, 0.40, 0.00, 0.52, 0.00, 0.00, 0.00, 0.50, 0.01, 0.00, 0.00, 0.00, 1.00, 0.00, 0.00, 0.00, 0.00, 1.00, 0.00, 0.00, 1.00, 0.00, 1.00, 0.00, 0.00, 0.00, 0.00
1997, 0, 75.260, 0.98, 1, 0.00, 0.00, 0.00, 0.01, 0.00, 0.00, 0.01, 0.70, 0.67, 0.51, 0.00, 0.66, 0.00, 0.00, 0.00, 0.79, 0.01, 0.00, 0.00, 0.00, 1.00, 0.00, 0.00, 0.00, 0.00, 1.00, 0.00, 0.00, 1.00, 0.00, 1.00, 0.00, 0.00, 0.00, 0.00
1998, 0, 75.298, 0.98, 1, 0.00, 0.00, 0.00, 0.01, 0.00, 0.00, 0.02, 0.82, 0.63, 0.61, 0.00, 0.41, 0.00, 0.00, 0.00, 0.70, 0.00, 0.00, 0.00, 0.00, 1.00, 0.00, 0.00, 0.00, 0.00, 1.00, 0.00, 0.00, 1.00, 0.00, 1.00, 0.00, 0.00, 0.00, 0.00
1999, 0, 75.336, 0.98, 1, 0.00, 0.07, 0.00, 0.00, 0.00, 0.00, 0.02, 0.85, 0.60, 0.65, 0.00, 0.37, 0.00, 0.01, 0.00, 0.68, 0.00, 0.00, 0.00, 0.00, 1.00, 0.00, 0.00, 0.00, 0.00, 1.00, 0.00, 0.00, 1.00, 0.00, 1.00, 0.00, 0.00, 0.00, 0.00
2000, 0, 75.374, 0.98, 1, 0.00, 0.07, 0.00, 0.00, 0.00, 0.00, 0.01, 0.77, 0.58, 0.44, 0.00, 0.50, 0.11, 0.01, 0.05, 0.52, 0.06, 0.00, 0.00, 0.00, 1.00, 0.00, 0.00, 0.00, 0.00, 1.00, 0.00, 0.00, 1.00, 0.00, 0.00, 0.00, 0.00, 0.00, 0.00
2001, 0, 75.411, 0.88, 1, 0.03, 0.19, 0.00, 0.28, 0.00, 0.00, 0.00, 0.42, 0.58, 0.45, 0.00, 0.78, 0.11, 0.01, 0.05, 0.62, 0.06, 0.00, 0.00, 0.00, 1.00, 0.00, 0.00, 0.00, 0.00, 1.00, 0.00, 0.00, 1.00, 0.00, 0.00, 0.00, 0.00, 0.00, 0.00
2002, 0, 75.449, 0.88, 1, 0.09, 0.21, 0.00, 0.57, 0.00, 0.00, 0.00, 0.19, 0.58, 0.52, 0.00, 0.84, 0.11, 0.00, 0.05, 0.70, 0.06, 0.00, 0.00, 0.00, 1.00, 0.00, 0.00, 0.00, 0.00, 1.00, 0.00, 0.00, 1.00, 0.00, 0.00, 0.00, 0.00, 0.00, 0.00
2003, 0, 75.487, 0.88, 1, 0.15, 0.45, 0.00, 0.77, 0.00, 0.00, 0.00, 0.00, 0.63, 0.66, 0.00, 1.35, 0.14, 0.00, 0.00, 1.10, 0.00, 0.00, 0.00, 0.00, 1.00, 0.00, 0.00, 0.00, 0.00, 1.00, 0.00, 0.00, 1.00, 0.00, 0.00, 0.00, 0.00, 0.00, 0.00
2004, 0, 75.524, 0.88, 1, 0.12, 0.48, 0.00, 0.53, 0.00, 0.00, 0.00, 0.00, 0.73, 0.43, 0.00, 1.62, 0.14, 0.01, 0.14, 1.05, 0.00, 0.00, 0.00, 0.00, 1.00, 0.00, 0.00, 0.00, 0.00, 1.00, 0.00, 0.00, 1.00, 0.00, 0.00, 0.00, 0.00, 0.00, 0.00
2005, 0, 75.562, 0.88, 1, 0.16, 0.59, 0.00, 0.24, 0.10, 0.00, 0.00, 0.27, 0.93, 0.51, 0.00, 1.67, 0.31, 0.01, 0.65, 1.15, 0.00, 0.00, 0.00, 0.00, 1.00, 0.00, 0.00, 0.00, 0.00, 1.00, 0.00, 0.00, 1.00, 0.00, 0.00, 0.00, 0.00, 0.00, 0.00
2006, 0, 75.600, 0.93, 1, 0.12, 0.44, 0.00, 0.04, 0.11, 0.00, 0.00, 0.38, 0.99, 0.59, 0.00, 1.05, 0.17, 0.01, 1.04, 0.85, 0.06, 0.00, 0.00, 0.00, 1.00, 0.00, 0.00, 0.00, 0.00, 1.00, 0.00, 0.00, 1.00, 0.00, 1.00, 1.00, 0.00, 0.00, 0.00
2007, 0, 75.637, 0.88, 1, 0.12, 0.29, 0.00, 0.11, 0.14, 0.00, 0.00, 0.72, 1.01, 0.79, 0.00, 0.64, 0.17, 0.00, 1.17, 0.80, 0.06, 0.00, 0.00, 0.00, 1.00, 0.00, 0.00, 0.00, 0.00, 1.00, 0.00, 0.00, 0.00, 0.00, 1.00, 1.00, 0.00, 0.00, 1.00
2008, 0, 75.675, 0.88, 1, 0.02, 0.09, 0.00, 0.19, 0.06, 0.00, 0.00, 0.63, 0.89, 0.69, 0.00, 0.34, 0.00, 0.00, 0.92, 0.80, 0.06, 0.00, 0.00, 0.00, 1.00, 0.00, 0.00, 0.00, 0.00, 1.00, 0.00, 0.00, 0.00, 0.00, 1.00, 1.00, 0.00, 0.00, 1.00
2009, 0, 75.713, 0.98, 1, 0.02, 0.00, 0.00, 0.19, 0.08, 0.00, 0.00, 0.53, 0.75, 0.41, 0.00, 0.27, 0.00, 0.00, 0.54, 0.79, 0.00, 0.00, 0.00, 0.00, 1.00, 0.00, 0.00, 0.00, 0.00, 1.00, 0.00, 0.00, 0.00, 0.00, 1.00, 1.00, 0.00, 0.00, 1.00
2010, 0, 75.751, 0.98, 1, 0.16, 0.00, 0.00, 0.08, 0.04, 0.00, 0.00, 0.29, 0.71, 0.34, 0.09, 0.34, 0.20, 0.00, 0.27, 0.61, 0.00, 0.00, 0.00, 0.00, 1.00, 0.00, 0.00, 0.00, 0.00, 1.00, 0.00, 0.00, 0.00, 0.00, 1.00, 0.00, 0.00, 0.00, 1.00
2011, 0, 75.788, 0.93, 1, 0.33, 0.08, 0.00, 0.00, 0.02, 0.00, 0.00, 0.11, 0.72, 0.20, 0.09, 0.41, 0.37, 0.00, 0.00, 0.38, 0.00, 0.00, 0.00, 0.00, 1.00, 0.00, 0.00, 0.00, 0.00, 1.00, 0.00, 0.00, 0.00, 0.00, 1.00, 0.00, 0.00, 0.00, 0.00
2012, 0, 75.826, 0.93, 1, 0.50, 0.23, 0.00, 0.00, 0.00, 0.00, 0.00, 0.11, 0.80, 0.20, 0.55, 0.44, 0.46, 0.00, 0.00, 0.22, 0.00, 0.00, 0.00, 0.00, 1.00, 0.00, 0.00, 0.00, 0.00, 1.00, 0.00, 0.00, 1.00, 0.00, 1.00, 0.00, 0.00, 0.00, 0.00
2013, 0, 75.864, 0.98, 1, 0.58, 0.50, 0.00, 0.00, 0.00, 0.00, 0.00, 0.01, 0.85, 0.40, 0.52, 0.44, 0.26, 0.00, 0.19, 0.42, 0.00, 0.00, 0.00, 0.00, 1.00, 0.00, 0.00, 0.00, 0.00, 1.00, 0.00, 0.00, 1.00, 0.00, 1.00, 0.00, 0.00, 0.00, 0.00
2014, 0, 75.901, 0.88, 1, 0.74, 0.83, 0.00, 0.16, 0.00, 0.00, 0.00, 0.00, 0.78, 0.54, 0.65, 0.51, 0.09, 0.00, 0.41, 0.26, 0.00, 0.00, 0.00, 0.00, 1.00, 0.00, 0.00, 0.00, 0.00, 1.00, 0.00, 0.00, 1.00, 0.00, 1.00, 0.00, 0.00, 0.00, 0.00
2015, 0, 75.939, 0.88, 1, 0.54, 0.77, 0.00, 0.16, 0.03, 0.00, 0.00, 0.18, 0.85, 0.71, 0.23, 0.64, 0.10, 0.00, 0.60, 0.50, 0.00, 0.00, 0.00, 0.00, 1.00, 0.00, 0.00, 0.00, 0.00, 1.00, 0.00, 0.00, 1.00, 0.00, 1.00, 0.00, 0.00, 0.00, 0.00
2016, 0, 75.977, 0.88, 1, 0.33, 0.56, 0.00, 0.16, 0.11, 0.00, 0.00, 0.27, 0.94, 0.54, 0.17, 0.63, 0.10, 0.00, 0.55, 0.32, 0.00, 0.00, 0.00, 0.00, 1.00, 0.00, 0.00, 0.00, 0.00, 1.00, 1.00, 0.00, 1.00, 0.00, 1.00, 0.00, 0.00, 0.00, 1.00
2017, 0, 76.015, 0.88, 1, 0.00, 0.16, 0.00, 0.00, 0.20, 0.00, 0.00, 0.42, 1.15, 0.53, 0.04, 0.68, 0.10, 0.00, 0.51, 0.39, 0.00, 0.00, 0.00, 0.00, 1.00, 0.00, 0.00, 0.00, 0.00, 1.00, 1.00, 0.00, 1.00, 0.00, 1.00, 0.00, 0.00, 0.00, 1.00
2018, 0, 76.052, 0.88, 1, 0.00, 0.07, 0.00, 0.01, 0.22, 0.00, 0.00, 0.42, 1.22, 0.59, 0.00, 0.69, 0.03, 0.00, 0.46, 0.16, 0.00, 0.00, 0.00, 0.00, 1.00, 0.00, 0.00, 0.00, 0.00, 1.00, 1.00, 0.00, 1.00, 0.00, 1.00, 0.00, 0.00, 0.00, 1.00
2019, 0, 76.090, 0.88, 1, 0.00, 0.00, 0.00, 0.01, 0.15, 0.00, 0.00, 0.56, 1.19, 0.61, 0.59, 0.70, 0.03, 0.00, 0.74, 0.27, 0.00, 0.00, 0.00, 0.00, 1.00, 0.00, 0.00, 0.00, 0.00, 1.00, 1.00, 0.00, 1.00, 0.00, 1.00, 0.00, 0.00, 0.00, 1.00
2020, 0, 76.128, 0.88, 1, 0.00, 0.00, 0.00, 0.14, 0.15, 0.00, 0.00, 0.52, 1.10, 0.56, 0.59, 0.64, 0.03, 0.01, 0.60, 0.23, 0.00, 0.00, 0.00, 0.00, 1.00, 0.00, 0.00, 0.00, 0.00, 1.00, 0.00, 0.00, 1.00, 0.00, 1.00, 0.00, 0.00, 0.00, 1.00
2021, 0, 76.165, 0.98, 1, 0.00, 0.00, 0.00, 0.27, 0.19, 0.00, 0.00, 0.47, 1.01, 0.33, 1.02, 0.64, 0.00, 0.08, 0.46, 0.33, 0.00, 0.00, 0.00, 0.00, 1.00, 0.00, 0.00, 0.00, 0.00, 1.00, 0.00, 0.00, 1.00, 0.00, 1.00, 0.00, 0.00, 0.00, 0.00
2022, 0, 76.203, 0.98, 1, 0.00, 0.00, 0.00, 0.38, 0.30, 0.00, 0.00, 0.39, 0.98, 0.15, 0.73, 0.71, 0.00, 0.13, 0.03, 0.41, 0.00, 0.00, 0.00, 0.00, 1.00, 0.00, 0.00, 0.00, 0.00, 1.00, 0.00, 0.00, 1.00, 0.00, 1.00, 0.00, 0.00, 0.00, 0.00
2023, 0, 76.241, 0.98, 1, 0.00, 0.00, 0.00, 0.56, 0.28, 0.00, 0.00, 0.42, 0.98, 0.03, 0.78, 0.82, 0.00, 0.21, 0.01, 0.64, 0.00, 0.00, 0.00, 0.00, 1.00, 0.00, 0.00, 0.00, 0.00, 1.00, 0.00, 0.00, 1.00, 0.00, 1.00, 0.00, 0.00, 0.00, 0.00
2024, 0, 76.278, 0.98, 1, 0.00, 0.00, 0.00, 0.71, 0.25, 0.00, 0.00, 0.46, 1.02, 0.09, 0.43, 0.85, 0.00, 0.18, 0.01, 0.73, 0.00, 0.00, 0.00, 0.00, 1.00, 0.00, 0.00, 0.00, 0.00, 1.00, 0.00, 0.00, 1.00, 0.00, 1.00, 0.00, 0.00, 0.00, 0.00
2025, 0, 76.316, 0.98, 1, 0.02, 0.18, 0.00, 0.72, 0.13, 0.00, 0.00, 0.54, 0.93, 0.44, 0.13, 0.86, 0.00, 0.14, 0.05, 0.51, 0.00, 0.00, 0.00, 0.00, 1.00, 0.00, 0.00, 0.00, 0.00, 1.00, 0.00, 0.00, 1.00, 0.00, 1.00, 0.00, 0.00, 0.00, 0.00
2026, 0, 76.354, 0.98, 1, 0.02, 0.45, 0.00, 0.59, 0.07, 0.00, 0.00, 0.43, 0.82, 0.55, 0.08, 0.93, 0.00, 0.11, 0.14, 0.31, 0.00, 0.00, 1.00, 0.00, 1.00, 0.00, 0.00, 0.00, 0.00, 1.00, 0.00, 0.00, 1.00, 0.00, 1.00, 0.00, 0.00, 0.00, 0.00
2027, 0, 76.392, 0.98, 1, 0.02, 0.66, 0.00, 0.56, 0.00, 0.00, 0.00, 0.32, 0.82, 0.60, 0.00, 0.86, 0.00, 0.06, 0.39, 0.19, 0.00, 0.00, 1.00, 0.00, 1.00, 0.00, 0.00, 0.00, 0.00, 1.00, 0.00, 0.00, 0.00, 0.00, 1.00, 1.00, 0.00, 0.00, 0.00
2028, 0, 76.429, 0.98, 1, 0.07, 0.81, 0.00, 0.56, 0.00, 0.00, 0.00, 0.22, 0.95, 0.53, 0.00, 0.91, 0.00, 0.06, 0.80, 0.65, 0.00, 0.00, 1.00, 0.00, 1.00, 0.00, 0.00, 0.00, 0.00, 1.00, 0.00, 0.00, 0.00, 0.00, 1.00, 1.00, 1.00, 0.00, 0.00
2029, 0, 76.467, 0.98, 1, 0.18, 1.05, 0.00, 0.45, 0.00, 0.00, 0.00, 0.24, 1.03, 0.55, 0.08, 0.75, 0.00, 0.00, 1.04, 0.61, 0.00, 0.00, 1.00, 0.00, 1.00, 0.00, 0.00, 0.00, 0.00, 1.00, 0.00, 0.00, 0.00, 0.00, 1.00, 1.00, 1.00, 0.00, 0.00
2030, 0, 76.505, 0.98, 1, 0.38, 1.15, 0.00, 0.25, 0.05, 0.00, 0.00, 0.36, 0.91, 0.60, 0.08, 0.75, 0.19, 0.00, 1.26, 0.63, 0.00, 0.00, 1.00, 0.00, 1.00, 0.00, 0.00, 0.00, 0.00, 1.00, 0.00, 0.00, 0.00, 0.00, 0.00, 1.00, 1.00, 0.00, 0.00
2031, 0, 76.542, 0.98, 1, 0.49, 0.98, 0.00, 0.21, 0.05, 0.00, 0.00, 0.39, 0.85, 0.58, 0.08, 0.58, 0.27, 0.00, 1.34, 0.46, 0.00, 0.00, 1.00, 0.00, 1.00, 0.00, 0.00, 0.00, 0.00, 1.00, 0.00, 0.00, 0.00, 0.00, 0.00, 1.00, 1.00, 0.00, 0.00
2032, 0, 76.580, 0.98, 1, 0.50, 0.67, 0.00, 0.22, 0.04, 0.00, 0.00, 0.38, 0.83, 0.60, 0.00, 0.49, 0.34, 0.00, 1.54, 0.79, 0.00, 0.00, 1.00, 0.00, 1.00, 0.00, 0.00, 0.00, 0.00, 1.00, 0.00, 0.00, 1.00, 0.00, 0.00, 1.00, 0.00, 0.00, 0.00
2033, 0, 76.618, 0.98, 1, 0.36, 0.45, 0.00, 0.41, 0.00, 0.00, 0.00, 0.22, 0.81, 0.78, 0.00, 0.37, 0.36, 0.00, 1.54, 1.00, 0.00, 0.00, 1.00, 0.00, 1.00, 0.00, 0.00, 0.00, 0.00, 1.00, 0.00, 0.00, 0.00, 0.00, 0.00, 1.00, 0.00, 0.00, 0.00
2034, 0, 76.656, 0.98, 1, 0.18, 0.35, 0.00, 0.66, 0.01, 0.00, 0.00, 0.13, 0.76, 0.85, 0.00, 0.54, 0.28, 0.00, 1.50, 1.04, 0.00, 0.00, 0.00, 0.00, 1.00, 0.00, 0.00, 0.00, 0.00, 1.00, 0.00, 0.00, 0.00, 0.00, 0.00, 0.00, 0.00, 0.00, 0.00
2035, 0, 76.693, 0.98, 1, 0.17, 0.24, 0.00, 0.76, 0.03, 0.00, 0.00, 0.08, 0.63, 0.66, 1.02, 0.80, 0.21, 0.22, 1.34, 1.30, 0.00, 0.00, 1.00, 0.00, 1.00, 0.00, 0.00, 0.00, 0.00, 1.00, 0.00, 0.00, 0.00, 0.00, 0.00, 0.00, 0.00, 0.00, 0.00
2036, 0, 76.731, 0.98, 1, 0.16, 0.17, 0.00, 0.76, 0.06, 0.00, 0.00, 0.07, 0.57, 0.39, 1.86, 0.96, 0.00, 0.36, 1.22, 1.49, 0.00, 0.00, 1.00, 0.00, 1.00, 0.00, 0.00, 0.00, 0.00, 1.00, 0.00, 0.00, 0.00, 0.00, 1.00, 0.00, 0.00, 0.00, 0.00
2037, 0, 76.769, 0.98, 1, 0.45, 0.69, 0.03, 0.45, 0.05, 0.00, 0.00, 0.04, 0.48, 0.14, 2.55, 0.85, 0.00, 0.36, 0.81, 1.60, 0.00, 0.00, 1.00, 0.00, 1.00, 0.00, 0.00, 0.00, 0.00, 1.00, 0.00, 0.00, 0.00, 0.00, 1.00, 0.00, 0.00, 0.00, 0.00
2038, 0, 76.806, 0.93, 1, 0.55, 0.86, 0.03, 0.36, 0.03, 0.00, 0.01, 0.18, 0.51, 0.14, 1.73, 0.74, 0.00, 0.14, 0.45, 1.19, 0.00, 0.00, 1.00, 0.00, 1.00, 0.00, 0.00, 0.00, 0.00, 1.00, 0.00, 0.00, 0.00, 0.00, 1.00, 0.00, 0.00, 0.00, 0.00
2039, 0, 76.844, 0.88, 1, 0.74, 1.11, 0.03, 0.11, 0.00, 0.00, 0.12, 0.37, 0.52, 0.08, 1.05, 0.65, 0.00, 0.00, 0.09, 0.62, 0.04, 0.00, 1.00, 0.00, 1.00, 0.00, 0.00, 0.00, 0.00, 1.00, 0.00, 0.00, 0.00, 0.00, 1.00, 0.00, 0.00, 0.00, 0.00
2040, 0, 76.882, 0.88, 1, 0.69, 0.73, 0.00, 0.08, 0.00, 0.00, 0.12, 0.33, 0.52, 0.00, 0.76, 0.87, 0.00, 0.00, 0.00, 0.17, 0.04, 0.00, 0.00, 0.00, 1.00, 0.00, 0.00, 0.00, 0.00, 1.00, 0.00, 0.00, 0.00, 0.00, 1.00, 0.00, 0.00, 0.00, 0.00
2041, 0, 76.919, 0.88, 1, 0.62, 0.57, 0.00, 0.00, 0.00, 0.00, 0.11, 0.19, 0.46, 0.00, 0.64, 1.12, 0.00, 0.00, 0.24, 0.00, 0.04, 0.00, 0.00, 0.00, 1.00, 0.00, 0.00, 0.00, 0.00, 1.00, 0.00, 0.00, 1.00, 0.00, 1.00, 0.00, 0.00, 0.00, 0.00
2042, 0, 76.957, 0.98, 1, 0.56, 0.41, 0.00, 0.09, 0.00, 0.00, 0.00, 0.00, 0.43, 0.00, 0.73, 1.23, 0.00, 0.00, 0.76, 0.06, 0.00, 0.00, 0.00, 0.00, 1.00, 0.00, 0.00, 0.00, 0.00, 1.00, 0.00, 0.00, 1.00, 0.00, 1.00, 0.00, 0.00, 0.00, 0.00
2043, 0, 76.995, 0.98, 1, 0.51, 0.37, 0.00, 0.11, 0.00, 0.00, 0.06, 0.01, 0.44, 0.11, 0.34, 1.07, 0.00, 0.00, 0.91, 0.25, 0.03, 0.00, 0.00, 0.00, 1.00, 0.00, 0.00, 0.00, 0.00, 1.00, 0.00, 0.00, 1.00, 0.00, 1.00, 0.00, 0.00, 0.00, 0.00
2044, 0, 77.033, 0.98, 1, 0.52, 0.35, 0.00, 0.13, 0.00, 0.00, 0.18, 0.04, 0.51, 0.25, 0.25, 0.64, 0.00, 0.01, 0.96, 0.31, 0.14, 0.00, 0.00, 0.00, 1.00, 0.00, 0.00, 0.00, 0.00, 1.00, 0.00, 0.00, 1.00, 0.00, 1.00, 0.00, 0.00, 0.00, 0.00
2045, 0, 77.070, 0.98, 1, 0.40, 0.33, 0.00, 0.05, 0.00, 0.00, 0.31, 0.20, 0.46, 0.45, 0.00, 0.78, 0.30, 0.01, 0.45, 0.44, 0.14, 0.00, 0.00, 0.00, 1.00, 0.00, 0.00, 0.00, 0.00, 1.00, 0.00, 0.00, 1.00, 0.00, 1.00, 0.00, 0.00, 0.00, 0.00
2046, 0, 77.108, 0.98, 1, 0.28, 0.24, 0.00, 0.04, 0.00, 0.00, 0.39, 0.38, 0.39, 0.54, 0.00, 0.94, 0.54, 0.02, 0.30, 0.39, 0.10, 0.00, 1.00, 0.00, 1.00, 0.00, 0.00, 0.00, 0.00, 1.00, 0.00, 1.00, 1.00, 0.00, 1.00, 0.00, 0.00, 0.00, 0.00
2047, 0, 77.146, 0.98, 1, 0.13, 0.15, 0.00, 0.03, 0.00, 0.00, 0.39, 0.51, 0.37, 0.54, 0.61, 1.04, 0.61, 0.01, 0.01, 0.34, 0.00, 0.00, 1.00, 0.00, 1.00, 0.00, 0.00, 0.00, 0.00, 1.00, 0.00, 1.00, 1.00, 0.00, 1.00, 0.00, 0.00, 0.00, 0.00
2048, 0, 77.183, 0.98, 1, 0.24, 0.34, 0.00, 0.03, 0.00, 0.00, 0.29, 0.40, 0.44, 0.34, 1.07, 0.85, 0.31, 0.01, 0.01, 0.15, 0.00, 0.00, 1.00, 0.00, 1.00, 0.00, 0.00, 0.00, 0.00, 1.00, 0.00, 1.00, 0.00, 0.00, 1.00, 0.00, 0.00, 0.00, 0.00
2049, 0, 77.221, 0.98, 1, 0.40, 0.57, 0.00, 0.05, 0.00, 0.00, 0.15, 0.21, 0.44, 0.14, 1.07, 0.54, 0.07, 0.00, 0.01, 0.00, 0.00, 0.00, 1.00, 0.00, 1.00, 0.00, 0.00, 0.00, 0.00, 1.00, 0.00, 1.00, 1.00, 0.00, 1.00, 0.00, 0.00, 0.00, 0.00
2050, 0, 77.259, 0.98, 1, 0.56, 0.58, 0.00, 0.03, 0.00, 0.00, 0.04, 0.15, 0.49, 0.05, 0.46, 0.64, 0.00, 0.00, 0.06, 0.12, 0.16, 0.00, 1.00, 0.00, 1.00, 0.00, 0.00, 0.00, 0.00, 1.00, 0.00, 1.00, 1.00, 0.00, 1.00, 0.00, 0.00, 0.00, 0.00
2051, 0, 77.297, 0.93, 1, 0.48, 0.53, 0.00, 0.14, 0.00, 0.00, 0.00, 0.10, 0.57, 0.13, 0.00, 0.91, 0.00, 0.00, 0.06, 0.31, 0.27, 0.00, 1.00, 0.00, 1.00, 0.00, 0.00, 0.00, 0.00, 1.00, 0.00, 1.00, 1.00, 0.00, 1.00, 0.00, 0.00, 0.00, 0.00
2052, 0, 77.334, 0.88, 1, 0.35, 0.50, 0.00, 0.26, 0.00, 0.00, 0.00, 0.10, 0.74, 0.25, 0.00, 1.27, 0.00, 0.00, 0.06, 0.54, 0.36, 0.00, 1.00, 0.00, 1.00, 0.00, 0.00, 0.00, 0.00, 1.00, 0.00, 1.00, 1.00, 0.00, 1.00, 0.00, 0.00, 0.00, 0.00
2053, 0, 77.372, 0.88, 1, 0.35, 0.65, 0.00, 0.26, 0.00, 0.00, 0.00, 0.08, 0.70, 0.40, 0.00, 1.45, 0.05, 0.00, 0.00, 0.67, 0.49, 0.00, 1.00, 0.00, 1.00, 0.00, 0.00, 0.00, 0.00, 1.00, 0.00, 1.00, 1.00, 0.00, 1.00, 0.00, 0.00, 0.00, 0.00
2054, 0, 77.410, 0.88, 1, 0.35, 0.53, 0.00, 0.15, 0.00, 0.00, 0.00, 0.16, 0.62, 0.31, 0.00, 1.35, 0.06, 0.00, 0.00, 0.68, 0.68, 0.00, 1.00, 0.00, 1.00, 0.00, 0.00, 0.00, 0.00, 1.00, 0.00, 1.00, 1.00, 0.00, 1.00, 0.00, 0.00, 0.00, 0.00
2055, 0, 77.447, 0.88, 1, 0.41, 0.42, 0.00, 0.00, 0.00, 0.00, 0.01, 0.16, 0.45, 0.27, 0.50, 1.01, 0.06, 0.00, 0.07, 0.51, 0.62, 0.00, 1.00, 0.00, 1.00, 0.00, 0.00, 0.00, 0.00, 1.00, 0.00, 1.00, 1.00, 0.00, 1.00, 0.00, 0.00, 0.00, 0.00
2056, 0, 77.485, 0.88, 1, 0.39, 0.54, 0.00, 0.00, 0.00, 0.00, 0.01, 0.09, 0.47, 0.15, 0.77, 0.79, 0.02, 0.00, 0.18, 0.26, 0.33, 0.00, 1.00, 0.00, 1.00, 0.00, 0.00, 0.00, 0.00, 1.00, 0.00, 0.00, 0.00, 0.00, 1.00, 0.00, 0.00, 0.00, 0.00
2057, 0, 77.523, 0.88, 1, 0.38, 0.60, 0.00, 0.00, 0.00, 0.00, 0.01, 0.21, 0.64, 0.21, 0.94, 0.58, 0.00, 0.00, 0.56, 0.38, 0.04, 0.00, 1.00, 0.00, 1.00, 0.00, 0.00, 0.00, 0.00, 1.00, 0.00, 0.00, 0.00, 0.00, 1.00, 0.00, 0.00, 0.00, 0.00
2058, 0, 77.560, 0.93, 1, 0.35, 0.57, 0.00, 0.00, 0.00, 0.00, 0.00, 0.36, 0.81, 0.22, 0.62, 0.70, 0.05, 0.00, 0.90, 0.67, 0.01, 0.00, 1.00, 0.00, 1.00, 0.00, 0.00, 0.00, 0.00, 1.00, 0.00, 0.00, 0.00, 0.00, 1.00, 0.00, 0.00, 0.00, 0.00
2059, 0, 77.598, 0.93, 1, 0.35, 0.62, 0.00, 0.00, 0.00, 0.00, 0.00, 0.44, 0.83, 0.26, 0.34, 0.66, 0.05, 0.00, 0.97, 0.95, 0.01, 0.00, 1.00, 0.00, 1.00, 0.00, 0.00, 0.00, 0.00, 1.00, 0.00, 0.00, 0.00, 0.00, 1.00, 0.00, 0.00, 0.00, 0.00
2060, 0, 77.636, 0.93, 1, 0.50, 0.53, 0.00, 0.00, 0.00, 0.00, 0.04, 0.26, 0.79, 0.19, 0.34, 0.96, 0.05, 0.04, 0.59, 0.64, 0.18, 0.00, 0.00, 0.00, 1.00, 0.00, 0.00, 0.00, 0.00, 1.00, 0.00, 0.00, 0.00, 0.00, 1.00, 0.00, 0.00, 0.00, 0.00
2061, 0, 77.674, 0.98, 1, 0.50, 0.48, 0.00, 0.00, 0.00, 0.00, 0.07, 0.11, 0.78, 0.11, 0.32, 0.95, 0.00, 0.04, 0.19, 0.44, 0.18, 0.00, 0.00, 0.00, 1.00, 0.00, 0.00, 0.00, 0.00, 1.00, 0.00, 0.00, 1.00, 0.00, 1.00, 0.00, 0.00, 0.00, 0.00
2062, 0, 77.711, 0.98, 1, 0.45, 0.20, 0.00, 0.00, 0.00, 0.00, 0.11, 0.02, 0.76, 0.00, 0.32, 1.03, 0.00, 0.10, 0.00, 0.30, 0.18, 0.00, 0.00, 0.00, 1.00, 0.00, 0.00, 0.00, 0.00, 1.00, 0.00, 0.00, 1.00, 0.00, 1.00, 0.00, 0.00, 0.00, 0.00
2063, 0, 77.749, 0.88, 1, 0.39, 0.15, 0.00, 0.00, 0.00, 0.00, 0.08, 0.00, 0.74, 0.00, 0.15, 0.83, 0.00, 0.08, 0.00, 0.44, 0.00, 0.00, 0.00, 0.00, 1.00, 0.00, 0.00, 0.00, 0.00, 1.00, 0.00, 1.00, 1.00, 0.00, 1.00, 0.00, 0.00, 0.00, 0.00
2064, 0, 77.787, 0.88, 1, 0.44, 0.07, 0.00, 0.00, 0.00, 0.00, 0.05, 0.02, 0.76, 0.00, 0.00, 0.86, 0.00, 0.08, 0.00, 0.49, 0.00, 0.00, 0.00, 0.00, 1.00, 0.00, 0.00, 0.00, 0.00, 1.00, 0.00, 1.00, 1.00, 0.00, 1.00, 0.00, 0.00, 0.00, 0.00
2065, 0, 77.824, 0.93, 1, 0.47, 0.11, 0.00, 0.00, 0.00, 0.00, 0.01, 0.02, 0.62, 0.10, 0.07, 0.85, 0.00, 0.02, 0.00, 0.34, 0.10, 0.00, 0.00, 0.00, 1.00, 0.00, 0.00, 0.00, 0.00, 1.00, 0.00, 1.00, 1.00, 0.00, 0.00, 0.00, 0.00, 0.00, 0.00
2066, 0, 77.862, 0.88, 1, 0.41, 0.35, 0.00, 0.00, 0.00, 0.00, 0.01, 0.02, 0.45, 0.23, 0.07, 0.92, 0.02, 0.00, 0.00, 0.21, 0.11, 0.00, 0.00, 0.00, 1.00, 0.00, 0.00, 0.00, 0.00, 1.00, 0.00, 1.00, 1.00, 1.00, 0.00, 0.00, 0.00, 0.00, 0.00
2067, 0, 77.900, 0.88, 1, 0.54, 0.70, 0.00, 0.00, 0.00, 0.00, 0.01, 0.06, 0.32, 0.25, 0.44, 0.82, 0.12, 0.00, 0.26, 0.00, 0.23, 0.00, 0.00, 0.00, 1.00, 0.00, 0.00, 0.00, 0.00, 1.00, 0.00, 1.00, 1.00, 1.00, 0.00, 0.00, 0.00, 0.00, 0.00
2068, 0, 77.938, 0.88, 1, 0.46, 0.63, 0.00, 0.00, 0.00, 0.00, 0.01, 0.28, 0.52, 0.58, 0.37, 0.85, 0.41, 0.00, 0.26, 0.11, 0.13, 0.00, 0.00, 0.00, 1.00, 0.00, 0.00, 0.00, 0.00, 1.00, 0.00, 1.00, 1.00, 1.00, 0.00, 0.00, 0.00, 0.00, 0.00
2069, 0, 77.975, 0.98, 1, 0.33, 0.38, 0.00, 0.00, 0.00, 0.00, 0.00, 0.51, 0.76, 0.83, 0.37, 0.74, 0.66, 0.00, 0.27, 0.20, 0.14, 0.00, 0.00, 0.00, 1.00, 0.00, 0.00, 0.00, 0.00, 1.00, 0.00, 1.00, 1.00, 1.00, 0.00, 0.00, 0.00, 0.00, 0.00
2070, 0, 78.013, 0.98, 1, 0.03, 0.07, 0.00, 0.04, 0.00, 0.00, 0.00, 0.56, 0.95, 0.81, 0.00, 1.01, 0.57, 0.00, 0.48, 0.33, 0.02, 0.00, 0.00, 0.00, 1.00, 0.00, 0.00, 0.00, 0.00, 1.00, 0.00, 1.00, 1.00, 1.00, 0.00, 0.00, 0.00, 0.00, 0.00
2071, 0, 78.051, 0.98, 1, 0.00, 0.15, 0.00, 0.27, 0.00, 0.00, 0.00, 0.37, 1.00, 0.61, 0.03, 1.11, 0.27, 0.00, 0.74, 0.34, 0.02, 0.00, 0.00, 0.00, 1.00, 0.00, 0.00, 0.00, 0.00, 1.00, 0.00, 1.00, 1.00, 0.00, 0.00, 0.00, 0.00, 0.00, 0.00
2072, 0, 78.088, 0.98, 1, 0.00, 0.15, 0.00, 0.30, 0.04, 0.00, 0.00, 0.21, 1.10, 0.27, 0.11, 1.19, 0.01, 0.00, 0.92, 0.25, 0.10, 0.00, 0.00, 0.00, 1.00, 0.00, 0.00, 0.00, 0.00, 1.00, 0.00, 1.00, 1.00, 0.00, 0.00, 0.00, 0.00, 0.00, 0.00
2073, 0, 78.126, 0.98, 1, 0.00, 0.11, 0.00, 0.32, 0.04, 0.00, 0.00, 0.10, 1.22, 0.27, 0.18, 1.00, 0.00, 0.00, 0.57, 0.33, 0.10, 0.00, 0.00, 0.00, 1.00, 0.00, 0.00, 0.00, 0.00, 1.00, 0.00, 1.00, 1.00, 0.00, 0.00, 0.00, 0.00, 0.00, 0.00
2074, 0, 78.164, 0.98, 1, 0.00, 0.00, 0.00, 0.09, 0.07, 0.00, 0.00, 0.07, 1.24, 0.05, 0.39, 0.96, 0.00, 0.00, 0.42, 0.26, 0.10, 0.00, 0.00, 0.00, 1.00, 0.00, 0.00, 0.00, 0.00, 1.00, 0.00, 1.00, 1.00, 0.00, 0.00, 0.00, 0.00, 0.00, 0.00
2075, 0, 78.201, 0.98, 1, 0.00, 0.00, 0.00, 0.22, 0.04, 0.00, 0.00, 0.00, 1.13, 0.03, 0.32, 0.91, 0.00, 0.03, 0.23, 0.68, 0.00, 0.00, 0.00, 0.00, 1.00, 0.00, 0.00, 0.00, 0.00, 1.00, 0.00, 1.00, 1.00, 0.00, 0.00, 0.00, 0.00, 0.00, 0.00
2076, 0, 78.239, 0.98, 1, 0.00, 0.00, 0.00, 0.15, 0.04, 0.00, 0.05, 0.00, 0.97, 0.09, 0.24, 1.00, 0.00, 0.16, 0.16, 1.01, 0.00, 0.00, 0.00, 0.00, 1.00, 0.00, 0.00, 0.00, 0.00, 1.00, 0.00, 0.00, 1.00, 0.00, 0.00, 0.00, 0.00, 0.00, 0.00
2077, 0, 78.277, 0.98, 1, 0.00, 0.00, 0.00, 0.15, 0.09, 0.00, 0.11, 0.00, 0.86, 0.34, 0.00, 0.95, 0.00, 0.31, 0.07, 1.37, 0.00, 0.00, 0.00, 0.00, 1.00, 0.00, 0.00, 0.00, 0.00, 1.00, 1.00, 0.00, 1.00, 0.00, 0.00, 0.00, 0.00, 0.00, 0.00
2078, 0, 78.315, 0.98, 1, 0.00, 0.00, 0.00, 0.00, 0.17, 0.12, 0.18, 0.00, 0.90, 0.56, 0.00, 0.82, 0.00, 0.32, 0.14, 1.38, 0.00, 0.00, 0.00, 0.00, 1.00, 0.00, 0.00, 0.00, 0.00, 1.00, 1.00, 0.00, 1.00, 0.00, 0.00, 0.00, 0.00, 0.00, 0.00
2079, 0, 78.352, 0.98, 1, 0.00, 0.00, 0.00, 0.00, 0.36, 0.26, 0.18, 0.06, 0.97, 0.83, 0.00, 0.71, 0.00, 0.22, 0.20, 1.19, 0.00, 0.00, 0.00, 0.00, 1.00, 0.00, 0.00, 0.00, 0.00, 1.00, 1.00, 0.00, 1.00, 0.00, 0.00, 0.00, 0.00, 0.00, 0.00
2080, 0, 78.390, 0.98, 1, 0.00, 0.00, 0.00, 0.06, 0.36, 0.26, 0.12, 0.09, 1.13, 0.71, 0.00, 0.81, 0.00, 0.06, 0.57, 1.02, 0.00, 0.00, 0.00, 0.00, 1.00, 0.00, 0.00, 0.00, 0.00, 1.00, 1.00, 0.00, 1.00, 0.00, 0.00, 1.00, 0.00, 0.00, 0.00
2081, 0, 78.428, 0.98, 1, 0.00, 0.00, 0.00, 0.11, 0.33, 0.14, 0.05, 0.09, 1.19, 0.61, 0.00, 1.09, 0.00, 0.02, 0.92, 0.85, 0.00, 0.00, 0.00, 0.00, 1.00, 0.00, 0.00, 0.00, 0.00, 1.00, 1.00, 0.00, 1.00, 0.00, 0.00, 1.00, 0.00, 0.00, 0.00
2082, 0, 78.465, 0.98, 1, 0.00, 0.01, 0.00, 0.33, 0.15, 0.00, 0.00, 0.03, 1.19, 0.35, 0.00, 0.97, 0.00, 0.00, 1.05, 0.49, 0.00, 0.00, 0.00, 0.00, 1.00, 0.00, 0.00, 0.00, 0.00, 1.00, 1.00, 0.00, 1.00, 0.00, 0.00, 1.00, 0.00, 0.00, 0.00
2083, 0, 78.503, 0.98, 1, 0.00, 0.01, 0.00, 0.30, 0.08, 0.00, 0.00, 0.00, 1.20, 0.41, 0.03, 0.69, 0.00, 0.00, 1.06, 0.33, 0.00, 0.00, 0.00, 0.00, 1.00, 0.00, 0.00, 0.00, 0.00, 1.00, 1.00, 0.00, 1.00, 0.00, 0.00, 1.00, 0.00, 0.00, 0.00
2084, 0, 78.541, 0.98, 1, 0.00, 0.01, 0.00, 0.25, 0.01, 0.00, 0.00, 0.00, 1.27, 0.31, 0.03, 0.35, 0.00, 0.00, 0.89, 0.07, 0.00, 0.00, 0.00, 0.00, 1.00, 0.00, 0.00, 0.00, 0.00, 1.00, 1.00, 0.00, 1.00, 0.00, 0.00, 1.00, 0.00, 0.00, 0.00
2085, 0, 78.579, 0.98, 1, 0.15, 0.00, 0.00, 0.04, 0.00, 0.00, 0.00, 0.00, 1.30, 0.70, 0.17, 0.48, 0.00, 0.00, 0.88, 0.07, 0.03, 0.00, 0.00, 0.00, 1.00, 0.00, 0.00, 0.00, 0.00, 1.00, 1.00, 0.00, 1.00, 0.00, 0.00, 1.00, 0.00, 0.00, 0.00
2086, 0, 78.616, 0.98, 1, 0.28, 0.02, 0.04, 0.00, 0.00, 0.00, 0.00, 0.00, 1.17, 0.54, 0.14, 0.36, 0.00, 0.00, 0.51, 0.00, 0.10, 0.00, 0.00, 0.00, 1.00, 0.00, 0.00, 0.00, 0.00, 1.00, 0.00, 0.00, 1.00, 0.00, 1.00, 1.00, 0.00, 0.00, 0.00
2087, 0, 78.654, 0.98, 1, 0.39, 0.02, 0.10, 0.00, 0.00, 0.00, 0.00, 0.00, 1.02, 0.49, 0.14, 0.27, 0.00, 0.00, 0.31, 0.00, 0.20, 0.00, 0.00, 0.00, 1.00, 0.00, 0.00, 0.00, 0.00, 1.00, 0.00, 0.00, 0.00, 0.00, 1.00, 1.00, 0.00, 0.00, 0.00
2088, 0, 78.692, 0.98, 1, 0.36, 0.02, 0.10, 0.00, 0.00, 0.00, 0.00, 0.00, 0.86, 0.04, 0.00, 0.00, 0.00, 0.00, 0.08, 0.00, 0.30, 0.00, 0.00, 0.00, 1.00, 0.00, 0.00, 0.00, 0.00, 1.00, 0.00, 0.00, 0.00, 0.00, 1.00, 1.00, 0.00, 0.00, 0.00
2089, 0, 78.729, 0.98, 1, 0.49, 0.00, 0.06, 0.00, 0.00, 0.00, 0.00, 0.00, 0.68, 0.05, 0.00, 0.00, 0.00, 0.00, 0.07, 0.00, 0.40, 0.00, 0.00, 0.00, 1.00, 0.00, 0.00, 0.00, 0.00, 1.00, 0.00, 0.00, 0.00, 0.00, 1.00, 0.00, 0.00, 0.00, 0.00
2090, 0, 78.767, 0.98, 1, 0.64, 0.00, 0.00, 0.00, 0.00, 0.00, 0.03, 0.08, 0.56, 0.05, 0.01, 0.11, 0.00, 0.00, 0.01, 0.00, 0.45, 0.00, 0.00, 0.00, 1.00, 0.00, 0.00, 0.00, 0.00, 1.00, 0.00, 0.00, 0.00, 0.00, 1.00, 0.00, 0.00, 0.00, 0.00
2091, 0, 78.805, 0.98, 1, 0.77, 0.00, 0.00, 0.00, 0.00, 0.00, 0.04, 0.11, 0.49, 0.05, 0.35, 0.18, 0.02, 0.00, 0.00, 0.00, 0.42, 0.00, 0.00, 0.00, 1.00, 0.00, 0.00, 0.00, 0.00, 1.00, 0.00, 1.00, 0.00, 0.00, 1.00, 0.00, 0.00, 0.00, 0.00
2092, 0, 78.842, 0.98, 1, 0.79, 0.00, 0.00, 0.00, 0.00, 0.00, 0.11, 0.32, 0.38, 0.00, 0.80, 0.45, 0.05, 0.00, 0.00, 0.00, 0.33, 0.00, 0.00, 0.00, 1.00, 0.00, 0.00, 0.00, 0.00, 1.00, 0.00, 1.00, 1.00, 0.00, 1.00, 0.00, 0.00, 0.00, 0.00
2093, 0, 78.880, 0.98, 1, 0.81, 0.06, 0.00, 0.00, 0.00, 0.00, 0.12, 0.55, 0.21, 0.00, 1.22, 0.66, 0.05, 0.00, 0.00, 0.00, 0.29, 0.00, 0.00, 0.00, 1.00, 0.00, 0.00, 0.00, 0.00, 0.00, 0.00, 1.00, 1.00, 0.00, 1.00, 0.00, 0.00, 0.00, 0.00
2094, 0, 78.918, 0.98, 1, 0.89, 0.25, 0.00, 0.00, 0.00, 0.00, 0.16, 0.83, 0.06, 0.00, 1.11, 0.98, 0.03, 0.00, 0.00, 0.00, 0.25, 0.00, 1.00, 0.00, 1.00, 0.00, 0.00, 0.00, 0.00, 0.00, 0.00, 1.00, 1.00, 0.00, 1.00, 0.00, 0.00, 0.00, 0.00
2095, 0, 78.956, 0.98, 1, 0.67, 0.25, 0.00, 0.00, 0.00, 0.00, 0.09, 0.85, 0.05, 0.00, 1.14, 1.01, 0.10, 0.00, 0.00, 0.16, 0.28, 0.00, 0.00, 0.00, 1.00, 0.00, 0.00, 0.00, 0.00, 0.00, 0.00, 1.00, 1.00, 0.00, 0.00, 0.00, 0.00, 0.00, 0.00
2096, 0, 78.993, 0.98, 1, 0.39, 0.19, 0.00, 0.00, 0.00, 0.00, 0.05, 0.71, 0.01, 0.00, 0.71, 1.12, 0.26, 0.05, 0.00, 0.17, 0.26, 0.00, 0.00, 0.00, 1.00, 0.00, 0.00, 0.00, 0.00, 0.00, 0.00, 1.00, 1.00, 0.00, 0.00, 0.00, 0.00, 0.00, 0.00
2097, 0, 79.031, 0.98, 1, 0.06, 0.00, 0.00, 0.00, 0.00, 0.00, 0.00, 0.75, 0.01, 0.00, 0.48, 0.89, 0.26, 0.05, 0.00, 0.17, 0.37, 0.00, 0.00, 0.00, 1.00, 0.00, 0.00, 0.00, 0.00, 0.00, 0.00, 1.00, 1.00, 0.00, 0.00, 0.00, 0.00, 0.00, 0.00
2098, 0, 79.069, 0.98, 1, 0.00, 0.00, 0.00, 0.00, 0.00, 0.00, 0.00, 0.87, 0.00, 0.01, 0.00, 0.83, 0.16, 0.05, 0.00, 0.14, 0.37, 0.00, 1.00, 0.00, 1.00, 0.00, 0.00, 0.00, 0.00, 0.00, 0.00, 1.00, 1.00, 0.00, 0.00, 0.00, 0.00, 0.00, 0.00
2099, 0, 79.106, 0.98, 1, 0.05, 0.00, 0.08, 0.00, 0.00, 0.00, 0.01, 0.87, 0.00, 0.01, 0.00, 0.73, 0.00, 0.15, 0.06, 0.14, 0.44, 0.00, 0.00, 0.00, 1.00, 0.00, 0.00, 0.00, 0.00, 0.00, 0.00, 1.00, 1.00, 0.00, 0.00, 0.00, 0.00, 0.00, 0.00
2100, 0, 79.144, 0.98, 1, 0.33, 0.13, 0.08, 0.00, 0.00, 0.00, 0.04, 0.60, 0.04, 0.10, 0.00, 0.65, 0.00, 0.15, 0.06, 0.45, 0.33, 1.00, 0.00, 0.00, 1.00, 0.00, 0.00, 0.00, 0.00, 0.00, 0.00, 1.00, 1.00, 0.00, 0.00, 0.00, 0.00, 0.00, 0.00
2101, 0, 79.182, 0.98, 1, 0.54, 0.19, 0.08, 0.00, 0.00, 0.00, 0.04, 0.31, 0.09, 0.26, 0.00, 0.42, 0.00, 0.15, 0.06, 0.35, 0.39, 1.00, 0.00, 0.00, 1.00, 0.00, 0.00, 0.00, 0.00, 0.00, 0.00, 1.00, 1.00, 0.00, 0.00, 0.00, 0.00, 0.00, 0.00
2102, 0, 79.220, 0.98, 1, 0.72, 0.39, 0.00, 0.00, 0.00, 0.00, 0.15, 0.21, 0.11, 0.39, 0.00, 0.17, 0.00, 0.00, 0.00, 0.49, 0.41, 1.00, 0.00, 0.00, 1.00, 0.00, 0.00, 0.00, 0.00, 0.00, 0.00, 1.00, 1.00, 0.00, 0.00, 0.00, 0.00, 0.00, 0.00
2103, 0, 79.257, 0.93, 1, 0.72, 0.53, 0.00, 0.24, 0.00, 0.00, 0.23, 0.15, 0.07, 0.31, 0.00, 0.10, 0.00, 0.00, 0.10, 0.18, 0.46, 1.00, 0.00, 0.00, 1.00, 0.00, 0.00, 0.00, 0.00, 0.00, 0.00, 1.00, 1.00, 0.00, 0.00, 0.00, 0.00, 0.00, 0.00
2104, 0, 79.295, 0.98, 1, 0.79, 0.72, 0.00, 0.43, 0.00, 0.00, 0.37, 0.08, 0.02, 0.13, 0.00, 0.07, 0.00, 0.00, 0.17, 0.14, 0.37, 0.00, 1.00, 0.00, 1.00, 0.00, 0.00, 0.00, 0.00, 0.00, 0.00, 0.00, 1.00, 0.00, 0.00, 0.00, 0.00, 0.00, 0.00
2105, 0, 79.333, 0.98, 1, 0.58, 0.53, 0.00, 0.57, 0.00, 0.00, 0.24, 0.15, 0.00, 0.00, 0.20, 0.28, 0.00, 0.00, 0.63, 0.13, 0.26, 0.00, 1.00, 0.00, 1.00, 0.00, 0.00, 0.00, 0.00, 0.00, 0.00, 0.00, 1.00, 0.00, 0.00, 0.00, 0.00, 0.00, 0.00
2106, 0, 79.370, 0.98, 1, 0.30, 0.25, 0.00, 0.33, 0.00, 0.00, 0.24, 0.35, 0.12, 0.14, 0.20, 0.50, 0.00, 0.00, 0.65, 0.21, 0.36, 0.00, 1.00, 0.00, 1.00, 0.00, 0.00, 0.00, 0.00, 0.00, 0.00, 0.00, 1.00, 0.00, 0.00, 0.00, 0.00, 0.00, 0.00
2107, 0, 79.408, 0.98, 1, 0.02, 0.00, 0.00, 0.14, 0.00, 0.00, 0.10, 0.68, 0.30, 0.27, 0.31, 0.67, 0.00, 0.00, 0.89, 0.47, 0.37, 0.00, 1.00, 0.00, 1.00, 0.00, 0.00, 0.00, 0.00, 1.00, 0.00, 0.00, 1.00, 0.00, 0.00, 0.00, 0.00, 0.00, 0.00
2108, 0, 79.446, 0.98, 1, 0.04, 0.00, 0.00, 0.04, 0.00, 0.00, 0.10, 0.93, 0.44, 0.27, 0.22, 0.61, 0.06, 0.00, 0.53, 0.55, 0.35, 0.00, 1.00, 0.00, 1.00, 0.00, 0.00, 0.00, 0.00, 1.00, 0.00, 0.00, 1.00, 0.00, 1.00, 0.00, 0.00, 0.00, 0.00
2109, 0, 79.483, 0.98, 1, 0.11, 0.00, 0.00, 0.12, 0.00, 0.00, 0.00, 1.11, 0.49, 0.13, 0.57, 0.68, 0.10, 0.01, 0.59, 0.54, 0.28, 0.00, 1.00, 0.00, 1.00, 0.00, 0.00, 0.00, 0.00, 1.00, 0.00, 0.00, 1.00, 0.00, 1.00, 0.00, 0.00, 0.00, 0.00
2110, 0, 79.521, 0.98, 1, 0.35, 0.07, 0.01, 0.16, 0.00, 0.00, 0.05, 1.02, 0.53, 0.00, 0.46, 0.89, 0.10, 0.01, 0.30, 0.28, 0.20, 0.00, 1.00, 0.00, 1.00, 0.00, 0.00, 0.00, 0.00, 1.00, 0.00, 0.00, 1.00, 0.00, 1.00, 0.00, 0.00, 0.00, 0.00
2111, 0, 79.559, 0.98, 1, 0.56, 0.17, 0.01, 0.21, 0.00, 0.00, 0.05, 0.83, 0.58, 0.05, 0.36, 0.98, 0.05, 0.01, 0.24, 0.08, 0.24, 0.00, 1.00, 0.00, 1.00, 0.00, 0.00, 0.00, 0.00, 1.00, 0.00, 0.00, 1.00, 0.00, 1.00, 0.00, 0.00, 0.00, 0.00
2112, 0, 79.597, 0.98, 1, 0.74, 0.25, 0.01, 0.23, 0.00, 0.00, 0.05, 0.57, 0.62, 0.05, 0.00, 1.00, 0.01, 0.00, 0.17, 0.04, 0.09, 0.00, 1.00, 0.00, 1.00, 0.00, 0.00, 0.00, 0.00, 1.00, 0.00, 0.00, 1.00, 0.00, 0.00, 0.00, 0.00, 0.00, 0.00
2113, 0, 79.634, 0.98, 1, 0.67, 0.39, 0.00, 0.26, 0.00, 0.00, 0.00, 0.47, 0.70, 0.05, 0.00, 0.87, 0.01, 0.00, 0.43, 0.04, 0.11, 0.00, 1.00, 0.00, 1.00, 0.00, 0.00, 0.00, 0.00, 1.00, 0.00, 0.00, 1.00, 0.00, 0.00, 0.00, 0.00, 0.00, 0.00
2114, 0, 79.672, 0.98, 1, 0.50, 0.38, 0.00, 0.32, 0.05, 0.00, 0.00, 0.54, 0.81, 0.00, 0.12, 0.79, 0.04, 0.00, 0.76, 0.02, 0.08, 0.00, 1.00, 0.00, 1.00, 0.00, 0.00, 0.00, 0.00, 1.00, 0.00, 0.00, 1.00, 0.00, 0.00, 1.00, 0.00, 0.00, 0.00
2115, 0, 79.710, 0.98, 1, 0.31, 0.30, 0.00, 0.22, 0.05, 0.00, 0.00, 0.70, 0.99, 0.00, 0.79, 0.60, 0.04, 0.00, 1.30, 0.00, 0.08, 0.00, 1.00, 0.00, 1.00, 0.00, 0.00, 0.00, 0.00, 1.00, 0.00, 0.00, 1.00, 0.00, 0.00, 1.00, 0.00, 0.00, 0.00
2116, 0, 79.747, 0.98, 1, 0.19, 0.09, 0.00, 0.15, 0.05, 0.00, 0.00, 0.86, 1.05, 0.00, 1.96, 0.51, 0.05, 0.00, 1.86, 0.00, 0.03, 0.00, 0.00, 0.00, 1.00, 0.00, 0.00, 0.00, 0.00, 1.00, 0.00, 0.00, 1.00, 0.00, 0.00, 1.00, 0.00, 0.00, 0.00
2117, 0, 79.785, 0.98, 1, 0.11, 0.05, 0.00, 0.03, 0.07, 0.00, 0.00, 0.59, 1.14, 0.06, 1.84, 0.51, 0.01, 0.00, 1.66, 0.00, 0.06, 0.00, 0.00, 0.00, 1.00, 0.00, 0.00, 0.00, 0.00, 1.00, 0.00, 0.00, 1.00, 0.00, 0.00, 1.00, 0.00, 0.00, 0.00
2118, 0, 79.823, 0.88, 1, 0.11, 0.25, 0.00, 0.03, 0.07, 0.00, 0.00, 0.31, 1.15, 0.06, 1.25, 0.65, 0.01, 0.00, 1.35, 0.00, 0.24, 0.00, 0.00, 0.00, 1.00, 0.00, 0.00, 0.00, 0.00, 1.00, 0.00, 0.00, 1.00, 0.00, 0.00, 1.00, 0.00, 0.00, 0.00
2119, 0, 79.861, 0.88, 1, 0.23, 0.31, 0.00, 0.03, 0.07, 0.00, 0.00, 0.00, 1.18, 0.06, 0.08, 0.76, 0.00, 0.00, 0.90, 0.00, 0.31, 0.00, 0.00, 0.00, 1.00, 0.00, 0.00, 0.00, 0.00, 1.00, 0.00, 0.00, 1.00, 0.00, 0.00, 1.00, 0.00, 0.00, 0.00
2120, 0, 79.898, 0.88, 1, 0.29, 0.40, 0.00, 0.07, 0.00, 0.00, 0.00, 0.31, 1.07, 0.06, 0.41, 1.01, 0.23, 0.00, 0.86, 0.00, 0.40, 0.00, 1.00, 0.00, 1.00, 0.00, 0.00, 0.00, 0.00, 1.00, 0.00, 0.00, 1.00, 0.00, 0.00, 1.00, 0.00, 0.00, 0.00
2121, 0, 79.936, 0.88, 1, 0.36, 0.34, 0.00, 0.11, 0.00, 0.00, 0.00, 0.63, 0.87, 0.07, 0.63, 1.31, 0.23, 0.00, 0.59, 0.00, 0.29, 1.00, 1.00, 0.00, 1.00, 0.00, 0.00, 0.00, 0.00, 1.00, 0.00, 0.00, 1.00, 0.00, 0.00, 0.00, 0.00, 0.00, 0.00
2122, 0, 79.974, 0.98, 1, 0.33, 0.41, 0.00, 0.17, 0.00, 0.00, 0.00, 0.92, 0.69, 0.09, 0.96, 1.60, 0.23, 0.00, 0.30, 0.00, 0.30, 1.00, 1.00, 0.00, 1.00, 0.00, 0.00, 0.00, 0.00, 1.00, 0.00, 0.00, 1.00, 0.00, 1.00, 0.00, 0.00, 0.00, 0.00
2123, 0, 80.011, 0.98, 1, 0.45, 0.51, 0.00, 0.18, 0.00, 0.00, 0.00, 0.83, 0.52, 0.03, 0.66, 1.35, 0.12, 0.00, 0.27, 0.09, 0.18, 1.00, 1.00, 0.00, 1.00, 0.00, 0.00, 0.00, 1.00, 1.00, 0.00, 0.00, 1.00, 0.00, 1.00, 0.00, 0.00, 0.00, 0.00
2124, 0, 80.049, 0.98, 1, 0.47, 0.58, 0.00, 0.13, 0.00, 0.00, 0.00, 0.65, 0.42, 0.02, 0.50, 1.00, 0.52, 0.00, 0.36, 0.09, 0.12, 1.00, 1.00, 0.00, 1.00, 0.00, 0.00, 0.00, 1.00, 1.00, 0.00, 1.00, 1.00, 0.00, 1.00, 0.00, 0.00, 0.00, 0.00
2125, 0, 80.087, 0.98, 1, 0.40, 0.50, 0.00, 0.08, 0.00, 0.00, 0.00, 0.67, 0.45, 0.00, 0.17, 0.76, 0.57, 0.00, 0.59, 0.09, 0.04, 0.00, 1.00, 0.00, 1.00, 0.00, 0.00, 0.00, 1.00, 1.00, 0.00, 1.00, 1.00, 0.00, 1.00, 0.00, 0.00, 0.00, 0.00
2126, 0, 80.124, 0.98, 1, 0.32, 0.26, 0.00, 0.00, 0.01, 0.00, 0.00, 0.86, 0.63, 0.03, 0.31, 0.93, 0.47, 0.00, 0.63, 0.00, 0.00, 0.00, 1.00, 0.00, 1.00, 0.00, 0.00, 0.00, 1.00, 1.00, 0.00, 1.00, 1.00, 0.00, 1.00, 0.00, 0.00, 0.00, 0.00
2127, 0, 80.162, 0.98, 1, 0.22, 0.09, 0.00, 0.00, 0.01, 0.00, 0.00, 1.07, 0.83, 0.03, 0.29, 1.16, 0.20, 0.00, 0.49, 0.00, 0.00, 0.00, 1.00, 0.00, 1.00, 0.00, 0.00, 0.00, 1.00, 1.00, 0.00, 1.00, 1.00, 0.00, 1.00, 1.00, 0.00, 0.00, 0.00
2128, 0, 80.200, 0.98, 1, 0.17, 0.05, 0.00, 0.00, 0.04, 0.00, 0.00, 1.21, 0.89, 0.42, 0.80, 1.17, 0.15, 0.04, 0.18, 0.00, 0.00, 0.00, 1.00, 0.00, 1.00, 0.00, 0.00, 0.00, 1.00, 1.00, 0.00, 1.00, 1.00, 0.00, 1.00, 1.00, 0.00, 0.00, 0.00
2129, 0, 80.238, 0.98, 1, 0.06, 0.10, 0.00, 0.00, 0.09, 0.03, 0.05, 1.32, 0.92, 0.79, 1.29, 1.09, 0.15, 0.04, 0.01, 0.00, 0.00, 0.00, 1.00, 0.00, 1.00, 0.00, 0.00, 0.00, 1.00, 1.00, 0.00, 1.00, 1.00, 0.00, 1.00, 1.00, 0.00, 0.00, 0.00
2130, 0, 80.275, 0.98, 1, 0.01, 0.06, 0.00, 0.00, 0.14, 0.03, 0.05, 1.47, 0.85, 1.14, 1.52, 0.95, 0.11, 0.04, 0.00, 0.00, 0.10, 0.00, 1.00, 0.00, 1.00, 0.00, 0.00, 0.00, 1.00, 1.00, 0.00, 1.00, 1.00, 0.00, 1.00, 0.00, 0.00, 0.00, 0.00
2131, 0, 80.313, 0.98, 1, 0.09, 0.15, 0.00, 0.02, 0.12, 0.17, 0.05, 1.47, 0.76, 0.97, 1.05, 1.19, 0.23, 0.02, 0.00, 0.08, 0.10, 0.00, 1.00, 0.00, 1.00, 0.00, 0.00, 0.00, 1.00, 1.00, 0.00, 1.00, 1.00, 0.00, 1.00, 0.00, 0.00, 0.00, 0.00
2132, 0, 80.351, 0.98, 1, 0.19, 0.20, 0.00, 0.02, 0.06, 0.29, 0.00, 1.42, 0.63, 0.78, 0.47, 1.42, 0.26, 0.02, 0.00, 0.21, 0.10, 0.00, 1.00, 0.00, 1.00, 0.00, 0.00, 0.00, 1.00, 1.00, 0.00, 1.00, 1.00, 0.00, 1.00, 0.00, 0.00, 0.00, 0.00
2133, 0, 80.388, 0.98, 1, 0.25, 0.44, 0.00, 0.02, 0.01, 0.36, 0.00, 1.30, 0.60, 0.66, 0.12, 1.46, 0.17, 0.02, 0.00, 0.21, 0.00, 0.00, 1.00, 0.00, 1.00, 0.00, 1.00, 0.00, 1.00, 1.00, 0.00, 1.00, 1.00, 0.00, 0.00, 0.00, 0.00, 0.00, 0.00
2134, 0, 80.426, 0.98, 1, 0.17, 0.43, 0.00, 0.00, 0.01, 0.22, 0.00, 1.28, 0.60, 0.59, 0.11, 1.40, 0.05, 0.00, 0.00, 0.13, 0.00, 0.00, 0.00, 0.00, 1.00, 0.00, 0.00, 0.00, 1.00, 1.00, 1.00, 1.00, 1.00, 0.00, 0.00, 0.00, 0.00, 0.00, 0.00
2135, 0, 80.464, 0.98, 1, 0.15, 0.33, 0.00, 0.00, 0.00, 0.07, 0.15, 1.10, 0.65, 0.73, 0.04, 1.13, 0.00, 0.00, 0.00, 0.00, 0.00, 0.00, 0.00, 0.00, 1.00, 0.00, 0.00, 0.00, 0.00, 1.00, 1.00, 1.00, 1.00, 0.00, 1.00, 0.00, 0.00, 0.00, 0.00
2136, 0, 80.502, 0.98, 1, 0.19, 0.09, 0.00, 0.00, 0.00, 0.00, 0.17, 0.93, 0.69, 0.94, 0.04, 0.95, 0.00, 0.00, 0.00, 0.00, 0.00, 0.00, 0.00, 0.00, 1.00, 0.00, 0.00, 0.00, 0.00, 1.00, 1.00, 1.00, 1.00, 0.00, 1.00, 0.00, 0.00, 0.00, 0.00
2137, 0, 80.539, 0.98, 1, 0.31, 0.00, 0.00, 0.00, 0.00, 0.00, 0.18, 0.69, 0.78, 1.16, 0.00, 0.72, 0.00, 0.00, 0.00, 0.00, 0.00, 0.00, 0.00, 0.00, 1.00, 0.00, 0.00, 0.00, 0.00, 1.00, 1.00, 1.00, 1.00, 0.00, 1.00, 0.00, 0.00, 0.00, 0.00
2138, 0, 80.577, 0.98, 1, 0.24, 0.00, 0.00, 0.00, 0.00, 0.00, 0.06, 0.58, 0.83, 1.08, 0.00, 0.81, 0.00, 0.01, 0.00, 0.00, 0.00, 0.00, 0.00, 0.00, 1.00, 0.00, 0.00, 0.00, 0.00, 1.00, 1.00, 1.00, 1.00, 0.00, 1.00, 0.00, 0.00, 0.00, 0.00
2139, 0, 80.615, 0.98, 1, 0.15, 0.00, 0.00, 0.05, 0.00, 0.14, 0.04, 0.50, 0.89, 0.79, 0.00, 1.03, 0.00, 0.05, 0.00, 0.00, 0.00, 0.00, 0.00, 0.00, 1.00, 0.00, 0.00, 0.00, 0.00, 1.00, 1.00, 1.00, 1.00, 0.00, 1.00, 0.00, 0.00, 0.00, 0.00
2140, 0, 80.652, 0.98, 1, 0.16, 0.00, 0.00, 0.14, 0.00, 0.19, 0.03, 0.41, 0.80, 0.61, 0.00, 1.14, 0.00, 0.07, 0.00, 0.00, 0.00, 0.00, 0.00, 0.00, 1.00, 0.00, 0.00, 0.00, 0.00, 1.00, 1.00, 1.00, 1.00, 0.00, 1.00, 0.00, 0.00, 0.00, 0.00
2141, 0, 80.690, 0.98, 1, 0.27, 0.00, 0.00, 0.23, 0.00, 0.19, 0.00, 0.36, 0.70, 0.49, 0.00, 1.12, 0.00, 0.08, 0.00, 0.00, 0.00, 0.00, 0.00, 0.00, 1.00, 0.00, 0.00, 0.00, 0.00, 1.00, 1.00, 1.00, 1.00, 0.00, 0.00, 0.00, 0.00, 0.00, 0.00
2142, 0, 80.728, 0.98, 1, 0.40, 0.00, 0.00, 0.27, 0.00, 0.07, 0.00, 0.27, 0.53, 0.56, 0.15, 1.09, 0.00, 0.04, 0.00, 0.00, 0.00, 0.00, 0.00, 0.00, 1.00, 0.00, 1.00, 0.00, 0.00, 1.00, 0.00, 1.00, 1.00, 0.00, 0.00, 0.00, 0.00, 0.00, 0.00
2143, 0, 80.765, 0.98, 1, 0.33, 0.00, 0.00, 0.19, 0.00, 0.02, 0.02, 0.17, 0.41, 0.50, 0.19, 0.99, 0.00, 0.02, 0.00, 0.00, 0.00, 0.00, 0.00, 0.00, 1.00, 0.00, 1.00, 0.00, 0.00, 1.00, 0.00, 1.00, 1.00, 0.00, 0.00, 0.00, 0.00, 0.00, 0.00
2144, 0, 80.803, 0.98, 1, 0.35, 0.05, 0.00, 0.09, 0.00, 0.02, 0.09, 0.07, 0.34, 0.46, 0.57, 0.89, 0.00, 0.00, 0.00, 0.00, 0.00, 0.00, 0.00, 0.00, 1.00, 0.00, 1.00, 0.00, 0.00, 1.00, 0.00, 1.00, 1.00, 0.00, 0.00, 0.00, 0.00, 0.00, 0.00
2145, 0, 80.841, 0.98, 1, 0.32, 0.06, 0.02, 0.00, 0.00, 0.00, 0.09, 0.14, 0.40, 0.25, 0.42, 0.81, 0.00, 0.03, 0.00, 0.00, 0.00, 0.00, 0.00, 0.00, 1.00, 0.00, 1.00, 0.00, 0.00, 1.00, 0.00, 1.00, 1.00, 0.00, 1.00, 0.00, 0.00, 0.00, 0.00
2146, 0, 80.879, 0.98, 1, 0.28, 0.09, 0.02, 0.00, 0.00, 0.00, 0.07, 0.34, 0.50, 0.19, 0.38, 0.55, 0.00, 0.03, 0.00, 0.00, 0.00, 0.00, 0.00, 0.00, 1.00, 0.00, 0.00, 0.00, 0.00, 1.00, 0.00, 1.00, 1.00, 0.00, 1.00, 0.00, 0.00, 0.00, 0.00
2147, 0, 80.916, 0.98, 1, 0.20, 0.07, 0.02, 0.00, 0.00, 0.00, 0.00, 0.56, 0.57, 0.15, 0.05, 0.31, 0.00, 0.03, 0.00, 0.00, 0.00, 0.00, 0.00, 0.00, 1.00, 0.00, 0.00, 0.00, 0.00, 1.00, 0.00, 1.00, 0.00, 0.00, 1.00, 0.00, 0.00, 0.00, 0.00
2148, 0, 80.954, 0.98, 1, 0.11, 0.12, 0.00, 0.00, 0.00, 0.00, 0.05, 0.56, 0.53, 0.30, 0.05, 0.03, 0.08, 0.00, 0.00, 0.00, 0.00, 0.00, 0.00, 0.00, 1.00, 0.00, 0.00, 0.00, 0.00, 1.00, 0.00, 1.00, 0.00, 0.00, 1.00, 0.00, 0.00, 0.00, 0.00
2149, 0, 80.992, 0.98, 1, 0.08, 0.20, 0.00, 0.00, 0.00, 0.00, 0.09, 0.41, 0.48, 0.33, 0.05, 0.01, 0.16, 0.00, 0.00, 0.00, 0.00, 0.00, 0.00, 0.00, 1.00, 0.00, 0.00, 0.00, 0.00, 1.00, 0.00, 1.00, 0.00, 1.00, 1.00, 0.00, 0.00, 0.00, 0.00
2150, 0, 81.029, 0.98, 1, 0.07, 0.17, 0.00, 0.00, 0.00, 0.00, 0.09, 0.72, 0.56, 0.30, 0.06, 0.31, 0.31, 0.00, 0.00, 0.00, 0.00, 0.00, 0.00, 0.00, 1.00, 0.00, 0.00, 0.00, 0.00, 1.00, 0.00, 1.00, 0.00, 1.00, 1.00, 0.00, 0.00, 0.00, 0.00
2151, 0, 81.067, 0.98, 1, 0.12, 0.11, 0.00, 0.00, 0.00, 0.00, 0.09, 1.02, 0.65, 0.33, 0.06, 0.49, 0.40, 0.00, 0.00, 0.00, 0.00, 0.00, 0.00, 0.00, 1.00, 0.00, 1.00, 0.00, 0.00, 1.00, 0.00, 1.00, 0.00, 1.00, 1.00, 0.00, 0.00, 0.00, 0.00
2152, 0, 81.105, 0.98, 1, 0.16, 0.00, 0.00, 0.21, 0.01, 0.06, 0.10, 1.27, 0.74, 0.42, 0.06, 0.74, 0.45, 0.00, 0.00, 0.00, 0.07, 0.00, 0.00, 0.00, 1.00, 0.00, 1.00, 0.00, 0.00, 1.00, 0.00, 1.00, 0.00, 1.00, 1.00, 0.00, 0.00, 0.00, 0.00
2153, 0, 81.143, 0.98, 1, 0.19, 0.00, 0.00, 0.32, 0.01, 0.17, 0.19, 0.98, 0.67, 0.61, 0.00, 0.60, 0.29, 0.00, 0.00, 0.00, 0.07, 0.00, 0.00, 0.00, 1.00, 0.00, 1.00, 0.00, 0.00, 1.00, 0.00, 1.00, 0.00, 1.00, 1.00, 0.00, 0.00, 0.00, 0.00
2154, 0, 81.180, 0.98, 1, 0.31, 0.00, 0.00, 0.32, 0.01, 0.17, 0.22, 0.83, 0.56, 0.55, 0.04, 0.48, 0.25, 0.00, 0.00, 0.00, 0.14, 0.00, 0.00, 0.00, 1.00, 0.00, 1.00, 0.00, 0.00, 1.00, 0.00, 1.00, 0.00, 1.00, 1.00, 0.00, 0.00, 0.00, 0.00
2155, 0, 81.218, 0.88, 1, 0.53, 0.23, 0.00, 0.10, 0.00, 0.11, 0.25, 0.64, 0.37, 0.35, 0.04, 0.24, 0.12, 0.00, 0.00, 0.00, 0.07, 0.00, 0.00, 0.00, 1.00, 0.00, 0.00, 0.00, 0.00, 1.00, 0.00, 1.00, 0.00, 0.00, 0.00, 0.00, 0.00, 0.00, 0.00
2156, 0, 81.256, 0.88, 1, 0.68, 0.54, 0.00, 0.00, 0.00, 0.00, 0.32, 0.40, 0.24, 0.18, 0.04, 0.06, 0.12, 0.00, 0.00, 0.00, 0.15, 0.00, 1.00, 0.00, 1.00, 0.00, 0.00, 0.00, 0.00, 1.00, 0.00, 1.00, 0.00, 0.00, 0.00, 0.00, 0.00, 0.00, 0.00
2157, 0, 81.293, 0.88, 1, 0.72, 0.87, 0.00, 0.00, 0.00, 0.00, 0.48, 0.23, 0.19, 0.18, 0.00, 0.00, 0.00, 0.00, 0.00, 0.00, 0.09, 0.00, 1.00, 0.00, 1.00, 0.00, 0.00, 0.00, 0.00, 1.00, 0.00, 1.00, 0.00, 0.00, 0.00, 0.00, 0.00, 0.00, 0.00
2158, 0, 81.331, 0.88, 1, 0.52, 0.76, 0.00, 0.00, 0.00, 0.00, 0.62, 0.33, 0.20, 0.18, 0.51, 0.00, 0.00, 0.00, 0.00, 0.00, 0.18, 0.00, 1.00, 0.00, 1.00, 0.00, 0.00, 0.00, 0.00, 0.00, 0.00, 0.00, 0.00, 0.00, 0.00, 0.00, 0.00, 0.00, 0.00
2159, 0, 81.369, 0.93, 1, 0.40, 0.54, 0.00, 0.00, 0.00, 0.00, 0.63, 0.49, 0.16, 0.12, 0.83, 0.00, 0.00, 0.00, 0.00, 0.00, 0.16, 0.00, 1.00, 0.00, 1.00, 0.00, 0.00, 0.00, 0.00, 0.00, 0.00, 0.00, 0.00, 0.00, 0.00, 0.00, 0.00, 0.00, 0.00
2160, 0, 81.406, 0.98, 1, 0.19, 0.21, 0.00, 0.00, 0.00, 0.00, 0.45, 0.40, 0.11, 0.00, 0.90, 0.00, 0.00, 0.00, 0.00, 0.00, 0.16, 0.00, 1.00, 0.00, 1.00, 0.00, 0.00, 0.00, 0.00, 1.00, 0.00, 0.00, 0.00, 0.00, 1.00, 0.00, 0.00, 0.00, 0.00
2161, 0, 81.444, 0.93, 1, 0.10, 0.09, 0.00, 0.00, 0.00, 0.00, 0.41, 0.20, 0.15, 0.17, 0.39, 0.00, 0.00, 0.00, 0.00, 0.00, 0.07, 0.00, 0.00, 0.00, 1.00, 0.00, 0.00, 0.00, 0.00, 1.00, 0.00, 0.00, 0.00, 0.00, 1.00, 0.00, 0.00, 0.00, 0.00
2162, 0, 81.482, 0.93, 1, 0.00, 0.00, 0.00, 0.00, 0.00, 0.00, 0.40, 0.05, 0.26, 0.47, 0.08, 0.06, 0.08, 0.00, 0.00, 0.00, 0.00, 0.00, 0.00, 0.00, 1.00, 0.00, 0.00, 0.00, 0.00, 1.00, 0.00, 0.00, 0.00, 0.00, 1.00, 0.00, 0.00, 0.00, 0.00
2163, 0, 81.520, 0.93, 1, 0.00, 0.00, 0.00, 0.00, 0.00, 0.00, 0.54, 0.06, 0.36, 0.64, 0.10, 0.06, 0.15, 0.00, 0.00, 0.00, 0.00, 0.00, 0.00, 0.00, 1.00, 0.00, 0.00, 0.00, 0.00, 1.00, 0.00, 0.00, 0.00, 0.00, 1.00, 0.00, 0.00, 0.00, 0.00
2164, 0, 81.557, 0.98, 1, 0.06, 0.00, 0.00, 0.00, 0.00, 0.00, 0.53, 0.21, 0.41, 0.57, 0.38, 0.06, 0.15, 0.00, 0.00, 0.00, 0.00, 0.00, 0.00, 0.00, 1.00, 0.00, 0.00, 0.00, 0.00, 1.00, 0.00, 0.00, 0.00, 0.00, 1.00, 0.00, 0.00, 0.00, 0.00
2165, 0, 81.595, 0.98, 1, 0.07, 0.00, 0.00, 0.00, 0.00, 0.00, 0.53, 0.41, 0.44, 0.27, 0.99, 0.02, 0.07, 0.02, 0.00, 0.00, 0.00, 0.00, 0.00, 0.00, 1.00, 0.00, 0.00, 0.00, 0.00, 1.00, 0.00, 0.00, 0.00, 0.00, 1.00, 0.00, 0.00, 0.00, 0.00
2166, 0, 81.633, 0.98, 1, 0.07, 0.00, 0.00, 0.00, 0.00, 0.00, 0.46, 0.60, 0.52, 0.10, 0.89, 0.02, 0.00, 0.02, 0.00, 0.00, 0.00, 0.00, 0.00, 0.00, 1.00, 0.00, 0.00, 0.00, 0.00, 1.00, 0.00, 0.00, 0.00, 0.00, 1.00, 0.00, 0.00, 0.00, 0.00
2167, 0, 81.670, 0.98, 1, 0.02, 0.00, 0.00, 0.00, 0.00, 0.00, 0.34, 0.76, 0.62, 0.00, 0.64, 0.21, 0.00, 0.02, 0.00, 0.00, 0.03, 0.00, 0.00, 0.00, 1.00, 0.00, 0.00, 0.00, 0.00, 1.00, 0.00, 0.00, 0.00, 0.00, 1.00, 0.00, 0.00, 0.00, 0.00
2168, 0, 81.708, 0.98, 1, 0.04, 0.00, 0.00, 0.00, 0.00, 0.00, 0.24, 0.82, 0.70, 0.26, 0.04, 0.39, 0.00, 0.00, 0.00, 0.00, 0.03, 0.00, 0.00, 0.00, 1.00, 0.00, 0.00, 0.00, 0.00, 1.00, 0.00, 0.00, 0.00, 0.00, 1.00, 0.00, 0.00, 0.00, 0.00
2169, 0, 81.746, 0.98, 1, 0.11, 0.00, 0.00, 0.00, 0.00, 0.00, 0.14, 0.84, 0.74, 0.46, 0.34, 0.59, 0.00, 0.00, 0.00, 0.00, 0.03, 0.00, 0.00, 0.00, 1.00, 0.00, 0.00, 0.00, 0.00, 1.00, 0.00, 0.00, 0.00, 0.00, 1.00, 0.00, 0.00, 0.00, 0.00
2170, 0, 81.784, 0.98, 1, 0.35, 0.06, 0.00, 0.07, 0.00, 0.00, 0.09, 0.71, 0.61, 0.67, 0.43, 0.47, 0.00, 0.00, 0.00, 0.00, 0.00, 0.00, 0.00, 0.00, 1.00, 0.00, 0.00, 0.00, 0.00, 1.00, 0.00, 0.00, 0.00, 0.00, 1.00, 0.00, 0.00, 0.00, 0.00
2171, 0, 81.821, 0.93, 1, 0.55, 0.17, 0.00, 0.21, 0.00, 0.00, 0.03, 0.64, 0.45, 0.57, 0.75, 0.31, 0.00, 0.00, 0.00, 0.00, 0.00, 0.00, 0.00, 0.00, 1.00, 0.00, 1.00, 0.00, 0.00, 1.00, 0.00, 0.00, 0.00, 0.00, 1.00, 0.00, 0.00, 0.00, 0.00
2172, 0, 81.859, 0.93, 1, 0.59, 0.21, 0.00, 0.24, 0.00, 0.00, 0.00, 0.64, 0.36, 0.49, 0.73, 0.24, 0.00, 0.00, 0.00, 0.00, 0.00, 0.00, 0.00, 0.00, 1.00, 0.00, 1.00, 0.00, 0.00, 1.00, 0.00, 0.00, 0.00, 0.00, 1.00, 0.00, 0.00, 0.00, 0.00
2173, 0, 81.897, 0.98, 1, 0.39, 0.26, 0.00, 0.20, 0.00, 0.00, 0.00, 0.79, 0.49, 0.53, 1.11, 0.25, 0.00, 0.00, 0.00, 0.00, 0.00, 0.00, 0.00, 0.00, 1.00, 0.00, 1.00, 0.00, 0.00, 1.00, 0.00, 0.00, 0.00, 0.00, 1.00, 0.00, 0.00, 0.00, 0.00
2174, 0, 81.934, 0.98, 1, 0.15, 0.15, 0.00, 0.10, 0.00, 0.00, 0.00, 0.81, 0.56, 0.71, 1.11, 0.28, 0.00, 0.00, 0.00, 0.00, 0.00, 0.00, 1.00, 0.00, 1.00, 0.00, 1.00, 0.00, 0.00, 1.00, 0.00, 0.00, 0.00, 0.00, 1.00, 0.00, 0.00, 0.00, 0.00
2175, 0, 81.972, 0.98, 1, 0.04, 0.11, 0.00, 0.08, 0.00, 0.00, 0.00, 0.78, 0.56, 0.59, 1.04, 0.36, 0.00, 0.00, 0.06, 0.00, 0.09, 0.00, 1.00, 0.00, 1.00, 0.00, 1.00, 0.00, 0.00, 1.00, 0.00, 0.00, 0.00, 0.00, 1.00, 0.00, 0.00, 0.00, 0.00
2176, 0, 82.010, 0.88, 1, 0.00, 0.00, 0.00, 0.21, 0.00, 0.00, 0.00, 0.69, 0.50, 0.34, 0.53, 0.35, 0.02, 0.00, 0.12, 0.00, 0.16, 0.00, 1.00, 0.00, 1.00, 0.00, 0.00, 0.00, 0.00, 1.00, 0.00, 0.00, 0.00, 0.00, 0.00, 0.00, 0.00, 0.00, 0.00
2177, 0, 82.047, 0.88, 1, 0.03, 0.00, 0.00, 0.26, 0.00, 0.00, 0.00, 0.71, 0.50, 0.01, 0.21, 0.36, 0.02, 0.00, 0.17, 0.00, 0.22, 0.00, 1.00, 0.00, 1.00, 0.00, 0.00, 0.00, 0.00, 1.00, 0.00, 0.00, 0.00, 0.00, 0.00, 0.00, 0.00, 0.00, 0.00
2178, 0, 82.085, 0.88, 1, 0.18, 0.10, 0.00, 0.52, 0.00, 0.00, 0.00, 0.90, 0.49, 0.00, 0.48, 0.34, 0.02, 0.00, 0.10, 0.00, 0.16, 0.00, 1.00, 0.00, 1.00, 0.00, 0.00, 0.00, 0.00, 1.00, 0.00, 0.00, 0.00, 0.00, 0.00, 0.00, 0.00, 0.00, 0.00
2179, 0, 82.123, 0.88, 1, 0.39, 0.21, 0.00, 0.59, 0.00, 0.00, 0.00, 0.94, 0.51, 0.00, 0.89, 0.34, 0.00, 0.00, 0.09, 0.00, 0.09, 0.00, 1.00, 0.00, 1.00, 0.00, 0.00, 0.00, 0.00, 1.00, 0.00, 0.00, 0.00, 0.00, 0.00, 0.00, 0.00, 0.00, 0.00
2180, 0, 82.161, 0.88, 1, 0.55, 0.21, 0.00, 0.49, 0.00, 0.00, 0.02, 1.00, 0.48, 0.32, 0.95, 0.47, 0.00, 0.00, 0.05, 0.03, 0.02, 0.00, 1.00, 0.00, 1.00, 0.00, 0.00, 0.00, 0.00, 1.00, 0.00, 0.00, 0.00, 0.00, 0.00, 0.00, 0.00, 0.00, 0.00
2181, 0, 82.198, 0.93, 1, 0.46, 0.11, 0.00, 0.21, 0.00, 0.00, 0.04, 0.82, 0.49, 0.59, 0.48, 0.51, 0.00, 0.00, 0.13, 0.03, 0.00, 0.00, 1.00, 0.00, 1.00, 0.00, 0.00, 0.00, 0.00, 1.00, 0.00, 0.00, 1.00, 0.00, 1.00, 0.00, 0.00, 0.00, 0.00
2182, 0, 82.236, 0.88, 1, 0.28, 0.00, 0.00, 0.00, 0.00, 0.00, 0.06, 0.76, 0.45, 0.80, 0.12, 0.62, 0.00, 0.00, 0.14, 0.03, 0.00, 0.00, 0.00, 0.00, 1.00, 0.00, 0.00, 0.00, 0.00, 1.00, 0.00, 0.00, 1.00, 0.00, 1.00, 0.00, 0.00, 0.00, 0.00
2183, 0, 82.274, 0.88, 1, 0.10, 0.00, 0.00, 0.00, 0.00, 0.00, 0.12, 0.62, 0.50, 0.96, 0.06, 0.65, 0.00, 0.00, 0.20, 0.04, 0.00, 0.00, 0.00, 0.00, 1.00, 0.00, 0.00, 0.00, 0.00, 1.00, 0.00, 0.00, 1.00, 0.00, 1.00, 0.00, 0.00, 0.00, 0.00
2184, 0, 82.311, 0.88, 1, 0.09, 0.00, 0.00, 0.00, 0.00, 0.00, 0.19, 0.56, 0.49, 1.12, 0.09, 0.62, 0.00, 0.00, 0.15, 0.04, 0.00, 0.00, 0.00, 0.00, 1.00, 0.00, 0.00, 0.00, 0.00, 1.00, 0.00, 0.00, 1.00, 0.00, 1.00, 0.00, 0.00, 0.00, 0.00
2185, 0, 82.349, 0.98, 1, 0.06, 0.06, 0.00, 0.00, 0.00, 0.00, 0.17, 0.63, 0.47, 1.11, 0.45, 0.46, 0.00, 0.00, 0.30, 0.04, 0.00, 0.00, 0.00, 0.00, 1.00, 0.00, 0.00, 0.00, 0.00, 1.00, 0.00, 0.00, 0.00, 0.00, 1.00, 0.00, 0.00, 0.00, 0.00
2186, 0, 82.387, 0.98, 1, 0.16, 0.13, 0.00, 0.00, 0.00, 0.00, 0.15, 0.69, 0.42, 0.85, 0.50, 0.31, 0.08, 0.00, 0.24, 0.00, 0.00, 0.00, 0.00, 0.00, 1.00, 0.00, 0.00, 0.00, 0.00, 1.00, 1.00, 0.00, 0.00, 0.00, 1.00, 0.00, 0.00, 0.00, 0.00
2187, 0, 82.425, 0.98, 1, 0.20, 0.19, 0.00, 0.00, 0.00, 0.00, 0.11, 0.81, 0.40, 0.58, 0.50, 0.23, 0.08, 0.00, 0.20, 0.00, 0.00, 0.00, 0.00, 0.00, 1.00, 0.00, 0.00, 0.00, 0.00, 1.00, 1.00, 0.00, 0.00, 0.00, 1.00, 0.00, 0.00, 0.00, 0.00
2188, 0, 82.462, 0.98, 1, 0.22, 0.19, 0.00, 0.00, 0.00, 0.00, 0.11, 0.88, 0.41, 0.64, 0.19, 0.29, 0.08, 0.00, 0.00, 0.00, 0.06, 0.00, 0.00, 0.00, 1.00, 0.00, 0.00, 0.00, 0.00, 1.00, 0.00, 0.00, 0.00, 0.00, 1.00, 0.00, 0.00, 0.00, 0.00
2189, 0, 82.500, 0.98, 1, 0.20, 0.17, 0.00, 0.00, 0.00, 0.00, 0.06, 1.07, 0.40, 0.69, 0.39, 0.26, 0.00, 0.00, 0.03, 0.00, 0.09, 0.00, 0.00, 0.00, 1.00, 0.00, 0.00, 0.00, 0.00, 1.00, 0.00, 0.00, 0.00, 0.00, 1.00, 0.00, 0.00, 0.00, 0.00
2190, 0, 82.538, 0.98, 1, 0.17, 0.24, 0.00, 0.03, 0.00, 0.00, 0.00, 1.11, 0.46, 0.53, 0.42, 0.63, 0.00, 0.00, 0.03, 0.00, 0.09, 0.00, 0.00, 0.00, 1.00, 0.00, 0.00, 0.00, 0.00, 1.00, 0.00, 0.00, 0.00, 0.00, 1.00, 0.00, 0.00, 0.00, 0.00
2191, 0, 82.575, 0.98, 1, 0.16, 0.18, 0.00, 0.09, 0.00, 0.00, 0.00, 1.20, 0.52, 0.27, 0.71, 0.85, 0.00, 0.00, 0.06, 0.00, 0.04, 0.00, 0.00, 0.00, 1.00, 0.00, 0.00, 0.00, 0.00, 1.00, 0.00, 0.00, 0.00, 0.00, 1.00, 0.00, 0.00, 0.00, 0.00
2192, 0, 82.613, 0.98, 1, 0.09, 0.13, 0.00, 0.12, 0.00, 0.00, 0.00, 1.31, 0.54, 0.00, 0.92, 0.96, 0.00, 0.00, 0.24, 0.00, 0.00, 0.00, 1.00, 0.00, 1.00, 0.00, 0.00, 0.00, 0.00, 1.00, 0.00, 0.00, 0.00, 0.00, 0.00, 0.00, 0.00, 0.00, 0.00
2193, 0, 82.651, 0.98, 1, 0.03, 0.04, 0.00, 0.09, 0.03, 0.00, 0.02, 1.37, 0.63, 0.00, 1.15, 0.55, 0.00, 0.00, 0.24, 0.00, 0.00, 0.00, 1.00, 0.00, 1.00, 0.00, 1.00, 0.00, 0.00, 1.00, 0.00, 0.00, 0.00, 0.00, 0.00, 0.00, 0.00, 0.00, 0.00
2194, 0, 82.688, 0.98, 1, 0.00, 0.06, 0.00, 0.05, 0.05, 0.00, 0.04, 1.37, 0.71, 0.00, 0.95, 0.28, 0.00, 0.00, 0.21, 0.00, 0.00, 0.00, 1.00, 0.00, 1.00, 0.00, 1.00, 0.00, 0.00, 1.00, 0.00, 0.00, 0.00, 0.00, 0.00, 0.00, 0.00, 0.00, 0.00
2195, 0, 82.726, 0.98, 1, 0.00, 0.06, 0.00, 0.01, 0.05, 0.00, 0.14, 1.07, 0.77, 0.24, 0.50, 0.10, 0.00, 0.00, 0.00, 0.00, 0.00, 0.00, 0.00, 0.00, 1.00, 0.00, 1.00, 0.00, 0.00, 1.00, 0.00, 0.00, 0.00, 0.00, 0.00, 0.00, 0.00, 0.00, 0.00
2196, 0, 82.764, 0.98, 1, 0.00, 0.03, 0.00, 0.01, 0.03, 0.00, 0.21, 0.88, 0.67, 0.50, 0.20, 0.06, 0.00, 0.00, 0.00, 0.00, 0.00, 0.00, 0.00, 0.00, 1.00, 0.00, 1.00, 0.00, 0.00, 1.00, 0.00, 0.00, 0.00, 0.00, 1.00, 0.00, 0.00, 0.00, 0.00
2197, 0, 82.802, 0.98, 1, 0.00, 0.00, 0.00, 0.00, 0.02, 0.00, 0.22, 0.62, 0.59, 0.74, 0.00, 0.08, 0.00, 0.00, 0.00, 0.00, 0.00, 0.00, 0.00, 0.00, 1.00, 0.00, 1.00, 0.00, 0.00, 1.00, 0.00, 0.00, 0.00, 0.00, 1.00, 0.00, 0.00, 0.00, 0.00
2198, 0, 82.839, 0.98, 1, 0.00, 0.00, 0.00, 0.00, 0.02, 0.00, 0.14, 0.63, 0.56, 0.79, 0.00, 0.19, 0.00, 0.00, 0.00, 0.00, 0.00, 0.00, 0.00, 0.00, 1.00, 0.00, 0.00, 0.00, 0.00, 1.00, 0.00, 0.00, 0.00, 0.00, 1.00, 0.00, 0.00, 0.00, 0.00
2199, 0, 82.877, 0.98, 1, 0.00, 0.00, 0.00, 0.00, 0.03, 0.00, 0.13, 0.51, 0.56, 0.60, 0.03, 0.37, 0.00, 0.00, 0.00, 0.00, 0.00, 0.00, 0.00, 0.00, 1.00, 0.00, 0.00, 0.00, 0.00, 1.00, 0.00, 0.00, 0.00, 0.00, 1.00, 0.00, 0.00, 0.00, 0.00
2200, 0, 82.915, 0.98, 1, 0.00, 0.00, 0.00, 0.03, 0.03, 0.00, 0.10, 0.48, 0.56, 0.37, 0.03, 0.43, 0.00, 0.00, 0.01, 0.00, 0.00, 0.00, 0.00, 0.00, 1.00, 0.00, 0.00, 0.00, 0.00, 1.00, 0.00, 0.00, 0.00, 0.00, 1.00, 0.00, 0.00, 0.00, 0.00
2201, 0, 82.952, 0.98, 1, 0.00, 0.00, 0.00, 0.19, 0.03, 0.00, 0.08, 0.51, 0.59, 0.12, 0.03, 0.49, 0.00, 0.00, 0.13, 0.00, 0.00, 0.00, 0.00, 0.00, 1.00, 0.00, 0.00, 0.00, 0.00, 1.00, 0.00, 0.00, 0.00, 0.00, 1.00, 0.00, 0.00, 0.00, 0.00
2202, 0, 82.990, 0.98, 1, 0.00, 0.00, 0.00, 0.31, 0.00, 0.00, 0.00, 0.60, 0.57, 0.22, 0.00, 0.47, 0.00, 0.00, 0.13, 0.00, 0.00, 0.00, 0.00, 0.00, 1.00, 0.00, 0.00, 0.00, 0.00, 1.00, 0.00, 0.00, 0.00, 0.00, 1.00, 0.00, 0.00, 0.00, 0.00
2203, 0, 83.028, 0.98, 1, 0.00, 0.00, 0.00, 0.44, 0.00, 0.00, 0.06, 0.72, 0.55, 0.39, 0.00, 0.43, 0.00, 0.00, 0.12, 0.00, 0.00, 0.00, 0.00, 0.00, 1.00, 0.00, 0.00, 0.00, 0.00, 1.00, 0.00, 0.00, 0.00, 0.00, 1.00, 0.00, 0.00, 0.00, 0.00
2204, 0, 83.066, 0.98, 1, 0.00, 0.00, 0.00, 0.41, 0.00, 0.00, 0.12, 0.87, 0.48, 0.47, 0.00, 0.24, 0.00, 0.00, 0.00, 0.00, 0.00, 0.00, 0.00, 0.00, 1.00, 0.00, 0.00, 0.00, 0.00, 1.00, 0.00, 0.00, 0.00, 0.00, 1.00, 0.00, 0.00, 0.00, 0.00
2205, 0, 83.103, 0.98, 1, 0.00, 0.00, 0.00, 0.48, 0.00, 0.00, 0.18, 0.87, 0.41, 0.33, 0.12, 0.28, 0.11, 0.01, 0.00, 0.00, 0.00, 0.00, 0.00, 0.00, 1.00, 0.00, 0.00, 0.00, 0.00, 1.00, 0.00, 0.00, 0.00, 0.00, 1.00, 0.00, 0.00, 0.00, 0.00
2206, 0, 83.141, 0.98, 1, 0.00, 0.00, 0.00, 0.45, 0.00, 0.00, 0.17, 0.81, 0.36, 0.27, 0.38, 0.38, 0.21, 0.03, 0.04, 0.00, 0.00, 0.00, 1.00, 0.00, 1.00, 0.00, 0.00, 0.00, 0.00, 1.00, 0.00, 0.00, 0.00, 0.00, 1.00, 0.00, 0.00, 0.00, 0.00
2207, 0, 83.179, 0.98, 1, 0.00, 0.00, 0.00, 0.36, 0.00, 0.00, 0.19, 0.66, 0.30, 0.41, 0.66, 0.54, 0.21, 0.07, 0.04, 0.00, 0.00, 0.00, 1.00, 0.00, 1.00, 0.00, 0.00, 0.00, 0.00, 1.00, 0.00, 0.00, 0.00, 0.00, 1.00, 0.00, 0.00, 0.00, 0.00
2208, 0, 83.216, 0.98, 1, 0.00, 0.00, 0.00, 0.17, 0.00, 0.00, 0.20, 0.84, 0.32, 0.78, 0.78, 0.47, 0.10, 0.05, 0.04, 0.00, 0.00, 0.00, 1.00, 0.00, 1.00, 0.00, 0.00, 0.00, 0.00, 1.00, 0.00, 0.00, 0.00, 0.00, 1.00, 0.00, 0.00, 0.00, 0.00
2209, 0, 83.254, 0.98, 1, 0.00, 0.00, 0.00, 0.05, 0.00, 0.00, 0.24, 1.08, 0.32, 1.03, 0.83, 0.63, 0.00, 0.04, 0.05, 0.00, 0.05, 0.00, 1.00, 0.00, 1.00, 0.00, 0.00, 0.00, 0.00, 1.00, 0.00, 0.00, 0.00, 0.00, 1.00, 0.00, 0.00, 0.00, 0.00
2210, 0, 83.292, 0.98, 1, 0.00, 0.17, 0.00, 0.00, 0.00, 0.00, 0.28, 0.97, 0.35, 0.78, 0.78, 0.65, 0.00, 0.00, 0.05, 0.00, 0.05, 0.00, 1.00, 0.00, 1.00, 0.00, 0.00, 0.00, 0.00, 1.00, 0.00, 0.00, 0.00, 0.00, 1.00, 0.00, 0.00, 0.00, 0.00
2211, 0, 83.329, 0.98, 1, 0.00, 0.23, 0.00, 0.00, 0.00, 0.00, 0.33, 0.84, 0.41, 0.36, 0.55, 0.64, 0.00, 0.00, 0.05, 0.00, 0.05, 0.00, 1.00, 0.00, 1.00, 0.00, 0.00, 0.00, 0.00, 1.00, 0.00, 0.00, 0.00, 0.00, 0.00, 0.00, 0.00, 0.00, 0.00
2212, 0, 83.367, 0.98, 1, 0.00, 0.30, 0.00, 0.00, 0.01, 0.00, 0.37, 0.56, 0.46, 0.00, 0.27, 0.36, 0.00, 0.00, 0.00, 0.00, 0.00, 0.00, 1.00, 0.00, 1.00, 0.00, 0.00, 0.00, 0.00, 1.00, 0.00, 1.00, 0.00, 0.00, 0.00, 0.00, 0.00, 0.00, 0.00
2213, 0, 83.405, 0.98, 1, 0.00, 0.33, 0.00, 0.00, 0.01, 0.00, 0.32, 0.54, 0.52, 0.00, 0.04, 0.31, 0.00, 0.00, 0.03, 0.00, 0.00, 0.00, 1.00, 0.00, 1.00, 0.00, 0.00, 0.00, 0.00, 1.00, 0.00, 1.00, 0.00, 0.00, 0.00, 0.00, 0.00, 0.00, 0.00
2214, 0, 83.443, 0.98, 1, 0.00, 0.31, 0.00, 0.01, 0.01, 0.05, 0.31, 0.43, 0.46, 0.00, 0.08, 0.30, 0.00, 0.00, 0.03, 0.00, 0.00, 0.00, 1.00, 0.00, 1.00, 0.00, 0.00, 0.00, 0.00, 1.00, 0.00, 0.00, 0.00, 0.00, 0.00, 0.00, 0.00, 0.00, 0.00
2215, 0, 83.480, 0.98, 1, 0.00, 0.24, 0.00, 0.12, 0.00, 0.05, 0.27, 0.58, 0.36, 0.36, 0.28, 0.45, 0.00, 0.00, 0.03, 0.00, 0.00, 0.00, 1.00, 0.00, 1.00, 0.00, 0.00, 0.00, 0.00, 1.00, 0.00, 0.00, 0.00, 0.00, 0.00, 0.00, 0.00, 0.00, 0.00
2216, 0, 83.518, 0.98, 1, 0.00, 0.04, 0.00, 0.29, 0.00, 0.05, 0.35, 0.74, 0.32, 0.68, 0.28, 0.36, 0.00, 0.00, 0.00, 0.00, 0.00, 0.00, 1.00, 0.00, 1.00, 0.00, 0.00, 0.00, 0.00, 1.00, 0.00, 0.00, 0.00, 0.00, 1.00, 0.00, 0.00, 0.00, 0.00
2217, 0, 83.556, 0.98, 1, 0.00, 0.00, 0.00, 0.35, 0.00, 0.00, 0.41, 0.91, 0.36, 0.98, 0.23, 0.25, 0.00, 0.00, 0.00, 0.00, 0.00, 0.00, 1.00, 0.00, 1.00, 0.00, 0.00, 0.00, 0.00, 1.00, 0.00, 0.00, 0.00, 0.00, 1.00, 0.00, 0.00, 0.00, 0.00
2218, 0, 83.593, 0.98, 1, 0.00, 0.00, 0.00, 0.25, 0.00, 0.00, 0.46, 0.82, 0.47, 0.87, 0.00, 0.16, 0.00, 0.00, 0.00, 0.00, 0.00, 0.00, 1.00, 0.00, 1.00, 0.00, 0.00, 0.00, 0.00, 1.00, 0.00, 0.00, 0.00, 0.00, 1.00, 0.00, 0.00, 0.00, 0.00
2219, 0, 83.631, 0.98, 1, 0.02, 0.10, 0.00, 0.12, 0.00, 0.00, 0.36, 0.71, 0.53, 0.64, 0.09, 0.27, 0.00, 0.00, 0.00, 0.00, 0.00, 0.00, 1.00, 0.00, 1.00, 0.00, 0.00, 0.00, 0.00, 1.00, 0.00, 0.00, 0.00, 0.00, 1.00, 0.00, 0.00, 0.00, 0.00
2220, 0, 83.669, 0.98, 1, 0.02, 0.10, 0.00, 0.18, 0.00, 0.00, 0.19, 0.91, 0.49, 0.49, 0.22, 0.32, 0.10, 0.00, 0.00, 0.00, 0.00, 0.00, 1.00, 0.00, 1.00, 0.00, 0.00, 0.00, 0.00, 1.00, 0.00, 0.00, 0.00, 0.00, 1.00, 0.00, 0.00, 0.00, 0.00
2221, 0, 83.707, 0.98, 1, 0.02, 0.10, 0.00, 0.27, 0.00, 0.00, 0.06, 1.09, 0.42, 0.47, 0.22, 0.48, 0.17, 0.00, 0.00, 0.00, 0.00, 0.00, 1.00, 0.00, 1.00, 0.00, 0.00, 0.00, 0.00, 1.00, 0.00, 0.00, 0.00, 0.00, 1.00, 0.00, 0.00, 0.00, 0.00
2222, 0, 83.744, 0.98, 1, 0.00, 0.00, 0.00, 0.22, 0.00, 0.00, 0.05, 1.30, 0.37, 0.51, 0.28, 0.62, 0.38, 0.00, 0.00, 0.00, 0.00, 0.00, 1.00, 0.00, 1.00, 0.00, 0.00, 0.00, 0.00, 1.00, 0.00, 0.00, 0.00, 0.00, 0.00, 0.00, 0.00, 0.00, 0.00
2223, 0, 83.782, 0.98, 1, 0.00, 0.00, 0.00, 0.09, 0.00, 0.00, 0.08, 1.18, 0.42, 0.47, 0.15, 0.73, 0.34, 0.00, 0.00, 0.00, 0.04, 0.00, 0.00, 0.00, 1.00, 0.00, 0.00, 0.00, 0.00, 1.00, 0.00, 0.00, 0.00, 0.00, 0.00, 0.00, 0.00, 0.00, 0.00
2224, 0, 83.820, 0.98, 1, 0.00, 0.00, 0.00, 0.00, 0.00, 0.00, 0.11, 1.12, 0.47, 0.40, 0.15, 0.61, 0.32, 0.00, 0.00, 0.00, 0.09, 0.00, 0.00, 0.00, 1.00, 0.00, 0.00, 0.00, 0.00, 1.00, 0.00, 0.00, 0.00, 0.00, 0.00, 0.00, 0.00, 0.00, 0.00
2225, 0, 83.857, 0.98, 1, 0.00, 0.00, 0.00, 0.00, 0.00, 0.00, 0.06, 1.03, 0.46, 0.26, 0.02, 0.79, 0.11, 0.00, 0.00, 0.00, 0.09, 0.00, 1.00, 0.00, 1.00, 0.00, 0.00, 0.00, 0.00, 1.00, 0.00, 0.00, 0.00, 0.00, 0.00, 0.00, 0.00, 0.00, 0.00
2226, 0, 83.895, 0.98, 1, 0.00, 0.02, 0.00, 0.02, 0.00, 0.00, 0.11, 0.91, 0.48, 0.44, 0.02, 0.94, 0.06, 0.01, 0.00, 0.00, 0.05, 0.00, 1.00, 0.00, 1.00, 0.00, 0.00, 0.00, 0.00, 1.00, 0.00, 0.00, 0.00, 0.00, 0.00, 0.00, 0.00, 0.00, 0.00
2227, 0, 83.933, 0.98, 1, 0.00, 0.02, 0.00, 0.02, 0.00, 0.00, 0.20, 0.71, 0.43, 0.48, 0.06, 0.94, 0.00, 0.01, 0.00, 0.00, 0.00, 0.00, 1.00, 0.00, 1.00, 0.00, 0.00, 0.00, 0.00, 0.00, 0.00, 0.00, 0.00, 0.00, 0.00, 0.00, 0.00, 0.00, 0.00
2228, 0, 83.970, 0.98, 1, 0.00, 0.02, 0.00, 0.02, 0.00, 0.00, 0.24, 0.70, 0.48, 0.58, 0.04, 0.51, 0.00, 0.01, 0.00, 0.00, 0.00, 0.00, 1.00, 0.00, 1.00, 0.00, 0.00, 0.00, 0.00, 0.00, 0.00, 0.00, 0.00, 0.00, 0.00, 0.00, 0.00, 0.00, 0.00
2229, 0, 84.008, 0.98, 1, 0.00, 0.00, 0.00, 0.00, 0.00, 0.00, 0.18, 0.90, 0.51, 0.30, 0.04, 0.25, 0.00, 0.00, 0.00, 0.00, 0.00, 0.00, 1.00, 0.00, 1.00, 0.00, 0.00, 0.00, 0.00, 0.00, 0.00, 0.00, 1.00, 0.00, 0.00, 0.00, 0.00, 0.00, 0.00
2230, 0, 84.046, 0.98, 1, 0.03, 0.00, 0.00, 0.02, 0.00, 0.00, 0.05, 1.09, 0.53, 0.29, 0.00, 0.40, 0.00, 0.00, 0.00, 0.00, 0.00, 0.00, 1.00, 0.00, 1.00, 0.00, 0.00, 0.00, 0.00, 1.00, 0.00, 0.00, 1.00, 0.00, 0.00, 0.00, 0.00, 0.00, 0.00
2231, 0, 84.084, 0.98, 1, 0.05, 0.00, 0.00, 0.07, 0.00, 0.00, 0.01, 1.13, 0.51, 0.24, 0.19, 0.75, 0.13, 0.00, 0.00, 0.00, 0.00, 0.00, 1.00, 0.00, 1.00, 0.00, 0.00, 0.00, 0.00, 1.00, 0.00, 0.00, 1.00, 0.00, 0.00, 0.00, 0.00, 0.00, 0.00
2232, 0, 84.121, 0.98, 1, 0.10, 0.00, 0.00, 0.07, 0.00, 0.00, 0.00, 0.96, 0.47, 0.32, 0.38, 1.14, 0.19, 0.00, 0.00, 0.00, 0.00, 0.00, 1.00, 0.00, 1.00, 0.00, 0.00, 0.00, 0.00, 1.00, 0.00, 0.00, 1.00, 0.00, 0.00, 0.00, 0.00, 0.00, 0.00
2233, 0, 84.159, 0.98, 1, 0.14, 0.03, 0.00, 0.09, 0.00, 0.00, 0.06, 0.96, 0.44, 0.36, 0.38, 1.15, 0.19, 0.00, 0.00, 0.00, 0.02, 0.00, 1.00, 0.00, 1.00, 0.00, 0.00, 0.00, 0.00, 1.00, 0.00, 0.00, 1.00, 0.00, 0.00, 0.00, 0.00, 0.00, 0.00
2234, 0, 84.197, 0.98, 1, 0.18, 0.03, 0.00, 0.15, 0.00, 0.00, 0.07, 0.98, 0.39, 0.57, 0.20, 1.02, 0.06, 0.00, 0.00, 0.00, 0.02, 0.00, 1.00, 0.00, 1.00, 0.00, 0.00, 0.00, 0.00, 1.00, 0.00, 0.00, 1.00, 0.00, 0.00, 0.00, 0.00, 0.00, 0.00
2235, 0, 84.234, 0.98, 1, 0.14, 0.17, 0.00, 0.15, 0.00, 0.00, 0.10, 1.12, 0.47, 0.85, 0.00, 0.78, 0.00, 0.00, 0.00, 0.00, 0.02, 0.00, 1.00, 0.00, 1.00, 0.00, 0.00, 0.00, 0.00, 1.00, 0.00, 0.00, 1.00, 0.00, 0.00, 0.00, 0.00, 0.00, 0.00
2236, 0, 84.272, 0.98, 1, 0.07, 0.21, 0.00, 0.11, 0.00, 0.00, 0.09, 1.21, 0.57, 0.98, 0.00, 0.60, 0.00, 0.00, 0.00, 0.00, 0.00, 0.00, 1.00, 0.00, 1.00, 0.00, 0.00, 0.00, 0.00, 1.00, 1.00, 0.00, 1.00, 0.00, 0.00, 0.00, 0.00, 0.00, 0.00
2237, 0, 84.310, 0.98, 1, 0.13, 0.43, 0.00, 0.11, 0.00, 0.00, 0.22, 1.09, 0.65, 0.96, 0.00, 0.43, 0.00, 0.00, 0.00, 0.00, 0.00, 0.00, 1.00, 0.00, 1.00, 0.00, 0.00, 0.00, 0.00, 1.00, 1.00, 0.00, 1.00, 0.00, 0.00, 0.00, 0.00, 0.00, 0.00
2238, 0, 84.347, 0.88, 1, 0.15, 0.29, 0.00, 0.11, 0.00, 0.00, 0.26, 1.24, 0.48, 0.91, 0.00, 0.52, 0.00, 0.00, 0.00, 0.00, 0.00, 0.00, 1.00, 0.00, 1.00, 0.00, 0.00, 0.00, 0.00, 1.00, 1.00, 0.00, 0.00, 0.00, 0.00, 0.00, 0.00, 0.00, 0.00
2239, 0, 84.385, 0.98, 1, 0.15, 0.21, 0.00, 0.11, 0.00, 0.00, 0.28, 1.32, 0.30, 0.81, 0.00, 0.63, 0.00, 0.00, 0.00, 0.00, 0.00, 0.00, 0.00, 0.00, 1.00, 0.00, 0.00, 0.00, 0.00, 1.00, 1.00, 0.00, 0.00, 0.00, 0.00, 0.00, 0.00, 0.00, 0.00
2240, 0, 84.423, 0.98, 1, 0.03, 0.00, 0.00, 0.04, 0.00, 0.00, 0.14, 1.54, 0.26, 0.57, 0.23, 0.54, 0.00, 0.00, 0.04, 0.00, 0.00, 0.00, 0.00, 0.00, 1.00, 0.00, 0.00, 0.00, 0.00, 1.00, 0.00, 0.00, 0.00, 0.00, 1.00, 0.00, 0.00, 0.00, 0.00
2241, 0, 84.461, 0.98, 1, 0.00, 0.00, 0.00, 0.11, 0.00, 0.00, 0.07, 1.34, 0.41, 0.46, 0.23, 0.32, 0.00, 0.02, 0.04, 0.00, 0.00, 0.00, 0.00, 0.00, 1.00, 0.00, 0.00, 0.00, 0.00, 1.00, 0.00, 0.00, 0.00, 0.00, 1.00, 0.00, 0.00, 0.00, 0.00
2242, 0, 84.498, 0.98, 1, 0.03, 0.00, 0.00, 0.11, 0.00, 0.00, 0.00, 1.17, 0.63, 0.36, 0.23, 0.06, 0.00, 0.02, 0.04, 0.00, 0.00, 0.00, 0.00, 0.00, 1.00, 0.00, 0.00, 0.00, 0.00, 1.00, 0.00, 0.00, 0.00, 0.00, 1.00, 0.00, 0.00, 0.00, 0.00
2243, 0, 84.536, 0.98, 1, 0.03, 0.00, 0.00, 0.09, 0.00, 0.00, 0.00, 1.05, 0.77, 0.71, 0.00, 0.07, 0.00, 0.02, 0.00, 0.00, 0.00, 0.00, 0.00, 0.00, 1.00, 0.00, 0.00, 0.00, 0.00, 1.00, 0.00, 0.00, 0.00, 0.00, 1.00, 0.00, 0.00, 0.00, 0.00
2244, 0, 84.574, 0.98, 1, 0.03, 0.00, 0.00, 0.05, 0.00, 0.00, 0.00, 1.18, 0.84, 0.87, 0.00, 0.11, 0.00, 0.02, 0.00, 0.00, 0.00, 0.00, 0.00, 0.00, 1.00, 0.00, 0.00, 0.00, 0.00, 1.00, 0.00, 0.00, 0.00, 0.00, 1.00, 0.00, 0.00, 0.00, 0.00
2245, 0, 84.611, 0.98, 1, 0.06, 0.00, 0.00, 0.05, 0.00, 0.00, 0.00, 1.41, 0.70, 1.06, 0.40, 0.37, 0.27, 0.02, 0.24, 0.05, 0.00, 0.00, 0.00, 0.00, 1.00, 0.00, 0.00, 0.00, 0.00, 1.00, 0.00, 0.00, 0.00, 0.00, 1.00, 0.00, 0.00, 0.00, 0.00
2246, 0, 84.649, 0.98, 1, 0.09, 0.00, 0.00, 0.19, 0.00, 0.00, 0.00, 1.68, 0.59, 1.39, 0.40, 0.49, 0.27, 0.02, 0.37, 0.09, 0.00, 0.00, 0.00, 0.00, 1.00, 0.00, 0.00, 0.00, 1.00, 1.00, 0.00, 0.00, 0.00, 1.00, 1.00, 0.00, 0.00, 0.00, 0.00
2247, 0, 84.687, 0.98, 1, 0.09, 0.00, 0.00, 0.32, 0.07, 0.00, 0.00, 1.71, 0.51, 1.51, 0.57, 0.48, 0.29, 0.00, 0.64, 0.09, 0.13, 0.00, 0.00, 0.00, 1.00, 0.00, 0.00, 0.00, 1.00, 1.00, 0.00, 0.00, 0.00, 1.00, 1.00, 0.00, 0.00, 0.00, 0.00
2248, 0, 84.725, 0.98, 1, 0.03, 0.00, 0.00, 0.43, 0.14, 0.00, 0.00, 1.60, 0.60, 1.73, 0.27, 0.45, 0.15, 0.00, 0.62, 0.15, 0.13, 0.00, 0.00, 0.00, 1.00, 0.00, 0.00, 0.00, 1.00, 1.00, 0.00, 0.00, 0.00, 1.00, 1.00, 0.00, 0.00, 0.00, 0.00
2249, 0, 84.762, 0.98, 1, 0.04, 0.00, 0.00, 0.28, 0.23, 0.00, 0.00, 1.31, 0.67, 1.43, 0.27, 0.60, 0.15, 0.00, 0.71, 0.11, 0.13, 0.00, 0.00, 0.00, 1.00, 0.00, 0.00, 0.00, 1.00, 1.00, 0.00, 0.00, 0.00, 1.00, 1.00, 0.00, 0.00, 0.00, 0.00
2250, 0, 84.800, 0.98, 1, 0.09, 0.05, 0.00, 0.39, 0.26, 0.00, 0.00, 1.37, 0.67, 1.14, 0.10, 0.91, 0.27, 0.00, 0.93, 0.14, 0.00, 0.00, 1.00, 0.00, 1.00, 0.00, 0.00, 0.00, 1.00, 1.00, 0.00, 0.00, 0.00, 0.00, 1.00, 0.00, 0.00, 0.00, 0.00
2251, 0, 84.838, 0.98, 1, 0.14, 0.08, 0.00, 0.57, 0.28, 0.00, 0.00, 1.47, 0.64, 0.81, 0.04, 1.12, 0.20, 0.00, 1.19, 0.05, 0.00, 0.00, 1.00, 0.00, 1.00, 0.00, 0.00, 0.00, 1.00, 0.00, 0.00, 0.00, 0.00, 0.00, 1.00, 0.00, 0.00, 0.00, 0.00
2252, 0, 84.875, 0.98, 1, 0.32, 0.22, 0.00, 0.67, 0.26, 0.00, 0.00, 1.72, 0.64, 0.57, 0.13, 1.15, 0.35, 0.03, 1.38, 0.10, 0.00, 0.00, 1.00, 0.00, 1.00, 0.00, 0.00, 0.00, 1.00, 0.00, 0.00, 0.00, 1.00, 0.00, 1.00, 0.00, 0.00, 0.00, 0.00
2253, 0, 84.913, 0.98, 1, 0.42, 0.24, 0.00, 0.47, 0.16, 0.00, 0.00, 1.53, 0.56, 0.69, 0.13, 1.11, 0.40, 0.03, 1.16, 0.28, 0.00, 0.00, 1.00, 0.00, 1.00, 0.00, 0.00, 0.00, 1.00, 0.00, 0.00, 0.00, 1.00, 0.00, 1.00, 0.00, 0.00, 0.00, 0.00
2254, 0, 84.951, 0.98, 1, 0.57, 0.21, 0.00, 0.40, 0.08, 0.14, 0.00, 1.25, 0.44, 0.48, 0.09, 0.96, 0.58, 0.03, 0.68, 0.26, 0.00, 0.00, 1.00, 0.00, 1.00, 0.00, 0.00, 0.00, 0.00, 0.00, 0.00, 0.00, 1.00, 0.00, 1.00, 0.00, 0.00, 0.00, 0.00
2255, 0, 84.988, 0.98, 1, 0.35, 0.07, 0.00, 0.38, 0.02, 0.14, 0.00, 1.00, 0.41, 0.41, 0.00, 0.94, 0.52, 0.00, 0.28, 0.22, 0.00, 0.00, 1.00, 0.00, 1.00, 0.00, 0.00, 0.00, 0.00, 0.00, 0.00, 0.00, 0.00, 0.00, 1.00, 0.00, 0.00, 0.00, 0.00
2256, 0, 85.026, 0.98, 1, 0.19, 0.00, 0.00, 0.33, 0.06, 0.14, 0.00, 0.97, 0.45, 0.50, 0.07, 0.74, 0.39, 0.00, 0.00, 0.00, 0.00, 0.00, 1.00, 0.00, 1.00, 0.00, 0.00, 0.00, 0.00, 1.00, 0.00, 0.00, 0.00, 0.00, 1.00, 0.00, 0.00, 0.00, 0.00
2257, 0, 85.064, 0.98, 1, 0.00, 0.00, 0.00, 0.11, 0.10, 0.00, 0.00, 1.06, 0.55, 0.86, 0.23, 0.59, 0.26, 0.00, 0.00, 0.00, 0.00, 0.00, 1.00, 0.00, 1.00, 0.00, 0.00, 0.00, 0.00, 1.00, 0.00, 0.00, 0.00, 0.00, 1.00, 0.00, 0.00, 0.00, 0.00
2258, 0, 85.102, 0.98, 1, 0.00, 0.00, 0.00, 0.03, 0.13, 0.00, 0.00, 1.13, 0.48, 1.06, 0.23, 0.54, 0.22, 0.00, 0.00, 0.00, 0.00, 0.00, 1.00, 0.00, 1.00, 0.00, 0.00, 0.00, 0.00, 1.00, 0.00, 0.00, 0.00, 0.00, 1.00, 0.00, 0.00, 0.00, 0.00
2259, 0, 85.139, 0.98, 1, 0.00, 0.00, 0.00, 0.08, 0.18, 0.02, 0.00, 1.25, 0.45, 0.83, 0.18, 0.77, 0.18, 0.00, 0.00, 0.00, 0.00, 0.00, 1.00, 0.00, 1.00, 0.00, 0.00, 0.00, 0.00, 1.00, 0.00, 0.00, 0.00, 0.00, 1.00, 0.00, 0.00, 0.00, 0.00
2260, 0, 85.177, 0.98, 1, 0.00, 0.00, 0.00, 0.08, 0.14, 0.02, 0.00, 1.27, 0.38, 0.53, 0.41, 0.93, 0.07, 0.02, 0.00, 0.09, 0.00, 0.00, 1.00, 0.00, 1.00, 0.00, 0.00, 0.00, 0.00, 1.00, 0.00, 0.00, 0.00, 0.00, 1.00, 0.00, 0.00, 0.00, 0.00
2261, 0, 85.215, 0.98, 1, 0.00, 0.00, 0.00, 0.21, 0.08, 0.02, 0.02, 1.29, 0.32, 0.34, 0.41, 1.03, 0.01, 0.02, 0.00, 0.22, 0.00, 0.00, 1.00, 0.00, 1.00, 0.00, 0.00, 0.00, 1.00, 1.00, 0.00, 0.00, 0.00, 0.00, 1.00, 0.00, 0.00, 0.00, 0.00
2262, 0, 85.252, 0.98, 1, 0.00, 0.00, 0.00, 0.57, 0.03, 0.00, 0.02, 1.34, 0.29, 0.17, 0.46, 1.08, 0.00, 0.06, 0.00, 0.30, 0.00, 0.00, 1.00, 0.00, 1.00, 0.00, 0.00, 0.00, 1.00, 1.00, 0.00, 1.00, 0.00, 0.00, 1.00, 0.00, 0.00, 0.00, 0.00
2263, 0, 85.290, 0.98, 1, 0.00, 0.00, 0.00, 0.83, 0.03, 0.00, 0.09, 1.37, 0.32, 0.15, 0.06, 1.17, 0.00, 0.04, 0.00, 0.21, 0.00, 0.00, 0.00, 0.00, 1.00, 0.00, 0.00, 0.00, 0.00, 1.00, 0.00, 1.00, 1.00, 0.00, 1.00, 0.00, 0.00, 0.00, 0.00
2264, 0, 85.328, 0.98, 1, 0.00, 0.00, 0.00, 0.77, 0.11, 0.00, 0.08, 1.43, 0.41, 0.24, 0.22, 1.25, 0.00, 0.04, 0.10, 0.08, 0.00, 0.00, 0.00, 0.00, 1.00, 0.00, 0.00, 0.00, 0.00, 1.00, 0.00, 1.00, 1.00, 0.00, 1.00, 0.00, 0.00, 0.00, 0.00
2265, 0, 85.366, 0.98, 1, 0.00, 0.00, 0.00, 0.34, 0.07, 0.00, 0.07, 1.39, 0.52, 0.28, 0.70, 1.65, 0.32, 0.00, 0.12, 0.05, 0.00, 0.00, 0.00, 0.00, 1.00, 0.00, 0.00, 0.00, 1.00, 1.00, 0.00, 1.00, 1.00, 0.00, 1.00, 0.00, 0.00, 0.00, 0.00
2266, 0, 85.403, 0.93, 1, 0.00, 0.00, 0.00, 0.07, 0.07, 0.00, 0.00, 1.50, 0.57, 0.22, 0.74, 1.83, 0.37, 0.00, 0.12, 0.05, 0.00, 0.00, 0.00, 0.00, 1.00, 0.00, 0.00, 0.00, 1.00, 1.00, 0.00, 1.00, 1.00, 0.00, 1.00, 0.00, 0.00, 0.00, 0.00
2267, 0, 85.441, 0.88, 1, 0.00, 0.00, 0.00, 0.00, 0.00, 0.00, 0.00, 1.54, 0.52, 0.04, 0.58, 1.84, 0.37, 0.00, 0.02, 0.05, 0.00, 0.00, 0.00, 0.00, 1.00, 0.00, 0.00, 0.00, 1.00, 1.00, 0.00, 1.00, 1.00, 0.00, 1.00, 0.00, 0.00, 0.00, 0.00
2268, 0, 85.479, 0.93, 1, 0.00, 0.00, 0.00, 0.10, 0.00, 0.00, 0.00, 1.51, 0.39, 0.00, 0.04, 1.37, 0.05, 0.00, 0.00, 0.00, 0.00, 0.00, 0.00, 0.00, 1.00, 0.00, 0.00, 0.00, 0.00, 1.00, 0.00, 1.00, 1.00, 0.00, 1.00, 0.00, 0.00, 0.00, 0.00
2269, 0, 85.516, 0.98, 1, 0.00, 0.00, 0.00, 0.18, 0.00, 0.00, 0.00, 1.28, 0.25, 0.00, 0.00, 1.00, 0.00, 0.00, 0.00, 0.00, 0.00, 0.00, 0.00, 0.00, 1.00, 0.00, 0.00, 0.00, 0.00, 1.00, 0.00, 1.00, 0.00, 0.00, 1.00, 0.00, 0.00, 0.00, 0.00
2270, 0, 85.554, 0.98, 1, 0.10, 0.13, 0.00, 0.30, 0.00, 0.00, 0.00, 1.23, 0.28, 0.32, 0.13, 0.82, 0.00, 0.00, 0.00, 0.00, 0.00, 0.00, 0.00, 0.00, 1.00, 0.00, 0.00, 0.00, 0.00, 1.00, 0.00, 0.00, 0.00, 0.00, 1.00, 0.00, 0.00, 0.00, 0.00
2271, 0, 85.592, 0.98, 1, 0.10, 0.27, 0.00, 0.28, 0.00, 0.00, 0.00, 1.04, 0.35, 0.74, 0.14, 0.61, 0.00, 0.00, 0.00, 0.00, 0.00, 0.00, 0.00, 0.00, 1.00, 0.00, 0.00, 0.00, 0.00, 1.00, 1.00, 0.00, 0.00, 0.00, 1.00, 0.00, 0.00, 0.00, 0.00
2272, 0, 85.629, 0.98, 1, 0.10, 0.27, 0.00, 0.38, 0.00, 0.00, 0.00, 0.74, 0.49, 1.00, 0.42, 0.50, 0.00, 0.00, 0.00, 0.00, 0.00, 0.00, 1.00, 0.00, 1.00, 0.00, 0.00, 0.00, 0.00, 1.00, 1.00, 0.00, 0.00, 0.00, 1.00, 0.00, 0.00, 0.00, 0.00
2273, 0, 85.667, 0.98, 1, 0.07, 0.25, 0.00, 0.30, 0.00, 0.00, 0.08, 0.47, 0.50, 1.07, 0.74, 0.37, 0.00, 0.00, 0.00, 0.00, 0.00, 0.00, 1.00, 0.00, 1.00, 0.00, 0.00, 0.00, 0.00, 1.00, 1.00, 0.00, 0.00, 0.00, 1.00, 0.00, 0.00, 0.00, 0.00
2274, 0, 85.705, 0.98, 1, 0.11, 0.18, 0.00, 0.33, 0.00, 0.00, 0.12, 0.40, 0.49, 1.05, 1.10, 0.31, 0.00, 0.00, 0.00, 0.00, 0.00, 0.00, 1.00, 0.00, 1.00, 0.00, 0.00, 0.00, 0.00, 1.00, 1.00, 0.00, 0.00, 0.00, 1.00, 0.00, 0.00, 0.00, 0.00
2275, 0, 85.743, 0.98, 1, 0.11, 0.32, 0.00, 0.37, 0.00, 0.00, 0.12, 0.55, 0.39, 0.85, 0.82, 0.42, 0.00, 0.00, 0.00, 0.00, 0.00, 0.00, 1.00, 0.00, 1.00, 0.00, 0.00, 0.00, 0.00, 1.00, 1.00, 0.00, 0.00, 0.00, 1.00, 0.00, 0.00, 0.00, 0.00
2276, 0, 85.780, 0.98, 1, 0.04, 0.26, 0.00, 0.60, 0.00, 0.00, 0.04, 0.47, 0.33, 0.61, 0.37, 0.46, 0.00, 0.00, 0.00, 0.00, 0.00, 0.00, 1.00, 0.00, 1.00, 0.00, 0.00, 0.00, 0.00, 1.00, 0.00, 0.00, 0.00, 0.00, 1.00, 0.00, 0.00, 0.00, 0.00
2277, 0, 85.818, 0.98, 1, 0.00, 0.18, 0.00, 0.70, 0.00, 0.00, 0.09, 0.37, 0.23, 0.25, 0.00, 0.47, 0.00, 0.02, 0.00, 0.00, 0.00, 0.00, 1.00, 0.00, 1.00, 0.00, 0.00, 0.00, 0.00, 1.00, 0.00, 0.00, 0.00, 0.00, 0.00, 0.00, 0.00, 0.00, 0.00
2278, 0, 85.856, 0.98, 1, 0.00, 0.05, 0.00, 0.97, 0.00, 0.00, 0.11, 0.37, 0.24, 0.20, 0.00, 0.43, 0.04, 0.02, 0.00, 0.00, 0.00, 0.00, 0.00, 0.00, 1.00, 0.00, 0.00, 0.00, 0.00, 1.00, 0.00, 0.00, 0.00, 0.00, 0.00, 0.00, 0.00, 0.00, 0.00
2279, 0, 85.893, 0.98, 1, 0.00, 0.00, 0.00, 1.00, 0.03, 0.00, 0.14, 0.37, 0.23, 0.05, 0.06, 0.37, 0.04, 0.02, 0.00, 0.00, 0.00, 0.00, 0.00, 0.00, 1.00, 0.00, 0.00, 0.00, 0.00, 1.00, 0.00, 0.00, 0.00, 0.00, 0.00, 0.00, 0.00, 0.00, 0.00
2280, 0, 85.931, 0.98, 1, 0.02, 0.00, 0.00, 0.78, 0.03, 0.00, 0.05, 0.51, 0.29, 0.00, 0.44, 0.44, 0.12, 0.00, 0.08, 0.00, 0.00, 0.00, 0.00, 0.00, 1.00, 0.00, 0.00, 0.00, 0.00, 1.00, 0.00, 0.00, 0.00, 0.00, 0.00, 0.00, 0.00, 0.00, 0.00
2281, 0, 85.969, 0.98, 1, 0.02, 0.00, 0.00, 0.29, 0.03, 0.00, 0.03, 0.63, 0.31, 0.00, 0.95, 0.41, 0.21, 0.00, 0.09, 0.00, 0.00, 0.00, 0.00, 0.00, 1.00, 0.00, 0.00, 0.00, 0.00, 1.00, 0.00, 0.00, 0.00, 0.00, 0.00, 0.00, 0.00, 0.00, 0.00
2282, 0, 86.007, 0.98, 1, 0.02, 0.15, 0.00, 0.12, 0.00, 0.00, 0.17, 0.84, 0.35, 0.00, 0.89, 0.54, 0.40, 0.00, 0.09, 0.00, 0.00, 0.00, 0.00, 0.00, 1.00, 0.00, 0.00, 0.00, 0.00, 1.00, 0.00, 0.00, 0.00, 0.00, 0.00, 0.00, 0.00, 0.00, 0.00
2283, 0, 86.044, 0.98, 1, 0.00, 0.25, 0.00, 0.12, 0.00, 0.00, 0.35, 0.83, 0.33, 0.00, 0.64, 0.41, 0.38, 0.00, 0.11, 0.00, 0.00, 0.00, 1.00, 0.00, 1.00, 0.00, 0.00, 0.00, 0.00, 1.00, 0.00, 0.00, 0.00, 0.00, 0.00, 0.00, 0.00, 0.00, 0.00
2284, 0, 86.082, 0.98, 1, 0.00, 0.33, 0.00, 0.12, 0.00, 0.00, 0.55, 0.75, 0.30, 0.00, 0.31, 0.34, 0.40, 0.00, 0.10, 0.00, 0.00, 0.00, 1.00, 0.00, 1.00, 0.00, 0.00, 0.00, 0.00, 1.00, 0.00, 0.00, 0.00, 0.00, 0.00, 0.00, 0.00, 0.00, 0.00
2285, 0, 86.120, 0.88, 1, 0.00, 0.19, 0.00, 0.00, 0.00, 0.00, 0.46, 0.76, 0.32, 0.18, 0.31, 0.13, 0.22, 0.00, 0.15, 0.00, 0.15, 0.00, 1.00, 0.00, 1.00, 0.00, 0.00, 0.00, 0.00, 1.00, 0.00, 0.00, 0.00, 0.00, 0.00, 0.00, 0.00, 0.00, 0.00
2286, 0, 86.157, 0.88, 1, 0.00, 0.09, 0.00, 0.00, 0.00, 0.00, 0.32, 0.82, 0.39, 0.35, 0.22, 0.09, 0.16, 0.00, 0.10, 0.00, 0.34, 0.00, 0.00, 0.00, 1.00, 0.00, 0.00, 0.00, 0.00, 1.00, 0.00, 0.00, 0.00, 0.00, 1.00, 0.00, 0.00, 0.00, 0.00
2287, 0, 86.195, 0.88, 1, 0.00, 0.07, 0.00, 0.00, 0.00, 0.00, 0.21, 0.95, 0.49, 0.59, 0.21, 0.03, 0.00, 0.00, 0.10, 0.00, 0.34, 0.00, 0.00, 0.00, 1.00, 0.00, 0.00, 0.00, 0.00, 1.00, 0.00, 0.00, 0.00, 0.00, 1.00, 0.00, 0.00, 0.00, 0.00
2288, 0, 86.233, 0.88, 1, 0.00, 0.06, 0.00, 0.00, 0.00, 0.00, 0.30, 1.00, 0.50, 0.77, 0.21, 0.03, 0.00, 0.00, 0.05, 0.00, 0.20, 0.00, 0.00, 0.00, 1.00, 0.00, 0.00, 0.00, 0.00, 1.00, 0.00, 0.00, 0.00, 0.00, 1.00, 0.00, 0.00, 0.00, 0.00
2289, 0, 86.270, 0.88, 1, 0.00, 0.06, 0.00, 0.00, 0.00, 0.00, 0.35, 1.17, 0.47, 0.96, 0.16, 0.13, 0.00, 0.00, 0.00, 0.00, 0.08, 0.00, 0.00, 0.00, 1.00, 0.00, 0.00, 0.00, 0.00, 1.00, 0.00, 0.00, 0.00, 0.00, 1.00, 0.00, 0.00, 0.00, 0.00
2290, 0, 86.308, 0.98, 1, 0.00, 0.00, 0.00, 0.00, 0.00, 0.00, 0.30, 0.87, 0.43, 1.10, 0.43, 0.35, 0.00, 0.00, 0.00, 0.00, 0.12, 0.00, 0.00, 0.00, 1.00, 0.00, 0.00, 0.00, 0.00, 1.00, 0.00, 0.00, 0.00, 0.00, 1.00, 0.00, 0.00, 0.00, 0.00
2291, 0, 86.346, 0.98, 1, 0.00, 0.00, 0.00, 0.00, 0.00, 0.00, 0.19, 0.59, 0.43, 1.13, 0.65, 0.42, 0.00, 0.05, 0.00, 0.00, 0.13, 0.00, 0.00, 0.00, 1.00, 0.00, 0.00, 0.00, 0.00, 1.00, 0.00, 0.00, 0.00, 0.00, 1.00, 0.00, 0.00, 0.00, 0.00
2292, 0, 86.384, 0.98, 1, 0.00, 0.00, 0.00, 0.00, 0.00, 0.00, 0.16, 0.24, 0.49, 1.24, 0.89, 0.41, 0.00, 0.12, 0.00, 0.00, 0.09, 0.00, 0.00, 0.00, 1.00, 0.00, 0.00, 0.00, 0.00, 1.00, 1.00, 0.00, 0.00, 0.00, 1.00, 0.00, 0.00, 0.00, 0.00
2293, 0, 86.421, 0.98, 1, 0.00, 0.00, 0.00, 0.00, 0.00, 0.00, 0.21, 0.38, 0.44, 1.35, 0.76, 0.20, 0.00, 0.12, 0.00, 0.00, 0.06, 0.00, 0.00, 0.00, 1.00, 0.00, 0.00, 0.00, 0.00, 1.00, 1.00, 0.00, 0.00, 0.00, 1.00, 0.00, 0.00, 0.00, 0.00
2294, 0, 86.459, 0.98, 1, 0.00, 0.00, 0.00, 0.00, 0.00, 0.00, 0.25, 0.52, 0.44, 1.35, 0.90, 0.12, 0.00, 0.10, 0.00, 0.00, 0.02, 0.00, 0.00, 0.00, 1.00, 0.00, 0.00, 0.00, 0.00, 1.00, 1.00, 0.00, 0.00, 0.00, 1.00, 0.00, 0.00, 0.00, 0.00
2295, 0, 86.497, 0.98, 1, 0.04, 0.00, 0.00, 0.00, 0.00, 0.00, 0.20, 0.66, 0.41, 0.88, 1.14, 0.10, 0.00, 0.04, 0.00, 0.00, 0.00, 0.00, 0.00, 0.00, 1.00, 0.00, 0.00, 0.00, 0.00, 1.00, 0.00, 0.00, 0.00, 0.00, 1.00, 0.00, 0.00, 0.00, 0.00
2296, 0, 86.534, 0.98, 1, 0.12, 0.00, 0.00, 0.00, 0.00, 0.00, 0.11, 0.65, 0.35, 0.49, 1.14, 0.17, 0.08, 0.04, 0.00, 0.00, 0.00, 0.00, 0.00, 0.00, 1.00, 0.00, 0.00, 0.00, 0.00, 1.00, 0.00, 0.00, 0.00, 0.00, 1.00, 0.00, 0.00, 0.00, 0.00
2297, 0, 86.572, 0.98, 1, 0.26, 0.00, 0.00, 0.11, 0.00, 0.00, 0.04, 0.62, 0.23, 0.32, 1.17, 0.26, 0.08, 0.00, 0.00, 0.00, 0.00, 0.00, 0.00, 0.00, 1.00, 0.00, 0.00, 0.00, 0.00, 0.00, 0.00, 0.00, 0.00, 0.00, 1.00, 0.00, 0.00, 0.00, 0.00
2298, 0, 86.610, 0.98, 1, 0.22, 0.00, 0.00, 0.11, 0.00, 0.00, 0.03, 0.58, 0.15, 0.36, 1.10, 0.38, 0.08, 0.00, 0.00, 0.00, 0.00, 0.00, 0.00, 0.00, 1.00, 0.00, 0.00, 0.00, 0.00, 0.00, 0.00, 0.00, 0.00, 0.00, 1.00, 0.00, 0.00, 0.00, 0.00
2299, 0, 86.648, 0.98, 1, 0.13, 0.00, 0.00, 0.11, 0.00, 0.00, 0.07, 0.63, 0.16, 0.27, 1.13, 0.56, 0.00, 0.00, 0.00, 0.00, 0.00, 0.00, 0.00, 0.00, 1.00, 0.00, 0.00, 0.00, 0.00, 0.00, 0.00, 0.00, 0.00, 0.00, 1.00, 0.00, 0.00, 0.00, 0.00
2300, 0, 86.685, 0.98, 1, 0.00, 0.00, 0.00, 0.32, 0.00, 0.00, 0.08, 0.90, 0.36, 0.07, 0.94, 0.69, 0.15, 0.00, 0.13, 0.08, 0.15, 0.00, 0.00, 0.00, 1.00, 0.00, 0.00, 0.00, 0.00, 0.00, 0.00, 0.00, 0.00, 0.00, 0.00, 0.00, 0.00, 0.00, 0.00
2301, 0, 86.723, 0.98, 1, 0.00, 0.00, 0.00, 0.62, 0.00, 0.00, 0.14, 1.15, 0.52, 0.13, 0.59, 0.56, 0.20, 0.00, 0.13, 0.09, 0.27, 0.00, 0.00, 0.00, 1.00, 0.00, 0.00, 0.00, 0.00, 1.00, 0.00, 0.00, 0.00, 0.00, 0.00, 0.00, 0.00, 0.00, 0.00
2302, 0, 86.761, 0.98, 1, 0.00, 0.00, 0.00, 0.70, 0.00, 0.00, 0.15, 1.42, 0.61, 0.17, 0.39, 0.35, 0.20, 0.00, 0.13, 0.09, 0.45, 0.00, 0.00, 0.00, 1.00, 0.00, 0.00, 0.00, 0.00, 1.00, 0.00, 1.00, 0.00, 0.00, 0.00, 0.00, 0.00, 0.00, 0.00
2303, 0, 86.798, 0.98, 1, 0.00, 0.00, 0.00, 0.40, 0.04, 0.02, 0.13, 1.34, 0.57, 0.15, 0.33, 0.21, 0.05, 0.00, 0.00, 0.22, 0.30, 0.00, 0.00, 0.00, 1.00, 0.00, 0.00, 0.00, 0.00, 1.00, 0.00, 1.00, 0.00, 0.00, 0.00, 0.00, 0.00, 0.00, 0.00
2304, 0, 86.836, 0.98, 1, 0.00, 0.00, 0.00, 0.11, 0.09, 0.05, 0.10, 1.27, 0.53, 0.04, 0.47, 0.24, 0.00, 0.00, 0.00, 0.41, 0.19, 0.00, 0.00, 0.00, 1.00, 0.00, 0.00, 0.00, 0.00, 1.00, 0.00, 1.00, 0.00, 0.00, 0.00, 0.00, 0.00, 0.00, 0.00
2305, 0, 86.874, 0.98, 1, 0.03, 0.00, 0.00, 0.03, 0.09, 0.05, 0.06, 1.12, 0.52, 0.00, 0.45, 0.52, 0.00, 0.00, 0.00, 0.41, 0.01, 0.00, 0.00, 0.00, 1.00, 0.00, 0.00, 0.00, 0.00, 1.00, 0.00, 1.00, 0.00, 0.00, 0.00, 0.00, 0.00, 0.00, 0.00
2306, 0, 86.911, 0.98, 1, 0.12, 0.00, 0.00, 0.05, 0.05, 0.03, 0.03, 1.20, 0.56, 0.04, 0.31, 0.76, 0.00, 0.00, 0.00, 0.21, 0.10, 0.00, 0.00, 0.00, 1.00, 0.00, 0.00, 0.00, 0.00, 1.00, 0.00, 1.00, 0.00, 0.00, 0.00, 0.00, 0.00, 0.00, 0.00
2307, 0, 86.949, 0.98, 1, 0.19, 0.03, 0.00, 0.05, 0.00, 0.00, 0.01, 1.63, 0.62, 0.04, 0.24, 1.03, 0.04, 0.00, 0.00, 0.02, 0.24, 0.00, 0.00, 0.00, 1.00, 0.00, 0.00, 0.00, 0.00, 1.00, 0.00, 1.00, 0.00, 0.00, 0.00, 0.00, 0.00, 0.00, 0.00
2308, 0, 86.987, 0.93, 1, 0.31, 0.03, 0.00, 0.05, 0.00, 0.00, 0.05, 2.03, 0.57, 0.04, 0.12, 0.90, 0.14, 0.00, 0.00, 0.02, 0.53, 0.00, 0.00, 0.00, 1.00, 0.00, 0.00, 0.00, 1.00, 1.00, 0.00, 1.00, 0.00, 0.00, 0.00, 0.00, 0.00, 0.00, 0.00
2309, 0, 87.025, 0.88, 1, 0.29, 0.03, 0.00, 0.00, 0.00, 0.00, 0.09, 2.38, 0.44, 0.00, 0.14, 0.75, 0.14, 0.00, 0.00, 0.00, 0.65, 1.00, 0.00, 0.00, 1.00, 0.00, 0.00, 0.00, 1.00, 1.00, 0.00, 1.00, 0.00, 0.00, 0.00, 0.00, 0.00, 0.00, 0.00
2310, 0, 87.062, 0.88, 1, 0.29, 0.00, 0.00, 0.02, 0.00, 0.00, 0.20, 2.16, 0.36, 0.00, 0.02, 0.47, 0.10, 0.00, 0.00, 0.00, 0.63, 1.00, 0.00, 0.00, 1.00, 0.00, 0.00, 0.00, 1.00, 1.00, 0.00, 1.00, 0.00, 0.00, 1.00, 0.00, 0.00, 0.00, 0.00
2311, 0, 87.100, 0.88, 1, 0.27, 0.00, 0.00, 0.05, 0.00, 0.00, 0.23, 1.89, 0.38, 0.00, 0.02, 0.32, 0.00, 0.00, 0.00, 0.00, 0.41, 1.00, 0.00, 0.00, 1.00, 0.00, 0.00, 0.00, 1.00, 1.00, 0.00, 1.00, 0.00, 0.00, 1.00, 0.00, 0.00, 0.00, 0.00
2312, 0, 87.138, 0.93, 1, 0.26, 0.00, 0.00, 0.05, 0.00, 0.00, 0.23, 1.60, 0.44, 0.01, 0.00, 0.18, 0.00, 0.00, 0.00, 0.00, 0.20, 1.00, 0.00, 0.00, 1.00, 0.00, 0.00, 0.00, 1.00, 1.00, 0.00, 0.00, 0.00, 0.00, 1.00, 0.00, 0.00, 0.00, 0.00
2313, 0, 87.175, 0.93, 1, 0.22, 0.00, 0.00, 0.03, 0.00, 0.00, 0.28, 1.47, 0.30, 0.01, 0.00, 0.08, 0.00, 0.00, 0.00, 0.00, 0.08, 1.00, 0.00, 0.00, 1.00, 0.00, 0.00, 0.00, 1.00, 1.00, 0.00, 0.00, 0.00, 0.00, 1.00, 0.00, 0.00, 0.00, 0.00
2314, 0, 87.213, 0.93, 1, 0.09, 0.00, 0.00, 0.00, 0.00, 0.00, 0.34, 1.46, 0.25, 0.01, 0.26, 0.06, 0.00, 0.00, 0.00, 0.00, 0.05, 0.00, 0.00, 0.00, 1.00, 0.00, 0.00, 0.00, 1.00, 1.00, 0.00, 0.00, 0.00, 0.00, 1.00, 0.00, 0.00, 0.00, 0.00
2315, 0, 87.251, 0.98, 1, 0.16, 0.00, 0.00, 0.03, 0.00, 0.00, 0.33, 1.74, 0.22, 0.16, 0.26, 0.51, 0.06, 0.00, 0.00, 0.00, 0.05, 0.00, 0.00, 0.00, 1.00, 0.00, 0.00, 0.00, 1.00, 1.00, 0.00, 0.00, 0.00, 0.00, 1.00, 0.00, 0.00, 0.00, 0.00
2316, 0, 87.289, 0.98, 1, 0.23, 0.00, 0.00, 0.03, 0.00, 0.00, 0.17, 2.11, 0.30, 0.39, 0.26, 0.97, 0.16, 0.00, 0.00, 0.00, 0.05, 0.00, 0.00, 0.00, 1.00, 0.00, 0.00, 0.00, 1.00, 1.00, 0.00, 0.00, 0.00, 0.00, 0.00, 0.00, 0.00, 0.00, 0.00
2317, 0, 87.326, 0.98, 1, 0.28, 0.00, 0.00, 0.03, 0.00, 0.00, 0.08, 2.28, 0.30, 0.58, 0.00, 1.19, 0.21, 0.00, 0.00, 0.00, 0.00, 0.00, 0.00, 0.00, 1.00, 0.00, 0.00, 0.00, 0.00, 1.00, 0.00, 0.00, 0.00, 0.00, 0.00, 0.00, 0.00, 0.00, 0.00
2318, 0, 87.364, 0.98, 1, 0.17, 0.00, 0.00, 0.01, 0.00, 0.00, 0.04, 2.02, 0.23, 0.42, 0.07, 0.92, 0.23, 0.00, 0.00, 0.00, 0.00, 0.00, 0.00, 0.00, 1.00, 0.00, 0.00, 0.00, 1.00, 1.00, 0.00, 0.00, 0.00, 0.00, 0.00, 0.00, 0.00, 0.00, 0.00
2319, 0, 87.402, 0.98, 1, 0.07, 0.00, 0.00, 0.00, 0.00, 0.00, 0.11, 1.78, 0.18, 0.19, 0.07, 0.63, 0.21, 0.00, 0.00, 0.00, 0.15, 0.00, 0.00, 0.00, 1.00, 0.00, 0.00, 0.00, 1.00, 1.00, 0.00, 1.00, 0.00, 0.00, 0.00, 0.00, 0.00, 0.00, 0.00
2320, 0, 87.439, 0.98, 1, 0.24, 0.00, 0.00, 0.00, 0.00, 0.00, 0.20, 1.92, 0.12, 0.02, 0.07, 0.59, 0.18, 0.00, 0.00, 0.00, 0.16, 0.00, 1.00, 0.00, 1.00, 0.00, 0.00, 0.00, 0.00, 1.00, 0.00, 0.00, 0.00, 0.00, 0.00, 0.00, 0.00, 0.00, 0.00
2321, 0, 87.477, 0.98, 1, 0.37, 0.08, 0.00, 0.00, 0.00, 0.00, 0.41, 2.06, 0.07, 0.02, 0.00, 0.67, 0.10, 0.00, 0.00, 0.08, 0.38, 0.00, 1.00, 0.00, 1.00, 0.00, 0.00, 0.00, 0.00, 0.00, 0.00, 0.00, 0.00, 0.00, 0.00, 0.00, 0.00, 0.00, 0.00
2322, 0, 87.515, 0.88, 1, 0.58, 0.22, 0.00, 0.00, 0.00, 0.00, 0.54, 2.24, 0.00, 0.05, 0.00, 0.65, 0.02, 0.00, 0.00, 0.08, 0.46, 0.00, 1.00, 0.00, 1.00, 0.00, 1.00, 0.00, 0.00, 0.00, 0.00, 0.00, 0.00, 0.00, 0.00, 0.00, 0.00, 0.00, 0.00
2323, 0, 87.552, 0.88, 1, 0.45, 0.32, 0.00, 0.00, 0.00, 0.01, 0.60, 1.96, 0.00, 0.03, 0.00, 0.66, 0.00, 0.00, 0.00, 0.08, 0.83, 0.00, 1.00, 0.00, 1.00, 0.00, 1.00, 0.00, 0.00, 0.00, 0.00, 0.00, 0.00, 0.00, 0.00, 0.00, 0.00, 0.00, 0.00
2324, 0, 87.590, 0.88, 1, 0.37, 0.26, 0.00, 0.00, 0.00, 0.01, 0.49, 1.81, 0.00, 0.02, 0.15, 0.51, 0.00, 0.00, 0.00, 0.00, 0.95, 0.00, 1.00, 0.00, 1.00, 0.00, 1.00, 0.00, 0.00, 0.00, 0.00, 0.00, 0.00, 0.00, 0.00, 0.00, 0.00, 0.00, 0.00
2325, 0, 87.628, 0.93, 1, 0.16, 0.12, 0.00, 0.00, 0.00, 0.01, 0.47, 1.39, 0.00, 0.00, 0.21, 0.48, 0.00, 0.00, 0.00, 0.00, 1.08, 0.00, 1.00, 0.00, 1.00, 0.00, 1.00, 0.00, 0.00, 0.00, 0.00, 0.00, 0.00, 0.00, 0.00, 0.00, 0.00, 0.00, 0.00
2326, 0, 87.666, 0.93, 1, 0.10, 0.02, 0.00, 0.00, 0.00, 0.00, 0.41, 1.18, 0.00, 0.00, 0.26, 0.38, 0.00, 0.00, 0.00, 0.00, 0.88, 0.00, 1.00, 0.00, 1.00, 0.00, 1.00, 0.00, 0.00, 0.00, 0.00, 0.00, 0.00, 0.00, 0.00, 0.00, 0.00, 0.00, 0.00
2327, 0, 87.703, 0.93, 1, 0.14, 0.00, 0.00, 0.00, 0.00, 0.08, 0.45, 0.96, 0.00, 0.00, 0.28, 0.38, 0.00, 0.00, 0.00, 0.00, 0.87, 0.00, 1.00, 0.00, 1.00, 0.00, 1.00, 0.00, 0.00, 0.00, 0.00, 0.00, 0.00, 1.00, 0.00, 0.00, 0.00, 0.00, 0.00
2328, 0, 87.741, 0.93, 1, 0.18, 0.02, 0.00, 0.00, 0.00, 0.08, 0.39, 0.99, 0.00, 0.00, 0.23, 0.34, 0.00, 0.00, 0.00, 0.00, 0.72, 0.00, 1.00, 0.00, 1.00, 0.00, 1.00, 0.00, 0.00, 0.00, 0.00, 0.00, 0.00, 1.00, 0.00, 0.00, 0.00, 0.00, 0.00
2329, 0, 87.779, 0.98, 1, 0.14, 0.11, 0.00, 0.00, 0.00, 0.08, 0.37, 1.02, 0.00, 0.00, 0.23, 0.34, 0.00, 0.00, 0.00, 0.00, 0.54, 0.00, 1.00, 0.00, 1.00, 0.00, 1.00, 0.00, 0.00, 0.00, 0.00, 0.00, 0.00, 0.00, 0.00, 0.00, 0.00, 0.00, 0.00
2330, 0, 87.816, 0.98, 1, 0.04, 0.11, 0.00, 0.00, 0.00, 0.00, 0.41, 1.11, 0.00, 0.00, 0.31, 0.27, 0.00, 0.00, 0.00, 0.00, 0.20, 0.00, 1.00, 0.00, 1.00, 0.00, 0.00, 0.00, 0.00, 0.00, 0.00, 0.00, 0.00, 0.00, 0.00, 0.00, 0.00, 0.00, 0.00
2331, 0, 87.854, 0.98, 1, 0.00, 0.10, 0.00, 0.00, 0.00, 0.00, 0.50, 1.22, 0.00, 0.00, 0.50, 0.36, 0.01, 0.00, 0.00, 0.00, 0.00, 0.00, 1.00, 0.00, 1.00, 0.00, 0.00, 0.00, 0.00, 0.00, 0.00, 1.00, 0.00, 0.00, 0.00, 0.00, 0.00, 0.00, 0.00
2332, 0, 87.892, 0.98, 1, 0.00, 0.00, 0.00, 0.00, 0.00, 0.00, 0.54, 1.35, 0.00, 0.00, 0.66, 0.25, 0.06, 0.00, 0.00, 0.00, 0.02, 0.00, 1.00, 0.00, 1.00, 0.00, 0.00, 0.00, 0.00, 0.00, 0.00, 1.00, 0.00, 0.00, 0.00, 0.00, 0.00, 0.00, 0.00
2333, 0, 87.930, 0.98, 1, 0.06, 0.00, 0.00, 0.00, 0.00, 0.00, 0.66, 1.30, 0.00, 0.00, 0.42, 0.26, 0.06, 0.00, 0.00, 0.00, 0.19, 0.00, 0.00, 0.00, 1.00, 0.00, 0.00, 0.00, 0.00, 0.00, 0.00, 1.00, 0.00, 0.00, 0.00, 0.00, 0.00, 0.00, 0.00
2334, 0, 87.967, 0.88, 1, 0.09, 0.00, 0.00, 0.00, 0.00, 0.00, 0.74, 1.18, 0.00, 0.00, 0.21, 0.16, 0.05, 0.00, 0.00, 0.00, 0.39, 0.00, 0.00, 0.00, 1.00, 0.00, 0.00, 0.00, 0.00, 0.00, 0.00, 1.00, 0.00, 0.00, 0.00, 0.00, 0.00, 0.00, 0.00
2335, 0, 88.005, 0.88, 1, 0.25, 0.02, 0.00, 0.00, 0.00, 0.00, 0.81, 1.39, 0.00, 0.00, 0.00, 0.16, 0.00, 0.00, 0.00, 0.00, 0.54, 0.00, 0.00, 0.00, 1.00, 0.00, 0.00, 0.00, 0.00, 0.00, 0.00, 1.00, 0.00, 0.00, 0.00, 0.00, 0.00, 0.00, 0.00
2336, 0, 88.043, 0.93, 1, 0.26, 0.02, 0.00, 0.00, 0.00, 0.00, 0.68, 1.66, 0.00, 0.03, 0.26, 0.07, 0.00, 0.00, 0.00, 0.00, 0.50, 0.00, 0.00, 0.00, 1.00, 0.00, 0.00, 0.00, 0.00, 0.00, 0.00, 1.00, 0.00, 0.00, 0.00, 0.00, 0.00, 0.00, 0.00
2337, 0, 88.080, 0.98, 1, 0.25, 0.02, 0.00, 0.00, 0.00, 0.00, 0.43, 1.90, 0.00, 0.03, 1.14, 0.00, 0.08, 0.00, 0.00, 0.00, 0.54, 0.00, 0.00, 0.00, 1.00, 0.00, 0.00, 0.00, 0.00, 0.00, 0.00, 1.00, 0.00, 0.00, 0.00, 0.00, 0.00, 0.00, 0.00
2338, 0, 88.118, 0.98, 1, 0.13, 0.00, 0.00, 0.00, 0.00, 0.00, 0.30, 1.94, 0.00, 0.03, 1.94, 0.10, 0.31, 0.00, 0.00, 0.00, 0.49, 0.00, 0.00, 0.00, 1.00, 0.00, 0.00, 0.00, 0.00, 0.00, 0.00, 1.00, 0.00, 0.00, 0.00, 0.00, 0.00, 0.00, 0.00
2339, 0, 88.156, 0.98, 1, 0.06, 0.00, 0.00, 0.00, 0.00, 0.00, 0.25, 1.99, 0.00, 0.00, 2.28, 0.32, 0.53, 0.00, 0.00, 0.00, 0.60, 0.00, 0.00, 0.00, 1.00, 0.00, 0.00, 0.00, 0.00, 0.00, 0.00, 1.00, 0.00, 0.00, 0.00, 0.00, 0.00, 0.00, 0.00
2340, 0, 88.193, 0.98, 1, 0.12, 0.00, 0.00, 0.00, 0.00, 0.00, 0.21, 1.90, 0.00, 0.00, 2.32, 0.35, 0.45, 0.00, 0.01, 0.00, 0.47, 0.00, 0.00, 0.00, 1.00, 0.00, 0.00, 0.00, 0.00, 0.00, 0.00, 1.00, 0.00, 0.00, 0.00, 0.00, 0.00, 0.00, 0.00
2341, 0, 88.231, 0.98, 1, 0.09, 0.00, 0.00, 0.00, 0.00, 0.00, 0.17, 1.65, 0.00, 0.00, 2.28, 0.29, 0.22, 0.00, 0.01, 0.00, 0.53, 0.00, 0.00, 0.00, 1.00, 0.00, 0.00, 0.00, 0.00, 0.00, 0.00, 1.00, 0.00, 0.00, 0.00, 0.00, 0.00, 0.00, 0.00
2342, 0, 88.269, 0.98, 1, 0.11, 0.00, 0.00, 0.00, 0.00, 0.00, 0.08, 1.39, 0.00, 0.00, 2.45, 0.13, 0.00, 0.00, 0.01, 0.00, 0.30, 0.00, 0.00, 0.00, 1.00, 0.00, 0.00, 0.00, 0.00, 0.00, 0.00, 1.00, 0.00, 0.00, 1.00, 0.00, 0.00, 0.00, 0.00
2343, 0, 88.307, 0.98, 1, 0.03, 0.00, 0.00, 0.00, 0.00, 0.00, 0.10, 1.36, 0.00, 0.00, 2.11, 0.24, 0.00, 0.00, 0.00, 0.00, 0.23, 0.00, 0.00, 0.00, 1.00, 0.00, 0.00, 0.00, 0.00, 0.00, 0.00, 1.00, 0.00, 0.00, 1.00, 0.00, 0.00, 0.00, 0.00
2344, 0, 88.344, 0.98, 1, 0.02, 0.00, 0.00, 0.00, 0.00, 0.00, 0.08, 1.38, 0.00, 0.00, 1.87, 0.34, 0.00, 0.00, 0.00, 0.00, 0.16, 0.00, 0.00, 0.00, 1.00, 0.00, 0.00, 0.00, 0.00, 0.00, 0.00, 1.00, 0.00, 0.00, 1.00, 0.00, 0.00, 0.00, 0.00
2345, 0, 88.382, 0.98, 1, 0.02, 0.00, 0.00, 0.00, 0.00, 0.00, 0.18, 1.63, 0.00, 0.00, 1.30, 0.48, 0.18, 0.00, 0.00, 0.22, 0.36, 0.00, 0.00, 0.00, 1.00, 0.00, 0.00, 0.00, 0.00, 1.00, 0.00, 1.00, 0.00, 0.00, 1.00, 0.00, 0.00, 0.00, 0.00
2346, 0, 88.420, 0.98, 1, 0.01, 0.00, 0.00, 0.00, 0.00, 0.00, 0.25, 1.77, 0.00, 0.00, 1.07, 0.48, 0.18, 0.00, 0.00, 0.54, 0.47, 0.00, 0.00, 0.00, 1.00, 0.00, 0.00, 0.00, 0.00, 1.00, 0.00, 1.00, 0.00, 0.00, 1.00, 0.00, 0.00, 0.00, 0.00
2347, 0, 88.457, 0.98, 1, 0.01, 0.00, 0.00, 0.00, 0.00, 0.00, 0.35, 1.91, 0.01, 0.00, 0.80, 0.47, 0.18, 0.00, 0.00, 0.79, 0.41, 0.00, 0.00, 0.00, 1.00, 0.00, 0.00, 0.00, 0.00, 1.00, 0.00, 1.00, 0.00, 0.00, 1.00, 0.00, 0.00, 0.00, 0.00
2348, 0, 88.495, 0.98, 1, 0.00, 0.00, 0.00, 0.00, 0.00, 0.00, 0.43, 1.78, 0.01, 0.00, 0.72, 0.34, 0.00, 0.00, 0.00, 0.72, 0.20, 0.00, 1.00, 0.00, 1.00, 0.00, 0.00, 0.00, 0.00, 1.00, 0.00, 1.00, 0.00, 0.00, 1.00, 0.00, 0.00, 0.00, 0.00
2349, 0, 88.533, 0.98, 1, 0.06, 0.00, 0.00, 0.00, 0.00, 0.00, 0.50, 1.67, 0.01, 0.00, 0.36, 0.23, 0.09, 0.00, 0.00, 0.49, 0.05, 0.00, 1.00, 0.00, 1.00, 0.00, 0.00, 0.00, 0.00, 1.00, 0.00, 1.00, 0.00, 0.00, 1.00, 0.00, 0.00, 0.00, 0.00
2350, 0, 88.571, 0.98, 1, 0.17, 0.00, 0.00, 0.00, 0.00, 0.00, 0.45, 1.60, 0.00, 0.00, 0.57, 0.22, 0.09, 0.00, 0.00, 0.24, 0.09, 0.00, 1.00, 0.00, 1.00, 0.00, 0.00, 0.00, 0.00, 1.00, 0.00, 0.00, 0.00, 0.00, 1.00, 0.00, 0.00, 0.00, 0.00
2351, 0, 88.608, 0.98, 1, 0.17, 0.00, 0.00, 0.05, 0.00, 0.00, 0.29, 1.65, 0.00, 0.00, 0.86, 0.19, 0.09, 0.00, 0.00, 0.09, 0.20, 0.00, 1.00, 0.00, 1.00, 0.00, 0.00, 0.00, 0.00, 0.00, 0.00, 0.00, 0.00, 0.00, 1.00, 0.00, 0.00, 0.00, 0.00
2352, 0, 88.646, 0.98, 1, 0.11, 0.00, 0.00, 0.05, 0.00, 0.00, 0.16, 1.61, 0.00, 0.00, 1.14, 0.24, 0.00, 0.00, 0.00, 0.00, 0.20, 0.00, 1.00, 0.00, 1.00, 0.00, 0.00, 0.00, 0.00, 0.00, 0.00, 0.00, 0.00, 0.00, 1.00, 0.00, 0.00, 0.00, 0.00
2353, 0, 88.684, 0.98, 1, 0.00, 0.00, 0.00, 0.05, 0.00, 0.00, 0.15, 1.50, 0.00, 0.00, 0.81, 0.14, 0.00, 0.00, 0.00, 0.00, 0.20, 0.00, 1.00, 0.00, 1.00, 0.00, 0.00, 0.00, 0.00, 0.00, 0.00, 0.00, 0.00, 0.00, 1.00, 0.00, 0.00, 0.00, 0.00
2354, 0, 88.721, 0.98, 1, 0.00, 0.00, 0.00, 0.00, 0.00, 0.00, 0.20, 1.37, 0.00, 0.05, 0.50, 0.22, 0.00, 0.00, 0.00, 0.00, 0.17, 0.00, 1.00, 0.00, 1.00, 0.00, 0.00, 0.00, 0.00, 0.00, 0.00, 0.00, 0.00, 0.00, 1.00, 0.00, 0.00, 0.00, 0.00
2355, 0, 88.759, 0.98, 1, 0.00, 0.00, 0.00, 0.00, 0.00, 0.00, 0.15, 1.31, 0.00, 0.05, 0.48, 0.20, 0.00, 0.00, 0.00, 0.06, 0.17, 0.00, 1.00, 0.00, 1.00, 0.00, 0.00, 0.00, 0.00, 0.00, 0.00, 0.00, 0.00, 0.00, 1.00, 0.00, 0.00, 0.00, 0.00
2356, 0, 88.797, 0.98, 1, 0.02, 0.00, 0.00, 0.00, 0.00, 0.00, 0.09, 1.27, 0.00, 0.05, 0.54, 0.26, 0.02, 0.00, 0.00, 0.10, 0.09, 0.00, 1.00, 0.00, 1.00, 0.00, 0.00, 0.00, 0.00, 0.00, 0.00, 0.00, 0.00, 0.00, 1.00, 0.00, 0.00, 0.00, 0.00
2357, 0, 88.834, 0.98, 1, 0.02, 0.00, 0.00, 0.00, 0.00, 0.00, 0.03, 1.08, 0.00, 0.00, 0.67, 0.13, 0.02, 0.00, 0.00, 0.10, 0.00, 0.00, 1.00, 0.00, 1.00, 0.00, 0.00, 0.00, 0.00, 0.00, 0.00, 0.00, 0.00, 0.00, 1.00, 0.00, 0.00, 0.00, 0.00
2358, 0, 88.872, 0.98, 1, 0.02, 0.00, 0.00, 0.00, 0.00, 0.00, 0.09, 1.05, 0.00, 0.00, 0.42, 0.17, 0.02, 0.00, 0.00, 0.05, 0.00, 0.00, 1.00, 0.00, 1.00, 0.00, 0.00, 0.00, 0.00, 0.00, 0.00, 0.00, 0.00, 0.00, 1.00, 0.00, 0.00, 0.00, 0.00
2359, 0, 88.910, 0.98, 1, 0.00, 0.00, 0.00, 0.00, 0.00, 0.00, 0.10, 1.08, 0.00, 0.00, 0.22, 0.11, 0.00, 0.00, 0.00, 0.06, 0.04, 0.00, 1.00, 0.00, 1.00, 0.00, 0.00, 0.00, 0.00, 0.00, 0.00, 0.00, 0.00, 0.00, 1.00, 0.00, 0.00, 0.00, 0.00
2360, 0, 88.948, 0.98, 1, 0.00, 0.00, 0.00, 0.00, 0.00, 0.00, 0.07, 1.31, 0.00, 0.00, 0.18, 0.22, 0.00, 0.00, 0.00, 0.22, 0.04, 0.00, 1.00, 0.00, 1.00, 0.00, 0.00, 0.00, 0.00, 0.00, 0.00, 0.00, 0.00, 0.00, 1.00, 0.00, 0.00, 0.00, 0.00
2361, 0, 88.985, 0.98, 1, 0.08, 0.00, 0.00, 0.03, 0.00, 0.00, 0.01, 1.39, 0.00, 0.00, 0.53, 0.19, 0.13, 0.00, 0.00, 0.36, 0.04, 0.00, 0.00, 0.00, 1.00, 0.00, 0.00, 0.00, 0.00, 0.00, 0.00, 0.00, 0.00, 0.00, 0.00, 0.00, 0.00, 0.00, 0.00
2362, 0, 89.023, 0.98, 1, 0.14, 0.00, 0.00, 0.07, 0.00, 0.00, 0.01, 1.39, 0.00, 0.00, 0.83, 0.25, 0.29, 0.00, 0.00, 0.45, 0.00, 0.00, 0.00, 0.00, 1.00, 0.00, 0.00, 0.00, 0.00, 0.00, 0.00, 0.00, 0.00, 0.00, 0.00, 0.00, 0.00, 0.00, 0.00
2363, 0, 89.061, 0.98, 1, 0.14, 0.00, 0.00, 0.07, 0.00, 0.00, 0.00, 1.38, 0.00, 0.00, 0.83, 0.27, 0.42, 0.00, 0.00, 0.61, 0.00, 0.00, 0.00, 0.00, 1.00, 0.00, 0.00, 0.00, 0.00, 0.00, 0.00, 0.00, 0.00, 0.00, 0.00, 0.00, 0.00, 0.00, 0.00
2364, 0, 89.098, 0.98, 1, 0.07, 0.00, 0.00, 0.04, 0.00, 0.00, 0.00, 1.49, 0.00, 0.00, 0.78, 0.38, 0.35, 0.00, 0.00, 0.63, 0.00, 0.00, 0.00, 0.00, 1.00, 0.00, 0.00, 0.00, 0.00, 0.00, 0.00, 0.00, 0.00, 0.00, 0.00, 0.00, 0.00, 0.00, 0.00
2365, 0, 89.136, 0.98, 1, 0.18, 0.00, 0.00, 0.16, 0.00, 0.05, 0.05, 1.62, 0.00, 0.00, 0.48, 0.46, 0.20, 0.00, 0.00, 0.47, 0.04, 0.00, 0.00, 0.00, 1.00, 0.00, 0.00, 0.00, 0.00, 0.00, 0.00, 0.00, 0.00, 0.00, 0.00, 0.00, 0.00, 0.00, 0.00
2366, 0, 89.174, 0.98, 1, 0.22, 0.00, 0.00, 0.16, 0.00, 0.05, 0.13, 1.71, 0.00, 0.00, 0.31, 0.41, 0.07, 0.00, 0.00, 0.16, 0.08, 0.00, 0.00, 0.00, 1.00, 0.00, 0.00, 0.00, 0.00, 0.00, 0.00, 0.00, 0.00, 0.00, 0.00, 0.00, 0.00, 0.00, 0.00
2367, 0, 89.212, 0.98, 1, 0.22, 0.00, 0.00, 0.16, 0.00, 0.05, 0.25, 1.61, 0.00, 0.00, 0.13, 0.38, 0.02, 0.00, 0.00, 0.00, 0.16, 0.00, 0.00, 0.00, 1.00, 0.00, 0.00, 0.00, 0.00, 0.00, 0.00, 0.00, 0.00, 0.00, 0.00, 0.00, 0.00, 0.00, 0.00
2368, 0, 89.249, 0.98, 1, 0.04, 0.00, 0.00, 0.00, 0.00, 0.00, 0.25, 1.52, 0.00, 0.02, 0.13, 0.34, 0.02, 0.00, 0.00, 0.04, 0.18, 0.00, 0.00, 0.00, 1.00, 0.00, 0.00, 0.00, 0.00, 0.00, 0.00, 0.00, 0.00, 0.00, 0.00, 0.00, 0.00, 0.00, 0.00
2369, 0, 89.287, 0.98, 1, 0.02, 0.00, 0.00, 0.00, 0.00, 0.00, 0.23, 1.35, 0.00, 0.03, 0.13, 0.36, 0.02, 0.00, 0.00, 0.09, 0.17, 0.00, 0.00, 0.00, 1.00, 0.00, 0.00, 0.00, 0.00, 0.00, 0.00, 0.00, 0.00, 0.00, 0.00, 0.00, 0.00, 0.00, 0.00
2370, 0, 89.325, 0.98, 1, 0.02, 0.00, 0.00, 0.00, 0.00, 0.00, 0.15, 1.36, 0.00, 0.03, 0.40, 0.28, 0.00, 0.00, 0.00, 0.09, 0.10, 0.00, 0.00, 0.00, 1.00, 0.00, 0.00, 0.00, 0.00, 0.00, 0.00, 0.00, 0.00, 0.00, 0.00, 0.00, 0.00, 0.00, 0.00
2371, 0, 89.362, 0.98, 1, 0.02, 0.00, 0.00, 0.09, 0.00, 0.00, 0.26, 1.27, 0.00, 0.00, 0.56, 0.28, 0.00, 0.00, 0.00, 0.04, 0.03, 0.00, 0.00, 0.00, 1.00, 0.00, 0.00, 0.00, 0.00, 0.00, 0.00, 0.00, 0.00, 0.00, 0.00, 0.00, 0.00, 0.00, 0.00
2372, 0, 89.400, 0.98, 1, 0.00, 0.00, 0.00, 0.09, 0.00, 0.00, 0.36, 1.25, 0.00, 0.00, 0.81, 0.30, 0.00, 0.00, 0.00, 0.00, 0.00, 0.00, 0.00, 0.00, 1.00, 0.00, 0.00, 0.00, 0.00, 0.00, 0.00, 0.00, 0.00, 0.00, 0.00, 0.00, 0.00, 0.00, 0.00
2373, 0, 89.438, 0.98, 1, 0.00, 0.00, 0.00, 0.09, 0.00, 0.00, 0.46, 1.21, 0.00, 0.00, 0.68, 0.46, 0.02, 0.00, 0.00, 0.00, 0.00, 0.00, 0.00, 0.00, 1.00, 0.00, 0.00, 0.00, 0.00, 0.00, 0.00, 0.00, 0.00, 0.00, 0.00, 0.00, 0.00, 0.00, 0.00
2374, 0, 89.475, 0.98, 1, 0.00, 0.00, 0.00, 0.03, 0.00, 0.00, 0.47, 1.08, 0.00, 0.00, 0.73, 0.42, 0.02, 0.00, 0.00, 0.00, 0.00, 0.00, 0.00, 0.00, 1.00, 0.00, 0.00, 0.00, 0.00, 0.00, 0.00, 0.00, 0.00, 0.00, 0.00, 0.00, 0.00, 0.00, 0.00
2375, 0, 89.513, 0.98, 1, 0.00, 0.00, 0.00, 0.03, 0.00, 0.00, 0.43, 1.12, 0.00, 0.00, 0.48, 0.61, 0.02, 0.00, 0.00, 0.13, 0.00, 0.00, 0.00, 0.00, 1.00, 0.00, 0.00, 0.00, 0.00, 0.00, 0.00, 0.00, 0.00, 0.00, 0.00, 0.00, 0.00, 0.00, 0.00
2376, 0, 89.551, 0.98, 1, 0.00, 0.00, 0.00, 0.03, 0.00, 0.00, 0.35, 1.22, 0.00, 0.00, 0.21, 0.66, 0.00, 0.00, 0.00, 0.29, 0.00, 0.00, 0.00, 0.00, 1.00, 0.00, 0.00, 0.00, 0.00, 0.00, 0.00, 0.00, 0.00, 0.00, 0.00, 0.00, 0.00, 0.00, 0.00
2377, 0, 89.589, 0.98, 1, 0.03, 0.00, 0.00, 0.00, 0.00, 0.00, 0.28, 1.46, 0.00, 0.00, 0.00, 0.81, 0.00, 0.00, 0.00, 0.44, 0.00, 0.00, 0.00, 0.00, 1.00, 0.00, 0.00, 0.00, 0.00, 0.00, 0.00, 0.00, 0.00, 0.00, 0.00, 0.00, 0.00, 0.00, 0.00
2378, 0, 89.626, 0.98, 1, 0.03, 0.00, 0.00, 0.09, 0.00, 0.00, 0.24, 1.46, 0.00, 0.01, 0.00, 0.69, 0.00, 0.00, 0.00, 0.45, 0.00, 0.00, 0.00, 0.00, 1.00, 0.00, 0.00, 0.00, 0.00, 0.00, 0.00, 0.00, 0.00, 0.00, 0.00, 0.00, 0.00, 0.00, 0.00
2379, 0, 89.664, 0.98, 1, 0.03, 0.00, 0.00, 0.11, 0.00, 0.00, 0.25, 1.39, 0.00, 0.03, 0.00, 0.62, 0.00, 0.00, 0.00, 0.45, 0.00, 0.00, 0.00, 0.00, 1.00, 0.00, 0.00, 0.00, 0.00, 0.00, 0.00, 0.00, 0.00, 0.00, 0.00, 0.00, 0.00, 0.00, 0.00
2380, 0, 89.702, 0.98, 1, 0.00, 0.00, 0.00, 0.11, 0.00, 0.00, 0.17, 1.35, 0.01, 0.14, 0.03, 0.50, 0.06, 0.00, 0.00, 0.40, 0.00, 0.00, 0.00, 0.00, 1.00, 0.00, 0.00, 0.00, 0.00, 0.00, 0.00, 0.00, 0.00, 0.00, 0.00, 0.00, 0.00, 0.00, 0.00
2381, 0, 89.739, 0.98, 1, 0.00, 0.00, 0.00, 0.02, 0.00, 0.00, 0.09, 1.37, 0.01, 0.31, 0.03, 0.30, 0.16, 0.00, 0.00, 0.25, 0.02, 0.00, 0.00, 0.00, 1.00, 0.00, 0.00, 0.00, 0.00, 0.00, 0.00, 0.00, 0.00, 0.00, 0.00, 0.00, 0.00, 0.00, 0.00
2382, 0, 89.777, 0.98, 1, 0.00, 0.00, 0.00, 0.00, 0.00, 0.00, 0.01, 1.48, 0.01, 0.40, 0.16, 0.09, 0.30, 0.00, 0.00, 0.09, 0.02, 0.00, 0.00, 0.00, 1.00, 0.00, 0.00, 0.00, 0.00, 0.00, 0.00, 0.00, 0.00, 0.00, 0.00, 0.00, 0.00, 0.00, 0.00
2383, 0, 89.815, 0.98, 1, 0.00, 0.00, 0.00, 0.00, 0.00, 0.00, 0.11, 1.56, 0.00, 0.35, 0.13, 0.00, 0.24, 0.00, 0.00, 0.08, 0.02, 0.00, 0.00, 0.00, 1.00, 0.00, 0.00, 0.00, 0.00, 0.00, 0.00, 0.00, 0.00, 0.00, 0.00, 0.00, 0.00, 0.00, 0.00
2384, 0, 89.853, 0.98, 1, 0.01, 0.00, 0.00, 0.00, 0.00, 0.00, 0.21, 1.78, 0.01, 0.17, 0.13, 0.03, 0.13, 0.02, 0.00, 0.23, 0.00, 0.00, 0.00, 0.00, 1.00, 0.00, 0.00, 0.00, 0.00, 0.00, 0.00, 0.00, 0.00, 0.00, 0.00, 0.00, 0.00, 0.00, 0.00
2385, 0, 89.890, 0.98, 1, 0.05, 0.00, 0.00, 0.07, 0.00, 0.00, 0.20, 1.60, 0.01, 0.07, 0.62, 0.19, 0.01, 0.02, 0.04, 0.23, 0.00, 0.00, 0.00, 0.00, 1.00, 0.00, 0.00, 0.00, 0.00, 0.00, 0.00, 0.00, 0.00, 0.00, 0.00, 0.00, 0.00, 0.00, 0.00
2386, 0, 89.928, 0.98, 1, 0.10, 0.00, 0.00, 0.07, 0.00, 0.00, 0.09, 1.50, 0.01, 0.00, 1.09, 0.27, 0.01, 0.02, 0.04, 0.15, 0.00, 0.00, 0.00, 0.00, 1.00, 0.00, 0.00, 0.00, 0.00, 0.00, 0.00, 0.00, 0.00, 0.00, 0.00, 0.00, 0.00, 0.00, 0.00
2387, 0, 89.966, 0.98, 1, 0.12, 0.00, 0.00, 0.15, 0.00, 0.00, 0.00, 1.18, 0.00, 0.00, 1.34, 0.33, 0.01, 0.00, 0.04, 0.00, 0.00, 0.00, 0.00, 0.00, 1.00, 0.00, 0.00, 0.00, 0.00, 0.00, 0.00, 0.00, 0.00, 0.00, 0.00, 0.00, 0.00, 0.00, 0.00
2388, 0, 90.003, 0.98, 1, 0.10, 0.00, 0.00, 0.08, 0.00, 0.00, 0.00, 1.15, 0.00, 0.00, 1.16, 0.27, 0.00, 0.00, 0.00, 0.00, 0.00, 0.00, 0.00, 0.00, 1.00, 0.00, 0.00, 0.00, 0.00, 0.00, 0.00, 0.00, 0.00, 0.00, 0.00, 0.00, 0.00, 0.00, 0.00
2389, 0, 90.041, 0.98, 1, 0.05, 0.00, 0.00, 0.14, 0.00, 0.00, 0.00, 1.03, 0.00, 0.00, 1.09, 0.39, 0.00, 0.00, 0.00, 0.00, 0.00, 0.00, 0.00, 0.00, 1.00, 0.00, 0.00, 0.00, 0.00, 0.00, 0.00, 0.00, 0.00, 0.00, 0.00, 0.00, 0.00, 0.00, 0.00
2390, 0, 90.079, 0.98, 1, 0.12, 0.00, 0.00, 0.22, 0.00, 0.00, 0.00, 1.37, 0.00, 0.00, 1.57, 0.80, 0.01, 0.00, 0.01, 0.00, 0.10, 0.00, 0.00, 0.00, 1.00, 0.00, 0.00, 0.00, 0.00, 0.00, 0.00, 0.00, 0.00, 0.00, 0.00, 0.00, 0.00, 0.00, 0.00
2391, 0, 90.116, 0.88, 1, 0.21, 0.00, 0.00, 0.34, 0.00, 0.00, 0.03, 1.69, 0.00, 0.00, 1.59, 1.15, 0.05, 0.00, 0.01, 0.00, 0.19, 0.00, 0.00, 0.00, 1.00, 0.00, 0.00, 0.00, 0.00, 0.00, 0.00, 0.00, 1.00, 0.00, 0.00, 0.00, 0.00, 0.00, 0.00
2392, 0, 90.154, 0.88, 1, 0.21, 0.00, 0.00, 0.27, 0.00, 0.00, 0.05, 1.92, 0.00, 0.00, 2.13, 1.27, 0.06, 0.00, 0.01, 0.00, 0.25, 0.00, 0.00, 0.00, 1.00, 0.00, 0.00, 0.00, 0.00, 0.00, 0.00, 0.00, 1.00, 0.00, 0.00, 0.00, 0.00, 0.00, 0.00
2393, 0, 90.192, 0.88, 1, 0.11, 0.00, 0.00, 0.12, 0.00, 0.00, 0.06, 1.77, 0.01, 0.00, 2.20, 1.03, 0.08, 0.00, 0.06, 0.03, 0.21, 0.00, 0.00, 0.00, 1.00, 0.00, 0.00, 0.00, 0.00, 0.00, 0.00, 0.00, 1.00, 0.00, 0.00, 0.00, 0.00, 0.00, 0.00
2394, 0, 90.230, 0.88, 1, 0.01, 0.00, 0.00, 0.01, 0.00, 0.00, 0.03, 1.67, 0.01, 0.00, 2.21, 0.81, 0.12, 0.00, 0.08, 0.17, 0.24, 0.00, 0.00, 0.00, 1.00, 0.00, 0.00, 0.00, 0.00, 0.00, 0.00, 0.00, 1.00, 0.00, 0.00, 0.00, 0.00, 0.00, 0.00
2395, 0, 90.267, 0.88, 1, 0.07, 0.08, 0.00, 0.01, 0.00, 0.00, 0.06, 1.57, 0.01, 0.07, 1.52, 0.49, 0.12, 0.00, 0.13, 0.17, 0.27, 0.00, 0.00, 0.00, 1.00, 0.00, 0.00, 0.00, 0.00, 0.00, 0.00, 0.00, 1.00, 0.00, 0.00, 0.00, 0.00, 0.00, 0.00
2396, 0, 90.305, 0.93, 1, 0.22, 0.18, 0.00, 0.11, 0.00, 0.00, 0.13, 1.35, 0.00, 0.07, 0.71, 0.32, 0.08, 0.00, 0.19, 0.18, 0.30, 1.00, 1.00, 0.00, 1.00, 0.00, 0.00, 0.00, 0.00, 0.00, 0.00, 0.00, 1.00, 0.00, 0.00, 0.00, 0.00, 0.00, 0.00
2397, 0, 90.343, 0.93, 1, 0.36, 0.28, 0.00, 0.18, 0.00, 0.00, 0.16, 1.08, 0.00, 0.07, 0.25, 0.11, 0.00, 0.00, 0.22, 0.05, 0.27, 1.00, 1.00, 0.00, 1.00, 0.00, 0.00, 0.00, 0.00, 0.00, 0.00, 0.00, 0.00, 0.00, 0.00, 0.00, 0.00, 0.00, 0.00
2398, 0, 90.380, 0.93, 1, 0.38, 0.31, 0.00, 0.18, 0.00, 0.00, 0.12, 0.94, 0.00, 0.12, 0.08, 0.19, 0.00, 0.00, 0.44, 0.17, 0.17, 1.00, 1.00, 0.00, 1.00, 0.00, 0.00, 0.00, 0.00, 0.00, 0.00, 0.00, 0.00, 0.00, 0.00, 0.00, 0.00, 0.00, 0.00
2399, 0, 90.418, 0.98, 1, 0.41, 0.44, 0.00, 0.08, 0.03, 0.00, 0.03, 0.99, 0.00, 0.30, 0.21, 0.25, 0.00, 0.00, 0.86, 0.29, 0.09, 1.00, 1.00, 0.00, 1.00, 0.00, 0.00, 0.00, 0.00, 0.00, 0.00, 0.00, 0.00, 0.00, 0.00, 0.00, 0.00, 0.00, 0.00
2400, 0, 90.456, 0.98, 1, 0.32, 0.34, 0.00, 0.00, 0.05, 0.00, 0.09, 1.15, 0.01, 0.37, 0.21, 0.24, 0.00, 0.00, 0.91, 0.55, 0.00, 1.00, 1.00, 0.00, 1.00, 0.00, 0.00, 0.00, 0.00, 0.00, 0.00, 0.00, 0.00, 0.00, 0.00, 0.00, 0.00, 0.00, 0.00
2401, 0, 90.494, 0.98, 1, 0.23, 0.22, 0.00, 0.00, 0.05, 0.00, 0.14, 1.14, 0.10, 0.54, 0.14, 0.16, 0.00, 0.00, 0.75, 0.73, 0.00, 0.00, 0.00, 0.00, 1.00, 0.00, 0.00, 0.00, 0.00, 0.00, 0.00, 0.00, 0.00, 0.00, 0.00, 0.00, 0.00, 0.00, 0.00
2402, 0, 90.531, 0.88, 1, 0.06, 0.00, 0.00, 0.00, 0.02, 0.00, 0.17, 1.07, 0.18, 0.67, 0.00, 0.03, 0.00, 0.00, 0.38, 0.85, 0.00, 0.00, 0.00, 0.00, 1.00, 0.00, 0.00, 0.00, 0.00, 1.00, 0.00, 0.00, 0.00, 0.00, 0.00, 0.00, 0.00, 0.00, 0.00
2403, 0, 90.569, 0.88, 1, 0.01, 0.00, 0.00, 0.00, 0.00, 0.00, 0.08, 0.97, 0.27, 0.80, 0.05, 0.13, 0.00, 0.00, 0.42, 0.81, 0.16, 0.00, 0.00, 0.00, 1.00, 0.00, 0.00, 0.00, 0.00, 1.00, 0.00, 0.00, 0.00, 0.00, 1.00, 0.00, 0.00, 0.00, 0.00
2404, 0, 90.607, 0.88, 1, 0.01, 0.00, 0.00, 0.00, 0.00, 0.00, 0.10, 0.99, 0.30, 0.70, 0.11, 0.33, 0.00, 0.00, 0.42, 0.67, 0.20, 0.00, 0.00, 0.00, 1.00, 0.00, 0.00, 0.00, 0.00, 1.00, 0.00, 0.00, 0.00, 0.00, 1.00, 0.00, 0.00, 0.00, 0.00
2405, 0, 90.644, 0.88, 1, 0.02, 0.00, 0.00, 0.00, 0.00, 0.00, 0.16, 1.20, 0.29, 0.72, 0.44, 0.43, 0.02, 0.00, 0.29, 0.38, 0.33, 0.00, 0.00, 0.00, 1.00, 0.00, 0.00, 0.00, 0.00, 1.00, 1.00, 0.00, 0.00, 0.00, 1.00, 0.00, 0.00, 0.00, 0.00
2406, 0, 90.682, 0.88, 1, 0.02, 0.00, 0.00, 0.00, 0.00, 0.00, 0.20, 1.37, 0.25, 1.01, 0.68, 0.37, 0.18, 0.00, 0.14, 0.17, 0.17, 0.00, 0.00, 0.00, 1.00, 0.00, 0.00, 0.00, 1.00, 1.00, 1.00, 0.00, 0.00, 0.00, 1.00, 0.00, 0.00, 0.00, 0.00
2407, 0, 90.720, 0.93, 1, 0.02, 0.00, 0.00, 0.14, 0.01, 0.00, 0.22, 1.45, 0.22, 1.07, 0.86, 0.17, 0.27, 0.00, 0.02, 0.00, 0.15, 0.00, 0.00, 0.00, 1.00, 0.00, 0.00, 0.00, 1.00, 1.00, 1.00, 0.00, 0.00, 0.00, 1.00, 0.00, 0.00, 0.00, 0.00
2408, 0, 90.757, 0.88, 1, 0.00, 0.00, 0.00, 0.14, 0.01, 0.00, 0.20, 1.49, 0.24, 0.74, 0.64, 0.29, 0.70, 0.00, 0.00, 0.00, 0.02, 0.00, 0.00, 0.00, 1.00, 0.00, 0.00, 0.00, 1.00, 1.00, 1.00, 0.00, 0.00, 0.00, 1.00, 0.00, 0.00, 0.00, 0.00
2409, 0, 90.795, 0.98, 1, 0.00, 0.03, 0.00, 0.14, 0.01, 0.00, 0.20, 1.52, 0.30, 0.25, 0.89, 0.41, 1.00, 0.00, 0.10, 0.00, 0.02, 0.00, 0.00, 0.00, 1.00, 0.00, 0.00, 0.00, 1.00, 1.00, 0.00, 0.00, 0.00, 0.00, 1.00, 0.00, 0.00, 0.00, 0.00
2410, 0, 90.833, 0.98, 1, 0.06, 0.03, 0.00, 0.00, 0.05, 0.00, 0.11, 1.34, 0.34, 0.11, 1.06, 0.47, 1.26, 0.00, 0.10, 0.00, 0.00, 0.00, 0.00, 0.00, 1.00, 0.00, 0.00, 0.00, 1.00, 1.00, 0.00, 0.00, 0.00, 0.00, 1.00, 0.00, 0.00, 0.00, 0.00
2411, 0, 90.871, 0.98, 1, 0.13, 0.03, 0.00, 0.00, 0.05, 0.00, 0.12, 1.36, 0.39, 0.39, 0.95, 0.45, 0.81, 0.00, 0.10, 0.11, 0.00, 0.00, 0.00, 0.00, 1.00, 0.00, 0.00, 0.00, 1.00, 1.00, 0.00, 0.00, 0.00, 0.00, 1.00, 0.00, 0.00, 0.00, 0.00
2412, 0, 90.908, 0.98, 1, 0.27, 0.00, 0.00, 0.00, 0.14, 0.13, 0.12, 1.51, 0.49, 0.64, 0.71, 0.50, 0.46, 0.00, 0.11, 0.29, 0.00, 0.00, 0.00, 0.00, 1.00, 0.00, 0.00, 0.00, 1.00, 1.00, 0.00, 0.00, 0.00, 0.00, 1.00, 0.00, 0.00, 0.00, 0.00
2413, 0, 90.946, 0.98, 1, 0.25, 0.00, 0.00, 0.00, 0.18, 0.13, 0.19, 1.66, 0.57, 0.88, 0.35, 0.55, 0.11, 0.00, 0.11, 0.29, 0.00, 0.00, 0.00, 0.00, 1.00, 0.00, 0.00, 0.00, 1.00, 1.00, 0.00, 1.00, 0.00, 0.00, 0.00, 0.00, 0.00, 0.00, 0.00
2414, 0, 90.984, 0.98, 1, 0.25, 0.00, 0.00, 0.00, 0.29, 0.13, 0.28, 1.55, 0.77, 1.01, 0.35, 0.42, 0.11, 0.00, 0.22, 0.27, 0.00, 0.00, 0.00, 0.00, 1.00, 0.00, 0.00, 0.00, 1.00, 1.00, 0.00, 1.00, 0.00, 0.00, 1.00, 0.00, 0.00, 0.00, 0.00
2415, 0, 91.021, 0.98, 1, 0.10, 0.00, 0.00, 0.00, 0.30, 0.00, 0.23, 1.31, 0.81, 1.32, 0.06, 0.26, 0.37, 0.00, 0.11, 0.27, 0.00, 0.00, 0.00, 0.00, 1.00, 0.00, 0.00, 0.00, 1.00, 1.00, 0.00, 0.00, 0.00, 0.00, 1.00, 0.00, 0.00, 0.00, 0.00
2416, 0, 91.059, 0.98, 1, 0.06, 0.00, 0.00, 0.00, 0.26, 0.00, 0.22, 1.36, 0.92, 1.56, 0.00, 0.39, 0.57, 0.00, 0.18, 0.44, 0.00, 0.00, 0.00, 0.00, 1.00, 0.00, 0.00, 0.00, 1.00, 1.00, 0.00, 0.00, 0.00, 0.00, 1.00, 0.00, 0.00, 0.00, 0.00
2417, 0, 91.097, 0.98, 1, 0.00, 0.00, 0.00, 0.00, 0.28, 0.00, 0.06, 1.52, 0.82, 1.64, 0.06, 0.53, 0.72, 0.00, 0.19, 0.35, 0.00, 0.00, 0.00, 0.00, 1.00, 0.00, 0.00, 0.00, 1.00, 1.00, 0.00, 0.00, 0.00, 0.00, 1.00, 0.00, 0.00, 0.00, 0.00
2418, 0, 91.135, 0.88, 1, 0.02, 0.00, 0.00, 0.00, 0.23, 0.00, 0.06, 1.62, 0.79, 1.64, 0.49, 0.74, 0.48, 0.00, 0.46, 0.18, 0.00, 0.00, 0.00, 0.00, 1.00, 0.00, 0.00, 0.00, 1.00, 1.00, 1.00, 0.00, 0.00, 0.00, 1.00, 0.00, 0.00, 0.00, 0.00
2419, 0, 91.172, 0.98, 1, 0.02, 0.00, 0.00, 0.00, 0.25, 0.00, 0.00, 2.04, 0.77, 1.58, 0.70, 1.04, 0.32, 0.00, 0.79, 0.00, 0.00, 0.00, 0.00, 0.00, 1.00, 0.00, 0.00, 0.00, 1.00, 1.00, 1.00, 0.00, 0.00, 0.00, 1.00, 0.00, 0.00, 0.00, 0.00
2420, 0, 91.210, 0.98, 1, 0.02, 0.00, 0.00, 0.00, 0.25, 0.00, 0.00, 2.39, 0.87, 1.81, 1.10, 1.14, 0.18, 0.06, 1.06, 0.17, 0.00, 0.00, 0.00, 0.00, 1.00, 0.00, 0.00, 0.00, 1.00, 1.00, 1.00, 0.00, 0.00, 0.00, 1.00, 0.00, 0.00, 0.00, 0.00
2421, 0, 91.248, 0.88, 1, 0.00, 0.00, 0.00, 0.00, 0.29, 0.00, 0.00, 2.66, 1.06, 2.21, 1.05, 1.19, 0.04, 0.18, 0.99, 0.41, 0.00, 0.00, 0.00, 0.00, 1.00, 0.00, 0.00, 0.00, 1.00, 1.00, 1.00, 1.00, 0.00, 0.00, 1.00, 0.00, 0.00, 0.00, 0.00
2422, 0, 91.285, 0.98, 1, 0.00, 0.00, 0.00, 0.00, 0.24, 0.00, 0.00, 2.60, 1.15, 2.51, 1.42, 1.35, 0.00, 0.40, 0.92, 0.41, 0.00, 0.00, 0.00, 0.00, 1.00, 0.00, 0.00, 0.00, 1.00, 1.00, 1.00, 1.00, 1.00, 0.00, 1.00, 0.00, 0.00, 0.00, 0.00
2423, 0, 91.323, 0.98, 1, 0.00, 0.00, 0.00, 0.00, 0.14, 0.00, 0.00, 2.38, 1.15, 2.62, 1.39, 1.68, 0.00, 0.55, 0.84, 0.24, 0.00, 0.00, 0.00, 0.00, 1.00, 0.00, 0.00, 0.00, 1.00, 1.00, 1.00, 1.00, 1.00, 0.00, 1.00, 0.00, 0.00, 0.00, 0.00
2424, 0, 91.361, 0.98, 1, 0.00, 0.00, 0.00, 0.00, 0.16, 0.00, 0.00, 2.34, 1.16, 2.39, 1.27, 2.14, 0.00, 0.64, 0.87, 0.02, 0.00, 0.00, 0.00, 0.00, 1.00, 0.00, 0.00, 0.00, 1.00, 1.00, 1.00, 1.00, 0.00, 0.00, 1.00, 1.00, 0.00, 0.00, 0.00
2425, 0, 91.398, 0.98, 1, 0.00, 0.00, 0.00, 0.00, 0.33, 0.00, 0.00, 2.27, 1.11, 2.17, 0.81, 1.68, 0.00, 0.53, 0.97, 0.11, 0.00, 0.00, 0.00, 0.00, 1.00, 0.00, 0.00, 0.00, 1.00, 1.00, 1.00, 1.00, 0.00, 0.00, 1.00, 1.00, 0.00, 0.00, 0.00
2426, 0, 91.436, 0.98, 1, 0.00, 0.00, 0.00, 0.00, 0.51, 0.00, 0.00, 2.48, 1.02, 1.97, 0.64, 1.51, 0.45, 0.33, 1.45, 0.44, 0.00, 0.00, 0.00, 0.00, 1.00, 0.00, 0.00, 0.00, 1.00, 1.00, 0.00, 0.00, 1.00, 0.00, 1.00, 1.00, 0.00, 0.00, 0.00
2427, 0, 91.474, 0.98, 1, 0.00, 0.00, 0.00, 0.00, 0.63, 0.00, 0.00, 2.73, 0.83, 1.51, 1.47, 1.21, 0.96, 0.11, 2.47, 0.73, 0.00, 0.00, 0.00, 0.00, 1.00, 0.00, 0.00, 0.00, 1.00, 1.00, 0.00, 0.00, 1.00, 0.00, 1.00, 1.00, 0.00, 0.00, 0.00
2428, 0, 91.512, 0.98, 1, 0.00, 0.00, 0.00, 0.00, 0.51, 0.00, 0.00, 2.99, 0.82, 1.43, 2.17, 1.54, 1.32, 0.00, 2.97, 0.80, 0.00, 0.00, 0.00, 0.00, 1.00, 0.00, 0.00, 0.00, 1.00, 1.00, 0.00, 0.00, 0.00, 0.00, 1.00, 1.00, 0.00, 0.00, 0.00
2429, 0, 91.549, 0.98, 1, 0.00, 0.00, 0.00, 0.00, 0.39, 0.00, 0.00, 3.05, 0.85, 1.24, 2.85, 1.65, 1.38, 0.00, 3.22, 0.60, 0.00, 0.00, 0.00, 0.00, 1.00, 0.00, 0.00, 0.00, 1.00, 1.00, 0.00, 0.00, 0.00, 0.00, 1.00, 1.00, 0.00, 0.00, 0.00
2430, 0, 91.587, 0.98, 1, 0.00, 0.00, 0.00, 0.00, 0.29, 0.00, 0.00, 2.85, 0.92, 1.56, 1.96, 1.32, 1.00, 0.00, 2.64, 0.43, 0.00, 0.00, 0.00, 0.00, 1.00, 0.00, 0.00, 0.00, 1.00, 1.00, 0.00, 0.00, 1.00, 0.00, 1.00, 1.00, 0.00, 0.00, 0.00
2431, 0, 91.625, 0.98, 1, 0.00, 0.00, 0.00, 0.00, 0.31, 0.00, 0.00, 2.72, 1.00, 1.88, 1.51, 1.14, 0.83, 0.01, 2.54, 0.51, 0.00, 0.00, 0.00, 0.00, 1.00, 0.00, 0.00, 0.00, 1.00, 1.00, 1.00, 0.00, 1.00, 0.00, 1.00, 1.00, 0.00, 0.00, 0.00
2432, 0, 91.662, 0.98, 1, 0.04, 0.00, 0.00, 0.00, 0.43, 0.00, 0.00, 2.57, 1.13, 2.16, 1.09, 0.92, 0.46, 0.01, 2.45, 0.38, 0.00, 0.00, 0.00, 0.00, 1.00, 0.00, 0.00, 0.00, 1.00, 1.00, 1.00, 0.00, 1.00, 0.00, 1.00, 1.00, 0.00, 0.00, 0.00
2433, 0, 91.700, 0.98, 1, 0.05, 0.00, 0.00, 0.00, 0.47, 0.00, 0.00, 2.43, 1.18, 2.58, 1.13, 0.94, 0.34, 0.01, 2.44, 0.35, 0.00, 0.00, 0.00, 0.00, 1.00, 0.00, 0.00, 0.00, 1.00, 1.00, 1.00, 0.00, 0.00, 0.00, 1.00, 1.00, 0.00, 0.00, 0.00
2434, 0, 91.738, 0.98, 1, 0.05, 0.00, 0.00, 0.00, 0.55, 0.00, 0.00, 2.37, 1.20, 2.62, 0.89, 0.83, 0.15, 0.00, 2.21, 0.44, 0.00, 0.00, 0.00, 0.00, 1.00, 1.00, 0.00, 0.00, 1.00, 1.00, 1.00, 0.00, 0.00, 0.00, 1.00, 1.00, 0.00, 0.00, 0.00
2435, 0, 91.776, 0.98, 1, 0.01, 0.00, 0.00, 0.00, 0.59, 0.00, 0.09, 2.27, 1.18, 2.28, 0.37, 0.69, 0.02, 0.00, 1.64, 0.54, 0.00, 0.00, 0.00, 0.00, 1.00, 1.00, 0.00, 0.00, 1.00, 1.00, 1.00, 0.00, 1.00, 0.00, 0.00, 1.00, 0.00, 0.00, 0.00
2436, 0, 91.813, 0.98, 1, 0.00, 0.00, 0.00, 0.00, 0.68, 0.06, 0.12, 2.40, 1.24, 1.85, 0.12, 0.83, 0.11, 0.00, 1.33, 0.53, 0.00, 0.00, 1.00, 0.00, 1.00, 1.00, 0.00, 0.00, 1.00, 1.00, 1.00, 0.00, 1.00, 0.00, 0.00, 1.00, 0.00, 0.00, 0.00
2437, 0, 91.851, 0.98, 1, 0.00, 0.00, 0.00, 0.00, 0.71, 0.06, 0.12, 2.50, 1.22, 1.41, 0.00, 0.92, 0.17, 0.00, 1.35, 0.61, 0.00, 0.00, 0.00, 0.00, 1.00, 1.00, 0.00, 0.00, 1.00, 1.00, 1.00, 0.00, 0.00, 0.00, 1.00, 1.00, 0.00, 0.00, 0.00
2438, 0, 91.889, 0.98, 1, 0.00, 0.00, 0.00, 0.00, 0.59, 0.06, 0.03, 2.59, 1.22, 1.67, 0.16, 0.97, 0.30, 0.00, 1.68, 0.93, 0.00, 0.00, 0.00, 0.00, 1.00, 1.00, 0.00, 0.00, 1.00, 1.00, 1.00, 0.00, 0.00, 0.00, 1.00, 1.00, 0.00, 0.00, 0.00
2439, 0, 91.926, 0.98, 1, 0.00, 0.00, 0.00, 0.00, 0.57, 0.00, 0.00, 2.52, 1.17, 1.89, 0.16, 0.95, 0.20, 0.00, 2.01, 1.09, 0.00, 0.00, 0.00, 0.00, 1.00, 1.00, 0.00, 0.00, 1.00, 1.00, 1.00, 0.00, 0.00, 0.00, 0.00, 1.00, 0.00, 0.00, 0.00
2440, 0, 91.964, 0.98, 1, 0.10, 0.00, 0.03, 0.11, 0.49, 0.00, 0.00, 2.33, 1.16, 1.73, 0.93, 0.87, 0.54, 0.00, 2.33, 0.76, 0.00, 0.00, 0.00, 0.00, 1.00, 1.00, 0.00, 0.00, 1.00, 1.00, 1.00, 0.00, 0.00, 0.00, 0.00, 1.00, 0.00, 0.00, 0.00
2441, 0, 92.002, 0.98, 1, 0.17, 0.00, 0.08, 0.19, 0.55, 0.00, 0.00, 2.24, 1.16, 1.46, 1.53, 0.95, 0.78, 0.00, 2.60, 0.51, 0.00, 0.00, 0.00, 0.00, 1.00, 1.00, 0.00, 0.00, 1.00, 1.00, 0.00, 0.00, 0.00, 0.00, 0.00, 1.00, 0.00, 0.00, 0.00
2442, 0, 92.039, 0.98, 1, 0.19, 0.00, 0.08, 0.26, 0.53, 0.00, 0.00, 2.11, 1.15, 0.93, 1.83, 0.84, 1.19, 0.00, 2.81, 0.25, 0.00, 0.00, 0.00, 0.00, 1.00, 1.00, 0.00, 0.00, 1.00, 1.00, 0.00, 0.00, 0.00, 0.00, 1.00, 1.00, 0.00, 0.00, 0.00
2443, 0, 92.077, 0.98, 1, 0.13, 0.00, 0.05, 0.15, 0.50, 0.00, 0.00, 1.88, 1.17, 0.87, 1.15, 0.77, 1.23, 0.00, 2.62, 0.17, 0.00, 0.00, 0.00, 0.00, 1.00, 1.00, 0.00, 0.00, 1.00, 1.00, 0.00, 0.00, 0.00, 0.00, 1.00, 1.00, 0.00, 0.00, 0.00
2444, 0, 92.115, 0.88, 1, 0.21, 0.00, 0.00, 0.12, 0.34, 0.00, 0.00, 1.49, 1.14, 0.74, 0.41, 0.55, 1.02, 0.00, 2.28, 0.00, 0.00, 0.00, 0.00, 0.00, 1.00, 1.00, 0.00, 0.00, 1.00, 1.00, 0.00, 0.00, 0.00, 0.00, 0.00, 1.00, 0.00, 0.00, 0.00
2445, 0, 92.153, 0.88, 1, 0.19, 0.13, 0.00, 0.05, 0.24, 0.00, 0.00, 1.78, 1.13, 0.53, 0.17, 0.67, 0.69, 0.00, 2.23, 0.00, 0.00, 0.00, 0.00, 0.00, 1.00, 0.00, 0.00, 0.00, 1.00, 1.00, 0.00, 0.00, 0.00, 0.00, 0.00, 1.00, 1.00, 0.00, 0.00
2446, 0, 92.190, 0.93, 1, 0.16, 0.14, 0.00, 0.05, 0.25, 0.00, 0.00, 2.22, 1.13, 0.46, 1.00, 0.79, 0.26, 0.00, 2.73, 0.00, 0.00, 0.00, 0.00, 0.00, 1.00, 0.00, 0.00, 0.00, 1.00, 1.00, 0.00, 0.00, 0.00, 0.00, 1.00, 1.00, 1.00, 0.00, 0.00
2447, 0, 92.228, 0.88, 1, 0.05, 0.15, 0.00, 0.00, 0.35, 0.00, 0.00, 2.71, 1.13, 0.31, 2.02, 1.04, 0.11, 0.00, 3.37, 0.00, 0.00, 0.00, 0.00, 0.00, 1.00, 0.00, 0.00, 0.00, 1.00, 1.00, 0.00, 0.00, 0.00, 0.00, 1.00, 1.00, 1.00, 0.00, 0.00
2448, 0, 92.266, 0.88, 1, 0.15, 0.05, 0.00, 0.00, 0.36, 0.00, 0.00, 2.59, 1.21, 0.57, 2.25, 1.01, 0.09, 0.00, 3.51, 0.07, 0.00, 0.00, 0.00, 0.00, 1.00, 0.00, 0.00, 0.00, 1.00, 1.00, 0.00, 0.00, 0.00, 0.00, 1.00, 1.00, 1.00, 0.00, 0.00
2449, 0, 92.303, 0.88, 1, 0.13, 0.06, 0.00, 0.00, 0.33, 0.00, 0.00, 2.50, 1.17, 0.72, 1.54, 0.90, 0.21, 0.00, 2.96, 0.25, 0.00, 0.00, 0.00, 0.00, 1.00, 0.00, 0.00, 0.00, 1.00, 1.00, 0.00, 0.00, 0.00, 0.00, 1.00, 1.00, 1.00, 0.00, 0.00
2450, 0, 92.341, 0.93, 1, 0.10, 0.05, 0.00, 0.00, 0.43, 0.00, 0.00, 2.49, 1.19, 1.29, 0.52, 0.84, 0.27, 0.00, 2.30, 0.65, 0.00, 0.00, 0.00, 0.00, 1.00, 1.00, 0.00, 0.00, 1.00, 1.00, 0.00, 0.00, 0.00, 0.00, 1.00, 1.00, 1.00, 0.00, 0.00
2451, 0, 92.379, 0.98, 1, 0.00, 0.01, 0.00, 0.10, 0.55, 0.00, 0.00, 2.33, 1.16, 1.57, 0.22, 0.62, 0.27, 0.00, 1.71, 0.74, 0.00, 0.00, 0.00, 0.00, 1.00, 1.00, 0.00, 0.00, 1.00, 1.00, 1.00, 0.00, 0.00, 0.00, 1.00, 1.00, 1.00, 0.00, 0.00
2452, 0, 92.417, 0.98, 1, 0.00, 0.00, 0.00, 0.10, 0.64, 0.00, 0.00, 2.25, 1.22, 2.04, 0.00, 0.53, 0.22, 0.00, 1.34, 0.70, 0.00, 0.00, 0.00, 0.00, 1.00, 1.00, 0.00, 0.00, 1.00, 1.00, 1.00, 0.00, 0.00, 0.00, 1.00, 1.00, 0.00, 0.00, 0.00
2453, 0, 92.454, 0.98, 1, 0.00, 0.00, 0.00, 0.10, 0.62, 0.00, 0.00, 2.04, 1.28, 2.23, 0.00, 0.33, 0.18, 0.00, 1.07, 0.49, 0.00, 0.00, 0.00, 0.00, 1.00, 1.00, 0.00, 0.00, 1.00, 1.00, 1.00, 0.00, 0.00, 0.00, 1.00, 1.00, 0.00, 0.00, 0.00
2454, 0, 92.492, 0.98, 1, 0.00, 0.00, 0.00, 0.00, 0.60, 0.00, 0.00, 2.15, 1.26, 2.33, 0.05, 0.55, 0.28, 0.00, 0.89, 0.33, 0.00, 0.00, 0.00, 0.00, 1.00, 1.00, 0.00, 0.00, 1.00, 1.00, 1.00, 0.00, 0.00, 0.00, 1.00, 1.00, 0.00, 0.00, 0.00
2455, 0, 92.530, 0.98, 1, 0.00, 0.00, 0.00, 0.00, 0.56, 0.25, 0.09, 2.14, 1.15, 2.25, 0.18, 0.62, 0.39, 0.00, 0.86, 0.35, 0.00, 0.00, 0.00, 0.00, 1.00, 1.00, 0.00, 0.00, 1.00, 1.00, 1.00, 0.00, 0.00, 0.00, 1.00, 1.00, 0.00, 0.00, 0.00
2456, 0, 92.567, 0.98, 1, 0.00, 0.00, 0.00, 0.00, 0.48, 0.27, 0.19, 2.22, 1.01, 2.04, 0.29, 0.83, 0.67, 0.00, 0.83, 0.37, 0.00, 0.00, 0.00, 0.00, 1.00, 1.00, 0.00, 0.00, 1.00, 1.00, 1.00, 1.00, 0.00, 0.00, 0.00, 1.00, 0.00, 0.00, 0.00
2457, 0, 92.605, 0.93, 1, 0.00, 0.00, 0.00, 0.00, 0.42, 0.27, 0.34, 2.20, 0.99, 1.99, 0.43, 0.84, 0.87, 0.00, 0.79, 0.52, 0.00, 0.00, 0.00, 0.00, 1.00, 1.00, 0.00, 0.00, 1.00, 1.00, 1.00, 1.00, 0.00, 0.00, 0.00, 1.00, 0.00, 0.00, 0.00
2458, 0, 92.643, 0.98, 1, 0.00, 0.00, 0.00, 0.06, 0.47, 0.02, 0.38, 2.18, 0.93, 1.97, 0.41, 0.81, 0.90, 0.00, 0.76, 0.43, 0.00, 0.00, 0.00, 0.00, 1.00, 1.00, 0.00, 0.00, 1.00, 1.00, 1.00, 1.00, 0.00, 0.00, 0.00, 1.00, 0.00, 0.00, 0.00
2459, 0, 92.680, 0.98, 1, 0.00, 0.00, 0.00, 0.15, 0.54, 0.02, 0.42, 2.11, 0.88, 2.03, 0.38, 0.63, 0.78, 0.00, 0.68, 0.29, 0.00, 0.00, 0.00, 0.00, 1.00, 1.00, 0.00, 0.00, 1.00, 1.00, 1.00, 1.00, 0.00, 0.00, 0.00, 1.00, 0.00, 0.00, 0.00
2460, 0, 92.718, 0.98, 1, 0.00, 0.00, 0.00, 0.31, 0.67, 0.10, 0.27, 2.21, 0.84, 1.81, 0.47, 0.65, 0.73, 0.00, 0.68, 0.14, 0.00, 0.00, 0.00, 0.00, 1.00, 1.00, 0.00, 0.00, 1.00, 1.00, 1.00, 1.00, 0.00, 0.00, 0.00, 1.00, 0.00, 0.00, 0.00
2461, 0, 92.756, 0.98, 1, 0.04, 0.00, 0.00, 0.25, 0.70, 0.16, 0.13, 2.23, 0.84, 1.58, 0.39, 0.59, 0.62, 0.00, 0.62, 0.05, 0.00, 0.00, 0.00, 0.00, 1.00, 1.00, 0.00, 0.00, 1.00, 1.00, 1.00, 1.00, 0.00, 0.00, 1.00, 1.00, 0.00, 0.00, 0.00
2462, 0, 92.794, 0.98, 1, 0.04, 0.00, 0.00, 0.34, 0.81, 0.14, 0.02, 2.34, 0.78, 1.29, 0.53, 0.52, 0.56, 0.05, 0.64, 0.00, 0.00, 0.00, 0.00, 0.00, 1.00, 1.00, 0.00, 0.00, 1.00, 1.00, 1.00, 1.00, 0.00, 0.00, 1.00, 1.00, 0.00, 0.00, 0.00
2463, 0, 92.831, 0.98, 1, 0.17, 0.00, 0.00, 0.18, 0.62, 0.06, 0.03, 2.09, 0.71, 1.29, 0.24, 0.33, 0.29, 0.05, 0.61, 0.00, 0.00, 0.00, 0.00, 0.00, 1.00, 1.00, 0.00, 0.00, 1.00, 1.00, 0.00, 1.00, 0.00, 0.00, 1.00, 1.00, 0.00, 0.00, 0.00
2464, 0, 92.869, 0.98, 1, 0.15, 0.00, 0.00, 0.18, 0.47, 0.13, 0.03, 1.96, 0.64, 1.22, 0.35, 0.40, 0.33, 0.05, 0.51, 0.08, 0.00, 0.00, 0.00, 0.00, 1.00, 0.00, 0.00, 0.00, 1.00, 1.00, 0.00, 1.00, 0.00, 0.00, 1.00, 1.00, 0.00, 0.00, 0.00
2465, 0, 92.907, 0.93, 1, 0.23, 0.00, 0.00, 0.00, 0.21, 0.13, 0.01, 1.79, 0.71, 1.12, 0.37, 0.73, 0.23, 0.00, 0.53, 0.09, 0.08, 0.00, 0.00, 0.00, 1.00, 0.00, 0.00, 0.00, 1.00, 1.00, 1.00, 1.00, 0.00, 0.00, 1.00, 1.00, 0.00, 0.00, 0.00
2466, 0, 92.944, 0.98, 1, 0.25, 0.00, 0.00, 0.00, 0.12, 0.13, 0.00, 1.70, 0.72, 0.89, 0.61, 0.83, 0.28, 0.00, 0.73, 0.09, 0.21, 0.00, 0.00, 0.00, 1.00, 0.00, 0.00, 0.00, 1.00, 1.00, 1.00, 1.00, 0.00, 0.00, 1.00, 1.00, 0.00, 0.00, 0.00
2467, 0, 92.982, 0.88, 1, 0.43, 0.00, 0.00, 0.03, 0.03, 0.00, 0.00, 1.72, 0.81, 0.66, 0.78, 0.89, 0.23, 0.00, 1.03, 0.01, 0.24, 0.00, 0.00, 0.00, 1.00, 0.00, 0.00, 0.00, 1.00, 1.00, 1.00, 1.00, 0.00, 0.00, 0.00, 1.00, 0.00, 0.00, 0.00
2468, 0, 93.020, 0.88, 1, 0.35, 0.00, 0.00, 0.10, 0.02, 0.00, 0.00, 1.60, 0.89, 0.41, 0.66, 0.76, 0.42, 0.00, 1.03, 0.00, 0.28, 0.00, 0.00, 0.00, 1.00, 0.00, 0.00, 0.00, 1.00, 1.00, 0.00, 1.00, 0.00, 0.00, 0.00, 1.00, 0.00, 0.00, 0.00
2469, 0, 93.057, 0.88, 1, 0.24, 0.00, 0.00, 0.10, 0.02, 0.00, 0.00, 1.61, 1.05, 0.21, 0.58, 0.79, 0.32, 0.00, 1.03, 0.00, 0.34, 0.00, 0.00, 0.00, 1.00, 0.00, 0.00, 0.00, 1.00, 1.00, 0.00, 0.00, 0.00, 0.00, 0.00, 1.00, 0.00, 0.00, 0.00
2470, 0, 93.095, 0.98, 1, 0.09, 0.00, 0.00, 0.07, 0.23, 0.21, 0.00, 1.32, 0.99, 0.15, 0.27, 0.69, 0.35, 0.00, 0.84, 0.00, 0.30, 0.00, 0.00, 0.00, 1.00, 0.00, 0.00, 0.00, 1.00, 1.00, 0.00, 1.00, 0.00, 0.00, 1.00, 1.00, 0.00, 0.00, 0.00
2471, 0, 93.133, 0.98, 1, 0.16, 0.00, 0.00, 0.00, 0.40, 0.39, 0.00, 1.19, 0.88, 0.24, 0.15, 0.52, 0.32, 0.00, 0.77, 0.00, 0.23, 0.00, 0.00, 0.00, 1.00, 0.00, 0.00, 0.00, 1.00, 1.00, 0.00, 1.00, 0.00, 0.00, 1.00, 1.00, 0.00, 0.00, 0.00
2472, 0, 93.171, 0.98, 1, 0.21, 0.00, 0.00, 0.00, 0.49, 0.49, 0.00, 1.05, 0.70, 0.32, 0.00, 0.41, 0.28, 0.00, 0.58, 0.00, 0.05, 0.00, 0.00, 0.00, 1.00, 0.00, 0.00, 0.00, 1.00, 1.00, 0.00, 1.00, 0.00, 1.00, 1.00, 1.00, 0.00, 0.00, 0.00
2473, 0, 93.208, 0.98, 1, 0.16, 0.00, 0.00, 0.00, 0.28, 0.53, 0.02, 1.09, 0.75, 0.54, 0.00, 0.28, 0.15, 0.00, 0.38, 0.20, 0.05, 0.00, 0.00, 0.00, 1.00, 0.00, 0.00, 0.00, 1.00, 1.00, 0.00, 0.00, 0.00, 1.00, 1.00, 1.00, 0.00, 0.00, 0.00
2474, 0, 93.246, 0.98, 1, 0.09, 0.00, 0.00, 0.00, 0.13, 0.45, 0.15, 1.08, 0.72, 0.60, 0.00, 0.26, 0.04, 0.00, 0.26, 0.29, 0.07, 0.00, 0.00, 0.00, 1.00, 0.00, 0.00, 0.00, 1.00, 1.00, 0.00, 0.00, 0.00, 1.00, 1.00, 1.00, 0.00, 0.00, 0.00
2475, 0, 93.284, 0.98, 1, 0.22, 0.27, 0.00, 0.00, 0.11, 0.34, 0.15, 1.07, 0.88, 0.58, 0.11, 0.22, 0.28, 0.00, 0.31, 0.30, 0.07, 0.00, 0.00, 0.00, 1.00, 0.00, 0.00, 0.00, 1.00, 1.00, 0.00, 0.00, 0.00, 0.00, 1.00, 1.00, 0.00, 0.00, 0.00
2476, 0, 93.321, 0.98, 1, 0.39, 0.27, 0.00, 0.00, 0.11, 0.10, 0.13, 0.89, 0.87, 0.47, 0.14, 0.37, 0.28, 0.00, 0.42, 0.22, 0.07, 0.00, 0.00, 0.00, 1.00, 0.00, 0.00, 0.00, 1.00, 1.00, 0.00, 0.00, 0.00, 0.00, 1.00, 1.00, 0.00, 0.00, 0.00
2477, 0, 93.359, 0.88, 1, 0.58, 0.30, 0.00, 0.00, 0.07, 0.00, 0.00, 0.69, 0.94, 0.48, 0.16, 0.37, 0.25, 0.00, 0.45, 0.20, 0.00, 0.00, 0.00, 0.00, 1.00, 0.00, 0.00, 0.00, 1.00, 1.00, 0.00, 0.00, 0.00, 0.00, 1.00, 0.00, 0.00, 0.00, 0.00
2478, 0, 93.397, 0.88, 1, 0.46, 0.04, 0.00, 0.00, 0.02, 0.00, 0.00, 0.42, 0.90, 0.73, 0.04, 0.30, 0.00, 0.00, 0.29, 0.30, 0.02, 0.00, 0.00, 0.00, 1.00, 0.00, 0.00, 0.00, 0.00, 1.00, 0.00, 0.00, 0.00, 0.00, 1.00, 0.00, 0.00, 0.00, 0.00
2479, 0, 93.435, 0.98, 1, 0.30, 0.04, 0.00, 0.00, 0.13, 0.00, 0.00, 0.44, 0.91, 0.77, 0.02, 0.21, 0.00, 0.00, 0.35, 0.19, 0.02, 0.00, 0.00, 0.00, 1.00, 0.00, 0.00, 0.00, 0.00, 1.00, 0.00, 0.00, 0.00, 0.00, 1.00, 0.00, 0.00, 0.00, 0.00
2480, 0, 93.472, 0.98, 1, 0.20, 0.01, 0.00, 0.00, 0.13, 0.00, 0.00, 0.66, 0.84, 0.55, 0.07, 0.35, 0.00, 0.00, 0.32, 0.11, 0.02, 0.00, 0.00, 0.00, 1.00, 0.00, 0.00, 0.00, 0.00, 1.00, 0.00, 0.00, 0.00, 0.00, 1.00, 0.00, 0.00, 0.00, 0.00
2481, 0, 93.510, 0.98, 1, 0.27, 0.19, 0.00, 0.04, 0.13, 0.00, 0.00, 0.86, 0.73, 0.25, 0.32, 0.62, 0.00, 0.00, 0.30, 0.00, 0.00, 0.00, 0.00, 0.00, 1.00, 0.00, 0.00, 0.00, 0.00, 1.00, 0.00, 1.00, 0.00, 0.00, 1.00, 0.00, 0.00, 0.00, 0.00
2482, 0, 93.548, 0.98, 1, 0.56, 0.19, 0.00, 0.23, 0.00, 0.00, 0.00, 0.96, 0.55, 0.00, 0.41, 0.99, 0.01, 0.00, 0.23, 0.00, 0.00, 0.00, 0.00, 0.00, 1.00, 0.00, 0.00, 0.00, 0.00, 1.00, 0.00, 1.00, 0.00, 0.00, 1.00, 0.00, 0.00, 0.00, 0.00
2483, 0, 93.585, 0.88, 1, 0.79, 0.30, 0.00, 0.48, 0.00, 0.00, 0.00, 0.85, 0.47, 0.00, 0.34, 1.00, 0.01, 0.00, 0.17, 0.00, 0.12, 0.00, 0.00, 0.00, 1.00, 0.00, 0.00, 0.00, 0.00, 1.00, 0.00, 1.00, 0.00, 0.00, 1.00, 0.00, 0.00, 0.00, 0.00
2484, 0, 93.623, 0.88, 1, 0.88, 0.46, 0.00, 0.53, 0.00, 0.00, 0.00, 0.88, 0.51, 0.02, 0.09, 0.84, 0.05, 0.00, 0.22, 0.17, 0.53, 0.00, 0.00, 0.00, 1.00, 0.00, 0.00, 0.00, 0.00, 1.00, 0.00, 1.00, 0.00, 0.00, 1.00, 0.00, 0.00, 0.00, 0.00
2485, 0, 93.661, 0.93, 1, 0.61, 0.46, 0.00, 0.33, 0.10, 0.00, 0.00, 0.86, 0.66, 0.26, 0.13, 0.61, 0.46, 0.00, 0.46, 0.49, 0.70, 0.00, 0.00, 0.00, 1.00, 0.00, 0.00, 0.00, 0.00, 1.00, 0.00, 1.00, 0.00, 0.00, 1.00, 0.00, 0.00, 0.00, 0.00
2486, 0, 93.698, 0.98, 1, 0.46, 0.58, 0.00, 0.08, 0.13, 0.00, 0.00, 1.12, 0.76, 0.48, 0.13, 0.57, 0.88, 0.00, 0.69, 0.78, 0.61, 0.00, 0.00, 0.00, 1.00, 0.00, 0.00, 0.00, 0.00, 1.00, 0.00, 0.00, 0.00, 0.00, 1.00, 1.00, 0.00, 0.00, 0.00
2487, 0, 93.736, 0.93, 1, 0.33, 0.38, 0.00, 0.10, 0.22, 0.00, 0.00, 1.34, 0.87, 0.52, 0.13, 0.58, 1.19, 0.00, 0.97, 0.85, 0.20, 0.00, 0.00, 0.00, 1.00, 0.00, 0.00, 0.00, 1.00, 1.00, 0.00, 0.00, 0.00, 1.00, 1.00, 1.00, 0.00, 0.00, 0.00
2488, 0, 93.774, 0.98, 1, 0.29, 0.38, 0.00, 0.10, 0.16, 0.00, 0.00, 1.41, 0.98, 0.67, 0.00, 0.63, 1.08, 0.00, 1.03, 0.63, 0.03, 0.00, 0.00, 0.00, 1.00, 0.00, 0.00, 0.00, 1.00, 1.00, 0.00, 0.00, 0.00, 1.00, 1.00, 1.00, 0.00, 0.00, 0.00
2489, 0, 93.812, 0.98, 1, 0.12, 0.16, 0.00, 0.10, 0.17, 0.00, 0.00, 1.23, 1.09, 0.82, 0.00, 0.65, 0.92, 0.00, 1.18, 0.46, 0.00, 0.00, 0.00, 0.00, 1.00, 0.00, 0.00, 0.00, 1.00, 1.00, 0.00, 0.00, 0.00, 1.00, 1.00, 1.00, 0.00, 0.00, 0.00
2490, 0, 93.849, 0.98, 1, 0.01, 0.00, 0.00, 0.00, 0.08, 0.19, 0.00, 1.06, 0.86, 0.97, 0.14, 0.70, 0.87, 0.00, 0.88, 0.27, 0.00, 0.00, 0.00, 0.00, 1.00, 0.00, 0.00, 0.00, 1.00, 1.00, 0.00, 0.00, 1.00, 1.00, 1.00, 0.00, 0.00, 0.00, 0.00
2491, 0, 93.887, 0.98, 1, 0.10, 0.07, 0.00, 0.00, 0.04, 0.21, 0.00, 1.18, 0.62, 0.80, 0.31, 0.64, 0.82, 0.00, 0.53, 0.20, 0.00, 0.00, 0.00, 0.00, 1.00, 0.00, 0.00, 0.00, 1.00, 1.00, 0.00, 1.00, 1.00, 1.00, 1.00, 0.00, 0.00, 0.00, 0.00
2492, 0, 93.925, 0.93, 1, 0.19, 0.26, 0.00, 0.00, 0.00, 0.21, 0.00, 1.23, 0.39, 0.65, 0.38, 0.73, 0.82, 0.00, 0.13, 0.10, 0.00, 0.00, 0.00, 0.00, 1.00, 0.00, 0.00, 0.00, 1.00, 1.00, 0.00, 1.00, 1.00, 1.00, 1.00, 0.00, 0.00, 0.00, 0.00
2493, 0, 93.962, 0.88, 1, 0.34, 0.34, 0.00, 0.00, 0.01, 0.02, 0.00, 1.31, 0.40, 0.76, 0.45, 0.89, 0.63, 0.00, 0.11, 0.11, 0.01, 0.00, 0.00, 0.00, 1.00, 0.00, 0.00, 0.00, 1.00, 1.00, 0.00, 1.00, 1.00, 1.00, 1.00, 0.00, 0.00, 0.00, 0.00
2494, 0, 94.000, 0.98, 1, 0.41, 0.42, 0.00, 0.14, 0.08, 0.04, 0.01, 1.26, 0.49, 0.77, 0.56, 0.93, 0.62, 0.00, 0.21, 0.07, 0.01, 0.00, 0.00, 0.00, 1.00, 0.00, 0.00, 0.00, 1.00, 1.00, 0.00, 1.00, 1.00, 0.00, 1.00, 0.00, 0.00, 0.00, 0.00
2495, 0, 94.038, 0.98, 1, 0.32, 0.23, 0.00, 0.27, 0.21, 0.04, 0.01, 1.25, 0.75, 0.55, 0.56, 0.85, 0.36, 0.06, 0.59, 0.05, 0.01, 0.00, 1.00, 0.00, 1.00, 0.00, 0.00, 0.00, 1.00, 1.00, 0.00, 1.00, 0.00, 0.00, 1.00, 0.00, 0.00, 0.00, 0.00
2496, 0, 94.076, 0.98, 1, 0.24, 0.15, 0.00, 0.29, 0.26, 0.04, 0.03, 1.18, 0.87, 0.25, 0.36, 0.62, 0.24, 0.06, 0.85, 0.00, 0.01, 0.00, 1.00, 0.00, 1.00, 0.00, 0.00, 0.00, 1.00, 1.00, 0.00, 1.00, 0.00, 0.00, 1.00, 0.00, 0.00, 0.00, 0.00
2497, 0, 94.113, 0.98, 1, 0.20, 0.10, 0.00, 0.15, 0.27, 0.00, 0.02, 1.12, 0.89, 0.15, 0.08, 0.54, 0.00, 0.06, 0.99, 0.00, 0.06, 0.00, 1.00, 0.00, 1.00, 0.00, 0.00, 0.00, 1.00, 1.00, 0.00, 1.00, 0.00, 0.00, 1.00, 0.00, 0.00, 0.00, 0.00
2498, 0, 94.151, 0.98, 1, 0.20, 0.10, 0.00, 0.02, 0.19, 0.02, 0.04, 0.91, 0.74, 0.37, 0.00, 0.47, 0.10, 0.00, 0.78, 0.00, 0.06, 0.00, 1.00, 0.00, 1.00, 0.00, 0.00, 0.00, 0.00, 1.00, 0.00, 1.00, 0.00, 0.00, 1.00, 0.00, 0.00, 0.00, 0.00
2499, 0, 94.189, 0.98, 1, 0.37, 0.10, 0.00, 0.00, 0.27, 0.02, 0.11, 0.77, 0.74, 0.35, 0.05, 0.74, 0.31, 0.00, 0.46, 0.00, 0.25, 0.00, 0.00, 0.00, 1.00, 0.00, 0.00, 0.00, 0.00, 1.00, 0.00, 1.00, 1.00, 0.00, 1.00, 0.00, 0.00, 0.00, 0.00
2500, 0, 94.226, 0.88, 1, 0.25, 0.00, 0.00, 0.00, 0.19, 0.02, 0.18, 0.43, 0.69, 0.24, 0.19, 1.05, 0.31, 0.00, 0.17, 0.00, 0.50, 0.00, 0.00, 0.00, 1.00, 0.00, 0.00, 0.00, 0.00, 1.00, 0.00, 1.00, 1.00, 0.00, 0.00, 0.00, 0.00, 0.00, 0.00
2501, 0, 94.264, 0.93, 1, 0.25, 0.00, 0.00, 0.00, 0.14, 0.00, 0.21, 0.25, 0.58, 0.01, 0.50, 1.32, 0.21, 0.00, 0.00, 0.00, 0.80, 0.00, 0.00, 0.00, 1.00, 0.00, 0.00, 0.00, 0.00, 1.00, 0.00, 1.00, 1.00, 0.00, 0.00, 0.00, 0.00, 0.00, 0.00
2502, 0, 94.302, 0.98, 1, 0.16, 0.00, 0.03, 0.00, 0.00, 0.00, 0.27, 0.01, 0.37, 0.00, 0.79, 1.36, 0.00, 0.03, 0.00, 0.00, 1.05, 0.00, 0.00, 0.00, 1.00, 0.00, 0.00, 0.00, 0.00, 1.00, 0.00, 1.00, 1.00, 0.00, 0.00, 0.00, 0.00, 0.00, 0.00
2503, 0, 94.339, 0.98, 1, 0.19, 0.00, 0.06, 0.12, 0.00, 0.00, 0.34, 0.01, 0.20, 0.00, 0.65, 1.06, 0.00, 0.07, 0.00, 0.00, 1.09, 0.00, 0.00, 0.00, 1.00, 0.00, 0.00, 0.00, 0.00, 1.00, 0.00, 1.00, 1.00, 0.00, 0.00, 0.00, 0.00, 0.00, 0.00
2504, 0, 94.377, 0.98, 1, 0.34, 0.00, 0.06, 0.12, 0.00, 0.00, 0.42, 0.05, 0.05, 0.00, 0.68, 0.79, 0.00, 0.07, 0.00, 0.00, 1.10, 0.00, 0.00, 0.00, 1.00, 0.00, 0.00, 0.00, 0.00, 0.00, 0.00, 1.00, 1.00, 0.00, 0.00, 0.00, 0.00, 0.00, 0.00
2505, 0, 94.415, 0.88, 1, 0.36, 0.00, 0.11, 0.12, 0.00, 0.00, 0.46, 0.38, 0.02, 0.00, 0.62, 0.74, 0.00, 0.16, 0.00, 0.00, 0.94, 0.00, 0.00, 1.00, 1.00, 0.00, 0.00, 0.00, 0.00, 0.00, 0.00, 1.00, 1.00, 0.00, 0.00, 0.00, 0.00, 0.00, 0.00
2506, 0, 94.453, 0.88, 1, 0.38, 0.00, 0.09, 0.00, 0.00, 0.00, 0.50, 0.66, 0.03, 0.00, 0.82, 0.76, 0.00, 0.21, 0.00, 0.00, 0.83, 0.00, 0.00, 1.00, 1.00, 0.00, 0.00, 0.00, 0.00, 0.00, 0.00, 1.00, 0.00, 0.00, 0.00, 0.00, 0.00, 0.00, 0.00
2507, 0, 94.490, 0.88, 1, 0.26, 0.00, 0.09, 0.00, 0.00, 0.00, 0.57, 0.91, 0.03, 0.00, 0.67, 0.82, 0.00, 0.28, 0.00, 0.00, 0.79, 0.00, 0.00, 1.00, 1.00, 0.00, 0.00, 0.00, 0.00, 0.00, 0.00, 1.00, 0.00, 0.00, 0.00, 0.00, 0.00, 0.00, 0.00
2508, 0, 94.528, 0.88, 1, 0.22, 0.00, 0.00, 0.00, 0.00, 0.00, 0.51, 0.75, 0.02, 0.01, 0.68, 0.63, 0.00, 0.25, 0.00, 0.00, 0.67, 0.00, 0.00, 1.00, 1.00, 0.00, 0.00, 0.00, 0.00, 0.00, 0.00, 1.00, 1.00, 0.00, 0.00, 0.00, 0.00, 0.00, 0.00
2509, 0, 94.566, 0.88, 1, 0.30, 0.00, 0.00, 0.05, 0.00, 0.00, 0.50, 0.81, 0.05, 0.01, 0.58, 0.83, 0.00, 0.31, 0.00, 0.00, 0.58, 0.00, 0.00, 1.00, 1.00, 0.00, 0.00, 0.00, 0.00, 0.00, 0.00, 1.00, 1.00, 0.00, 0.00, 0.00, 0.00, 0.00, 0.00
2510, 0, 94.603, 0.88, 1, 0.34, 0.00, 0.00, 0.05, 0.00, 0.00, 0.54, 0.95, 0.17, 0.32, 0.42, 0.88, 0.17, 0.24, 0.00, 0.00, 0.45, 0.00, 0.00, 1.00, 1.00, 0.00, 0.00, 0.00, 0.00, 0.00, 0.00, 1.00, 1.00, 0.00, 0.00, 0.00, 0.00, 0.00, 0.00
2511, 0, 94.641, 0.88, 1, 0.37, 0.00, 0.00, 0.05, 0.00, 0.00, 0.64, 0.97, 0.19, 0.37, 0.13, 0.91, 0.17, 0.15, 0.00, 0.00, 0.41, 0.00, 0.00, 0.00, 1.00, 0.00, 0.00, 0.00, 0.00, 0.00, 0.00, 1.00, 1.00, 0.00, 0.00, 0.00, 0.00, 0.00, 0.00
2512, 0, 94.679, 0.88, 1, 0.34, 0.00, 0.00, 0.00, 0.00, 0.00, 0.58, 0.98, 0.22, 0.37, 0.03, 0.82, 0.17, 0.00, 0.00, 0.00, 0.36, 0.00, 0.00, 0.00, 1.00, 0.00, 0.00, 0.00, 0.00, 0.00, 0.00, 1.00, 1.00, 0.00, 1.00, 0.00, 0.00, 0.00, 0.00
2513, 0, 94.717, 0.93, 1, 0.32, 0.00, 0.00, 0.00, 0.00, 0.00, 0.44, 0.83, 0.17, 0.06, 0.03, 0.71, 0.00, 0.00, 0.00, 0.00, 0.32, 0.00, 0.00, 0.00, 1.00, 0.00, 0.00, 0.00, 0.00, 0.00, 0.00, 1.00, 1.00, 0.00, 1.00, 0.00, 0.00, 0.00, 0.00
2514, 0, 94.754, 0.98, 1, 0.36, 0.10, 0.00, 0.00, 0.00, 0.00, 0.30, 0.88, 0.19, 0.00, 0.03, 0.76, 0.00, 0.00, 0.00, 0.00, 0.23, 0.00, 0.00, 0.00, 1.00, 0.00, 0.00, 0.00, 0.00, 0.00, 0.00, 1.00, 1.00, 0.00, 1.00, 0.00, 0.00, 0.00, 0.00
2515, 0, 94.792, 0.98, 1, 0.30, 0.10, 0.00, 0.00, 0.03, 0.00, 0.34, 1.04, 0.22, 0.00, 0.53, 0.89, 0.08, 0.00, 0.00, 0.00, 0.24, 0.00, 0.00, 0.00, 1.00, 0.00, 0.00, 0.00, 0.00, 0.00, 0.00, 1.00, 1.00, 0.00, 0.00, 0.00, 0.00, 0.00, 0.00
2516, 0, 94.830, 0.98, 1, 0.28, 0.10, 0.00, 0.00, 0.03, 0.00, 0.51, 0.93, 0.18, 0.00, 0.50, 1.06, 0.15, 0.00, 0.00, 0.00, 0.33, 0.00, 0.00, 0.00, 1.00, 0.00, 0.00, 0.00, 0.00, 0.00, 0.00, 1.00, 1.00, 0.00, 0.00, 0.00, 0.00, 0.00, 0.00
2517, 0, 94.867, 0.98, 1, 0.14, 0.00, 0.00, 0.00, 0.05, 0.00, 0.64, 0.82, 0.18, 0.00, 0.50, 0.87, 0.15, 0.00, 0.00, 0.00, 0.35, 0.00, 0.00, 0.00, 1.00, 0.00, 0.00, 0.00, 0.00, 0.00, 0.00, 1.00, 1.00, 0.00, 0.00, 0.00, 0.00, 0.00, 0.00
2518, 0, 94.905, 0.98, 1, 0.12, 0.04, 0.00, 0.00, 0.02, 0.00, 0.60, 0.38, 0.18, 0.00, 0.00, 0.63, 0.06, 0.00, 0.00, 0.00, 0.53, 0.00, 0.00, 0.00, 1.00, 0.00, 0.00, 0.00, 0.00, 0.00, 0.00, 1.00, 1.00, 0.00, 1.00, 0.00, 0.00, 0.00, 0.00
2519, 0, 94.943, 0.98, 1, 0.09, 0.05, 0.00, 0.00, 0.02, 0.00, 0.49, 0.25, 0.18, 0.00, 0.00, 0.41, 0.00, 0.00, 0.00, 0.00, 0.59, 0.00, 1.00, 0.00, 1.00, 0.00, 0.00, 0.00, 0.00, 0.00, 0.00, 1.00, 1.00, 0.00, 1.00, 0.00, 0.00, 0.00, 0.00
2520, 0, 94.980, 0.98, 1, 0.10, 0.05, 0.00, 0.00, 0.00, 0.00, 0.41, 0.27, 0.26, 0.00, 0.49, 0.51, 0.00, 0.00, 0.00, 0.00, 0.60, 0.00, 0.00, 0.00, 1.00, 0.00, 0.00, 0.00, 0.00, 0.00, 0.00, 1.00, 1.00, 0.00, 1.00, 0.00, 0.00, 0.00, 0.00
2521, 0, 95.018, 0.98, 1, 0.18, 0.01, 0.00, 0.00, 0.00, 0.00, 0.44, 0.43, 0.28, 0.04, 0.83, 0.61, 0.00, 0.00, 0.00, 0.00, 0.33, 0.00, 0.00, 0.00, 1.00, 0.00, 0.00, 0.00, 0.00, 1.00, 0.00, 1.00, 0.00, 0.00, 1.00, 0.00, 0.00, 0.00, 0.00
2522, 0, 95.056, 0.98, 1, 0.17, 0.00, 0.00, 0.00, 0.00, 0.00, 0.41, 0.69, 0.40, 0.04, 1.26, 0.60, 0.00, 0.00, 0.00, 0.00, 0.12, 0.00, 1.00, 0.00, 1.00, 0.00, 0.00, 0.00, 0.00, 1.00, 0.00, 1.00, 0.00, 0.00, 1.00, 0.00, 0.00, 0.00, 0.00
2523, 0, 95.094, 0.98, 1, 0.14, 0.00, 0.00, 0.00, 0.00, 0.00, 0.44, 0.87, 0.42, 0.09, 1.07, 0.53, 0.00, 0.00, 0.00, 0.00, 0.06, 0.00, 1.00, 0.00, 1.00, 0.00, 0.00, 0.00, 0.00, 1.00, 0.00, 1.00, 0.00, 0.00, 1.00, 0.00, 0.00, 0.00, 0.00
2524, 0, 95.131, 0.98, 1, 0.11, 0.09, 0.00, 0.00, 0.00, 0.00, 0.36, 0.93, 0.50, 0.23, 1.21, 0.48, 0.01, 0.00, 0.18, 0.00, 0.19, 0.00, 1.00, 0.00, 1.00, 0.00, 0.00, 0.00, 0.00, 1.00, 0.00, 1.00, 1.00, 0.00, 1.00, 0.00, 0.00, 0.00, 0.00
2525, 0, 95.169, 0.98, 1, 0.11, 0.09, 0.03, 0.00, 0.00, 0.00, 0.26, 0.82, 0.52, 0.23, 0.82, 0.82, 0.01, 0.00, 0.18, 0.00, 0.13, 0.00, 1.00, 0.00, 1.00, 0.00, 0.00, 0.00, 0.00, 1.00, 0.00, 1.00, 1.00, 0.00, 1.00, 0.00, 0.00, 0.00, 0.00
2526, 0, 95.207, 0.98, 1, 0.06, 0.09, 0.03, 0.00, 0.00, 0.00, 0.09, 0.60, 0.53, 0.18, 0.55, 0.97, 0.02, 0.00, 0.18, 0.00, 0.12, 0.00, 1.00, 0.00, 1.00, 0.00, 0.00, 0.00, 0.00, 1.00, 0.00, 1.00, 1.00, 0.00, 0.00, 0.00, 0.00, 0.00, 0.00
2527, 0, 95.244, 0.98, 1, 0.00, 0.00, 0.03, 0.00, 0.00, 0.00, 0.03, 0.51, 0.52, 0.00, 0.17, 1.08, 0.07, 0.00, 0.02, 0.00, 0.00, 0.00, 1.00, 0.00, 1.00, 0.00, 0.00, 0.00, 0.00, 1.00, 0.00, 1.00, 1.00, 0.00, 0.00, 0.00, 0.00, 0.00, 0.00
2528, 0, 95.282, 0.98, 1, 0.04, 0.00, 0.00, 0.00, 0.00, 0.00, 0.00, 0.45, 0.55, 0.00, 0.12, 0.85, 0.17, 0.00, 0.02, 0.00, 0.00, 0.00, 1.00, 0.00, 1.00, 0.00, 0.00, 0.00, 0.00, 1.00, 0.00, 1.00, 1.00, 0.00, 0.00, 0.00, 0.00, 0.00, 0.00
2529, 0, 95.320, 0.98, 1, 0.25, 0.13, 0.00, 0.10, 0.00, 0.00, 0.00, 0.43, 0.58, 0.00, 0.09, 0.79, 0.22, 0.00, 0.15, 0.00, 0.00, 0.00, 1.00, 0.00, 1.00, 0.00, 0.00, 0.00, 0.00, 1.00, 0.00, 1.00, 1.00, 0.00, 0.00, 0.00, 0.00, 0.00, 0.00
2530, 0, 95.358, 0.98, 1, 0.25, 0.19, 0.00, 0.21, 0.00, 0.00, 0.00, 0.45, 0.68, 0.02, 0.00, 0.82, 0.16, 0.00, 0.13, 0.00, 0.06, 0.00, 1.00, 0.00, 1.00, 0.00, 0.00, 0.00, 0.00, 1.00, 0.00, 1.00, 1.00, 0.00, 0.00, 0.00, 0.00, 0.00, 0.00
2531, 0, 95.395, 0.88, 1, 0.20, 0.45, 0.00, 0.23, 0.00, 0.00, 0.00, 0.57, 0.75, 0.23, 0.00, 0.87, 0.13, 0.00, 0.17, 0.00, 0.06, 0.00, 1.00, 0.00, 1.00, 0.00, 0.00, 0.00, 1.00, 1.00, 0.00, 1.00, 1.00, 0.00, 0.00, 0.00, 0.00, 0.00, 0.00
2532, 0, 95.433, 0.98, 1, 0.02, 0.64, 0.00, 0.13, 0.00, 0.00, 0.00, 0.73, 0.80, 0.52, 0.00, 0.86, 0.11, 0.00, 0.12, 0.00, 0.06, 0.00, 1.00, 0.00, 1.00, 0.00, 0.00, 0.00, 1.00, 1.00, 1.00, 1.00, 1.00, 0.00, 0.00, 0.00, 0.00, 0.00, 0.00
2533, 0, 95.471, 0.98, 1, 0.02, 0.58, 0.00, 0.13, 0.00, 0.00, 0.00, 0.76, 0.80, 0.82, 0.00, 0.78, 0.11, 0.00, 0.25, 0.00, 0.00, 0.00, 1.00, 0.00, 1.00, 0.00, 0.00, 0.00, 0.00, 1.00, 1.00, 0.00, 1.00, 0.00, 0.00, 0.00, 0.00, 0.00, 0.00
2534, 0, 95.508, 0.98, 1, 0.02, 0.33, 0.00, 0.11, 0.02, 0.00, 0.00, 0.75, 0.82, 0.74, 0.14, 0.72, 0.08, 0.00, 0.28, 0.00, 0.00, 0.00, 1.00, 0.00, 1.00, 0.00, 0.00, 0.00, 0.00, 1.00, 1.00, 0.00, 1.00, 0.00, 0.00, 0.00, 0.00, 0.00, 0.00
2535, 0, 95.546, 0.93, 1, 0.00, 0.00, 0.00, 0.11, 0.04, 0.00, 0.00, 0.54, 0.81, 0.46, 0.14, 0.49, 0.03, 0.00, 0.19, 0.00, 0.00, 0.00, 1.00, 0.00, 1.00, 0.00, 0.00, 0.00, 1.00, 1.00, 1.00, 0.00, 1.00, 0.00, 0.00, 0.00, 0.00, 0.00, 0.00
2536, 0, 95.584, 0.98, 1, 0.00, 0.00, 0.00, 0.00, 0.09, 0.00, 0.00, 0.42, 0.84, 0.18, 0.14, 0.21, 0.03, 0.00, 0.12, 0.00, 0.00, 0.00, 1.00, 0.00, 1.00, 0.00, 0.00, 0.00, 1.00, 1.00, 0.00, 0.00, 0.00, 0.00, 0.00, 0.00, 0.00, 0.00, 0.00
2537, 0, 95.621, 0.98, 1, 0.06, 0.17, 0.00, 0.00, 0.19, 0.00, 0.00, 0.43, 0.86, 0.13, 0.00, 0.06, 0.00, 0.00, 0.29, 0.00, 0.00, 0.00, 1.00, 0.00, 1.00, 0.00, 0.00, 0.00, 1.00, 1.00, 0.00, 0.00, 0.00, 0.00, 0.00, 0.00, 0.00, 0.00, 0.00
2538, 0, 95.659, 0.98, 1, 0.13, 0.23, 0.04, 0.00, 0.27, 0.09, 0.01, 0.64, 0.91, 0.27, 0.00, 0.07, 0.00, 0.00, 0.62, 0.00, 0.00, 0.00, 1.00, 0.00, 1.00, 0.00, 0.00, 0.00, 1.00, 1.00, 0.00, 0.00, 0.00, 0.00, 0.00, 1.00, 0.00, 0.00, 0.00
2539, 0, 95.697, 0.98, 1, 0.32, 0.41, 0.07, 0.00, 0.36, 0.20, 0.01, 0.82, 0.95, 0.52, 0.00, 0.15, 0.00, 0.00, 1.10, 0.19, 0.00, 0.00, 1.00, 0.00, 1.00, 0.00, 0.00, 0.00, 1.00, 1.00, 0.00, 0.00, 0.00, 0.00, 0.00, 1.00, 0.00, 0.00, 0.00
2540, 0, 95.735, 0.98, 1, 0.38, 0.46, 0.07, 0.22, 0.34, 0.20, 0.01, 1.03, 0.96, 0.55, 0.00, 0.31, 0.06, 0.00, 1.36, 0.19, 0.00, 0.00, 1.00, 0.00, 1.00, 0.00, 0.00, 0.00, 1.00, 1.00, 0.00, 0.00, 0.00, 0.00, 0.00, 1.00, 0.00, 0.00, 0.00
2541, 0, 95.772, 0.98, 1, 0.55, 0.68, 0.03, 0.33, 0.31, 0.38, 0.00, 1.05, 0.97, 0.48, 0.33, 0.38, 0.17, 0.00, 1.73, 0.19, 0.08, 0.00, 1.00, 0.00, 1.00, 0.00, 0.00, 0.00, 1.00, 1.00, 0.00, 0.00, 0.00, 0.00, 0.00, 1.00, 0.00, 0.00, 0.00
2542, 0, 95.810, 0.98, 1, 0.53, 0.54, 0.00, 0.36, 0.27, 0.43, 0.00, 1.19, 0.96, 0.22, 0.40, 0.47, 0.23, 0.00, 1.83, 0.00, 0.13, 0.00, 1.00, 0.00, 1.00, 1.00, 0.00, 0.00, 1.00, 1.00, 0.00, 0.00, 0.00, 0.00, 0.00, 1.00, 0.00, 0.00, 0.00
2543, 0, 95.848, 0.98, 1, 0.52, 0.45, 0.00, 0.15, 0.30, 0.54, 0.03, 1.13, 1.05, 0.39, 0.40, 0.63, 0.23, 0.00, 1.86, 0.05, 0.33, 0.00, 1.00, 0.00, 1.00, 1.00, 0.00, 0.00, 1.00, 1.00, 0.00, 0.00, 1.00, 0.00, 1.00, 1.00, 0.00, 0.00, 0.00
2544, 0, 95.885, 0.98, 1, 0.42, 0.26, 0.00, 0.26, 0.34, 0.37, 0.03, 1.20, 1.10, 0.62, 0.25, 0.98, 0.24, 0.00, 1.75, 0.05, 0.29, 0.00, 1.00, 0.00, 1.00, 1.00, 0.00, 0.00, 1.00, 1.00, 0.00, 0.00, 1.00, 0.00, 1.00, 1.00, 0.00, 0.00, 0.00
2545, 0, 95.923, 0.98, 1, 0.26, 0.22, 0.00, 0.32, 0.36, 0.22, 0.03, 1.30, 1.22, 0.85, 0.17, 1.27, 0.17, 0.00, 1.50, 0.24, 0.24, 0.00, 1.00, 0.00, 1.00, 1.00, 0.00, 0.00, 1.00, 1.00, 0.00, 0.00, 1.00, 0.00, 1.00, 1.00, 0.00, 0.00, 0.00
2546, 0, 95.961, 0.98, 1, 0.14, 0.09, 0.00, 0.30, 0.32, 0.11, 0.00, 1.55, 1.25, 0.92, 0.32, 1.37, 0.11, 0.00, 1.36, 0.31, 0.06, 0.00, 1.00, 0.00, 1.00, 1.00, 0.00, 0.00, 1.00, 1.00, 0.00, 0.00, 1.00, 0.00, 1.00, 1.00, 0.00, 0.00, 0.00
2547, 0, 95.999, 0.88, 1, 0.06, 0.00, 0.00, 0.08, 0.29, 0.02, 0.00, 1.89, 1.35, 0.80, 0.27, 1.42, 0.19, 0.00, 1.19, 0.57, 0.13, 0.00, 1.00, 0.00, 1.00, 0.00, 0.00, 0.00, 1.00, 1.00, 0.00, 0.00, 1.00, 0.00, 1.00, 1.00, 0.00, 0.00, 0.00
2548, 0, 96.036, 0.88, 1, 0.12, 0.00, 0.00, 0.00, 0.28, 0.00, 0.00, 2.08, 1.41, 0.75, 0.37, 1.54, 0.27, 0.00, 1.21, 0.60, 0.22, 0.00, 0.00, 0.00, 1.00, 0.00, 0.00, 0.00, 1.00, 1.00, 0.00, 0.00, 1.00, 0.00, 1.00, 1.00, 0.00, 0.00, 0.00
2549, 0, 96.074, 0.88, 1, 0.12, 0.00, 0.00, 0.00, 0.31, 0.00, 0.00, 2.11, 1.44, 0.68, 0.22, 1.63, 0.46, 0.00, 1.45, 0.73, 0.48, 0.00, 1.00, 0.00, 1.00, 0.00, 0.00, 0.00, 1.00, 1.00, 0.00, 0.00, 1.00, 0.00, 0.00, 1.00, 0.00, 0.00, 0.00
2550, 0, 96.112, 0.98, 1, 0.06, 0.16, 0.00, 0.00, 0.37, 0.00, 0.00, 1.88, 1.56, 0.49, 0.11, 1.47, 0.28, 0.00, 1.48, 0.47, 0.37, 0.00, 1.00, 0.00, 1.00, 0.00, 0.00, 0.00, 1.00, 1.00, 0.00, 0.00, 1.00, 0.00, 0.00, 1.00, 0.00, 0.00, 0.00
2551, 0, 96.149, 0.88, 1, 0.06, 0.44, 0.00, 0.05, 0.31, 0.00, 0.00, 1.65, 1.61, 0.30, 0.03, 1.15, 0.29, 0.00, 1.52, 0.25, 0.28, 0.00, 1.00, 0.00, 1.00, 0.00, 0.00, 0.00, 1.00, 1.00, 0.00, 0.00, 1.00, 0.00, 0.00, 1.00, 0.00, 0.00, 0.00
2552, 0, 96.187, 0.88, 1, 0.25, 0.69, 0.00, 0.05, 0.23, 0.00, 0.00, 1.52, 1.66, 0.02, 0.09, 0.75, 0.28, 0.00, 1.50, 0.00, 0.03, 0.00, 1.00, 0.00, 1.00, 0.00, 0.00, 0.00, 1.00, 1.00, 0.00, 0.00, 0.00, 0.00, 0.00, 1.00, 0.00, 0.00, 0.00
2553, 0, 96.225, 0.88, 1, 0.45, 0.58, 0.00, 0.05, 0.12, 0.00, 0.00, 1.57, 1.62, 0.11, 0.31, 0.75, 0.43, 0.00, 1.65, 0.00, 0.38, 0.00, 1.00, 0.00, 1.00, 0.00, 0.00, 0.00, 1.00, 1.00, 0.00, 0.00, 0.00, 0.00, 0.00, 1.00, 0.00, 0.00, 0.00
2554, 0, 96.262, 0.88, 1, 0.65, 0.44, 0.00, 0.00, 0.10, 0.00, 0.00, 1.62, 1.58, 0.15, 0.59, 0.82, 0.54, 0.00, 1.77, 0.00, 0.69, 0.00, 1.00, 0.00, 1.00, 0.00, 0.00, 0.00, 1.00, 1.00, 0.00, 0.00, 0.00, 0.00, 0.00, 1.00, 0.00, 0.00, 0.00
2555, 0, 96.300, 0.88, 1, 0.58, 0.19, 0.00, 0.00, 0.13, 0.10, 0.00, 1.53, 1.50, 0.33, 0.59, 0.99, 0.35, 0.00, 1.70, 0.12, 0.77, 0.00, 1.00, 0.00, 1.00, 0.00, 0.00, 0.00, 1.00, 1.00, 0.00, 0.00, 0.00, 0.00, 0.00, 1.00, 0.00, 0.00, 0.00
2556, 0, 96.338, 0.93, 1, 0.44, 0.13, 0.00, 0.00, 0.15, 0.10, 0.00, 1.51, 1.40, 0.43, 0.59, 0.90, 0.35, 0.00, 1.74, 0.17, 0.52, 0.00, 0.00, 0.00, 1.00, 0.00, 1.00, 0.00, 1.00, 1.00, 0.00, 0.00, 0.00, 0.00, 0.00, 1.00, 0.00, 0.00, 0.00
2557, 0, 96.376, 0.93, 1, 0.28, 0.10, 0.00, 0.00, 0.21, 0.10, 0.00, 1.54, 1.35, 0.55, 0.67, 0.65, 0.15, 0.00, 1.75, 0.19, 0.29, 0.00, 0.00, 0.00, 1.00, 0.00, 1.00, 0.00, 1.00, 1.00, 0.00, 0.00, 0.00, 0.00, 0.00, 1.00, 0.00, 0.00, 0.00
2558, 0, 96.413, 0.88, 1, 0.27, 0.11, 0.00, 0.00, 0.26, 0.00, 0.00, 1.60, 1.42, 0.66, 0.78, 0.41, 0.15, 0.00, 1.65, 0.22, 0.24, 0.00, 0.00, 0.00, 1.00, 0.00, 1.00, 0.00, 1.00, 1.00, 0.00, 0.00, 0.00, 0.00, 1.00, 1.00, 0.00, 0.00, 0.00
2559, 0, 96.451, 0.88, 1, 0.30, 0.11, 0.00, 0.00, 0.27, 0.00, 0.00, 1.55, 1.47, 0.79, 0.58, 0.34, 0.00, 0.00, 1.39, 0.34, 0.36, 0.00, 0.00, 0.00, 1.00, 0.00, 1.00, 0.00, 1.00, 1.00, 0.00, 0.00, 0.00, 0.00, 1.00, 1.00, 0.00, 0.00, 0.00
2560, 0, 96.489, 0.93, 1, 0.27, 0.12, 0.00, 0.00, 0.25, 0.00, 0.00, 1.56, 1.50, 0.80, 0.60, 0.60, 0.00, 0.00, 1.15, 0.51, 0.48, 0.00, 0.00, 0.00, 1.00, 0.00, 0.00, 0.00, 1.00, 1.00, 0.00, 0.00, 0.00, 0.00, 1.00, 1.00, 0.00, 0.00, 0.00
2561, 0, 96.526, 0.93, 1, 0.21, 0.19, 0.00, 0.00, 0.18, 0.00, 0.00, 1.56, 1.48, 0.68, 0.65, 0.80, 0.00, 0.00, 1.16, 0.46, 0.45, 0.00, 0.00, 0.00, 1.00, 0.00, 0.00, 0.00, 1.00, 1.00, 0.00, 0.00, 0.00, 0.00, 1.00, 1.00, 0.00, 0.00, 0.00
2562, 0, 96.564, 0.93, 1, 0.23, 0.19, 0.00, 0.00, 0.19, 0.00, 0.00, 1.64, 1.53, 0.50, 0.80, 0.87, 0.00, 0.00, 1.34, 0.29, 0.23, 0.00, 0.00, 0.00, 1.00, 0.00, 0.00, 0.00, 1.00, 1.00, 0.00, 0.00, 0.00, 0.00, 1.00, 1.00, 0.00, 0.00, 0.00
2563, 0, 96.602, 0.93, 1, 0.22, 0.08, 0.05, 0.00, 0.19, 0.00, 0.00, 1.48, 1.52, 0.54, 0.75, 0.64, 0.00, 0.00, 1.50, 0.11, 0.12, 0.00, 0.00, 0.00, 1.00, 0.00, 0.00, 0.00, 1.00, 1.00, 0.00, 0.00, 0.00, 0.00, 1.00, 1.00, 0.00, 0.00, 0.00
2564, 0, 96.640, 0.88, 1, 0.16, 0.00, 0.07, 0.00, 0.23, 0.00, 0.00, 1.25, 1.54, 0.72, 0.64, 0.38, 0.00, 0.00, 1.70, 0.03, 0.08, 0.00, 0.00, 0.00, 1.00, 1.00, 0.00, 0.00, 1.00, 1.00, 0.00, 0.00, 0.00, 0.00, 1.00, 1.00, 0.00, 0.00, 0.00
2565, 0, 96.677, 0.88, 1, 0.24, 0.13, 0.34, 0.00, 0.36, 0.00, 0.00, 1.08, 1.57, 0.65, 0.82, 0.15, 0.00, 0.00, 1.71, 0.03, 0.23, 0.00, 0.00, 0.00, 1.00, 1.00, 0.00, 0.00, 1.00, 1.00, 0.00, 1.00, 0.00, 0.00, 1.00, 1.00, 0.00, 0.00, 0.00
2566, 0, 96.715, 0.88, 1, 0.37, 0.22, 0.57, 0.00, 0.46, 0.00, 0.00, 1.07, 1.63, 0.45, 0.78, 0.16, 0.00, 0.00, 1.82, 0.02, 0.25, 0.00, 0.00, 0.00, 1.00, 1.00, 0.00, 0.00, 1.00, 1.00, 0.00, 1.00, 0.00, 0.00, 1.00, 1.00, 0.00, 0.00, 0.00
2567, 0, 96.753, 0.88, 1, 0.50, 0.22, 0.56, 0.00, 0.56, 0.00, 0.00, 1.30, 1.59, 0.21, 0.98, 0.16, 0.18, 0.00, 1.74, 0.00, 0.25, 0.00, 0.00, 0.00, 1.00, 1.00, 1.00, 0.00, 1.00, 1.00, 0.00, 1.00, 0.00, 0.00, 1.00, 1.00, 0.00, 0.00, 0.00
2568, 0, 96.790, 0.93, 1, 0.45, 0.09, 0.29, 0.00, 0.44, 0.00, 0.00, 1.59, 1.59, 0.45, 1.00, 0.13, 0.18, 0.00, 1.85, 0.00, 0.27, 0.00, 0.00, 0.00, 1.00, 1.00, 1.00, 0.00, 1.00, 1.00, 0.00, 1.00, 0.00, 0.00, 1.00, 1.00, 0.00, 0.00, 0.00
2569, 0, 96.828, 0.88, 1, 0.36, 0.00, 0.01, 0.00, 0.38, 0.00, 0.00, 1.80, 1.54, 0.48, 0.92, 0.04, 0.18, 0.00, 2.07, 0.00, 0.30, 0.00, 0.00, 0.00, 1.00, 1.00, 1.00, 0.00, 1.00, 1.00, 0.00, 1.00, 0.00, 0.00, 0.00, 1.00, 0.00, 0.00, 0.00
2570, 0, 96.866, 0.88, 1, 0.32, 0.00, 0.00, 0.00, 0.29, 0.03, 0.00, 1.55, 1.48, 0.52, 0.61, 0.19, 0.00, 0.00, 2.02, 0.00, 0.30, 0.00, 0.00, 0.00, 1.00, 0.00, 1.00, 0.00, 1.00, 1.00, 0.00, 1.00, 0.00, 0.00, 0.00, 1.00, 0.00, 0.00, 0.00
2571, 0, 96.903, 0.88, 1, 0.41, 0.00, 0.00, 0.00, 0.30, 0.09, 0.00, 1.09, 1.30, 0.60, 0.23, 0.39, 0.06, 0.00, 1.74, 0.09, 0.36, 1.00, 0.00, 0.00, 1.00, 0.00, 0.00, 0.00, 1.00, 1.00, 0.00, 0.00, 0.00, 0.00, 0.00, 1.00, 0.00, 0.00, 0.00
2572, 0, 96.941, 0.93, 1, 0.51, 0.00, 0.00, 0.00, 0.26, 0.09, 0.00, 0.75, 1.19, 0.91, 0.00, 0.60, 0.08, 0.00, 1.34, 0.16, 0.43, 1.00, 0.00, 0.00, 1.00, 0.00, 0.00, 0.00, 1.00, 1.00, 0.00, 0.00, 0.00, 0.00, 0.00, 1.00, 0.00, 0.00, 0.00
2573, 0, 96.979, 0.93, 1, 0.64, 0.00, 0.00, 0.00, 0.16, 0.06, 0.01, 0.46, 1.12, 0.81, 1.43, 0.68, 0.37, 0.00, 1.52, 0.16, 0.57, 1.00, 0.00, 0.00, 1.00, 0.00, 0.00, 0.00, 1.00, 1.00, 0.00, 0.00, 0.00, 0.00, 0.00, 1.00, 0.00, 0.00, 0.00
2574, 0, 97.017, 0.93, 1, 0.65, 0.00, 0.00, 0.00, 0.17, 0.01, 0.05, 0.59, 1.09, 0.42, 1.43, 0.48, 0.46, 0.00, 1.76, 0.07, 0.39, 1.00, 0.00, 0.00, 1.00, 0.00, 0.00, 0.00, 1.00, 1.00, 1.00, 0.00, 0.00, 0.00, 0.00, 1.00, 0.00, 0.00, 0.00
2575, 0, 97.054, 0.93, 1, 0.65, 0.00, 0.00, 0.00, 0.31, 0.11, 0.13, 1.22, 1.15, 0.68, 1.43, 0.27, 0.44, 0.00, 1.70, 0.27, 0.25, 0.00, 0.00, 0.00, 1.00, 0.00, 0.00, 0.00, 1.00, 1.00, 1.00, 0.00, 0.00, 0.00, 0.00, 1.00, 0.00, 0.00, 0.00
2576, 0, 97.092, 0.93, 1, 0.58, 0.00, 0.00, 0.00, 0.44, 0.11, 0.13, 2.01, 1.23, 1.28, 0.00, 0.00, 0.15, 0.00, 1.65, 0.35, 0.31, 0.00, 0.00, 0.00, 1.00, 0.00, 1.00, 0.00, 1.00, 1.00, 1.00, 0.00, 0.00, 0.00, 0.00, 1.00, 0.00, 0.00, 0.00
2577, 0, 97.130, 0.93, 1, 0.62, 0.00, 0.00, 0.16, 0.52, 0.11, 0.13, 2.50, 1.28, 1.59, 0.00, 0.16, 0.00, 0.00, 1.47, 0.61, 0.27, 0.00, 0.00, 0.00, 1.00, 0.00, 1.00, 0.00, 1.00, 1.00, 1.00, 0.00, 0.00, 0.00, 1.00, 1.00, 0.00, 0.00, 0.00
2578, 0, 97.167, 0.88, 1, 0.68, 0.00, 0.00, 0.33, 0.40, 0.01, 0.07, 2.41, 1.18, 1.33, 0.00, 0.22, 0.00, 0.00, 1.54, 0.50, 0.21, 0.00, 0.00, 0.00, 1.00, 0.00, 1.00, 0.00, 1.00, 1.00, 1.00, 0.00, 0.00, 0.00, 1.00, 1.00, 0.00, 0.00, 0.00
2579, 0, 97.205, 0.88, 1, 0.83, 0.00, 0.00, 0.35, 0.39, 0.01, 0.06, 2.30, 1.11, 0.89, 0.00, 0.65, 0.13, 0.00, 1.27, 0.64, 0.01, 0.00, 0.00, 0.00, 1.00, 0.00, 1.00, 0.00, 1.00, 1.00, 1.00, 0.00, 0.00, 0.00, 1.00, 1.00, 0.00, 0.00, 0.00
2580, 0, 97.243, 0.88, 1, 0.63, 0.00, 0.00, 0.19, 0.34, 0.05, 0.01, 2.20, 1.17, 1.14, 0.00, 0.54, 0.32, 0.00, 1.53, 0.41, 0.00, 0.00, 0.00, 0.00, 1.00, 0.00, 1.00, 0.00, 1.00, 1.00, 1.00, 0.00, 0.00, 0.00, 1.00, 1.00, 0.00, 0.00, 0.00
2581, 0, 97.281, 0.88, 1, 0.36, 0.00, 0.00, 0.03, 0.36, 0.03, 0.00, 2.16, 1.34, 1.38, 0.00, 0.66, 0.44, 0.00, 1.97, 0.33, 0.00, 0.00, 0.00, 0.00, 1.00, 0.00, 1.00, 0.00, 1.00, 1.00, 1.00, 0.00, 0.00, 0.00, 1.00, 1.00, 0.00, 0.00, 0.00
2582, 0, 97.318, 0.88, 1, 0.09, 0.00, 0.00, 0.00, 0.44, 0.04, 0.00, 2.14, 1.48, 1.20, 0.00, 0.50, 0.53, 0.00, 2.45, 0.11, 0.00, 0.00, 0.00, 0.00, 1.00, 0.00, 1.00, 0.00, 1.00, 1.00, 0.00, 0.00, 1.00, 0.00, 1.00, 1.00, 0.00, 0.00, 0.00
2583, 0, 97.356, 0.98, 1, 0.19, 0.03, 0.00, 0.00, 0.45, 0.01, 0.00, 1.94, 1.62, 0.64, 0.00, 1.12, 0.90, 0.00, 2.75, 0.08, 0.00, 0.00, 0.00, 0.00, 1.00, 0.00, 1.00, 0.00, 1.00, 1.00, 0.00, 0.00, 1.00, 0.00, 0.00, 1.00, 0.00, 0.00, 0.00
2584, 0, 97.394, 0.98, 1, 0.32, 0.03, 0.00, 0.00, 0.47, 0.01, 0.00, 1.72, 1.69, 0.03, 0.11, 1.64, 1.40, 0.00, 2.97, 0.00, 0.00, 0.00, 0.00, 0.00, 1.00, 0.00, 1.00, 0.00, 1.00, 1.00, 0.00, 1.00, 0.00, 1.00, 0.00, 1.00, 0.00, 0.00, 0.00
2585, 0, 97.431, 0.98, 1, 0.30, 0.03, 0.00, 0.00, 0.37, 0.00, 0.00, 1.36, 1.68, 0.01, 0.11, 2.25, 2.12, 0.00, 3.07, 0.00, 0.00, 0.00, 1.00, 0.00, 1.00, 0.00, 1.00, 0.00, 1.00, 1.00, 0.00, 1.00, 1.00, 1.00, 0.00, 1.00, 0.00, 0.00, 0.00
2586, 0, 97.469, 0.98, 1, 0.15, 0.00, 0.00, 0.04, 0.40, 0.07, 0.00, 0.81, 1.80, 0.00, 0.11, 2.43, 2.81, 0.00, 3.43, 0.00, 0.14, 0.00, 1.00, 0.00, 1.00, 1.00, 0.00, 0.00, 1.00, 1.00, 0.00, 1.00, 0.00, 1.00, 0.00, 1.00, 0.00, 0.00, 0.00
2587, 0, 97.507, 0.98, 1, 0.00, 0.00, 0.00, 0.04, 0.43, 0.38, 0.00, 0.30, 1.91, 0.00, 0.00, 2.69, 3.85, 0.16, 4.01, 0.00, 0.14, 0.00, 1.00, 0.00, 1.00, 1.00, 0.00, 0.00, 0.00, 1.00, 0.00, 1.00, 0.00, 1.00, 0.00, 0.00, 0.00, 0.00, 0.00
2588, 0, 97.544, 0.98, 1, 0.00, 0.00, 0.00, 0.04, 0.53, 0.66, 0.00, 0.00, 2.09, 0.00, 0.00, 2.43, 4.08, 0.16, 4.18, 0.00, 0.14, 0.00, 1.00, 0.00, 1.00, 1.00, 0.00, 0.00, 0.00, 1.00, 0.00, 1.00, 0.00, 1.00, 0.00, 0.00, 0.00, 0.00, 0.00
2589, 0, 97.582, 0.98, 1, 0.00, 0.00, 0.00, 0.00, 0.59, 0.95, 0.00, 0.02, 2.10, 0.00, 0.00, 2.31, 4.49, 0.16, 4.35, 0.00, 0.06, 0.00, 1.00, 0.00, 1.00, 1.00, 0.00, 0.00, 0.00, 1.00, 0.00, 1.00, 0.00, 1.00, 0.00, 0.00, 0.00, 0.00, 0.00
2590, 0, 97.620, 0.98, 1, 0.00, 0.00, 0.00, 0.00, 0.72, 0.89, 0.03, 0.02, 2.12, 0.00, 0.00, 2.25, 4.49, 0.00, 4.35, 0.00, 0.06, 0.00, 1.00, 0.00, 1.00, 1.00, 0.00, 0.00, 0.00, 1.00, 0.00, 1.00, 0.00, 1.00, 1.00, 0.00, 0.00, 0.00, 0.00
2591, 0, 97.658, 0.98, 1, 0.00, 0.00, 0.00, 0.00, 0.72, 0.61, 0.03, 0.04, 2.23, 0.00, 0.00, 2.59, 5.00, 0.00, 4.89, 0.00, 0.06, 0.00, 0.00, 0.00, 1.00, 1.00, 0.00, 0.00, 0.00, 1.00, 0.00, 1.00, 1.00, 1.00, 1.00, 0.00, 0.00, 0.00, 0.00
2592, 0, 97.695, 0.98, 1, 0.00, 0.00, 0.00, 0.00, 0.71, 0.26, 0.03, 0.09, 2.33, 0.00, 0.00, 2.83, 5.00, 0.00, 4.83, 0.00, 0.00, 0.00, 0.00, 0.00, 1.00, 1.00, 0.00, 0.00, 0.00, 1.00, 0.00, 1.00, 0.00, 1.00, 1.00, 0.00, 0.00, 0.00, 0.00
2593, 0, 97.733, 0.98, 1, 0.00, 0.00, 0.00, 0.00, 0.57, 0.04, 0.00, 0.66, 2.23, 0.00, 0.08, 2.63, 3.82, 0.00, 3.78, 0.23, 0.16, 0.00, 0.00, 0.00, 1.00, 0.00, 0.00, 0.00, 0.00, 1.00, 0.00, 1.00, 0.00, 1.00, 1.00, 0.00, 0.00, 0.00, 0.00
2594, 0, 97.771, 0.98, 1, 0.00, 0.00, 0.00, 0.00, 0.60, 0.09, 0.00, 1.21, 1.99, 0.00, 0.25, 2.36, 2.79, 0.00, 2.66, 0.39, 0.16, 0.00, 0.00, 0.00, 1.00, 0.00, 0.00, 0.00, 1.00, 1.00, 0.00, 1.00, 0.00, 1.00, 1.00, 0.00, 0.00, 0.00, 0.00
2595, 0, 97.808, 0.98, 1, 0.00, 0.00, 0.00, 0.00, 0.59, 0.09, 0.00, 1.43, 1.79, 0.00, 0.25, 1.94, 2.02, 0.00, 2.17, 0.39, 0.16, 0.00, 0.00, 0.00, 1.00, 0.00, 0.00, 0.00, 1.00, 1.00, 0.00, 1.00, 0.00, 1.00, 1.00, 0.00, 0.00, 0.00, 0.00
2596, 0, 97.846, 0.98, 1, 0.00, 0.00, 0.00, 0.07, 0.61, 0.05, 0.00, 1.03, 1.80, 0.00, 0.17, 1.80, 2.55, 0.00, 2.63, 0.16, 0.00, 0.00, 0.00, 0.00, 1.00, 0.00, 0.00, 0.00, 1.00, 1.00, 0.00, 1.00, 0.00, 1.00, 0.00, 0.00, 0.00, 0.00, 0.00
2597, 0, 97.884, 0.88, 1, 0.08, 0.00, 0.00, 0.28, 0.47, 0.00, 0.00, 0.69, 1.94, 0.00, 0.15, 1.49, 2.80, 0.00, 3.26, 0.00, 0.02, 0.00, 0.00, 0.00, 1.00, 0.00, 0.00, 0.00, 1.00, 1.00, 0.00, 1.00, 0.00, 1.00, 0.00, 1.00, 0.00, 0.00, 0.00
2598, 0, 97.922, 0.88, 1, 0.26, 0.08, 0.00, 0.28, 0.28, 0.00, 0.00, 0.70, 1.85, 0.00, 0.30, 1.14, 2.36, 0.00, 3.18, 0.00, 0.04, 0.00, 1.00, 0.00, 1.00, 0.00, 0.00, 0.00, 1.00, 1.00, 0.00, 1.00, 0.00, 1.00, 0.00, 0.00, 0.00, 0.00, 0.00
2599, 0, 97.959, 0.88, 1, 0.35, 0.25, 0.00, 0.21, 0.11, 0.00, 0.00, 0.61, 1.88, 0.00, 0.54, 0.92, 2.44, 0.00, 3.33, 0.00, 0.04, 0.00, 1.00, 0.00, 1.00, 0.00, 0.00, 0.00, 1.00, 1.00, 0.00, 1.00, 0.00, 1.00, 0.00, 1.00, 0.00, 0.00, 0.00
2600, 0, 97.997, 0.88, 1, 0.28, 0.25, 0.00, 0.00, 0.07, 0.00, 0.00, 0.67, 1.62, 0.00, 0.63, 0.98, 2.47, 0.00, 2.88, 0.00, 0.02, 0.00, 1.00, 0.00, 1.00, 0.00, 0.00, 0.00, 1.00, 1.00, 0.00, 1.00, 0.00, 1.00, 0.00, 1.00, 0.00, 0.00, 0.00
2601, 0, 98.035, 0.88, 1, 0.10, 0.16, 0.00, 0.00, 0.07, 0.00, 0.00, 0.63, 1.58, 0.00, 0.60, 1.26, 2.48, 0.00, 2.82, 0.00, 0.00, 0.00, 1.00, 0.00, 1.00, 0.00, 0.00, 0.00, 1.00, 1.00, 0.00, 1.00, 0.00, 1.00, 0.00, 1.00, 0.00, 0.00, 0.00
2602, 0, 98.072, 0.98, 1, 0.00, 0.00, 0.00, 0.01, 0.13, 0.13, 0.00, 0.86, 1.33, 0.00, 0.36, 1.26, 1.83, 0.00, 2.18, 0.00, 0.01, 0.00, 1.00, 0.00, 1.00, 0.00, 0.00, 0.00, 1.00, 1.00, 0.00, 1.00, 0.00, 1.00, 0.00, 1.00, 0.00, 0.00, 0.00
2603, 0, 98.110, 0.98, 1, 0.00, 0.00, 0.00, 0.01, 0.11, 0.14, 0.00, 0.91, 1.25, 0.00, 0.11, 1.18, 1.42, 0.00, 2.05, 0.00, 0.02, 0.00, 1.00, 0.00, 1.00, 0.00, 0.00, 0.00, 1.00, 1.00, 0.00, 1.00, 0.00, 1.00, 0.00, 0.00, 0.00, 0.00, 0.00
2604, 0, 98.148, 0.98, 1, 0.00, 0.00, 0.00, 0.01, 0.13, 0.14, 0.00, 1.05, 1.09, 0.00, 0.01, 1.05, 1.50, 0.00, 1.79, 0.00, 0.02, 0.00, 0.00, 0.00, 1.00, 0.00, 0.00, 0.00, 1.00, 1.00, 0.00, 1.00, 0.00, 1.00, 0.00, 0.00, 0.00, 0.00, 0.00
2605, 0, 98.185, 0.98, 1, 0.12, 0.12, 0.00, 0.00, 0.15, 0.07, 0.00, 1.08, 0.86, 0.00, 0.26, 0.99, 1.36, 0.00, 1.34, 0.00, 0.01, 0.00, 0.00, 0.00, 1.00, 0.00, 0.00, 0.00, 1.00, 1.00, 0.00, 1.00, 0.00, 1.00, 0.00, 0.00, 0.00, 0.00, 0.00
2606, 0, 98.223, 0.98, 1, 0.18, 0.12, 0.00, 0.00, 0.15, 0.06, 0.02, 1.11, 0.77, 0.00, 0.26, 0.82, 1.11, 0.00, 0.85, 0.00, 0.05, 0.00, 0.00, 0.00, 1.00, 0.00, 0.00, 0.00, 1.00, 1.00, 0.00, 1.00, 0.00, 1.00, 0.00, 0.00, 0.00, 0.00, 0.00
2607, 0, 98.261, 0.98, 1, 0.22, 0.12, 0.00, 0.00, 0.24, 0.06, 0.03, 1.23, 0.55, 0.08, 0.25, 0.60, 0.91, 0.12, 0.52, 0.00, 0.05, 0.00, 0.00, 0.00, 1.00, 0.00, 0.00, 0.00, 1.00, 1.00, 0.00, 1.00, 0.00, 1.00, 0.00, 0.00, 0.00, 0.00, 0.00
2608, 0, 98.299, 0.98, 1, 0.24, 0.04, 0.00, 0.00, 0.14, 0.00, 0.07, 1.19, 0.65, 0.43, 0.14, 0.65, 0.90, 0.12, 0.59, 0.00, 0.05, 0.00, 0.00, 0.00, 1.00, 0.00, 0.00, 0.00, 1.00, 1.00, 0.00, 1.00, 0.00, 1.00, 0.00, 0.00, 0.00, 0.00, 0.00
2609, 0, 98.336, 0.98, 1, 0.33, 0.16, 0.00, 0.00, 0.10, 0.00, 0.09, 1.16, 0.66, 0.91, 0.14, 0.90, 0.90, 0.12, 0.71, 0.00, 0.00, 0.00, 0.00, 0.00, 1.00, 0.00, 0.00, 0.00, 1.00, 1.00, 0.00, 1.00, 0.00, 1.00, 0.00, 0.00, 0.00, 0.00, 0.00
2610, 0, 98.374, 0.98, 1, 0.33, 0.17, 0.00, 0.00, 0.04, 0.00, 0.18, 1.25, 0.79, 1.37, 0.27, 0.95, 0.54, 0.01, 0.43, 0.07, 0.00, 0.00, 0.00, 0.00, 1.00, 0.00, 0.00, 0.00, 1.00, 1.00, 0.00, 1.00, 0.00, 1.00, 0.00, 0.00, 0.00, 0.00, 0.00
2611, 0, 98.412, 0.98, 1, 0.22, 0.13, 0.00, 0.00, 0.04, 0.00, 0.21, 1.41, 0.69, 1.49, 0.14, 0.63, 0.25, 0.01, 0.35, 0.14, 0.00, 0.00, 0.00, 0.00, 1.00, 0.00, 0.00, 0.00, 1.00, 1.00, 0.00, 1.00, 0.00, 0.00, 1.00, 0.00, 0.00, 0.00, 0.00
2612, 0, 98.449, 0.98, 1, 0.20, 0.02, 0.00, 0.00, 0.04, 0.00, 0.18, 1.76, 0.61, 1.19, 0.86, 0.37, 0.00, 0.01, 0.45, 0.14, 0.00, 0.00, 0.00, 0.00, 1.00, 0.00, 0.00, 0.00, 1.00, 1.00, 0.00, 1.00, 0.00, 0.00, 1.00, 0.00, 0.00, 0.00, 0.00
2613, 0, 98.487, 0.98, 1, 0.16, 0.04, 0.00, 0.00, 0.00, 0.00, 0.09, 1.76, 0.52, 0.97, 1.12, 0.28, 0.00, 0.00, 0.64, 0.10, 0.00, 0.00, 0.00, 0.00, 1.00, 0.00, 0.00, 0.00, 1.00, 1.00, 1.00, 1.00, 0.00, 0.00, 1.00, 0.00, 0.00, 0.00, 0.00
2614, 0, 98.525, 0.98, 1, 0.27, 0.04, 0.00, 0.00, 0.05, 0.00, 0.02, 1.97, 0.48, 1.14, 1.66, 0.46, 0.00, 0.00, 0.70, 0.04, 0.00, 0.00, 0.00, 0.00, 1.00, 0.00, 0.00, 0.00, 1.00, 1.00, 1.00, 1.00, 0.00, 0.00, 1.00, 0.00, 0.00, 0.00, 0.00
2615, 0, 98.563, 0.98, 1, 0.18, 0.04, 0.00, 0.00, 0.17, 0.00, 0.09, 2.14, 0.55, 1.55, 0.94, 0.74, 0.00, 0.00, 0.42, 0.07, 0.00, 0.00, 0.00, 0.00, 1.00, 0.00, 0.00, 0.00, 1.00, 1.00, 1.00, 1.00, 0.00, 0.00, 1.00, 0.00, 0.00, 0.00, 0.00
2616, 0, 98.600, 0.98, 1, 0.17, 0.00, 0.00, 0.00, 0.36, 0.00, 0.11, 2.34, 0.62, 1.93, 0.55, 1.06, 0.00, 0.00, 0.23, 0.11, 0.06, 0.00, 0.00, 0.00, 1.00, 0.00, 0.00, 0.00, 1.00, 1.00, 1.00, 1.00, 0.00, 0.00, 1.00, 0.00, 0.00, 0.00, 0.00
2617, 0, 98.638, 0.98, 1, 0.03, 0.00, 0.00, 0.00, 0.50, 0.00, 0.16, 2.58, 0.74, 2.06, 0.24, 1.00, 0.01, 0.00, 0.05, 0.32, 0.06, 0.00, 0.00, 0.00, 1.00, 0.00, 0.00, 0.00, 1.00, 1.00, 1.00, 1.00, 0.00, 0.00, 1.00, 0.00, 0.00, 0.00, 0.00
2618, 0, 98.676, 0.98, 1, 0.00, 0.00, 0.00, 0.00, 0.51, 0.00, 0.09, 2.67, 0.87, 2.26, 0.35, 0.74, 0.30, 0.00, 0.04, 0.45, 0.13, 0.00, 0.00, 0.00, 1.00, 0.00, 0.00, 0.00, 1.00, 1.00, 1.00, 1.00, 0.00, 0.00, 1.00, 0.00, 0.00, 0.00, 0.00
2619, 0, 98.713, 0.98, 1, 0.00, 0.00, 0.00, 0.00, 0.54, 0.14, 0.05, 3.01, 1.06, 2.32, 0.59, 0.56, 0.45, 0.02, 0.15, 0.66, 0.08, 0.00, 0.00, 0.00, 1.00, 0.00, 0.00, 0.00, 1.00, 1.00, 1.00, 1.00, 0.00, 0.00, 1.00, 0.00, 0.00, 0.00, 0.00
2620, 0, 98.751, 0.98, 1, 0.13, 0.00, 0.01, 0.00, 0.49, 0.14, 0.00, 3.16, 0.95, 2.15, 1.33, 0.80, 0.66, 0.02, 0.77, 0.44, 0.08, 0.00, 0.00, 0.00, 1.00, 0.00, 0.00, 0.00, 1.00, 1.00, 1.00, 1.00, 0.00, 0.00, 1.00, 0.00, 0.00, 0.00, 0.00
2621, 0, 98.789, 0.98, 1, 0.25, 0.00, 0.03, 0.00, 0.48, 0.14, 0.00, 3.28, 0.75, 1.88, 2.39, 0.99, 0.61, 0.02, 1.40, 0.28, 0.00, 0.00, 0.00, 0.00, 1.00, 0.00, 0.00, 0.00, 1.00, 1.00, 1.00, 1.00, 0.00, 0.00, 1.00, 0.00, 0.00, 0.00, 0.00
2622, 0, 98.826, 0.98, 1, 0.25, 0.00, 0.03, 0.03, 0.51, 0.19, 0.00, 3.11, 0.61, 1.48, 2.81, 1.20, 0.72, 0.01, 1.77, 0.00, 0.00, 0.00, 0.00, 0.00, 1.00, 1.00, 0.00, 0.00, 1.00, 1.00, 1.00, 1.00, 0.00, 0.00, 1.00, 1.00, 0.00, 0.00, 0.00
2623, 0, 98.864, 0.98, 1, 0.11, 0.00, 0.01, 0.03, 0.62, 0.22, 0.00, 2.86, 0.79, 1.40, 2.17, 1.02, 0.72, 0.08, 1.26, 0.00, 0.00, 0.00, 1.00, 0.00, 1.00, 1.00, 0.00, 0.00, 1.00, 1.00, 1.00, 1.00, 0.00, 0.00, 1.00, 0.00, 0.00, 0.00, 0.00
2624, 0, 98.902, 0.98, 1, 0.00, 0.00, 0.00, 0.03, 0.68, 0.28, 0.00, 2.29, 1.06, 1.36, 1.06, 0.91, 0.77, 0.21, 1.01, 0.00, 0.00, 0.00, 1.00, 0.00, 1.00, 1.00, 0.00, 0.00, 1.00, 1.00, 1.00, 1.00, 0.00, 0.00, 1.00, 0.00, 0.00, 0.00, 0.00
2625, 0, 98.940, 0.98, 1, 0.00, 0.00, 0.03, 0.00, 0.60, 0.09, 0.00, 2.28, 1.17, 1.56, 0.90, 0.76, 0.56, 0.32, 0.88, 0.00, 0.00, 0.00, 0.00, 0.00, 1.00, 1.00, 0.00, 0.00, 1.00, 1.00, 1.00, 1.00, 0.00, 0.00, 1.00, 1.00, 0.00, 0.00, 0.00
2626, 0, 98.977, 0.98, 1, 0.00, 0.00, 0.03, 0.00, 0.61, 0.07, 0.03, 2.41, 1.31, 1.60, 0.71, 0.68, 0.34, 0.31, 1.39, 0.00, 0.00, 0.00, 0.00, 0.00, 1.00, 1.00, 0.00, 0.00, 1.00, 1.00, 1.00, 1.00, 0.00, 0.00, 1.00, 1.00, 0.00, 0.00, 0.00
2627, 0, 99.015, 0.98, 1, 0.00, 0.00, 0.03, 0.00, 0.71, 0.01, 0.06, 2.90, 1.35, 1.72, 0.77, 0.58, 0.05, 0.22, 1.58, 0.00, 0.00, 0.00, 0.00, 0.00, 1.00, 1.00, 0.00, 0.00, 1.00, 1.00, 1.00, 0.00, 0.00, 0.00, 0.00, 1.00, 0.00, 0.00, 0.00
2628, 0, 99.053, 0.98, 1, 0.00, 0.00, 0.00, 0.00, 0.84, 0.01, 0.12, 2.84, 1.49, 1.95, 0.26, 0.46, 0.02, 0.15, 1.75, 0.00, 0.00, 0.00, 0.00, 0.00, 1.00, 1.00, 0.00, 0.00, 1.00, 1.00, 1.00, 0.00, 0.00, 0.00, 0.00, 1.00, 0.00, 0.00, 0.00
2629, 0, 99.090, 0.98, 1, 0.00, 0.00, 0.00, 0.00, 0.91, 0.01, 0.09, 2.72, 1.57, 2.08, 0.11, 0.71, 0.06, 0.08, 1.77, 0.00, 0.00, 0.00, 0.00, 0.00, 1.00, 1.00, 0.00, 0.00, 1.00, 1.00, 1.00, 0.00, 0.00, 0.00, 0.00, 1.00, 0.00, 0.00, 0.00
2630, 0, 99.128, 0.98, 1, 0.00, 0.00, 0.09, 0.03, 0.83, 0.00, 0.05, 2.29, 1.51, 1.92, 0.11, 0.78, 0.40, 0.09, 1.51, 0.00, 0.00, 0.00, 0.00, 0.00, 1.00, 1.00, 0.00, 0.00, 1.00, 1.00, 1.00, 0.00, 0.00, 0.00, 0.00, 1.00, 0.00, 0.00, 0.00
2631, 0, 99.166, 0.98, 1, 0.00, 0.00, 0.09, 0.05, 0.72, 0.00, 0.00, 1.93, 1.43, 1.72, 0.11, 0.82, 0.65, 0.05, 1.53, 0.08, 0.00, 0.00, 1.00, 0.00, 1.00, 1.00, 0.00, 0.00, 1.00, 1.00, 1.00, 1.00, 0.00, 0.00, 1.00, 1.00, 0.00, 0.00, 0.00
2632, 0, 99.204, 0.98, 1, 0.00, 0.00, 0.13, 0.05, 0.59, 0.00, 0.00, 1.43, 1.37, 1.40, 0.18, 0.70, 1.20, 0.05, 1.68, 0.22, 0.00, 0.00, 1.00, 0.00, 1.00, 1.00, 0.00, 0.00, 1.00, 1.00, 1.00, 1.00, 0.00, 0.00, 1.00, 1.00, 0.00, 0.00, 0.00
2633, 0, 99.241, 0.98, 1, 0.00, 0.00, 0.04, 0.02, 0.58, 0.00, 0.00, 1.27, 1.47, 1.24, 0.11, 0.72, 1.47, 0.06, 2.10, 0.47, 0.00, 0.00, 1.00, 0.00, 1.00, 1.00, 0.00, 0.00, 1.00, 1.00, 0.00, 1.00, 0.00, 1.00, 1.00, 1.00, 0.00, 0.00, 0.00
2634, 0, 99.279, 0.98, 1, 0.00, 0.00, 0.06, 0.00, 0.59, 0.00, 0.00, 1.09, 1.49, 0.64, 0.11, 0.94, 1.78, 0.06, 2.53, 0.39, 0.00, 0.00, 1.00, 0.00, 1.00, 1.00, 0.00, 0.00, 1.00, 1.00, 0.00, 1.00, 0.00, 1.00, 1.00, 0.00, 0.00, 0.00, 0.00
2635, 0, 99.317, 0.98, 1, 0.00, 0.05, 0.02, 0.00, 0.51, 0.00, 0.00, 1.29, 1.39, 0.32, 0.04, 1.64, 2.27, 0.06, 2.67, 0.25, 0.00, 0.00, 1.00, 0.00, 1.00, 1.00, 0.00, 0.00, 1.00, 1.00, 0.00, 1.00, 0.00, 1.00, 1.00, 0.00, 0.00, 0.00, 0.00
2636, 0, 99.354, 0.98, 1, 0.00, 0.05, 0.02, 0.00, 0.40, 0.00, 0.00, 1.26, 1.40, 0.25, 0.00, 2.30, 2.71, 0.00, 2.69, 0.00, 0.00, 0.00, 1.00, 0.00, 1.00, 1.00, 0.00, 0.00, 1.00, 1.00, 0.00, 1.00, 0.00, 1.00, 1.00, 0.00, 0.00, 0.00, 0.00
2637, 0, 99.392, 0.98, 1, 0.00, 0.05, 0.00, 0.00, 0.33, 0.00, 0.00, 1.08, 1.42, 0.29, 0.42, 2.78, 3.81, 0.00, 2.89, 0.00, 0.00, 0.00, 1.00, 0.00, 1.00, 0.00, 0.00, 0.00, 1.00, 1.00, 0.00, 1.00, 0.00, 1.00, 0.00, 0.00, 0.00, 0.00, 0.00
2638, 0, 99.430, 0.98, 1, 0.00, 0.04, 0.00, 0.00, 0.34, 0.00, 0.00, 0.78, 1.52, 0.61, 0.42, 2.43, 4.15, 0.00, 3.01, 0.00, 0.10, 0.00, 1.00, 0.00, 1.00, 0.00, 0.00, 0.00, 1.00, 1.00, 0.00, 1.00, 0.00, 1.00, 0.00, 0.00, 0.00, 0.00, 0.00
2639, 0, 99.467, 0.88, 1, 0.00, 0.05, 0.00, 0.00, 0.37, 0.00, 0.00, 0.60, 1.51, 0.73, 0.42, 2.11, 4.46, 0.00, 3.22, 0.00, 0.22, 0.00, 1.00, 0.00, 1.00, 0.00, 0.00, 0.00, 1.00, 1.00, 0.00, 1.00, 0.00, 1.00, 0.00, 0.00, 0.00, 0.00, 0.00
2640, 0, 99.505, 0.88, 1, 0.13, 0.05, 0.00, 0.00, 0.22, 0.00, 0.00, 0.40, 1.49, 0.69, 0.00, 1.84, 4.12, 0.00, 3.50, 0.00, 0.30, 0.00, 1.00, 0.00, 1.00, 0.00, 0.00, 0.00, 1.00, 1.00, 0.00, 1.00, 0.00, 1.00, 0.00, 0.00, 0.00, 0.00, 0.00
2641, 0, 99.543, 0.93, 1, 0.13, 0.02, 0.00, 0.00, 0.19, 0.00, 0.00, 0.19, 1.52, 0.33, 0.61, 1.71, 4.19, 0.00, 3.71, 0.00, 0.22, 0.00, 1.00, 0.00, 1.00, 0.00, 0.00, 0.00, 1.00, 1.00, 0.00, 1.00, 0.00, 1.00, 0.00, 0.00, 0.00, 0.00, 0.00
2642, 0, 99.581, 0.93, 1, 0.17, 0.12, 0.00, 0.00, 0.15, 0.00, 0.00, 0.06, 1.53, 0.10, 0.89, 1.36, 3.40, 0.00, 3.63, 0.00, 0.13, 0.00, 1.00, 0.00, 1.00, 0.00, 0.00, 0.00, 1.00, 1.00, 0.00, 1.00, 0.00, 1.00, 0.00, 0.00, 0.00, 0.00, 0.00
2643, 0, 99.618, 0.98, 1, 0.14, 0.24, 0.00, 0.00, 0.15, 0.00, 0.00, 0.30, 1.46, 0.44, 0.89, 0.88, 2.43, 0.00, 2.67, 0.00, 0.04, 0.00, 1.00, 0.00, 1.00, 0.00, 0.00, 0.00, 1.00, 1.00, 0.00, 1.00, 0.00, 1.00, 0.00, 0.00, 0.00, 0.00, 0.00
2644, 0, 99.656, 0.98, 1, 0.18, 0.24, 0.00, 0.00, 0.13, 0.00, 0.00, 0.80, 1.30, 1.10, 0.31, 0.63, 1.00, 0.00, 1.78, 0.07, 0.02, 0.00, 0.00, 0.00, 1.00, 0.00, 0.00, 0.00, 1.00, 1.00, 0.00, 0.00, 0.00, 0.00, 0.00, 1.00, 0.00, 0.00, 0.00
2645, 0, 99.694, 0.98, 1, 0.24, 0.13, 0.00, 0.00, 0.20, 0.00, 0.00, 1.49, 1.29, 1.61, 0.46, 0.79, 0.41, 0.00, 1.03, 0.15, 0.00, 0.00, 0.00, 0.00, 1.00, 0.00, 0.00, 0.00, 1.00, 1.00, 0.00, 0.00, 0.00, 0.00, 0.00, 1.00, 0.00, 0.00, 0.00
2646, 0, 99.731, 0.98, 1, 0.23, 0.00, 0.00, 0.00, 0.31, 0.00, 0.00, 1.90, 1.30, 2.08, 0.57, 0.93, 0.10, 0.00, 0.96, 0.15, 0.00, 0.00, 0.00, 0.00, 1.00, 0.00, 0.00, 0.00, 1.00, 1.00, 1.00, 0.00, 0.00, 0.00, 1.00, 1.00, 0.00, 0.00, 0.00
2647, 0, 99.769, 0.98, 1, 0.27, 0.00, 0.00, 0.00, 0.40, 0.00, 0.00, 1.94, 1.34, 2.14, 0.84, 0.75, 0.28, 0.00, 1.07, 0.08, 0.01, 0.00, 0.00, 0.00, 1.00, 0.00, 0.00, 0.00, 1.00, 1.00, 1.00, 0.00, 0.00, 0.00, 1.00, 1.00, 0.00, 0.00, 0.00
2648, 0, 99.807, 0.98, 1, 0.17, 0.00, 0.00, 0.00, 0.39, 0.00, 0.00, 1.82, 1.28, 2.15, 0.58, 0.45, 0.51, 0.00, 1.14, 0.00, 0.02, 0.00, 0.00, 0.00, 1.00, 0.00, 0.00, 0.00, 1.00, 1.00, 1.00, 0.00, 0.00, 0.00, 1.00, 1.00, 0.00, 0.00, 0.00
2649, 0, 99.845, 0.98, 1, 0.07, 0.00, 0.00, 0.00, 0.45, 0.00, 0.00, 1.80, 1.24, 1.74, 0.53, 0.27, 0.72, 0.00, 1.02, 0.00, 0.05, 0.00, 0.00, 0.00, 1.00, 0.00, 0.00, 0.00, 1.00, 1.00, 1.00, 0.00, 0.00, 0.00, 1.00, 0.00, 0.00, 0.00, 0.00
2650, 0, 99.882, 0.98, 1, 0.12, 0.00, 0.00, 0.27, 0.42, 0.00, 0.00, 1.96, 1.21, 1.36, 0.37, 0.51, 0.58, 0.00, 1.11, 0.00, 0.03, 0.00, 0.00, 0.00, 1.00, 0.00, 0.00, 0.00, 1.00, 1.00, 1.00, 0.00, 0.00, 0.00, 1.00, 0.00, 0.00, 0.00, 0.00
2651, 0, 99.920, 0.93, 1, 0.23, 0.00, 0.00, 0.53, 0.40, 0.00, 0.00, 2.10, 1.12, 1.00, 0.22, 0.85, 0.60, 0.00, 1.36, 0.00, 0.03, 0.00, 0.00, 0.00, 1.00, 0.00, 0.00, 0.00, 1.00, 1.00, 1.00, 0.00, 0.00, 0.00, 1.00, 0.00, 0.00, 0.00, 0.00
2652, 0, 99.958, 0.93, 1, 0.23, 0.00, 0.00, 0.75, 0.40, 0.08, 0.00, 2.06, 1.14, 1.05, 0.64, 0.93, 0.41, 0.00, 1.52, 0.00, 0.00, 0.00, 0.00, 0.00, 1.00, 0.00, 0.00, 0.00, 1.00, 1.00, 0.00, 0.00, 0.00, 0.00, 1.00, 0.00, 0.00, 0.00, 0.00
2653, 0, 99.995, 0.93, 1, 0.11, 0.00, 0.00, 0.54, 0.40, 0.08, 0.00, 1.91, 1.18, 1.01, 0.88, 0.77, 0.43, 0.00, 1.38, 0.00, 0.00, 1.00, 0.00, 0.00, 1.00, 1.00, 0.00, 0.00, 1.00, 1.00, 0.00, 0.00, 0.00, 0.00, 1.00, 0.00, 0.00, 0.00, 0.00
2654, 0, 100.033, 0.98, 1, 0.12, 0.00, 0.00, 0.28, 0.35, 0.08, 0.00, 1.68, 1.31, 0.98, 1.32, 0.53, 0.17, 0.00, 1.36, 0.00, 0.00, 1.00, 0.00, 0.00, 1.00, 0.00, 0.00, 0.00, 1.00, 1.00, 0.00, 0.00, 0.00, 0.00, 1.00, 0.00, 0.00, 0.00, 0.00
2655, 0, 100.071, 0.98, 1, 0.22, 0.00, 0.00, 0.06, 0.31, 0.00, 0.00, 1.76, 1.36, 0.58, 0.98, 0.63, 0.31, 0.00, 1.79, 0.00, 0.00, 1.00, 1.00, 0.00, 1.00, 0.00, 0.00, 0.00, 1.00, 1.00, 0.00, 0.00, 0.00, 0.00, 1.00, 1.00, 0.00, 0.00, 0.00
2656, 0, 100.108, 0.98, 1, 0.34, 0.02, 0.00, 0.01, 0.19, 0.00, 0.00, 1.81, 1.45, 0.83, 1.10, 0.94, 0.33, 0.00, 2.28, 0.20, 0.00, 1.00, 1.00, 0.00, 1.00, 0.00, 0.00, 0.00, 1.00, 1.00, 1.00, 0.00, 0.00, 0.00, 0.00, 1.00, 0.00, 0.00, 0.00
2657, 0, 100.146, 0.98, 1, 0.33, 0.10, 0.00, 0.00, 0.13, 0.00, 0.00, 1.87, 1.52, 1.18, 1.27, 1.14, 0.52, 0.00, 2.73, 0.38, 0.00, 1.00, 1.00, 0.00, 1.00, 0.00, 0.00, 0.00, 1.00, 1.00, 1.00, 0.00, 1.00, 0.00, 0.00, 1.00, 0.00, 0.00, 0.00
2658, 0, 100.184, 0.98, 1, 0.33, 0.10, 0.00, 0.00, 0.03, 0.00, 0.00, 1.84, 1.52, 1.74, 1.40, 1.23, 0.72, 0.00, 2.68, 0.64, 0.00, 1.00, 1.00, 0.00, 1.00, 0.00, 0.00, 0.00, 1.00, 1.00, 1.00, 0.00, 1.00, 0.00, 0.00, 1.00, 0.00, 0.00, 0.00
2659, 0, 100.222, 0.93, 1, 0.36, 0.15, 0.00, 0.00, 0.03, 0.00, 0.00, 1.78, 1.43, 1.85, 0.92, 0.99, 0.59, 0.00, 2.46, 0.69, 0.00, 1.00, 0.00, 0.00, 1.00, 0.00, 0.00, 0.00, 1.00, 1.00, 1.00, 0.00, 1.00, 0.00, 0.00, 1.00, 0.00, 0.00, 0.00
2660, 0, 100.259, 0.88, 1, 0.30, 0.07, 0.00, 0.13, 0.08, 0.00, 0.00, 2.04, 1.26, 1.37, 0.72, 0.97, 0.49, 0.00, 2.43, 0.69, 0.00, 0.00, 0.00, 0.00, 1.00, 0.00, 0.00, 0.00, 1.00, 1.00, 1.00, 0.00, 1.00, 0.00, 0.00, 1.00, 0.00, 0.00, 0.00
2661, 0, 100.297, 0.88, 1, 0.21, 0.09, 0.00, 0.31, 0.08, 0.00, 0.00, 2.04, 1.17, 1.00, 0.83, 0.96, 0.23, 0.00, 2.28, 0.65, 0.00, 0.00, 0.00, 0.00, 1.00, 0.00, 0.00, 0.00, 1.00, 1.00, 0.00, 0.00, 1.00, 0.00, 0.00, 1.00, 0.00, 0.00, 0.00
2662, 0, 100.335, 0.98, 1, 0.20, 0.20, 0.00, 0.31, 0.12, 0.00, 0.00, 2.13, 1.11, 0.62, 1.11, 1.07, 0.51, 0.00, 2.33, 0.62, 0.00, 0.00, 0.00, 0.00, 1.00, 0.00, 0.00, 0.00, 1.00, 1.00, 0.00, 1.00, 0.00, 0.00, 1.00, 1.00, 0.00, 0.00, 0.00
2663, 0, 100.372, 0.98, 1, 0.16, 0.20, 0.00, 0.18, 0.16, 0.00, 0.00, 1.42, 1.16, 0.52, 0.67, 1.09, 0.50, 0.00, 1.62, 0.44, 0.00, 0.00, 0.00, 0.00, 1.00, 0.00, 0.00, 0.00, 1.00, 1.00, 0.00, 1.00, 0.00, 0.00, 1.00, 1.00, 0.00, 0.00, 0.00
2664, 0, 100.410, 0.98, 1, 0.15, 0.18, 0.00, 0.00, 0.23, 0.00, 0.00, 1.07, 1.21, 0.28, 0.28, 1.29, 0.52, 0.00, 1.25, 0.23, 0.00, 0.00, 0.00, 0.00, 1.00, 0.00, 0.00, 0.00, 1.00, 1.00, 0.00, 1.00, 0.00, 1.00, 1.00, 0.00, 0.00, 0.00, 0.00
2665, 0, 100.448, 0.98, 1, 0.00, 0.00, 0.00, 0.00, 0.40, 0.08, 0.00, 0.82, 1.21, 0.00, 0.00, 1.17, 0.60, 0.00, 1.07, 0.00, 0.00, 0.00, 0.00, 0.00, 1.00, 0.00, 0.00, 0.00, 1.00, 1.00, 0.00, 1.00, 0.00, 1.00, 1.00, 0.00, 0.00, 0.00, 0.00
2666, 0, 100.486, 0.98, 1, 0.00, 0.00, 0.00, 0.00, 0.57, 0.32, 0.00, 1.07, 1.35, 0.00, 0.00, 0.79, 0.52, 0.00, 1.41, 0.00, 0.00, 0.00, 0.00, 0.00, 1.00, 0.00, 0.00, 0.00, 1.00, 1.00, 0.00, 1.00, 0.00, 1.00, 1.00, 0.00, 0.00, 0.00, 0.00
2667, 0, 100.523, 0.98, 1, 0.00, 0.00, 0.00, 0.00, 0.74, 0.49, 0.00, 1.19, 1.49, 0.00, 0.00, 0.33, 0.48, 0.00, 1.61, 0.00, 0.00, 0.00, 0.00, 0.00, 1.00, 0.00, 0.00, 0.00, 1.00, 1.00, 0.00, 1.00, 0.00, 1.00, 1.00, 0.00, 0.00, 0.00, 0.00
2668, 0, 100.561, 0.98, 1, 0.00, 0.00, 0.00, 0.00, 0.77, 0.60, 0.00, 1.29, 1.53, 0.00, 0.00, 0.29, 0.12, 0.00, 1.53, 0.00, 0.00, 0.00, 0.00, 0.00, 1.00, 0.00, 0.00, 0.00, 1.00, 1.00, 0.00, 1.00, 0.00, 1.00, 1.00, 0.00, 0.00, 0.00, 0.00
2669, 0, 100.599, 0.98, 1, 0.00, 0.00, 0.00, 0.00, 0.73, 0.44, 0.00, 1.33, 1.38, 0.00, 0.00, 0.39, 0.12, 0.00, 1.54, 0.00, 0.00, 0.00, 0.00, 0.00, 1.00, 0.00, 0.00, 0.00, 1.00, 1.00, 0.00, 1.00, 0.00, 1.00, 1.00, 0.00, 0.00, 0.00, 0.00
2670, 0, 100.636, 0.98, 1, 0.00, 0.00, 0.06, 0.00, 0.70, 0.50, 0.00, 1.33, 1.11, 0.00, 0.00, 0.78, 0.01, 0.00, 1.57, 0.00, 0.00, 0.00, 0.00, 0.00, 1.00, 0.00, 0.00, 0.00, 1.00, 1.00, 0.00, 1.00, 0.00, 1.00, 1.00, 0.00, 0.00, 0.00, 0.00
2671, 0, 100.674, 0.93, 1, 0.00, 0.00, 0.06, 0.00, 0.68, 0.37, 0.00, 1.37, 1.08, 0.00, 0.00, 1.34, 0.01, 0.00, 1.39, 0.05, 0.00, 0.00, 0.00, 0.00, 1.00, 0.00, 0.00, 0.00, 1.00, 1.00, 0.00, 1.00, 0.00, 1.00, 1.00, 0.00, 0.00, 0.00, 0.00
2672, 0, 100.712, 0.98, 1, 0.00, 0.00, 0.06, 0.00, 0.56, 0.51, 0.00, 1.29, 1.19, 0.00, 0.00, 2.13, 0.27, 0.00, 1.31, 0.42, 0.00, 0.00, 0.00, 0.00, 1.00, 0.00, 0.00, 0.00, 1.00, 1.00, 0.00, 1.00, 0.00, 1.00, 1.00, 0.00, 0.00, 0.00, 0.00
2673, 0, 100.749, 0.93, 1, 0.00, 0.00, 0.00, 0.02, 0.38, 0.34, 0.00, 1.30, 1.40, 0.00, 0.00, 2.23, 0.26, 0.00, 1.21, 0.96, 0.00, 0.00, 0.00, 0.00, 1.00, 0.00, 0.00, 0.00, 1.00, 1.00, 0.00, 1.00, 0.00, 1.00, 1.00, 0.00, 0.00, 0.00, 0.00
2674, 0, 100.787, 0.88, 1, 0.00, 0.00, 0.00, 0.13, 0.21, 0.34, 0.00, 1.23, 1.50, 0.00, 0.00, 2.04, 0.26, 0.00, 1.46, 1.56, 0.00, 0.00, 0.00, 0.00, 1.00, 0.00, 0.00, 0.00, 1.00, 0.00, 0.00, 1.00, 0.00, 1.00, 1.00, 0.00, 0.00, 0.00, 0.00
2675, 0, 100.825, 0.88, 1, 0.00, 0.00, 0.00, 0.13, 0.31, 0.45, 0.00, 1.29, 1.44, 0.00, 0.05, 1.87, 0.08, 0.00, 1.11, 1.40, 0.00, 0.00, 0.00, 0.00, 1.00, 0.00, 0.00, 0.00, 1.00, 0.00, 0.00, 1.00, 0.00, 0.00, 1.00, 0.00, 0.00, 0.00, 0.00
2676, 0, 100.863, 0.93, 1, 0.00, 0.00, 0.00, 0.10, 0.39, 0.53, 0.00, 1.33, 1.34, 0.00, 0.05, 1.82, 0.21, 0.00, 0.80, 0.87, 0.00, 0.00, 0.00, 0.00, 1.00, 0.00, 0.00, 0.00, 1.00, 0.00, 0.00, 1.00, 0.00, 0.00, 1.00, 0.00, 0.00, 0.00, 0.00
2677, 0, 100.900, 0.98, 1, 0.02, 0.00, 0.00, 0.00, 0.49, 0.74, 0.00, 1.49, 1.14, 0.00, 0.38, 1.82, 0.25, 0.00, 0.66, 0.21, 0.00, 0.00, 0.00, 0.00, 1.00, 0.00, 0.00, 0.00, 1.00, 0.00, 0.00, 1.00, 0.00, 0.00, 1.00, 0.00, 0.00, 0.00, 0.00
2678, 0, 100.938, 0.98, 1, 0.12, 0.00, 0.00, 0.11, 0.34, 0.49, 0.00, 1.69, 0.92, 0.00, 1.50, 1.63, 0.33, 0.00, 1.11, 0.00, 0.00, 0.00, 0.00, 0.00, 1.00, 0.00, 0.00, 0.00, 1.00, 0.00, 0.00, 1.00, 0.00, 1.00, 1.00, 0.00, 0.00, 0.00, 0.00
2679, 0, 100.976, 0.98, 1, 0.12, 0.00, 0.00, 0.21, 0.39, 0.46, 0.00, 1.67, 0.77, 0.00, 2.44, 1.57, 0.51, 0.00, 1.80, 0.00, 0.00, 0.00, 0.00, 0.00, 1.00, 0.00, 0.00, 0.00, 0.00, 0.00, 0.00, 1.00, 0.00, 1.00, 0.00, 0.00, 0.00, 0.00, 0.00
2680, 0, 101.013, 0.98, 1, 0.09, 0.00, 0.00, 0.22, 0.39, 0.39, 0.00, 1.56, 0.66, 0.00, 2.81, 1.53, 0.72, 0.00, 2.03, 0.00, 0.00, 0.00, 0.00, 0.00, 1.00, 0.00, 0.00, 0.00, 0.00, 0.00, 0.00, 1.00, 0.00, 1.00, 0.00, 0.00, 0.00, 0.00, 0.00
2681, 0, 101.051, 0.98, 1, 0.00, 0.00, 0.00, 0.14, 0.43, 0.39, 0.00, 1.58, 0.62, 0.00, 2.20, 1.67, 0.95, 0.00, 2.37, 0.00, 0.00, 0.00, 0.00, 0.00, 1.00, 0.00, 0.00, 0.00, 0.00, 0.00, 0.00, 1.00, 1.00, 1.00, 0.00, 0.00, 0.00, 0.00, 0.00
2682, 0, 101.089, 0.98, 1, 0.00, 0.00, 0.00, 0.05, 0.46, 0.44, 0.00, 1.80, 0.64, 0.00, 2.93, 1.92, 1.05, 0.00, 2.65, 0.00, 0.00, 0.00, 0.00, 0.00, 1.00, 0.00, 0.00, 0.00, 0.00, 0.00, 0.00, 1.00, 0.00, 1.00, 0.00, 0.00, 0.00, 0.00, 0.00
2683, 0, 101.127, 0.98, 1, 0.00, 0.00, 0.00, 0.04, 0.46, 0.25, 0.00, 2.03, 0.73, 0.00, 3.89, 2.21, 1.21, 0.00, 3.20, 0.02, 0.00, 0.00, 0.00, 0.00, 1.00, 0.00, 0.00, 0.00, 0.00, 0.00, 0.00, 1.00, 1.00, 1.00, 1.00, 0.00, 0.00, 0.00, 0.00
2684, 0, 101.164, 0.98, 1, 0.00, 0.00, 0.00, 0.02, 0.47, 0.15, 0.00, 1.70, 0.85, 0.00, 3.62, 2.22, 1.31, 0.02, 3.00, 0.10, 0.00, 0.00, 0.00, 0.00, 1.00, 0.00, 0.00, 0.00, 0.00, 0.00, 0.00, 1.00, 1.00, 1.00, 0.00, 0.00, 0.00, 0.00, 0.00
2685, 0, 101.202, 0.98, 1, 0.00, 0.00, 0.00, 0.00, 0.61, 0.27, 0.00, 1.23, 0.88, 0.00, 2.13, 1.92, 1.32, 0.11, 2.53, 0.36, 0.00, 0.00, 0.00, 0.00, 1.00, 0.00, 0.00, 0.00, 0.00, 0.00, 0.00, 0.00, 1.00, 1.00, 1.00, 0.00, 0.00, 0.00, 0.00
2686, 0, 101.240, 0.98, 1, 0.00, 0.00, 0.00, 0.00, 0.82, 0.54, 0.00, 0.64, 0.86, 0.00, 0.60, 1.53, 1.41, 0.15, 1.94, 0.60, 0.00, 0.00, 0.00, 0.00, 1.00, 1.00, 0.00, 0.00, 0.00, 0.00, 0.00, 0.00, 0.00, 1.00, 1.00, 0.00, 0.00, 0.00, 0.00
2687, 0, 101.277, 0.98, 1, 0.00, 0.00, 0.00, 0.00, 0.99, 0.59, 0.00, 0.38, 0.82, 0.00, 0.32, 1.09, 1.15, 0.19, 1.83, 0.60, 0.00, 0.00, 0.00, 0.00, 1.00, 1.00, 0.00, 0.00, 0.00, 0.00, 0.00, 0.00, 0.00, 1.00, 1.00, 0.00, 0.00, 0.00, 0.00
2688, 0, 101.315, 0.98, 1, 0.00, 0.00, 0.00, 0.00, 0.94, 0.42, 0.00, 0.54, 1.00, 0.00, 0.29, 0.74, 0.74, 0.14, 1.67, 0.35, 0.00, 0.00, 0.00, 0.00, 1.00, 1.00, 0.00, 0.00, 0.00, 0.00, 0.00, 0.00, 0.00, 1.00, 1.00, 0.00, 0.00, 0.00, 0.00
2689, 0, 101.353, 0.98, 1, 0.00, 0.00, 0.00, 0.00, 0.80, 0.29, 0.00, 0.66, 1.04, 0.00, 0.74, 0.44, 0.25, 0.18, 1.21, 0.09, 0.00, 0.00, 0.00, 0.00, 1.00, 1.00, 0.00, 0.00, 0.00, 0.00, 0.00, 1.00, 0.00, 1.00, 1.00, 0.00, 0.00, 0.00, 0.00
2690, 0, 101.390, 0.98, 1, 0.00, 0.00, 0.00, 0.00, 0.80, 0.48, 0.00, 0.72, 0.99, 0.00, 1.97, 0.74, 0.77, 0.13, 1.51, 0.00, 0.00, 0.00, 0.00, 0.00, 1.00, 1.00, 0.00, 0.00, 0.00, 0.00, 0.00, 1.00, 0.00, 1.00, 1.00, 0.00, 0.00, 0.00, 0.00
2691, 0, 101.428, 0.98, 1, 0.00, 0.00, 0.00, 0.00, 0.75, 0.37, 0.00, 0.70, 0.85, 0.00, 2.58, 0.90, 1.56, 0.09, 1.89, 0.00, 0.00, 0.00, 0.00, 0.00, 1.00, 1.00, 0.00, 0.00, 0.00, 0.00, 0.00, 1.00, 0.00, 1.00, 1.00, 0.00, 0.00, 0.00, 0.00
2692, 0, 101.466, 0.98, 1, 0.00, 0.00, 0.00, 0.00, 0.80, 0.24, 0.00, 0.67, 0.86, 0.00, 2.55, 0.99, 2.42, 0.00, 2.63, 0.00, 0.00, 0.00, 0.00, 0.00, 1.00, 1.00, 0.00, 0.00, 0.00, 0.00, 0.00, 1.00, 0.00, 1.00, 1.00, 0.00, 0.00, 0.00, 0.00
2693, 0, 101.504, 0.98, 1, 0.00, 0.00, 0.00, 0.00, 0.67, 0.26, 0.00, 1.11, 0.94, 0.00, 1.98, 0.76, 1.94, 0.00, 2.37, 0.00, 0.00, 0.00, 0.00, 0.00, 1.00, 1.00, 0.00, 0.00, 0.00, 0.00, 0.00, 1.00, 0.00, 1.00, 0.00, 0.00, 0.00, 0.00, 0.00
2694, 0, 101.541, 0.98, 1, 0.00, 0.00, 0.00, 0.13, 0.61, 0.38, 0.00, 1.34, 0.92, 0.00, 2.41, 1.11, 1.81, 0.00, 2.83, 0.00, 0.00, 0.00, 0.00, 0.00, 1.00, 1.00, 0.00, 0.00, 0.00, 0.00, 0.00, 1.00, 0.00, 1.00, 0.00, 0.00, 0.00, 0.00, 0.00
2695, 0, 101.579, 0.98, 1, 0.11, 0.11, 0.00, 0.13, 0.53, 0.38, 0.00, 1.12, 1.18, 0.00, 3.52, 1.53, 1.59, 0.00, 3.28, 0.00, 0.00, 0.00, 0.00, 0.00, 1.00, 1.00, 0.00, 0.00, 0.00, 0.00, 0.00, 1.00, 0.00, 1.00, 0.00, 0.00, 0.00, 0.00, 0.00
2696, 0, 101.617, 0.98, 1, 0.11, 0.11, 0.00, 0.13, 0.47, 0.13, 0.00, 0.54, 1.44, 0.00, 3.48, 1.47, 2.07, 0.00, 3.72, 0.00, 0.00, 0.00, 0.00, 0.00, 1.00, 1.00, 0.00, 0.00, 0.00, 1.00, 0.00, 1.00, 1.00, 1.00, 1.00, 0.00, 0.00, 0.00, 0.00
2697, 0, 101.654, 0.88, 1, 0.17, 0.12, 0.00, 0.00, 0.35, 0.00, 0.00, 0.01, 1.73, 0.00, 3.32, 1.50, 1.72, 0.00, 3.32, 0.25, 0.19, 0.00, 0.00, 0.00, 1.00, 0.00, 0.00, 0.00, 0.00, 1.00, 0.00, 1.00, 1.00, 1.00, 1.00, 0.00, 0.00, 0.00, 0.00
2698, 0, 101.692, 0.88, 1, 0.20, 0.03, 0.00, 0.00, 0.17, 0.00, 0.00, 0.00, 1.73, 0.00, 2.78, 1.45, 1.21, 0.00, 2.94, 0.73, 0.39, 0.00, 0.00, 0.00, 1.00, 1.00, 0.00, 0.00, 0.00, 1.00, 0.00, 1.00, 1.00, 1.00, 1.00, 0.00, 0.00, 0.00, 0.00
2699, 0, 101.730, 0.88, 1, 0.35, 0.17, 0.00, 0.00, 0.07, 0.00, 0.27, 0.00, 1.56, 0.00, 3.82, 1.56, 0.46, 0.48, 1.84, 0.73, 0.51, 0.00, 0.00, 0.00, 1.00, 0.00, 0.00, 0.00, 0.00, 1.00, 0.00, 0.00, 1.00, 0.00, 1.00, 0.00, 0.00, 0.00, 0.00
2700, 0, 101.768, 0.88, 1, 0.52, 0.17, 0.00, 0.00, 0.11, 0.00, 0.27, 0.45, 1.46, 0.40, 2.79, 1.15, 0.13, 0.48, 1.50, 0.73, 0.59, 0.00, 0.00, 0.00, 1.00, 0.00, 0.00, 0.00, 0.00, 1.00, 0.00, 0.00, 1.00, 0.00, 1.00, 1.00, 0.00, 0.00, 0.00
2701, 0, 101.805, 0.88, 1, 0.52, 0.14, 0.00, 0.00, 0.11, 0.00, 0.27, 0.91, 1.35, 1.14, 1.67, 0.60, 0.23, 0.48, 1.18, 0.38, 0.72, 0.00, 0.00, 0.00, 1.00, 0.00, 0.00, 0.00, 1.00, 1.00, 0.00, 0.00, 1.00, 0.00, 1.00, 1.00, 0.00, 0.00, 0.00
2702, 0, 101.843, 0.88, 1, 0.60, 0.00, 0.00, 0.00, 0.22, 0.00, 0.00, 1.40, 1.41, 1.63, 0.00, 0.35, 0.26, 0.00, 1.98, 0.71, 1.04, 0.00, 0.00, 0.00, 1.00, 0.00, 0.00, 0.00, 1.00, 1.00, 1.00, 0.00, 0.00, 0.00, 1.00, 1.00, 0.00, 0.00, 0.00
2703, 0, 101.881, 0.93, 1, 0.42, 0.00, 0.00, 0.00, 0.14, 0.00, 0.00, 1.35, 1.33, 1.58, 0.00, 0.16, 0.38, 0.00, 2.13, 0.64, 1.02, 1.00, 0.00, 0.00, 1.00, 0.00, 0.00, 0.00, 1.00, 1.00, 1.00, 0.00, 0.00, 0.00, 1.00, 1.00, 0.00, 0.00, 0.00
2704, 0, 101.918, 0.93, 1, 0.33, 0.00, 0.00, 0.00, 0.14, 0.00, 0.00, 1.25, 1.28, 1.17, 0.00, 0.25, 0.28, 0.00, 2.28, 0.74, 0.90, 1.00, 0.00, 0.00, 1.00, 0.00, 0.00, 0.00, 1.00, 1.00, 1.00, 0.00, 0.00, 0.00, 1.00, 1.00, 0.00, 0.00, 0.00
2705, 0, 101.956, 0.93, 1, 0.16, 0.05, 0.00, 0.11, 0.06, 0.00, 0.00, 1.10, 1.19, 0.71, 0.00, 0.34, 0.47, 0.00, 1.79, 0.41, 0.47, 1.00, 0.00, 0.00, 1.00, 0.00, 0.00, 0.00, 1.00, 1.00, 1.00, 0.00, 0.00, 0.00, 1.00, 1.00, 0.00, 0.00, 0.00
2706, 0, 101.994, 0.93, 1, 0.11, 0.05, 0.00, 0.27, 0.14, 0.00, 0.00, 1.13, 1.21, 0.47, 0.00, 0.34, 0.61, 0.00, 1.53, 0.39, 0.52, 1.00, 0.00, 0.00, 1.00, 0.00, 1.00, 0.00, 1.00, 1.00, 0.00, 0.00, 0.00, 0.00, 1.00, 1.00, 0.00, 0.00, 0.00
2707, 0, 102.031, 0.93, 1, 0.07, 0.05, 0.00, 0.35, 0.21, 0.00, 0.00, 1.08, 1.19, 0.31, 0.00, 0.33, 0.63, 0.00, 1.21, 0.46, 0.32, 1.00, 0.00, 0.00, 1.00, 0.00, 1.00, 0.00, 1.00, 1.00, 0.00, 0.00, 0.00, 0.00, 1.00, 1.00, 0.00, 0.00, 0.00
2708, 0, 102.069, 0.93, 1, 0.04, 0.00, 0.00, 0.40, 0.20, 0.00, 0.00, 1.09, 1.25, 0.44, 0.00, 0.25, 0.82, 0.00, 1.44, 0.69, 0.40, 1.00, 0.00, 0.00, 1.00, 0.00, 1.00, 0.00, 1.00, 1.00, 0.00, 0.00, 0.00, 0.00, 1.00, 1.00, 0.00, 0.00, 0.00
2709, 0, 102.107, 0.88, 1, 0.25, 0.09, 0.00, 0.24, 0.10, 0.00, 0.00, 1.07, 1.26, 0.48, 0.00, 0.33, 0.82, 0.00, 1.58, 0.77, 0.11, 1.00, 0.00, 0.00, 1.00, 0.00, 1.00, 0.00, 1.00, 1.00, 0.00, 0.00, 0.00, 0.00, 1.00, 1.00, 0.00, 0.00, 0.00
2710, 0, 102.145, 0.88, 1, 0.37, 0.25, 0.00, 0.16, 0.05, 0.00, 0.00, 1.11, 1.19, 0.31, 0.31, 0.47, 0.74, 0.00, 1.80, 0.57, 0.19, 1.00, 0.00, 0.00, 1.00, 0.00, 0.00, 0.00, 1.00, 1.00, 0.00, 0.00, 0.00, 0.00, 1.00, 1.00, 0.00, 0.00, 0.00
2711, 0, 102.182, 0.88, 1, 0.50, 0.29, 0.00, 0.00, 0.05, 0.00, 0.00, 1.01, 1.09, 0.18, 0.49, 0.46, 0.33, 0.00, 1.82, 0.56, 0.19, 1.00, 0.00, 0.00, 1.00, 0.00, 0.00, 0.00, 1.00, 1.00, 0.00, 0.00, 0.00, 0.00, 0.00, 1.00, 0.00, 0.00, 0.00
2712, 0, 102.220, 0.88, 1, 0.53, 0.30, 0.00, 0.00, 0.11, 0.00, 0.00, 0.85, 0.99, 0.09, 0.49, 0.49, 0.27, 0.00, 1.66, 0.45, 0.21, 1.00, 0.00, 0.00, 1.00, 0.00, 0.00, 0.00, 1.00, 1.00, 0.00, 0.00, 0.00, 0.00, 0.00, 1.00, 0.00, 0.00, 0.00
2713, 0, 102.258, 0.88, 1, 0.41, 0.13, 0.00, 0.00, 0.24, 0.00, 0.00, 0.91, 1.06, 0.23, 0.84, 0.70, 0.29, 0.00, 1.86, 0.69, 0.13, 0.00, 0.00, 0.00, 1.00, 0.00, 0.00, 0.00, 1.00, 1.00, 0.00, 1.00, 0.00, 0.00, 0.00, 1.00, 0.00, 0.00, 0.00
2714, 0, 102.295, 0.93, 1, 0.25, 0.09, 0.00, 0.00, 0.32, 0.00, 0.00, 1.11, 1.10, 0.39, 1.40, 1.04, 0.38, 0.00, 2.22, 0.75, 0.08, 0.00, 0.00, 0.00, 1.00, 0.00, 0.00, 0.00, 1.00, 1.00, 0.00, 1.00, 0.00, 0.00, 0.00, 1.00, 0.00, 0.00, 0.00
2715, 0, 102.333, 0.93, 1, 0.00, 0.00, 0.00, 0.00, 0.35, 0.00, 0.04, 1.58, 1.18, 0.40, 1.40, 1.29, 0.18, 0.00, 2.32, 0.99, 0.09, 0.00, 0.00, 0.00, 1.00, 0.00, 0.00, 0.00, 1.00, 1.00, 0.00, 1.00, 1.00, 0.00, 0.00, 1.00, 0.00, 0.00, 0.00
2716, 0, 102.371, 0.98, 1, 0.00, 0.00, 0.01, 0.00, 0.33, 0.00, 0.08, 1.61, 1.21, 0.46, 0.73, 1.13, 0.14, 0.00, 2.13, 1.12, 0.12, 0.00, 0.00, 0.00, 1.00, 0.00, 0.00, 0.00, 1.00, 1.00, 0.00, 1.00, 1.00, 0.00, 0.00, 1.00, 0.00, 0.00, 0.00
2717, 0, 102.408, 0.93, 1, 0.02, 0.00, 0.01, 0.00, 0.28, 0.00, 0.08, 1.43, 1.25, 0.38, 0.14, 1.04, 0.05, 0.00, 1.83, 1.35, 0.22, 0.00, 0.00, 0.00, 1.00, 0.00, 0.00, 0.00, 1.00, 1.00, 0.00, 1.00, 1.00, 0.00, 0.00, 1.00, 0.00, 0.00, 0.00
2718, 0, 102.446, 0.93, 1, 0.03, 0.00, 0.01, 0.08, 0.22, 0.00, 0.04, 0.95, 1.28, 0.51, 0.44, 0.85, 0.11, 0.00, 1.79, 0.99, 0.18, 0.00, 0.00, 0.00, 1.00, 0.00, 0.00, 0.00, 1.00, 1.00, 0.00, 1.00, 0.00, 0.00, 1.00, 1.00, 0.00, 0.00, 0.00
2719, 0, 102.484, 0.98, 1, 0.03, 0.00, 0.00, 0.08, 0.13, 0.00, 0.00, 0.74, 1.19, 0.31, 0.94, 0.86, 0.17, 0.00, 1.64, 0.53, 0.15, 0.00, 0.00, 0.00, 1.00, 0.00, 0.00, 0.00, 1.00, 1.00, 0.00, 1.00, 0.00, 0.00, 1.00, 1.00, 0.00, 0.00, 0.00
2720, 0, 102.522, 0.98, 1, 0.01, 0.00, 0.00, 0.08, 0.17, 0.00, 0.01, 0.88, 1.01, 0.43, 0.80, 0.70, 0.21, 0.00, 1.06, 0.01, 0.00, 0.00, 0.00, 0.00, 1.00, 0.00, 0.00, 0.00, 1.00, 1.00, 0.00, 1.00, 0.00, 0.00, 1.00, 1.00, 0.00, 0.00, 0.00
2721, 0, 102.559, 0.98, 1, 0.00, 0.00, 0.00, 0.00, 0.20, 0.00, 0.07, 1.01, 0.85, 0.52, 0.51, 0.75, 0.23, 0.00, 0.74, 0.00, 0.00, 0.00, 0.00, 0.00, 1.00, 0.00, 0.00, 0.00, 1.00, 1.00, 1.00, 1.00, 1.00, 0.00, 1.00, 1.00, 0.00, 0.00, 0.00
2722, 0, 102.597, 0.98, 1, 0.02, 0.00, 0.00, 0.03, 0.26, 0.00, 0.11, 1.31, 0.78, 0.68, 0.00, 0.91, 0.13, 0.00, 0.43, 0.00, 0.00, 0.00, 0.00, 0.00, 1.00, 0.00, 0.00, 0.00, 1.00, 1.00, 1.00, 1.00, 1.00, 0.00, 1.00, 1.00, 0.00, 0.00, 0.00
2723, 0, 102.635, 0.98, 1, 0.02, 0.00, 0.00, 0.10, 0.22, 0.02, 0.14, 1.40, 0.83, 0.93, 0.00, 1.12, 0.10, 0.00, 0.48, 0.00, 0.00, 0.00, 0.00, 0.00, 1.00, 0.00, 0.00, 0.00, 1.00, 1.00, 1.00, 1.00, 1.00, 0.00, 1.00, 1.00, 0.00, 0.00, 0.00
2724, 0, 102.672, 0.93, 1, 0.02, 0.00, 0.00, 0.10, 0.23, 0.02, 0.09, 1.63, 0.86, 1.07, 0.00, 1.14, 0.02, 0.00, 0.44, 0.04, 0.00, 0.00, 0.00, 0.00, 1.00, 0.00, 0.00, 0.00, 1.00, 1.00, 1.00, 1.00, 1.00, 0.00, 1.00, 1.00, 0.00, 0.00, 0.00
2725, 0, 102.710, 0.93, 1, 0.00, 0.00, 0.00, 0.07, 0.22, 0.02, 0.04, 1.98, 0.91, 1.31, 0.65, 1.37, 0.01, 0.00, 0.69, 0.10, 0.00, 0.00, 0.00, 0.00, 1.00, 0.00, 0.00, 0.00, 1.00, 1.00, 1.00, 1.00, 1.00, 0.00, 1.00, 1.00, 0.00, 0.00, 0.00
2726, 0, 102.748, 0.98, 1, 0.00, 0.00, 0.00, 0.00, 0.24, 0.00, 0.00, 2.32, 0.95, 1.24, 1.29, 1.68, 0.00, 0.00, 1.03, 0.12, 0.00, 0.00, 0.00, 0.00, 1.00, 0.00, 0.00, 0.00, 1.00, 1.00, 1.00, 1.00, 1.00, 0.00, 1.00, 1.00, 0.00, 0.00, 0.00
2727, 0, 102.786, 0.98, 1, 0.05, 0.00, 0.00, 0.00, 0.16, 0.00, 0.00, 2.39, 0.99, 1.22, 1.79, 1.76, 0.00, 0.00, 1.34, 0.08, 0.00, 0.00, 0.00, 0.00, 1.00, 0.00, 0.00, 0.00, 1.00, 1.00, 1.00, 1.00, 1.00, 0.00, 1.00, 0.00, 0.00, 0.00, 0.00
2728, 0, 102.823, 0.98, 1, 0.15, 0.00, 0.00, 0.05, 0.08, 0.00, 0.00, 2.10, 0.92, 1.15, 1.48, 1.47, 0.00, 0.00, 1.29, 0.02, 0.00, 0.00, 0.00, 0.00, 1.00, 0.00, 0.00, 0.00, 1.00, 1.00, 1.00, 0.00, 1.00, 0.00, 1.00, 0.00, 0.00, 0.00, 0.00
2729, 0, 102.861, 0.98, 1, 0.20, 0.00, 0.00, 0.06, 0.02, 0.00, 0.00, 1.79, 0.82, 0.91, 1.31, 1.42, 0.07, 0.00, 1.39, 0.00, 0.00, 0.00, 0.00, 0.00, 1.00, 0.00, 0.00, 0.00, 1.00, 1.00, 1.00, 0.00, 1.00, 0.00, 1.00, 0.00, 0.00, 0.00, 0.00
2730, 0, 102.899, 0.98, 1, 0.15, 0.00, 0.00, 0.06, 0.02, 0.00, 0.07, 1.58, 0.77, 0.96, 0.82, 1.33, 0.27, 0.00, 1.11, 0.00, 0.01, 0.00, 0.00, 0.00, 1.00, 0.00, 0.00, 0.00, 1.00, 1.00, 1.00, 0.00, 1.00, 0.00, 1.00, 0.00, 0.00, 0.00, 0.00
2731, 0, 102.936, 0.98, 1, 0.05, 0.00, 0.00, 0.01, 0.02, 0.00, 0.10, 1.40, 0.79, 0.89, 0.47, 1.28, 0.27, 0.00, 0.70, 0.00, 0.07, 0.00, 0.00, 0.00, 1.00, 0.00, 0.00, 0.00, 1.00, 1.00, 0.00, 0.00, 1.00, 0.00, 1.00, 0.00, 0.00, 0.00, 0.00
2732, 0, 102.974, 0.98, 1, 0.01, 0.00, 0.00, 0.10, 0.00, 0.03, 0.20, 1.36, 0.78, 0.72, 0.00, 1.04, 0.20, 0.08, 0.18, 0.00, 0.15, 0.00, 0.00, 0.00, 1.00, 0.00, 0.00, 0.00, 1.00, 1.00, 0.00, 0.00, 1.00, 0.00, 1.00, 0.00, 0.00, 0.00, 0.00
2733, 0, 103.012, 0.98, 1, 0.05, 0.00, 0.00, 0.20, 0.00, 0.03, 0.20, 1.24, 0.62, 0.26, 0.00, 1.15, 0.00, 0.17, 0.00, 0.00, 0.15, 0.00, 0.00, 0.00, 1.00, 0.00, 0.00, 0.00, 1.00, 1.00, 0.00, 1.00, 1.00, 0.00, 1.00, 0.00, 0.00, 0.00, 0.00
2734, 0, 103.049, 0.98, 1, 0.26, 0.04, 0.00, 0.20, 0.00, 0.03, 0.31, 1.26, 0.45, 0.00, 0.00, 1.31, 0.00, 0.28, 0.00, 0.00, 0.09, 0.00, 0.00, 0.00, 1.00, 0.00, 1.00, 0.00, 1.00, 1.00, 0.00, 1.00, 1.00, 0.00, 1.00, 0.00, 0.00, 0.00, 0.00
2735, 0, 103.087, 0.98, 1, 0.39, 0.04, 0.00, 0.10, 0.00, 0.00, 0.23, 1.18, 0.25, 0.00, 0.22, 1.34, 0.00, 0.21, 0.00, 0.00, 0.01, 0.00, 0.00, 0.00, 1.00, 0.00, 1.00, 0.00, 1.00, 1.00, 0.00, 1.00, 1.00, 0.00, 1.00, 0.00, 0.00, 0.00, 0.00
2736, 0, 103.125, 0.98, 1, 0.47, 0.04, 0.00, 0.02, 0.01, 0.00, 0.17, 1.23, 0.13, 0.00, 0.45, 1.31, 0.00, 0.11, 0.00, 0.00, 0.00, 0.00, 0.00, 0.00, 1.00, 0.00, 1.00, 0.00, 1.00, 0.00, 0.00, 1.00, 1.00, 0.00, 1.00, 0.00, 0.00, 0.00, 0.00
2737, 0, 103.163, 0.98, 1, 0.37, 0.00, 0.00, 0.02, 0.01, 0.00, 0.03, 1.15, 0.02, 0.00, 0.45, 1.27, 0.00, 0.02, 0.00, 0.00, 0.00, 0.00, 0.00, 0.00, 1.00, 0.00, 1.00, 0.00, 1.00, 0.00, 0.00, 1.00, 1.00, 0.00, 1.00, 0.00, 0.00, 0.00, 0.00
2738, 0, 103.200, 0.98, 1, 0.37, 0.00, 0.00, 0.02, 0.01, 0.00, 0.02, 1.28, 0.01, 0.00, 0.22, 1.31, 0.00, 0.02, 0.00, 0.00, 0.02, 0.00, 0.00, 0.00, 1.00, 0.00, 1.00, 0.00, 0.00, 0.00, 0.00, 1.00, 1.00, 0.00, 1.00, 0.00, 0.00, 0.00, 0.00
2739, 0, 103.238, 0.98, 1, 0.48, 0.00, 0.00, 0.00, 0.00, 0.00, 0.00, 1.34, 0.02, 0.01, 0.14, 1.39, 0.00, 0.10, 0.00, 0.08, 0.02, 0.00, 0.00, 0.00, 1.00, 0.00, 0.00, 0.00, 0.00, 0.00, 0.00, 1.00, 1.00, 0.00, 1.00, 0.00, 0.00, 0.00, 0.00
2740, 0, 103.276, 0.98, 1, 0.59, 0.00, 0.00, 0.13, 0.13, 0.02, 0.05, 1.29, 0.03, 0.01, 0.14, 1.24, 0.00, 0.18, 0.00, 0.08, 0.02, 1.00, 0.00, 0.00, 1.00, 0.00, 0.00, 0.00, 0.00, 0.00, 0.00, 1.00, 1.00, 0.00, 1.00, 0.00, 0.00, 0.00, 0.00
2741, 0, 103.313, 0.98, 1, 0.62, 0.00, 0.00, 0.18, 0.16, 0.02, 0.11, 0.88, 0.04, 0.12, 0.14, 1.00, 0.00, 0.19, 0.00, 0.08, 0.00, 1.00, 0.00, 0.00, 1.00, 0.00, 0.00, 0.00, 0.00, 0.00, 0.00, 1.00, 0.00, 0.00, 1.00, 0.00, 0.00, 0.00, 0.00
2742, 0, 103.351, 0.98, 1, 0.59, 0.00, 0.00, 0.18, 0.16, 0.02, 0.20, 0.55, 0.04, 0.21, 0.00, 0.76, 0.00, 0.12, 0.00, 0.00, 0.00, 1.00, 0.00, 0.00, 1.00, 0.00, 0.00, 0.00, 0.00, 0.00, 0.00, 1.00, 0.00, 0.00, 1.00, 0.00, 0.00, 0.00, 0.00
2743, 0, 103.389, 0.98, 1, 0.59, 0.00, 0.00, 0.05, 0.03, 0.00, 0.33, 0.56, 0.03, 0.33, 0.00, 0.54, 0.00, 0.01, 0.00, 0.04, 0.00, 1.00, 0.00, 0.00, 1.00, 0.00, 0.00, 0.00, 0.00, 0.00, 0.00, 1.00, 0.00, 0.00, 1.00, 0.00, 0.00, 0.00, 0.00
2744, 0, 103.427, 0.98, 1, 0.65, 0.00, 0.00, 0.00, 0.00, 0.00, 0.37, 0.71, 0.02, 0.26, 0.00, 0.39, 0.02, 0.00, 0.00, 0.11, 0.00, 1.00, 0.00, 0.00, 1.00, 0.00, 0.00, 0.00, 0.00, 0.00, 0.00, 1.00, 0.00, 0.00, 1.00, 0.00, 0.00, 0.00, 0.00
2745, 0, 103.464, 0.98, 1, 0.68, 0.00, 0.00, 0.06, 0.00, 0.06, 0.35, 1.07, 0.00, 0.41, 0.00, 0.64, 0.02, 0.03, 0.07, 0.59, 0.02, 1.00, 0.00, 0.00, 1.00, 0.00, 0.00, 0.00, 1.00, 0.00, 0.00, 1.00, 0.00, 0.00, 1.00, 0.00, 0.00, 0.00, 0.00
2746, 0, 103.502, 0.98, 1, 0.68, 0.00, 0.00, 0.06, 0.01, 0.06, 0.31, 1.35, 0.00, 0.57, 0.00, 0.79, 0.02, 0.03, 0.19, 0.93, 0.09, 1.00, 0.00, 0.00, 1.00, 0.00, 0.00, 0.00, 1.00, 0.00, 0.00, 0.00, 0.00, 0.00, 1.00, 0.00, 0.00, 0.00, 0.00
2747, 0, 103.540, 0.93, 1, 0.70, 0.00, 0.00, 0.06, 0.01, 0.06, 0.30, 1.64, 0.00, 0.79, 0.00, 0.96, 0.00, 0.03, 0.35, 1.26, 0.18, 1.00, 0.00, 0.00, 1.00, 0.00, 0.00, 0.00, 1.00, 0.00, 0.00, 0.00, 0.00, 0.00, 1.00, 0.00, 0.00, 0.00, 0.00
2748, 0, 103.577, 0.93, 1, 0.75, 0.00, 0.00, 0.00, 0.01, 0.00, 0.35, 1.68, 0.00, 0.91, 0.00, 0.69, 0.08, 0.00, 0.40, 1.12, 0.19, 1.00, 0.00, 0.00, 1.00, 0.00, 0.00, 0.00, 1.00, 0.00, 0.00, 0.00, 0.00, 0.00, 1.00, 0.00, 0.00, 0.00, 0.00
2749, 0, 103.615, 0.88, 1, 0.86, 0.00, 0.00, 0.00, 0.00, 0.00, 0.35, 1.64, 0.00, 0.91, 0.00, 0.63, 0.08, 0.00, 0.33, 1.04, 0.30, 1.00, 0.00, 0.00, 1.00, 0.00, 0.00, 0.00, 1.00, 0.00, 0.00, 0.00, 0.00, 0.00, 1.00, 0.00, 0.00, 0.00, 0.00
2750, 0, 103.653, 0.88, 1, 0.88, 0.00, 0.00, 0.00, 0.00, 0.00, 0.26, 1.77, 0.00, 0.76, 0.00, 0.70, 0.08, 0.00, 0.46, 0.73, 0.31, 1.00, 0.00, 0.00, 1.00, 0.00, 0.00, 0.00, 1.00, 0.00, 0.00, 0.00, 0.00, 0.00, 1.00, 0.00, 0.00, 0.00, 0.00
2751, 0, 103.690, 0.88, 1, 0.73, 0.00, 0.00, 0.00, 0.00, 0.00, 0.14, 1.83, 0.00, 0.47, 0.00, 0.68, 0.00, 0.03, 0.49, 0.39, 0.41, 1.00, 0.00, 0.00, 1.00, 0.00, 0.00, 0.00, 1.00, 0.00, 0.00, 0.00, 0.00, 0.00, 1.00, 0.00, 0.00, 0.00, 0.00
2752, 0, 103.728, 0.93, 1, 0.62, 0.00, 0.00, 0.10, 0.00, 0.00, 0.00, 1.70, 0.00, 0.21, 0.00, 0.74, 0.00, 0.13, 0.50, 0.08, 0.24, 1.00, 0.00, 0.00, 1.00, 0.00, 0.00, 0.00, 1.00, 0.00, 0.00, 0.00, 0.00, 0.00, 1.00, 0.00, 0.00, 0.00, 0.00
2753, 0, 103.766, 0.93, 1, 0.53, 0.00, 0.00, 0.14, 0.00, 0.00, 0.00, 1.34, 0.00, 0.09, 0.00, 0.57, 0.00, 0.13, 0.21, 0.00, 0.13, 1.00, 0.00, 0.00, 1.00, 0.00, 0.00, 0.00, 1.00, 0.00, 0.00, 0.00, 0.00, 0.00, 1.00, 0.00, 0.00, 0.00, 0.00
2754, 0, 103.804, 0.98, 1, 0.52, 0.00, 0.00, 0.33, 0.00, 0.00, 0.00, 1.16, 0.00, 0.04, 0.00, 0.62, 0.00, 0.10, 0.07, 0.05, 0.00, 1.00, 0.00, 0.00, 1.00, 0.00, 0.00, 0.00, 1.00, 0.00, 0.00, 0.00, 0.00, 0.00, 1.00, 0.00, 0.00, 0.00, 0.00
2755, 0, 103.841, 0.98, 1, 0.57, 0.00, 0.00, 0.23, 0.00, 0.00, 0.00, 1.36, 0.00, 0.40, 0.07, 0.60, 0.00, 0.14, 0.09, 0.24, 0.00, 1.00, 0.00, 0.00, 1.00, 0.00, 0.00, 0.00, 1.00, 0.00, 0.00, 0.00, 0.00, 0.00, 1.00, 0.00, 0.00, 0.00, 0.00
2756, 0, 103.879, 0.98, 1, 0.61, 0.00, 0.00, 0.19, 0.00, 0.00, 0.00, 1.68, 0.00, 0.63, 0.07, 0.60, 0.00, 0.28, 0.10, 0.37, 0.00, 1.00, 0.00, 0.00, 1.00, 0.00, 0.00, 0.00, 1.00, 1.00, 0.00, 1.00, 0.00, 0.00, 1.00, 0.00, 0.00, 0.00, 0.00
2757, 0, 103.917, 0.98, 1, 0.69, 0.00, 0.00, 0.05, 0.00, 0.18, 0.00, 1.96, 0.00, 0.83, 0.07, 0.59, 0.00, 0.40, 0.10, 0.38, 0.00, 1.00, 0.00, 0.00, 1.00, 0.00, 0.00, 0.00, 1.00, 1.00, 0.00, 1.00, 0.00, 0.00, 1.00, 0.00, 0.00, 0.00, 0.00
2758, 0, 103.954, 0.93, 1, 0.61, 0.00, 0.00, 0.05, 0.00, 0.18, 0.05, 1.98, 0.06, 0.70, 0.00, 0.52, 0.00, 0.30, 0.01, 0.18, 0.00, 1.00, 0.00, 0.00, 1.00, 0.00, 0.00, 0.00, 1.00, 1.00, 0.00, 1.00, 0.00, 0.00, 1.00, 0.00, 0.00, 0.00, 0.00
2759, 0, 103.992, 0.98, 1, 0.57, 0.00, 0.00, 0.05, 0.00, 0.18, 0.10, 1.92, 0.11, 0.74, 0.00, 0.52, 0.00, 0.20, 0.00, 0.06, 0.00, 1.00, 0.00, 0.00, 1.00, 0.00, 0.00, 0.00, 1.00, 1.00, 0.00, 1.00, 0.00, 0.00, 1.00, 0.00, 0.00, 0.00, 0.00
2760, 0, 104.030, 0.98, 1, 0.60, 0.07, 0.00, 0.18, 0.00, 0.04, 0.11, 1.83, 0.17, 0.57, 0.30, 0.66, 0.02, 0.08, 0.00, 0.00, 0.00, 0.00, 0.00, 0.00, 1.00, 0.00, 0.00, 0.00, 1.00, 1.00, 0.00, 1.00, 0.00, 0.00, 1.00, 0.00, 0.00, 0.00, 0.00
2761, 0, 104.068, 0.98, 1, 0.57, 0.07, 0.00, 0.28, 0.00, 0.05, 0.15, 1.87, 0.19, 0.44, 0.52, 0.76, 0.02, 0.04, 0.00, 0.00, 0.00, 0.00, 0.00, 0.00, 1.00, 0.00, 0.00, 0.00, 1.00, 1.00, 0.00, 1.00, 0.00, 0.00, 1.00, 0.00, 0.00, 0.00, 0.00
2762, 0, 104.105, 0.98, 1, 0.45, 0.07, 0.00, 0.28, 0.00, 0.12, 0.25, 1.90, 0.23, 0.43, 0.69, 0.74, 0.02, 0.00, 0.00, 0.00, 0.00, 0.00, 1.00, 0.00, 1.00, 0.00, 0.00, 0.00, 1.00, 1.00, 0.00, 0.00, 0.00, 0.00, 1.00, 0.00, 0.00, 0.00, 0.00
2763, 0, 104.143, 0.98, 1, 0.22, 0.00, 0.00, 0.10, 0.00, 0.08, 0.40, 1.80, 0.21, 0.66, 0.45, 0.41, 0.00, 0.00, 0.00, 0.00, 0.00, 0.00, 1.00, 0.00, 1.00, 0.00, 0.00, 0.00, 1.00, 1.00, 0.00, 0.00, 0.00, 0.00, 1.00, 0.00, 0.00, 0.00, 0.00
2764, 0, 104.181, 0.98, 1, 0.09, 0.00, 0.00, 0.02, 0.00, 0.11, 0.47, 1.53, 0.12, 0.78, 0.30, 0.17, 0.00, 0.00, 0.00, 0.00, 0.00, 0.00, 1.00, 0.00, 1.00, 0.00, 0.00, 0.00, 1.00, 1.00, 0.00, 0.00, 0.00, 0.00, 1.00, 0.00, 0.00, 0.00, 0.00
2765, 0, 104.218, 0.98, 1, 0.04, 0.03, 0.00, 0.08, 0.00, 0.03, 0.46, 1.39, 0.04, 0.69, 0.20, 0.30, 0.00, 0.00, 0.00, 0.00, 0.00, 0.00, 1.00, 0.00, 1.00, 0.00, 0.00, 0.00, 1.00, 1.00, 0.00, 0.00, 0.00, 0.00, 1.00, 0.00, 0.00, 0.00, 0.00
2766, 0, 104.256, 0.98, 1, 0.05, 0.07, 0.00, 0.22, 0.00, 0.03, 0.45, 1.36, 0.03, 0.78, 0.22, 0.44, 0.00, 0.00, 0.00, 0.00, 0.00, 0.00, 1.00, 0.00, 1.00, 0.00, 0.00, 0.00, 1.00, 1.00, 0.00, 0.00, 0.00, 0.00, 0.00, 0.00, 0.00, 0.00, 0.00
2767, 0, 104.294, 0.98, 1, 0.04, 0.07, 0.00, 0.36, 0.00, 0.00, 0.41, 1.44, 0.06, 0.90, 0.43, 0.60, 0.00, 0.01, 0.01, 0.07, 0.00, 0.00, 1.00, 0.00, 1.00, 0.00, 0.00, 0.00, 0.00, 1.00, 0.00, 0.00, 0.00, 0.00, 0.00, 0.00, 0.00, 0.00, 0.00
2768, 0, 104.331, 0.98, 1, 0.09, 0.04, 0.00, 0.40, 0.00, 0.00, 0.39, 1.30, 0.11, 1.02, 0.58, 0.56, 0.00, 0.01, 0.01, 0.17, 0.00, 0.00, 0.00, 0.00, 1.00, 0.00, 0.00, 0.00, 0.00, 1.00, 0.00, 0.00, 0.00, 0.00, 0.00, 0.00, 0.00, 0.00, 0.00
2769, 0, 104.369, 0.98, 1, 0.15, 0.06, 0.00, 0.28, 0.00, 0.00, 0.47, 1.10, 0.09, 0.99, 0.50, 0.53, 0.00, 0.02, 0.01, 0.17, 0.00, 0.00, 0.00, 0.00, 1.00, 0.00, 0.00, 0.00, 1.00, 1.00, 0.00, 0.00, 0.00, 0.00, 0.00, 0.00, 0.00, 0.00, 0.00
2770, 0, 104.407, 0.98, 1, 0.20, 0.06, 0.00, 0.15, 0.01, 0.00, 0.44, 1.25, 0.23, 1.00, 0.22, 0.69, 0.00, 0.01, 0.08, 0.10, 0.00, 0.00, 0.00, 0.00, 1.00, 0.00, 0.00, 0.00, 1.00, 1.00, 1.00, 0.00, 1.00, 0.00, 0.00, 0.00, 0.00, 0.00, 0.00
2771, 0, 104.445, 0.98, 1, 0.17, 0.06, 0.00, 0.05, 0.01, 0.00, 0.41, 1.44, 0.35, 1.06, 0.00, 0.78, 0.00, 0.01, 0.18, 0.00, 0.00, 0.00, 0.00, 0.00, 1.00, 0.00, 0.00, 0.00, 1.00, 1.00, 1.00, 0.00, 1.00, 0.00, 1.00, 0.00, 0.00, 0.00, 0.00
2772, 0, 104.482, 0.98, 1, 0.16, 0.04, 0.00, 0.15, 0.01, 0.00, 0.19, 1.55, 0.63, 1.23, 0.00, 1.05, 0.00, 0.00, 0.32, 0.00, 0.00, 0.00, 0.00, 0.00, 1.00, 0.00, 0.00, 0.00, 1.00, 1.00, 1.00, 0.00, 1.00, 0.00, 1.00, 0.00, 0.00, 0.00, 0.00
2773, 0, 104.520, 0.93, 1, 0.14, 0.09, 0.00, 0.34, 0.00, 0.00, 0.10, 1.41, 0.73, 1.32, 0.00, 1.15, 0.00, 0.00, 0.36, 0.00, 0.00, 0.00, 1.00, 0.00, 1.00, 0.00, 0.00, 0.00, 1.00, 1.00, 1.00, 0.00, 1.00, 0.00, 1.00, 0.00, 0.00, 0.00, 0.00
2774, 0, 104.558, 0.93, 1, 0.17, 0.22, 0.00, 0.62, 0.04, 0.00, 0.01, 1.38, 0.89, 1.44, 0.00, 1.22, 0.00, 0.00, 0.56, 0.00, 0.00, 0.00, 1.00, 0.00, 1.00, 0.00, 0.00, 0.00, 1.00, 1.00, 1.00, 0.00, 1.00, 0.00, 1.00, 0.00, 0.00, 0.00, 0.00
2775, 0, 104.595, 0.98, 1, 0.11, 0.27, 0.00, 0.50, 0.18, 0.00, 0.07, 1.51, 0.96, 1.42, 0.00, 0.87, 0.00, 0.00, 1.00, 0.00, 0.00, 0.00, 1.00, 0.00, 1.00, 0.00, 0.00, 0.00, 1.00, 1.00, 1.00, 0.00, 0.00, 0.00, 1.00, 1.00, 0.00, 0.00, 0.00
2776, 0, 104.633, 0.98, 1, 0.19, 0.35, 0.00, 0.29, 0.22, 0.00, 0.07, 1.50, 1.06, 1.34, 0.00, 0.65, 0.04, 0.00, 1.43, 0.00, 0.04, 0.00, 1.00, 0.00, 1.00, 0.00, 0.00, 0.00, 1.00, 1.00, 1.00, 0.00, 0.00, 0.00, 1.00, 1.00, 0.00, 0.00, 0.00
2777, 0, 104.671, 0.88, 1, 0.23, 0.35, 0.00, 0.00, 0.19, 0.00, 0.07, 1.46, 1.10, 1.23, 0.00, 0.46, 0.09, 0.00, 1.61, 0.00, 0.12, 0.00, 1.00, 0.00, 1.00, 0.00, 0.00, 0.00, 1.00, 1.00, 1.00, 0.00, 0.00, 0.00, 1.00, 1.00, 0.00, 0.00, 0.00
2778, 0, 104.709, 0.88, 1, 0.40, 0.26, 0.00, 0.00, 0.06, 0.00, 0.00, 1.40, 1.11, 1.09, 0.00, 0.56, 0.09, 0.00, 1.57, 0.00, 0.19, 0.00, 1.00, 0.00, 1.00, 0.00, 0.00, 0.00, 1.00, 1.00, 1.00, 0.00, 0.00, 0.00, 1.00, 1.00, 0.00, 0.00, 0.00
2779, 0, 104.746, 0.88, 1, 0.43, 0.28, 0.00, 0.00, 0.08, 0.00, 0.06, 1.35, 1.15, 1.05, 0.00, 0.62, 0.08, 0.00, 1.40, 0.00, 0.14, 0.00, 1.00, 0.00, 1.00, 0.00, 0.00, 0.00, 1.00, 1.00, 1.00, 0.00, 0.00, 0.00, 1.00, 1.00, 0.00, 0.00, 0.00
2780, 0, 104.784, 0.88, 1, 0.33, 0.14, 0.00, 0.00, 0.14, 0.00, 0.06, 1.45, 1.16, 1.07, 0.03, 0.69, 0.02, 0.00, 1.59, 0.06, 0.07, 1.00, 1.00, 0.00, 1.00, 0.00, 0.00, 0.00, 1.00, 1.00, 1.00, 0.00, 1.00, 0.00, 1.00, 1.00, 0.00, 0.00, 0.00
2781, 0, 104.822, 0.88, 1, 0.20, 0.14, 0.00, 0.00, 0.19, 0.00, 0.06, 1.54, 1.17, 1.08, 0.20, 0.79, 0.02, 0.00, 1.72, 0.12, 0.00, 1.00, 1.00, 0.00, 1.00, 0.00, 0.00, 0.00, 1.00, 1.00, 1.00, 0.00, 1.00, 0.00, 1.00, 1.00, 0.00, 0.00, 0.00
2782, 0, 104.859, 0.88, 1, 0.18, 0.00, 0.00, 0.00, 0.19, 0.00, 0.00, 1.82, 1.12, 1.13, 0.40, 0.80, 0.14, 0.00, 1.98, 0.13, 0.00, 1.00, 1.00, 0.00, 1.00, 0.00, 0.00, 0.00, 1.00, 1.00, 1.00, 0.00, 1.00, 0.00, 1.00, 1.00, 0.00, 0.00, 0.00
2783, 0, 104.897, 0.88, 1, 0.17, 0.00, 0.00, 0.00, 0.20, 0.00, 0.00, 1.87, 1.11, 1.13, 0.62, 0.81, 0.28, 0.00, 2.07, 0.07, 0.00, 0.00, 1.00, 0.00, 1.00, 0.00, 0.00, 0.00, 1.00, 1.00, 1.00, 0.00, 1.00, 0.00, 1.00, 1.00, 0.00, 0.00, 0.00
2784, 0, 104.935, 0.88, 1, 0.13, 0.00, 0.00, 0.00, 0.26, 0.00, 0.00, 1.95, 1.14, 1.30, 0.45, 0.67, 0.37, 0.00, 2.07, 0.01, 0.00, 0.00, 1.00, 0.00, 1.00, 0.00, 0.00, 0.00, 1.00, 1.00, 1.00, 0.00, 1.00, 0.00, 1.00, 1.00, 0.00, 0.00, 0.00
2785, 0, 104.972, 0.88, 1, 0.00, 0.00, 0.00, 0.00, 0.22, 0.00, 0.00, 1.86, 1.02, 1.22, 0.32, 0.87, 0.23, 0.00, 2.24, 0.22, 0.00, 0.00, 0.00, 0.00, 1.00, 0.00, 0.00, 0.00, 1.00, 1.00, 1.00, 0.00, 1.00, 0.00, 1.00, 1.00, 0.00, 0.00, 0.00
2786, 0, 105.010, 0.88, 1, 0.00, 0.00, 0.00, 0.00, 0.20, 0.00, 0.00, 1.79, 0.96, 1.17, 0.25, 0.89, 0.09, 0.00, 2.37, 0.43, 0.14, 0.00, 0.00, 0.00, 1.00, 1.00, 0.00, 0.00, 1.00, 1.00, 0.00, 0.00, 0.00, 0.00, 1.00, 1.00, 0.00, 0.00, 0.00
2787, 0, 105.048, 0.88, 1, 0.00, 0.00, 0.00, 0.00, 0.26, 0.00, 0.00, 1.70, 0.88, 1.00, 0.25, 1.04, 0.18, 0.00, 2.63, 0.78, 0.14, 0.00, 0.00, 0.00, 1.00, 1.00, 0.00, 0.00, 1.00, 1.00, 0.00, 0.00, 0.00, 0.00, 1.00, 1.00, 0.00, 0.00, 0.00
2788, 0, 105.086, 0.88, 1, 0.06, 0.00, 0.00, 0.00, 0.35, 0.00, 0.00, 1.77, 1.02, 1.10, 0.36, 0.94, 0.18, 0.00, 2.72, 0.87, 0.14, 0.00, 0.00, 0.00, 1.00, 1.00, 0.00, 0.00, 1.00, 1.00, 0.00, 0.00, 0.00, 0.00, 1.00, 1.00, 0.00, 0.00, 0.00
2789, 0, 105.123, 0.88, 1, 0.12, 0.00, 0.00, 0.00, 0.41, 0.00, 0.00, 1.92, 1.10, 1.23, 0.35, 1.01, 0.18, 0.00, 2.69, 0.97, 0.00, 0.00, 0.00, 0.00, 1.00, 0.00, 0.00, 0.00, 1.00, 1.00, 0.00, 0.00, 0.00, 0.00, 1.00, 1.00, 0.00, 0.00, 0.00
2790, 0, 105.161, 0.88, 1, 0.13, 0.00, 0.00, 0.00, 0.28, 0.00, 0.00, 2.09, 1.19, 1.42, 0.35, 0.79, 0.00, 0.00, 2.42, 0.62, 0.00, 0.00, 0.00, 0.00, 1.00, 0.00, 0.00, 0.00, 1.00, 1.00, 0.00, 0.00, 0.00, 0.00, 1.00, 1.00, 0.00, 0.00, 0.00
2791, 0, 105.199, 0.88, 1, 0.08, 0.00, 0.00, 0.00, 0.21, 0.00, 0.00, 2.19, 1.19, 1.59, 0.43, 0.56, 0.06, 0.00, 2.20, 0.32, 0.00, 0.00, 0.00, 0.00, 1.00, 0.00, 0.00, 0.00, 1.00, 1.00, 1.00, 0.00, 0.00, 0.00, 1.00, 1.00, 0.00, 0.00, 0.00
2792, 0, 105.236, 0.88, 1, 0.01, 0.00, 0.00, 0.00, 0.11, 0.00, 0.03, 2.28, 1.17, 1.80, 0.44, 0.31, 0.06, 0.00, 2.11, 0.00, 0.00, 0.00, 0.00, 0.00, 1.00, 0.00, 0.00, 0.00, 1.00, 1.00, 1.00, 0.00, 0.00, 0.00, 1.00, 1.00, 0.00, 0.00, 0.00
2793, 0, 105.274, 0.88, 1, 0.04, 0.00, 0.00, 0.00, 0.14, 0.00, 0.03, 2.28, 1.20, 1.92, 0.59, 0.39, 0.06, 0.00, 2.22, 0.03, 0.00, 0.00, 0.00, 0.00, 1.00, 0.00, 0.00, 0.00, 1.00, 1.00, 1.00, 0.00, 0.00, 0.00, 1.00, 1.00, 0.00, 0.00, 0.00
2794, 0, 105.312, 0.88, 1, 0.23, 0.00, 0.00, 0.00, 0.14, 0.00, 0.03, 2.33, 1.11, 2.02, 0.60, 0.40, 0.00, 0.00, 2.22, 0.03, 0.00, 0.00, 0.00, 0.00, 1.00, 0.00, 0.00, 0.00, 1.00, 1.00, 1.00, 0.00, 0.00, 0.00, 1.00, 1.00, 0.00, 0.00, 0.00
2795, 0, 105.350, 0.93, 1, 0.23, 0.00, 0.00, 0.00, 0.20, 0.00, 0.00, 2.53, 1.04, 1.85, 1.42, 0.68, 0.25, 0.00, 2.24, 0.03, 0.00, 1.00, 0.00, 0.00, 1.00, 0.00, 0.00, 0.00, 1.00, 1.00, 1.00, 0.00, 0.00, 0.00, 1.00, 1.00, 0.00, 0.00, 0.00
2796, 0, 105.387, 0.93, 1, 0.31, 0.00, 0.00, 0.00, 0.15, 0.00, 0.00, 2.69, 0.85, 1.87, 2.42, 0.89, 0.36, 0.00, 2.29, 0.22, 0.03, 1.00, 0.00, 0.00, 1.00, 0.00, 0.00, 0.00, 1.00, 1.00, 1.00, 0.00, 0.00, 0.00, 1.00, 1.00, 0.00, 0.00, 0.00
2797, 0, 105.425, 0.88, 1, 0.26, 0.00, 0.00, 0.00, 0.15, 0.00, 0.00, 2.86, 0.83, 1.78, 3.59, 1.21, 0.51, 0.00, 2.59, 0.42, 0.03, 1.00, 0.00, 0.00, 1.00, 0.00, 0.00, 0.00, 1.00, 1.00, 1.00, 0.00, 0.00, 0.00, 1.00, 0.00, 0.00, 0.00, 0.00
2798, 0, 105.463, 0.93, 1, 0.33, 0.00, 0.00, 0.00, 0.08, 0.00, 0.00, 2.78, 0.66, 1.87, 3.33, 1.11, 0.49, 0.00, 2.40, 0.42, 0.03, 0.00, 0.00, 0.00, 1.00, 0.00, 0.00, 0.00, 1.00, 1.00, 0.00, 0.00, 0.00, 1.00, 1.00, 0.00, 0.00, 0.00, 0.00
2799, 0, 105.500, 0.98, 1, 0.33, 0.00, 0.00, 0.00, 0.07, 0.00, 0.00, 2.87, 0.61, 1.77, 2.98, 1.24, 0.87, 0.00, 1.99, 0.21, 0.00, 0.00, 0.00, 0.00, 1.00, 0.00, 0.00, 0.00, 1.00, 1.00, 0.00, 0.00, 0.00, 1.00, 1.00, 0.00, 0.00, 0.00, 0.00
2800, 0, 105.538, 0.98, 1, 0.22, 0.00, 0.00, 0.00, 0.03, 0.00, 0.00, 2.65, 0.44, 1.61, 1.90, 1.19, 1.02, 0.10, 1.19, 0.12, 0.02, 0.00, 0.00, 0.00, 1.00, 0.00, 0.00, 0.00, 1.00, 0.00, 0.00, 0.00, 0.00, 1.00, 1.00, 0.00, 0.00, 0.00, 0.00
2801, 0, 105.576, 0.88, 1, 0.15, 0.00, 0.00, 0.00, 0.00, 0.00, 0.00, 2.45, 0.44, 1.42, 1.43, 1.30, 0.99, 0.17, 0.79, 0.43, 0.02, 0.00, 0.00, 0.00, 1.00, 0.00, 0.00, 0.00, 1.00, 0.00, 0.00, 0.00, 0.00, 1.00, 1.00, 0.00, 0.00, 0.00, 0.00
2802, 0, 105.613, 0.88, 1, 0.03, 0.00, 0.00, 0.00, 0.11, 0.00, 0.00, 2.31, 0.43, 1.29, 0.98, 1.49, 0.70, 0.40, 0.59, 0.63, 0.02, 0.00, 0.00, 0.00, 1.00, 0.00, 0.00, 0.00, 1.00, 0.00, 0.00, 0.00, 0.00, 1.00, 1.00, 0.00, 0.00, 0.00, 0.00
2803, 0, 105.651, 0.88, 1, 0.00, 0.00, 0.00, 0.00, 0.21, 0.00, 0.00, 2.35, 0.31, 0.86, 1.19, 1.60, 0.88, 0.54, 0.95, 0.51, 0.02, 0.00, 0.00, 0.00, 0.00, 0.00, 0.00, 0.00, 1.00, 0.00, 0.00, 0.00, 0.00, 1.00, 1.00, 0.00, 0.00, 0.00, 0.00
2804, 0, 105.689, 0.88, 1, 0.00, 0.00, 0.09, 0.00, 0.32, 0.00, 0.00, 2.28, 0.20, 0.43, 1.28, 1.62, 1.23, 0.85, 1.00, 0.20, 0.02, 0.00, 0.00, 0.00, 1.00, 0.00, 0.00, 0.00, 1.00, 0.00, 0.00, 0.00, 0.00, 0.00, 1.00, 0.00, 0.00, 0.00, 0.00
2805, 0, 105.727, 0.88, 1, 0.05, 0.00, 0.10, 0.00, 0.33, 0.00, 0.00, 2.34, 0.22, 0.28, 2.15, 1.42, 1.02, 0.66, 1.37, 0.00, 0.02, 0.00, 0.00, 0.00, 1.00, 0.00, 0.00, 0.00, 1.00, 0.00, 0.00, 0.00, 0.00, 0.00, 1.00, 0.00, 0.00, 0.00, 0.00
2806, 0, 105.764, 0.88, 1, 0.19, 0.00, 0.22, 0.00, 0.28, 0.00, 0.00, 2.46, 0.43, 0.74, 2.60, 1.28, 0.54, 0.52, 1.34, 0.00, 0.00, 0.00, 0.00, 0.00, 1.00, 0.00, 0.00, 0.00, 1.00, 0.00, 0.00, 0.00, 0.00, 0.00, 1.00, 0.00, 0.00, 0.00, 0.00
2807, 0, 105.802, 0.88, 1, 0.39, 0.00, 0.25, 0.00, 0.21, 0.00, 0.03, 2.72, 0.56, 1.25, 2.72, 1.25, 0.00, 0.27, 1.44, 0.12, 0.00, 0.00, 0.00, 0.00, 1.00, 0.00, 0.00, 0.00, 1.00, 0.00, 0.00, 0.00, 0.00, 0.00, 1.00, 0.00, 0.00, 0.00, 0.00
2808, 0, 105.840, 0.88, 1, 0.59, 0.00, 0.24, 0.00, 0.10, 0.00, 0.03, 2.66, 0.54, 1.43, 2.20, 1.19, 0.00, 0.41, 0.89, 0.12, 0.00, 0.00, 0.00, 0.00, 1.00, 0.00, 0.00, 0.00, 1.00, 0.00, 0.00, 1.00, 0.00, 0.00, 1.00, 0.00, 0.00, 0.00, 0.00
2809, 0, 105.877, 0.88, 1, 0.71, 0.00, 0.12, 0.00, 0.04, 0.00, 0.03, 2.73, 0.48, 1.30, 1.87, 1.42, 0.00, 0.39, 0.47, 0.12, 0.01, 0.00, 0.00, 0.00, 1.00, 0.00, 0.00, 0.00, 1.00, 0.00, 0.00, 1.00, 0.00, 0.00, 1.00, 0.00, 0.00, 0.00, 0.00
2810, 0, 105.915, 0.98, 1, 0.78, 0.00, 0.31, 0.00, 0.05, 0.00, 0.21, 2.66, 0.31, 1.25, 1.63, 1.67, 0.00, 0.50, 0.10, 0.00, 0.01, 0.00, 0.00, 0.00, 1.00, 0.00, 0.00, 0.00, 1.00, 0.00, 0.00, 1.00, 0.00, 0.00, 0.00, 0.00, 0.00, 0.00, 0.00
2811, 0, 105.953, 0.98, 1, 0.81, 0.00, 0.68, 0.00, 0.14, 0.00, 0.32, 2.60, 0.17, 1.18, 1.25, 1.82, 0.05, 0.59, 0.07, 0.00, 0.01, 0.00, 0.00, 0.00, 1.00, 0.00, 0.00, 0.00, 1.00, 0.00, 0.00, 1.00, 1.00, 0.00, 0.00, 0.00, 0.00, 0.00, 0.00
2812, 0, 105.991, 0.98, 1, 0.71, 0.00, 0.93, 0.00, 0.25, 0.00, 0.32, 2.49, 0.03, 1.15, 1.43, 1.54, 0.05, 0.70, 0.00, 0.00, 0.00, 1.00, 0.00, 0.00, 1.00, 0.00, 0.00, 0.00, 1.00, 0.00, 0.00, 1.00, 1.00, 0.00, 0.00, 0.00, 0.00, 0.00, 0.00
2813, 0, 106.028, 0.88, 1, 0.64, 0.00, 0.62, 0.00, 0.24, 0.00, 0.11, 2.58, 0.13, 1.37, 1.75, 1.32, 0.05, 0.61, 0.00, 0.07, 0.00, 1.00, 0.00, 0.00, 1.00, 0.00, 0.00, 0.00, 1.00, 1.00, 0.00, 1.00, 1.00, 0.00, 0.00, 0.00, 0.00, 0.00, 0.00
2814, 0, 106.066, 0.98, 1, 0.56, 0.00, 0.37, 0.00, 0.24, 0.00, 0.00, 2.54, 0.35, 1.49, 1.98, 1.23, 0.00, 0.73, 0.05, 0.17, 0.00, 0.00, 0.00, 0.00, 1.00, 0.00, 0.00, 0.00, 1.00, 1.00, 0.00, 1.00, 1.00, 0.00, 1.00, 0.00, 0.00, 0.00, 0.00
2815, 0, 106.104, 0.93, 1, 0.40, 0.00, 0.12, 0.00, 0.17, 0.00, 0.00, 2.38, 0.59, 1.27, 1.66, 1.06, 0.00, 0.84, 0.29, 0.17, 0.00, 0.00, 0.00, 0.00, 1.00, 0.00, 0.00, 0.00, 1.00, 1.00, 0.00, 1.00, 0.00, 0.00, 1.00, 0.00, 0.00, 0.00, 0.00
2816, 0, 106.141, 0.88, 1, 0.21, 0.00, 0.12, 0.00, 0.15, 0.00, 0.10, 2.22, 0.71, 0.70, 1.60, 0.87, 0.00, 0.95, 0.68, 0.10, 0.00, 0.00, 0.00, 0.00, 1.00, 0.00, 0.00, 0.00, 1.00, 1.00, 0.00, 1.00, 0.00, 0.00, 1.00, 0.00, 0.00, 0.00, 0.00
2817, 0, 106.179, 0.88, 1, 0.00, 0.00, 0.00, 0.00, 0.11, 0.00, 0.10, 2.11, 0.73, 0.27, 1.73, 0.53, 0.00, 0.82, 1.01, 0.00, 0.02, 0.00, 0.00, 0.00, 1.00, 0.00, 0.00, 0.00, 1.00, 1.00, 0.00, 1.00, 0.00, 0.00, 1.00, 0.00, 0.00, 0.00, 0.00
2818, 0, 106.217, 0.88, 1, 0.00, 0.00, 0.00, 0.00, 0.10, 0.00, 0.21, 1.87, 0.74, 0.40, 1.26, 0.37, 0.00, 0.68, 1.07, 0.15, 0.02, 0.00, 0.00, 0.00, 1.00, 0.00, 0.00, 0.00, 1.00, 1.00, 0.00, 0.00, 0.00, 0.00, 1.00, 0.00, 0.00, 0.00, 0.00
2819, 0, 106.254, 0.88, 1, 0.03, 0.00, 0.00, 0.00, 0.17, 0.00, 0.35, 1.61, 0.73, 0.65, 0.79, 0.22, 0.00, 0.45, 1.02, 0.37, 0.02, 0.00, 0.00, 0.00, 1.00, 0.00, 0.00, 0.00, 1.00, 1.00, 0.00, 0.00, 0.00, 0.00, 1.00, 0.00, 0.00, 0.00, 0.00
2820, 0, 106.292, 0.88, 1, 0.03, 0.00, 0.00, 0.00, 0.16, 0.00, 0.39, 1.48, 0.68, 0.75, 0.30, 0.27, 0.09, 0.21, 1.20, 0.57, 0.00, 0.00, 0.00, 0.00, 1.00, 0.00, 0.00, 0.00, 1.00, 1.00, 0.00, 0.00, 0.00, 0.00, 1.00, 0.00, 0.00, 0.00, 0.00
2821, 0, 106.330, 0.98, 1, 0.03, 0.00, 0.00, 0.00, 0.27, 0.00, 0.27, 1.58, 0.79, 0.80, 0.66, 0.32, 0.09, 0.04, 1.42, 0.42, 0.00, 0.00, 0.00, 0.00, 1.00, 0.00, 0.00, 0.00, 1.00, 1.00, 0.00, 0.00, 0.00, 0.00, 0.00, 0.00, 0.00, 0.00, 0.00
2822, 0, 106.368, 0.98, 1, 0.00, 0.00, 0.00, 0.00, 0.31, 0.00, 0.03, 1.69, 0.96, 0.72, 1.02, 0.42, 0.09, 0.00, 1.64, 0.33, 0.00, 0.00, 0.00, 0.00, 1.00, 0.00, 0.00, 0.00, 1.00, 1.00, 0.00, 0.00, 0.00, 0.00, 0.00, 1.00, 0.00, 0.00, 0.00
2823, 0, 106.405, 0.98, 1, 0.00, 0.00, 0.00, 0.00, 0.44, 0.00, 0.00, 1.65, 1.18, 0.88, 1.19, 0.28, 0.00, 0.00, 1.75, 0.26, 0.00, 0.00, 0.00, 0.00, 1.00, 0.00, 0.00, 0.00, 1.00, 1.00, 0.00, 0.00, 0.00, 0.00, 0.00, 1.00, 0.00, 0.00, 0.00
2824, 0, 106.443, 0.98, 1, 0.00, 0.00, 0.00, 0.11, 0.49, 0.00, 0.00, 1.60, 1.22, 0.80, 0.89, 0.48, 0.00, 0.00, 1.92, 0.39, 0.00, 0.00, 0.00, 0.00, 1.00, 0.00, 0.00, 0.00, 1.00, 1.00, 0.00, 0.00, 0.00, 0.00, 0.00, 1.00, 0.00, 0.00, 0.00
2825, 0, 106.481, 0.98, 1, 0.07, 0.00, 0.00, 0.11, 0.49, 0.00, 0.00, 1.47, 1.23, 0.85, 0.88, 0.48, 0.28, 0.00, 1.97, 0.27, 0.00, 0.00, 0.00, 0.00, 1.00, 0.00, 0.00, 0.00, 1.00, 1.00, 0.00, 0.00, 0.00, 0.00, 0.00, 1.00, 0.00, 0.00, 0.00
2826, 0, 106.518, 0.98, 1, 0.07, 0.00, 0.00, 0.11, 0.43, 0.07, 0.00, 1.45, 1.24, 0.62, 0.71, 0.53, 0.35, 0.00, 1.96, 0.23, 0.00, 0.00, 0.00, 0.00, 1.00, 0.00, 0.00, 0.00, 1.00, 1.00, 0.00, 0.00, 0.00, 0.00, 0.00, 1.00, 0.00, 0.00, 0.00
2827, 0, 106.556, 0.98, 1, 0.09, 0.00, 0.00, 0.00, 0.40, 0.07, 0.02, 1.32, 1.25, 0.56, 0.71, 0.30, 0.38, 0.00, 1.94, 0.12, 0.00, 0.00, 0.00, 0.00, 1.00, 0.00, 0.00, 0.00, 1.00, 1.00, 0.00, 0.00, 0.00, 0.00, 0.00, 1.00, 0.00, 0.00, 0.00
2828, 0, 106.594, 0.98, 1, 0.02, 0.00, 0.00, 0.00, 0.40, 0.07, 0.02, 1.29, 1.24, 0.46, 0.44, 0.22, 0.11, 0.00, 2.06, 0.21, 0.00, 0.00, 0.00, 0.00, 1.00, 0.00, 0.00, 0.00, 1.00, 1.00, 0.00, 0.00, 0.00, 0.00, 0.00, 1.00, 0.00, 0.00, 0.00
2829, 0, 106.632, 0.98, 1, 0.02, 0.00, 0.00, 0.03, 0.42, 0.00, 0.12, 1.38, 1.20, 0.45, 0.22, 0.44, 0.04, 0.00, 2.03, 0.18, 0.00, 0.00, 0.00, 0.00, 1.00, 0.00, 0.00, 0.00, 1.00, 1.00, 0.00, 0.00, 0.00, 0.00, 0.00, 1.00, 0.00, 0.00, 0.00
2830, 0, 106.669, 0.98, 1, 0.07, 0.00, 0.00, 0.03, 0.36, 0.00, 0.27, 1.68, 1.16, 0.34, 0.28, 0.68, 0.01, 0.00, 1.80, 0.30, 0.19, 0.00, 0.00, 0.00, 1.00, 0.00, 1.00, 0.00, 1.00, 1.00, 0.00, 0.00, 0.00, 0.00, 0.00, 1.00, 0.00, 0.00, 0.00
2831, 0, 106.707, 0.98, 1, 0.07, 0.00, 0.00, 0.03, 0.31, 0.07, 0.42, 1.88, 1.13, 0.21, 0.54, 0.80, 0.03, 0.00, 1.43, 0.58, 0.19, 0.00, 0.00, 0.00, 1.00, 0.00, 0.00, 0.00, 1.00, 1.00, 0.00, 1.00, 0.00, 0.00, 0.00, 1.00, 0.00, 0.00, 0.00
2832, 0, 106.745, 0.93, 1, 0.07, 0.00, 0.00, 0.00, 0.26, 0.07, 0.46, 1.96, 1.08, 0.31, 0.58, 0.79, 0.03, 0.00, 1.13, 0.90, 0.19, 0.00, 0.00, 0.00, 1.00, 0.00, 0.00, 0.00, 1.00, 1.00, 0.00, 1.00, 0.00, 0.00, 0.00, 1.00, 0.00, 0.00, 0.00
2833, 0, 106.782, 0.93, 1, 0.00, 0.00, 0.00, 0.00, 0.15, 0.07, 0.55, 1.82, 1.07, 0.51, 0.38, 0.55, 0.03, 0.00, 0.67, 0.85, 0.29, 0.00, 0.00, 0.00, 1.00, 0.00, 0.00, 0.00, 1.00, 1.00, 0.00, 1.00, 0.00, 0.00, 0.00, 1.00, 0.00, 0.00, 0.00
2834, 0, 106.820, 0.98, 1, 0.00, 0.00, 0.00, 0.00, 0.07, 0.00, 0.66, 1.76, 1.03, 0.69, 0.04, 0.34, 0.00, 0.00, 0.31, 0.55, 0.55, 0.00, 0.00, 0.00, 1.00, 0.00, 0.00, 0.00, 1.00, 1.00, 1.00, 1.00, 0.00, 0.00, 1.00, 0.00, 0.00, 0.00, 0.00
2835, 0, 106.858, 0.98, 1, 0.00, 0.00, 0.00, 0.00, 0.08, 0.19, 0.72, 1.66, 0.91, 0.56, 0.00, 0.02, 0.24, 0.00, 0.00, 0.17, 0.55, 0.00, 0.00, 0.00, 1.00, 0.00, 0.00, 0.00, 1.00, 1.00, 1.00, 1.00, 0.00, 0.00, 0.00, 0.00, 0.00, 0.00, 0.00
2836, 0, 106.895, 0.98, 1, 0.00, 0.00, 0.00, 0.00, 0.11, 0.53, 0.56, 1.66, 0.78, 0.62, 0.00, 0.02, 0.42, 0.00, 0.00, 0.07, 0.35, 0.00, 0.00, 0.00, 1.00, 0.00, 0.00, 0.00, 1.00, 1.00, 1.00, 1.00, 0.00, 0.00, 0.00, 0.00, 0.00, 0.00, 0.00
2837, 0, 106.933, 0.98, 1, 0.00, 0.00, 0.00, 0.00, 0.11, 0.59, 0.37, 1.48, 0.72, 0.75, 0.00, 0.15, 0.42, 0.08, 0.00, 0.00, 0.09, 0.00, 0.00, 0.00, 1.00, 0.00, 0.00, 0.00, 1.00, 1.00, 1.00, 1.00, 0.00, 0.00, 0.00, 0.00, 0.00, 0.00, 0.00
2838, 0, 106.971, 0.98, 1, 0.00, 0.00, 0.00, 0.00, 0.04, 0.40, 0.18, 1.20, 0.80, 1.16, 0.00, 0.42, 0.17, 0.19, 0.00, 0.00, 0.10, 0.00, 0.00, 0.00, 1.00, 0.00, 0.00, 0.00, 1.00, 0.00, 1.00, 1.00, 0.00, 0.00, 1.00, 0.00, 0.00, 0.00, 0.00
2839, 0, 107.009, 0.98, 1, 0.00, 0.00, 0.00, 0.00, 0.03, 0.15, 0.07, 0.88, 0.90, 1.26, 0.00, 0.80, 0.09, 0.35, 0.08, 0.15, 0.01, 0.00, 0.00, 0.00, 1.00, 0.00, 0.00, 0.00, 1.00, 0.00, 1.00, 1.00, 0.00, 0.00, 1.00, 0.00, 0.00, 0.00, 0.00
2840, 0, 107.046, 0.98, 1, 0.00, 0.00, 0.00, 0.00, 0.16, 0.46, 0.06, 0.69, 0.90, 1.10, 0.76, 0.86, 0.14, 0.32, 0.08, 0.15, 0.01, 0.00, 0.00, 0.00, 1.00, 0.00, 0.00, 0.00, 1.00, 0.00, 1.00, 1.00, 0.00, 0.00, 1.00, 0.00, 0.00, 0.00, 0.00
2841, 0, 107.084, 0.98, 1, 0.00, 0.00, 0.00, 0.00, 0.29, 0.68, 0.10, 0.64, 0.85, 0.99, 1.41, 0.88, 0.23, 0.24, 0.14, 0.23, 0.00, 0.00, 0.00, 0.00, 1.00, 0.00, 0.00, 0.00, 1.00, 0.00, 1.00, 0.00, 0.00, 0.00, 1.00, 0.00, 0.00, 0.00, 0.00
2842, 0, 107.122, 0.98, 1, 0.00, 0.00, 0.00, 0.00, 0.28, 0.83, 0.11, 0.68, 0.84, 0.95, 2.02, 0.74, 0.14, 0.07, 0.34, 0.27, 0.00, 0.00, 0.00, 0.00, 1.00, 0.00, 0.00, 0.00, 1.00, 1.00, 1.00, 0.00, 0.00, 0.00, 1.00, 0.00, 0.00, 0.00, 0.00
2843, 0, 107.159, 0.98, 1, 0.00, 0.00, 0.00, 0.00, 0.18, 0.53, 0.14, 0.81, 0.91, 1.23, 1.61, 0.68, 0.25, 0.03, 0.70, 0.27, 0.00, 0.00, 0.00, 0.00, 1.00, 0.00, 0.00, 0.00, 1.00, 1.00, 1.00, 0.00, 0.00, 0.00, 1.00, 0.00, 0.00, 0.00, 0.00
2844, 0, 107.197, 0.93, 1, 0.00, 0.00, 0.00, 0.00, 0.11, 0.38, 0.18, 1.14, 1.02, 1.46, 1.19, 0.41, 0.30, 0.00, 1.01, 0.33, 0.00, 0.00, 0.00, 0.00, 1.00, 0.00, 0.00, 0.00, 1.00, 1.00, 1.00, 0.00, 0.00, 0.00, 1.00, 0.00, 0.00, 0.00, 1.00
2845, 0, 107.235, 0.93, 1, 0.00, 0.00, 0.00, 0.00, 0.20, 0.14, 0.25, 1.42, 1.31, 1.59, 0.58, 0.17, 0.30, 0.00, 1.39, 0.50, 0.00, 0.00, 0.00, 0.00, 1.00, 0.00, 0.00, 0.00, 1.00, 1.00, 1.00, 0.00, 0.00, 0.00, 1.00, 1.00, 0.00, 0.00, 1.00
2846, 0, 107.273, 0.93, 1, 0.00, 0.00, 0.00, 0.00, 0.28, 0.07, 0.22, 1.65, 1.56, 1.57, 0.22, 0.08, 0.14, 0.00, 1.65, 0.84, 0.00, 0.00, 0.00, 0.00, 1.00, 0.00, 0.00, 0.00, 1.00, 1.00, 1.00, 0.00, 0.00, 0.00, 1.00, 1.00, 1.00, 0.00, 1.00
2847, 0, 107.310, 0.93, 1, 0.00, 0.00, 0.00, 0.00, 0.26, 0.00, 0.16, 1.63, 1.65, 1.51, 0.09, 0.20, 0.00, 0.00, 1.87, 1.13, 0.00, 0.00, 0.00, 0.00, 1.00, 0.00, 0.00, 0.00, 1.00, 1.00, 1.00, 0.00, 0.00, 0.00, 1.00, 1.00, 1.00, 0.00, 1.00
2848, 0, 107.348, 0.93, 1, 0.00, 0.00, 0.00, 0.00, 0.19, 0.23, 0.09, 1.58, 1.49, 1.67, 0.16, 0.28, 0.00, 0.00, 1.84, 1.22, 0.00, 0.00, 0.00, 0.00, 1.00, 0.00, 0.00, 0.00, 1.00, 1.00, 1.00, 0.00, 0.00, 0.00, 1.00, 1.00, 1.00, 0.00, 1.00
2849, 0, 107.386, 0.93, 1, 0.00, 0.00, 0.00, 0.00, 0.12, 0.23, 0.02, 1.50, 1.28, 1.78, 0.23, 0.29, 0.00, 0.00, 2.00, 1.33, 0.00, 0.00, 0.00, 0.00, 1.00, 0.00, 0.00, 0.00, 1.00, 1.00, 1.00, 0.00, 0.00, 0.00, 1.00, 1.00, 1.00, 0.00, 1.00
2850, 0, 107.423, 0.98, 1, 0.00, 0.00, 0.00, 0.00, 0.32, 0.23, 0.08, 1.72, 1.35, 1.70, 0.30, 0.43, 0.00, 0.00, 1.97, 1.32, 0.00, 0.00, 0.00, 0.00, 1.00, 0.00, 0.00, 0.00, 1.00, 1.00, 1.00, 0.00, 0.00, 0.00, 1.00, 1.00, 1.00, 0.00, 1.00
2851, 0, 107.461, 0.98, 1, 0.00, 0.00, 0.00, 0.00, 0.40, 0.00, 0.10, 1.83, 1.32, 1.46, 0.53, 0.59, 0.00, 0.00, 1.99, 1.60, 0.00, 0.00, 0.00, 0.00, 1.00, 0.00, 0.00, 0.00, 1.00, 1.00, 1.00, 0.00, 0.00, 0.00, 1.00, 1.00, 1.00, 0.00, 0.00
2852, 0, 107.499, 0.98, 1, 0.00, 0.00, 0.00, 0.00, 0.51, 0.00, 0.16, 1.98, 1.37, 1.20, 0.78, 0.78, 0.00, 0.00, 1.92, 1.81, 0.00, 0.00, 0.00, 0.00, 1.00, 0.00, 0.00, 0.00, 1.00, 1.00, 1.00, 0.00, 0.00, 0.00, 1.00, 1.00, 1.00, 0.00, 0.00
2853, 0, 107.536, 0.98, 1, 0.00, 0.00, 0.00, 0.00, 0.38, 0.00, 0.10, 1.78, 1.27, 1.18, 0.78, 0.73, 0.00, 0.00, 1.97, 1.99, 0.00, 0.00, 0.00, 0.00, 1.00, 0.00, 0.00, 0.00, 1.00, 1.00, 1.00, 0.00, 0.00, 0.00, 1.00, 1.00, 1.00, 0.00, 0.00
2854, 0, 107.574, 0.93, 1, 0.00, 0.00, 0.00, 0.00, 0.48, 0.02, 0.06, 1.87, 1.25, 1.23, 0.62, 0.72, 0.00, 0.00, 1.89, 1.75, 0.00, 0.00, 0.00, 0.00, 1.00, 0.00, 0.00, 0.00, 1.00, 1.00, 1.00, 0.00, 0.00, 0.00, 1.00, 1.00, 1.00, 0.00, 0.00
2855, 0, 107.612, 0.93, 1, 0.00, 0.00, 0.00, 0.00, 0.48, 0.22, 0.05, 1.91, 1.29, 1.43, 0.30, 0.65, 0.00, 0.00, 1.88, 1.55, 0.00, 0.00, 0.00, 0.00, 1.00, 0.00, 0.00, 0.00, 1.00, 1.00, 1.00, 0.00, 0.00, 0.00, 1.00, 1.00, 1.00, 0.00, 0.00
2856, 0, 107.650, 0.93, 1, 0.00, 0.00, 0.00, 0.00, 0.40, 0.22, 0.05, 2.16, 1.33, 1.53, 0.13, 0.52, 0.08, 0.00, 1.99, 1.37, 0.00, 0.00, 0.00, 0.00, 1.00, 0.00, 0.00, 0.00, 1.00, 1.00, 1.00, 0.00, 0.00, 0.00, 1.00, 1.00, 0.00, 0.00, 0.00
2857, 0, 107.687, 0.98, 1, 0.00, 0.00, 0.00, 0.00, 0.27, 0.20, 0.05, 2.12, 1.37, 1.56, 0.01, 0.51, 0.08, 0.00, 2.03, 1.26, 0.00, 0.00, 0.00, 0.00, 1.00, 0.00, 0.00, 0.00, 1.00, 1.00, 1.00, 0.00, 0.00, 0.00, 1.00, 1.00, 0.00, 0.00, 0.00
2858, 0, 107.725, 0.98, 1, 0.00, 0.00, 0.00, 0.00, 0.22, 0.09, 0.04, 2.12, 1.33, 1.46, 0.01, 0.55, 0.16, 0.00, 1.97, 1.01, 0.00, 0.00, 0.00, 0.00, 1.00, 0.00, 0.00, 0.00, 1.00, 1.00, 1.00, 0.00, 0.00, 0.00, 1.00, 1.00, 0.00, 0.00, 0.00
2859, 0, 107.763, 0.98, 1, 0.00, 0.00, 0.00, 0.00, 0.24, 0.20, 0.08, 2.10, 1.27, 1.19, 0.01, 0.74, 0.07, 0.00, 1.88, 0.77, 0.04, 0.00, 0.00, 0.00, 1.00, 0.00, 0.00, 0.00, 1.00, 1.00, 1.00, 0.00, 0.00, 0.00, 1.00, 1.00, 0.00, 0.00, 0.00
2860, 0, 107.800, 0.93, 1, 0.00, 0.00, 0.00, 0.00, 0.26, 0.20, 0.08, 2.18, 1.39, 0.74, 0.21, 0.90, 0.07, 0.00, 2.04, 0.49, 0.04, 0.00, 0.00, 0.00, 1.00, 0.00, 0.00, 0.00, 1.00, 1.00, 1.00, 0.00, 0.00, 0.00, 1.00, 1.00, 0.00, 0.00, 0.00
2861, 0, 107.838, 0.98, 1, 0.00, 0.00, 0.00, 0.00, 0.32, 0.11, 0.04, 2.05, 1.53, 0.38, 0.35, 0.92, 0.00, 0.00, 2.03, 0.44, 0.04, 0.00, 0.00, 0.00, 1.00, 0.00, 0.00, 0.00, 1.00, 1.00, 0.00, 0.00, 0.00, 0.00, 1.00, 1.00, 0.00, 0.00, 0.00
2862, 0, 107.876, 0.98, 1, 0.00, 0.00, 0.00, 0.00, 0.44, 0.00, 0.00, 1.77, 1.69, 0.60, 0.37, 0.92, 0.00, 0.00, 2.01, 0.34, 0.00, 0.00, 0.00, 0.00, 1.00, 0.00, 0.00, 0.00, 1.00, 1.00, 0.00, 0.00, 0.00, 0.00, 1.00, 1.00, 0.00, 0.00, 0.00
2863, 0, 107.914, 0.98, 1, 0.00, 0.00, 0.00, 0.00, 0.42, 0.00, 0.00, 1.36, 1.66, 0.77, 0.22, 0.89, 0.00, 0.00, 1.80, 0.23, 0.15, 0.00, 0.00, 0.00, 1.00, 0.00, 0.00, 0.00, 1.00, 1.00, 0.00, 0.00, 0.00, 0.00, 1.00, 1.00, 0.00, 0.00, 0.00
2864, 0, 107.951, 0.98, 1, 0.00, 0.00, 0.00, 0.00, 0.35, 0.00, 0.00, 1.19, 1.62, 0.85, 0.22, 0.99, 0.00, 0.00, 1.73, 0.09, 0.26, 0.00, 0.00, 0.00, 1.00, 0.00, 0.00, 0.00, 1.00, 1.00, 0.00, 0.00, 0.00, 0.00, 1.00, 1.00, 0.00, 0.00, 0.00
2865, 0, 107.989, 0.98, 1, 0.00, 0.00, 0.00, 0.00, 0.37, 0.00, 0.06, 1.14, 1.70, 0.73, 0.20, 0.76, 0.00, 0.00, 1.86, 0.13, 0.34, 0.00, 0.00, 0.00, 1.00, 0.00, 0.00, 0.00, 1.00, 1.00, 1.00, 0.00, 0.00, 0.00, 0.00, 1.00, 0.00, 0.00, 0.00
2866, 0, 108.027, 0.98, 1, 0.00, 0.00, 0.00, 0.00, 0.41, 0.00, 0.06, 1.19, 1.82, 0.96, 0.15, 0.39, 0.00, 0.00, 2.01, 0.29, 0.24, 0.00, 0.00, 0.00, 1.00, 0.00, 0.00, 0.00, 1.00, 1.00, 1.00, 0.00, 0.00, 0.00, 0.00, 1.00, 0.00, 0.00, 0.00
2867, 0, 108.064, 0.98, 1, 0.00, 0.00, 0.00, 0.00, 0.44, 0.00, 0.08, 1.17, 1.87, 1.12, 0.00, 0.10, 0.12, 0.00, 2.10, 0.29, 0.13, 0.00, 0.00, 0.00, 1.00, 0.00, 0.00, 0.00, 1.00, 1.00, 1.00, 0.00, 0.00, 0.00, 0.00, 1.00, 0.00, 0.00, 0.00
2868, 0, 108.102, 0.93, 1, 0.00, 0.00, 0.00, 0.00, 0.42, 0.06, 0.03, 0.96, 1.82, 1.32, 0.00, 0.06, 0.25, 0.00, 2.02, 0.17, 0.05, 0.00, 0.00, 0.00, 1.00, 1.00, 0.00, 0.00, 1.00, 1.00, 1.00, 0.00, 0.00, 0.00, 0.00, 1.00, 0.00, 0.00, 0.00
2869, 0, 108.140, 0.93, 1, 0.00, 0.00, 0.00, 0.00, 0.45, 0.14, 0.08, 0.87, 1.78, 1.52, 0.00, 0.27, 0.25, 0.00, 2.02, 0.00, 0.00, 0.00, 0.00, 0.00, 1.00, 1.00, 0.00, 0.00, 1.00, 1.00, 1.00, 0.00, 0.00, 0.00, 0.00, 1.00, 0.00, 0.00, 0.00
2870, 0, 108.177, 0.93, 1, 0.00, 0.00, 0.00, 0.00, 0.56, 0.14, 0.06, 0.96, 1.77, 1.79, 0.54, 0.44, 0.21, 0.00, 1.93, 0.01, 0.00, 0.00, 0.00, 0.00, 1.00, 1.00, 0.00, 0.00, 1.00, 1.00, 1.00, 0.00, 0.00, 0.00, 0.00, 1.00, 0.00, 0.00, 0.00
2871, 0, 108.215, 0.98, 1, 0.00, 0.00, 0.00, 0.00, 0.51, 0.08, 0.06, 1.19, 1.79, 1.84, 0.78, 0.70, 0.08, 0.00, 2.03, 0.06, 0.00, 0.00, 0.00, 0.00, 1.00, 1.00, 0.00, 0.00, 1.00, 1.00, 1.00, 0.00, 0.00, 0.00, 0.00, 1.00, 0.00, 0.00, 0.00
2872, 0, 108.253, 0.93, 1, 0.00, 0.00, 0.00, 0.00, 0.46, 0.04, 0.00, 1.29, 1.76, 1.79, 1.12, 0.66, 0.15, 0.00, 2.04, 0.06, 0.00, 0.00, 0.00, 0.00, 1.00, 0.00, 1.00, 0.00, 1.00, 1.00, 1.00, 0.00, 0.00, 0.00, 0.00, 1.00, 0.00, 0.00, 0.00
2873, 0, 108.291, 0.93, 1, 0.00, 0.00, 0.00, 0.01, 0.27, 0.04, 0.00, 1.45, 1.73, 1.83, 0.62, 0.66, 0.14, 0.00, 2.07, 0.16, 0.00, 0.00, 0.00, 0.00, 1.00, 0.00, 0.00, 0.00, 1.00, 1.00, 1.00, 0.00, 0.00, 0.00, 1.00, 1.00, 0.00, 0.00, 0.00
2874, 0, 108.328, 0.93, 1, 0.08, 0.00, 0.00, 0.01, 0.19, 0.17, 0.00, 1.50, 1.68, 1.65, 0.47, 0.55, 0.21, 0.00, 1.87, 0.10, 0.15, 0.00, 0.00, 0.00, 1.00, 0.00, 0.00, 0.00, 1.00, 1.00, 1.00, 0.00, 0.00, 0.00, 1.00, 1.00, 0.00, 0.00, 0.00
2875, 0, 108.366, 0.88, 1, 0.19, 0.00, 0.00, 0.17, 0.21, 0.13, 0.10, 1.66, 1.68, 1.42, 0.29, 0.51, 0.16, 0.00, 1.46, 0.10, 0.31, 0.00, 0.00, 0.00, 1.00, 0.00, 0.00, 0.00, 1.00, 1.00, 1.00, 0.00, 0.00, 0.00, 1.00, 1.00, 0.00, 0.00, 0.00
2876, 0, 108.404, 0.88, 1, 0.31, 0.00, 0.00, 0.29, 0.29, 0.13, 0.21, 1.64, 1.70, 1.10, 0.50, 0.37, 0.14, 0.00, 1.15, 0.00, 0.45, 0.00, 0.00, 0.00, 1.00, 0.00, 0.00, 0.00, 1.00, 1.00, 1.00, 0.00, 0.00, 0.00, 0.00, 1.00, 0.00, 0.00, 0.00
2877, 0, 108.441, 0.88, 1, 0.23, 0.00, 0.00, 0.29, 0.36, 0.00, 0.21, 1.92, 1.76, 1.26, 0.42, 0.47, 0.08, 0.00, 1.01, 0.00, 0.45, 0.00, 0.00, 0.00, 1.00, 0.00, 0.00, 0.00, 1.00, 1.00, 1.00, 0.00, 0.00, 0.00, 0.00, 1.00, 0.00, 0.00, 0.00
2878, 0, 108.479, 0.88, 1, 0.11, 0.00, 0.00, 0.13, 0.30, 0.00, 0.11, 1.90, 1.85, 1.44, 0.25, 0.34, 0.19, 0.00, 1.14, 0.00, 0.56, 0.00, 0.00, 0.00, 1.00, 0.00, 0.00, 0.00, 1.00, 1.00, 1.00, 0.00, 0.00, 0.00, 0.00, 1.00, 0.00, 0.00, 0.00
2879, 0, 108.517, 0.93, 1, 0.01, 0.00, 0.00, 0.00, 0.29, 0.00, 0.00, 1.83, 1.92, 1.40, 0.00, 0.25, 0.20, 0.00, 1.32, 0.00, 0.54, 0.00, 0.00, 0.00, 1.00, 0.00, 0.00, 0.00, 1.00, 1.00, 1.00, 0.00, 0.00, 0.00, 0.00, 1.00, 0.00, 0.00, 0.00
2880, 0, 108.555, 0.93, 1, 0.04, 0.36, 0.00, 0.00, 0.23, 0.00, 0.00, 1.26, 1.79, 0.87, 0.32, 0.24, 0.18, 0.00, 1.43, 0.00, 0.42, 0.00, 0.00, 0.00, 1.00, 1.00, 0.00, 0.00, 1.00, 1.00, 1.00, 0.00, 1.00, 0.00, 0.00, 1.00, 0.00, 0.00, 0.00
2881, 0, 108.592, 0.98, 1, 0.04, 0.43, 0.00, 0.00, 0.26, 0.00, 0.01, 1.08, 1.59, 0.55, 0.56, 0.41, 0.13, 0.00, 1.57, 0.00, 0.14, 0.00, 0.00, 0.00, 1.00, 1.00, 0.00, 0.00, 1.00, 1.00, 1.00, 0.00, 1.00, 0.00, 0.00, 1.00, 0.00, 0.00, 0.00
2882, 0, 108.630, 0.98, 1, 0.02, 0.48, 0.00, 0.00, 0.22, 0.00, 0.01, 0.95, 1.45, 0.41, 0.80, 0.63, 0.11, 0.00, 1.65, 0.00, 0.02, 0.00, 0.00, 0.00, 1.00, 1.00, 0.00, 0.00, 1.00, 1.00, 0.00, 0.00, 0.00, 0.00, 1.00, 1.00, 0.00, 0.00, 0.00
2883, 0, 108.668, 0.98, 1, 0.00, 0.26, 0.00, 0.00, 0.30, 0.00, 0.01, 1.04, 1.47, 0.34, 0.58, 0.45, 0.11, 0.00, 1.65, 0.00, 0.00, 0.00, 0.00, 0.00, 1.00, 1.00, 0.00, 0.00, 1.00, 1.00, 0.00, 0.00, 1.00, 0.00, 1.00, 1.00, 0.00, 0.00, 0.00
2884, 0, 108.705, 0.98, 1, 0.00, 0.25, 0.00, 0.00, 0.41, 0.00, 0.00, 1.00, 1.58, 0.16, 0.55, 0.33, 0.05, 0.00, 1.48, 0.00, 0.05, 0.00, 0.00, 0.00, 1.00, 1.00, 0.00, 0.00, 1.00, 1.00, 0.00, 0.00, 1.00, 0.00, 1.00, 1.00, 0.00, 0.00, 0.00
2885, 0, 108.743, 0.98, 1, 0.00, 0.20, 0.00, 0.00, 0.45, 0.00, 0.00, 1.01, 1.61, 0.12, 0.31, 0.36, 0.02, 0.00, 1.52, 0.00, 0.05, 0.00, 0.00, 0.00, 1.00, 1.00, 0.00, 0.00, 1.00, 1.00, 0.00, 0.00, 1.00, 0.00, 0.00, 1.00, 0.00, 0.00, 0.00
2886, 0, 108.781, 0.98, 1, 0.00, 0.06, 0.00, 0.00, 0.36, 0.00, 0.07, 1.10, 1.55, 0.28, 0.21, 0.41, 0.05, 0.00, 1.57, 0.00, 0.05, 0.00, 0.00, 0.00, 1.00, 0.00, 1.00, 0.00, 1.00, 1.00, 0.00, 0.00, 1.00, 0.00, 0.00, 1.00, 0.00, 0.00, 1.00
2887, 0, 108.818, 0.98, 1, 0.00, 0.00, 0.00, 0.00, 0.28, 0.00, 0.16, 1.19, 1.43, 0.28, 0.00, 0.57, 0.05, 0.00, 1.70, 0.00, 0.01, 0.00, 0.00, 0.00, 1.00, 0.00, 1.00, 0.00, 1.00, 1.00, 0.00, 0.00, 0.00, 0.00, 0.00, 1.00, 0.00, 0.00, 1.00
2888, 0, 108.856, 0.98, 1, 0.00, 0.00, 0.00, 0.00, 0.27, 0.00, 0.21, 1.29, 1.43, 0.16, 0.00, 0.39, 0.03, 0.00, 1.62, 0.00, 0.02, 0.00, 0.00, 0.00, 1.00, 0.00, 1.00, 0.00, 1.00, 1.00, 0.00, 0.00, 0.00, 0.00, 0.00, 1.00, 0.00, 0.00, 1.00
2889, 0, 108.894, 0.98, 1, 0.00, 0.00, 0.00, 0.00, 0.31, 0.00, 0.14, 1.37, 1.52, 0.00, 0.00, 0.44, 0.00, 0.00, 1.55, 0.00, 0.02, 0.00, 0.00, 0.00, 1.00, 0.00, 1.00, 0.00, 1.00, 1.00, 0.00, 0.00, 0.00, 0.00, 0.00, 1.00, 0.00, 0.00, 1.00
2890, 0, 108.932, 0.98, 1, 0.00, 0.00, 0.00, 0.00, 0.36, 0.00, 0.05, 1.27, 1.62, 0.00, 0.00, 0.41, 0.02, 0.00, 1.52, 0.11, 0.15, 0.00, 0.00, 0.00, 1.00, 0.00, 0.00, 0.00, 1.00, 1.00, 0.00, 0.00, 0.00, 0.00, 0.00, 1.00, 0.00, 0.00, 0.00
2891, 0, 108.969, 0.98, 1, 0.00, 0.00, 0.00, 0.00, 0.38, 0.00, 0.00, 1.19, 1.66, 0.09, 0.00, 0.34, 0.02, 0.00, 1.50, 0.11, 0.22, 0.00, 0.00, 0.00, 1.00, 0.00, 0.00, 0.00, 1.00, 1.00, 0.00, 0.00, 0.00, 0.00, 0.00, 1.00, 0.00, 0.00, 0.00
2892, 0, 109.007, 0.98, 1, 0.00, 0.00, 0.00, 0.00, 0.40, 0.00, 0.00, 1.22, 1.68, 0.24, 0.00, 0.18, 0.02, 0.00, 1.59, 0.11, 0.35, 0.00, 0.00, 0.00, 1.00, 1.00, 0.00, 0.00, 1.00, 1.00, 0.00, 0.00, 0.00, 0.00, 0.00, 1.00, 0.00, 0.00, 0.00
2893, 0, 109.045, 0.98, 1, 0.00, 0.00, 0.00, 0.00, 0.33, 0.00, 0.03, 1.37, 1.73, 0.51, 0.00, 0.00, 0.14, 0.00, 1.77, 0.00, 0.22, 0.00, 0.00, 0.00, 1.00, 1.00, 0.00, 0.00, 1.00, 1.00, 0.00, 0.00, 0.00, 0.00, 0.00, 1.00, 0.00, 0.00, 0.00
2894, 0, 109.082, 0.98, 1, 0.00, 0.00, 0.00, 0.00, 0.37, 0.00, 0.06, 1.55, 1.78, 0.79, 0.00, 0.04, 0.33, 0.00, 1.88, 0.00, 0.22, 0.00, 0.00, 0.00, 1.00, 1.00, 0.00, 0.00, 1.00, 1.00, 0.00, 0.00, 0.00, 0.00, 0.00, 1.00, 0.00, 0.00, 0.00
2895, 0, 109.120, 0.98, 1, 0.00, 0.00, 0.00, 0.00, 0.53, 0.00, 0.06, 1.66, 1.86, 0.84, 0.08, 0.30, 0.40, 0.00, 1.61, 0.00, 0.21, 0.00, 0.00, 0.00, 1.00, 1.00, 1.00, 0.00, 1.00, 1.00, 0.00, 0.00, 0.00, 0.00, 0.00, 1.00, 0.00, 0.00, 0.00
2896, 0, 109.158, 0.98, 1, 0.00, 0.00, 0.00, 0.00, 0.69, 0.00, 0.03, 1.79, 1.89, 0.76, 0.16, 0.56, 0.32, 0.00, 1.24, 0.00, 0.38, 0.00, 0.00, 0.00, 1.00, 1.00, 1.00, 0.00, 1.00, 1.00, 0.00, 0.00, 0.00, 0.00, 0.00, 1.00, 0.00, 0.00, 0.00
2897, 0, 109.196, 0.98, 1, 0.00, 0.00, 0.00, 0.00, 0.69, 0.03, 0.00, 1.77, 1.87, 0.48, 0.32, 0.71, 0.18, 0.00, 0.95, 0.00, 0.33, 0.00, 0.00, 0.00, 1.00, 1.00, 1.00, 0.00, 1.00, 1.00, 0.00, 0.00, 0.00, 0.00, 0.00, 1.00, 0.00, 0.00, 0.00
2898, 0, 109.233, 0.98, 1, 0.00, 0.00, 0.00, 0.00, 0.47, 0.03, 0.00, 1.86, 1.75, 0.34, 0.24, 0.58, 0.11, 0.00, 0.98, 0.00, 0.22, 0.00, 0.00, 0.00, 1.00, 1.00, 1.00, 0.00, 1.00, 1.00, 0.00, 0.00, 0.00, 0.00, 0.00, 1.00, 0.00, 0.00, 0.00
2899, 0, 109.271, 0.98, 1, 0.00, 0.00, 0.00, 0.00, 0.35, 0.03, 0.04, 1.97, 1.60, 0.14, 0.25, 0.45, 0.05, 0.00, 1.11, 0.08, 0.04, 0.00, 0.00, 0.00, 1.00, 1.00, 1.00, 0.00, 1.00, 1.00, 0.00, 0.00, 0.00, 0.00, 0.00, 1.00, 0.00, 0.00, 0.00
2900, 0, 109.309, 0.98, 1, 0.00, 0.00, 0.00, 0.00, 0.29, 0.00, 0.16, 1.69, 1.48, 0.27, 0.11, 0.27, 0.00, 0.00, 1.14, 0.08, 0.12, 0.00, 0.00, 0.00, 1.00, 1.00, 1.00, 0.00, 1.00, 1.00, 0.00, 0.00, 0.00, 0.00, 0.00, 1.00, 0.00, 0.00, 0.00
2901, 0, 109.346, 0.93, 1, 0.00, 0.00, 0.00, 0.00, 0.35, 0.00, 0.19, 1.23, 1.43, 0.45, 0.11, 0.13, 0.03, 0.00, 1.33, 0.08, 0.35, 0.00, 0.00, 0.00, 1.00, 1.00, 1.00, 0.00, 1.00, 1.00, 0.00, 0.00, 0.00, 0.00, 0.00, 1.00, 0.00, 0.00, 0.00
2902, 0, 109.384, 0.88, 1, 0.00, 0.00, 0.00, 0.00, 0.32, 0.00, 0.16, 1.04, 1.50, 0.78, 0.03, 0.00, 0.03, 0.00, 1.38, 0.01, 0.67, 0.00, 0.00, 0.00, 1.00, 1.00, 1.00, 0.00, 1.00, 1.00, 0.00, 0.00, 0.00, 0.00, 0.00, 1.00, 0.00, 0.00, 0.00
2903, 0, 109.422, 0.88, 1, 0.00, 0.00, 0.00, 0.00, 0.25, 0.00, 0.08, 1.29, 1.61, 0.99, 0.00, 0.13, 0.03, 0.00, 1.58, 0.11, 0.85, 0.00, 0.00, 0.00, 1.00, 1.00, 0.00, 0.00, 1.00, 1.00, 0.00, 0.00, 0.00, 0.00, 1.00, 1.00, 0.00, 0.00, 1.00
2904, 0, 109.459, 0.88, 1, 0.07, 0.03, 0.00, 0.00, 0.27, 0.00, 0.10, 1.64, 1.73, 1.07, 0.00, 0.34, 0.00, 0.00, 1.64, 0.21, 0.91, 0.00, 0.00, 0.00, 1.00, 1.00, 0.00, 0.00, 1.00, 1.00, 0.00, 0.00, 0.00, 0.00, 1.00, 1.00, 0.00, 0.00, 1.00
2905, 0, 109.497, 0.88, 1, 0.08, 0.04, 0.00, 0.00, 0.24, 0.00, 0.28, 1.60, 1.56, 1.08, 0.25, 0.34, 0.00, 0.00, 1.66, 0.24, 0.71, 0.00, 0.00, 0.00, 1.00, 1.00, 0.00, 0.00, 1.00, 1.00, 0.00, 0.00, 0.00, 0.00, 1.00, 1.00, 0.00, 0.00, 1.00
2906, 0, 109.535, 0.88, 1, 0.13, 0.05, 0.00, 0.00, 0.34, 0.00, 0.51, 1.51, 1.38, 0.98, 0.25, 0.26, 0.00, 0.00, 1.61, 0.28, 0.53, 0.00, 0.00, 0.00, 1.00, 1.00, 0.00, 0.00, 1.00, 1.00, 0.00, 0.00, 0.00, 0.00, 1.00, 1.00, 0.00, 0.00, 1.00
2907, 0, 109.573, 0.88, 1, 0.18, 0.02, 0.00, 0.00, 0.40, 0.00, 0.56, 1.63, 1.16, 0.86, 0.38, 0.07, 0.00, 0.00, 1.70, 0.24, 0.31, 0.00, 0.00, 0.00, 1.00, 0.00, 0.00, 0.00, 1.00, 1.00, 0.00, 0.00, 0.00, 0.00, 1.00, 1.00, 0.00, 0.00, 1.00
2908, 0, 109.610, 0.88, 1, 0.32, 0.04, 0.00, 0.00, 0.45, 0.00, 0.47, 1.85, 1.22, 0.70, 0.13, 0.13, 0.00, 0.00, 1.78, 0.28, 0.19, 0.00, 0.00, 0.00, 1.00, 1.00, 0.00, 0.00, 1.00, 1.00, 0.00, 0.00, 0.00, 0.00, 1.00, 1.00, 0.00, 0.00, 0.00
2909, 0, 109.648, 0.88, 1, 0.31, 0.03, 0.00, 0.00, 0.42, 0.00, 0.29, 2.02, 1.26, 0.38, 0.15, 0.24, 0.00, 0.00, 1.70, 0.25, 0.12, 0.00, 0.00, 0.00, 1.00, 0.00, 0.00, 0.00, 1.00, 1.00, 0.00, 0.00, 0.00, 0.00, 0.00, 1.00, 0.00, 0.00, 0.00
2910, 0, 109.686, 0.88, 1, 0.19, 0.15, 0.00, 0.00, 0.34, 0.00, 0.18, 1.57, 1.42, 0.37, 0.25, 0.23, 0.00, 0.00, 1.58, 0.19, 0.05, 0.00, 0.00, 0.00, 1.00, 0.00, 0.00, 0.00, 1.00, 1.00, 0.00, 0.00, 0.00, 0.00, 0.00, 1.00, 0.00, 0.00, 0.00
2911, 0, 109.723, 0.93, 1, 0.16, 0.21, 0.00, 0.00, 0.25, 0.00, 0.09, 1.24, 1.50, 0.37, 0.34, 0.16, 0.00, 0.00, 1.28, 0.11, 0.12, 0.00, 0.00, 0.00, 1.00, 0.00, 0.00, 0.00, 1.00, 1.00, 0.00, 0.00, 0.00, 0.00, 0.00, 1.00, 0.00, 0.00, 0.00
2912, 0, 109.761, 0.93, 1, 0.27, 0.29, 0.00, 0.00, 0.16, 0.00, 0.01, 0.93, 1.56, 0.50, 0.38, 0.00, 0.00, 0.00, 1.16, 0.00, 0.12, 0.00, 0.00, 0.00, 1.00, 0.00, 0.00, 0.00, 1.00, 1.00, 0.00, 0.00, 0.00, 0.00, 0.00, 1.00, 0.00, 0.00, 0.00
2913, 0, 109.799, 0.93, 1, 0.33, 0.17, 0.00, 0.00, 0.11, 0.00, 0.01, 1.00, 1.56, 0.44, 0.19, 0.00, 0.00, 0.00, 0.86, 0.00, 0.30, 0.00, 0.00, 0.00, 1.00, 0.00, 0.00, 0.00, 1.00, 1.00, 0.00, 0.00, 0.00, 0.00, 0.00, 1.00, 0.00, 0.00, 0.00
2914, 0, 109.837, 0.93, 1, 0.25, 0.08, 0.00, 0.00, 0.16, 0.00, 0.06, 0.99, 1.61, 0.34, 0.10, 0.00, 0.03, 0.00, 0.97, 0.00, 0.26, 0.00, 0.00, 0.00, 1.00, 0.00, 0.00, 0.00, 1.00, 1.00, 0.00, 0.00, 0.00, 0.00, 0.00, 1.00, 0.00, 0.00, 0.00
2915, 0, 109.874, 0.93, 1, 0.12, 0.04, 0.00, 0.00, 0.32, 0.17, 0.15, 1.08, 1.60, 0.22, 0.04, 0.15, 0.03, 0.00, 1.04, 0.00, 0.22, 0.00, 0.00, 0.00, 1.00, 0.00, 0.00, 0.00, 1.00, 1.00, 0.00, 0.00, 0.00, 0.00, 0.00, 1.00, 0.00, 0.00, 0.00
2916, 0, 109.912, 0.93, 1, 0.06, 0.04, 0.00, 0.00, 0.39, 0.17, 0.18, 1.18, 1.58, 0.13, 0.00, 0.20, 0.12, 0.00, 1.19, 0.00, 0.12, 0.00, 0.00, 0.00, 1.00, 1.00, 0.00, 0.00, 1.00, 1.00, 0.00, 0.00, 0.00, 0.00, 0.00, 1.00, 0.00, 0.00, 0.00
2917, 0, 109.950, 0.98, 1, 0.04, 0.04, 0.00, 0.00, 0.41, 0.17, 0.22, 1.20, 1.51, 0.21, 0.00, 0.27, 0.16, 0.00, 1.11, 0.00, 0.26, 0.00, 0.00, 0.00, 1.00, 1.00, 0.00, 0.00, 1.00, 1.00, 0.00, 0.00, 0.00, 0.00, 0.00, 1.00, 0.00, 0.00, 0.00
2918, 0, 109.987, 0.93, 1, 0.00, 0.00, 0.00, 0.00, 0.41, 0.03, 0.25, 1.20, 1.58, 0.49, 0.00, 0.12, 0.16, 0.00, 1.10, 0.00, 0.44, 0.00, 0.00, 0.00, 1.00, 1.00, 0.00, 0.00, 1.00, 1.00, 0.00, 0.00, 0.00, 0.00, 0.00, 1.00, 0.00, 0.00, 0.00
2919, 0, 110.025, 0.93, 1, 0.00, 0.00, 0.00, 0.00, 0.47, 0.07, 0.39, 1.08, 1.54, 0.83, 0.00, 0.07, 0.06, 0.00, 1.04, 0.00, 0.42, 0.00, 0.00, 0.00, 1.00, 1.00, 0.00, 0.00, 1.00, 1.00, 0.00, 0.00, 0.00, 0.00, 0.00, 1.00, 0.00, 0.00, 0.00
2920, 0, 110.063, 0.93, 1, 0.00, 0.00, 0.00, 0.00, 0.53, 0.07, 0.34, 0.92, 1.36, 0.66, 0.85, 0.16, 0.22, 0.00, 1.19, 0.00, 0.26, 0.00, 0.00, 0.00, 1.00, 1.00, 0.00, 0.00, 1.00, 1.00, 0.00, 0.00, 0.00, 0.00, 0.00, 1.00, 0.00, 0.00, 0.00
2921, 0, 110.100, 0.93, 1, 0.00, 0.00, 0.00, 0.00, 0.50, 0.05, 0.21, 0.85, 1.18, 0.52, 1.61, 0.27, 0.22, 0.00, 1.27, 0.00, 0.18, 0.00, 0.00, 0.00, 1.00, 1.00, 0.00, 0.00, 1.00, 1.00, 0.00, 0.00, 0.00, 0.00, 0.00, 1.00, 0.00, 0.00, 0.00
2922, 0, 110.138, 0.93, 1, 0.00, 0.00, 0.00, 0.00, 0.46, 0.00, 0.05, 0.93, 1.06, 0.21, 2.59, 0.47, 0.38, 0.00, 1.34, 0.00, 0.13, 0.00, 0.00, 0.00, 1.00, 1.00, 0.00, 0.00, 1.00, 1.00, 0.00, 0.00, 0.00, 0.00, 0.00, 1.00, 0.00, 0.00, 0.00
2923, 0, 110.176, 0.93, 1, 0.08, 0.04, 0.00, 0.00, 0.39, 0.00, 0.01, 1.06, 1.11, 0.32, 2.59, 0.63, 0.32, 0.00, 1.36, 0.01, 0.13, 0.00, 0.00, 0.00, 1.00, 1.00, 0.00, 0.00, 1.00, 1.00, 0.00, 0.00, 0.00, 0.00, 0.00, 1.00, 0.00, 0.00, 0.00
2924, 0, 110.214, 0.93, 1, 0.14, 0.08, 0.00, 0.00, 0.33, 0.00, 0.01, 1.08, 1.13, 0.33, 2.62, 0.85, 0.33, 0.00, 1.40, 0.01, 0.03, 0.00, 0.00, 0.00, 1.00, 1.00, 0.00, 0.00, 1.00, 1.00, 0.00, 0.00, 0.00, 0.00, 1.00, 1.00, 0.00, 0.00, 0.00
2925, 0, 110.251, 0.93, 1, 0.14, 0.08, 0.00, 0.00, 0.23, 0.00, 0.00, 1.00, 1.16, 0.46, 1.78, 0.70, 0.17, 0.00, 1.43, 0.01, 0.00, 0.00, 0.00, 0.00, 1.00, 1.00, 0.00, 0.00, 1.00, 1.00, 0.00, 0.00, 0.00, 0.00, 1.00, 1.00, 0.00, 0.00, 0.00
2926, 0, 110.289, 0.93, 1, 0.07, 0.04, 0.00, 0.00, 0.14, 0.00, 0.00, 1.08, 1.22, 0.54, 1.21, 0.49, 0.10, 0.00, 1.45, 0.00, 0.00, 0.00, 0.00, 0.00, 1.00, 1.00, 0.00, 0.00, 1.00, 1.00, 0.00, 0.00, 0.00, 0.00, 1.00, 1.00, 0.00, 0.00, 0.00
2927, 0, 110.327, 0.98, 1, 0.00, 0.00, 0.00, 0.00, 0.09, 0.00, 0.00, 1.12, 1.32, 0.62, 0.81, 0.31, 0.36, 0.00, 1.49, 0.00, 0.00, 0.00, 0.00, 0.00, 1.00, 1.00, 0.00, 0.00, 1.00, 1.00, 0.00, 0.00, 0.00, 0.00, 1.00, 1.00, 0.00, 0.00, 0.00
2928, 0, 110.364, 0.98, 1, 0.00, 0.00, 0.00, 0.00, 0.15, 0.00, 0.00, 1.14, 1.33, 0.61, 0.67, 0.29, 0.56, 0.00, 1.56, 0.00, 0.00, 0.00, 0.00, 0.00, 1.00, 1.00, 0.00, 0.00, 1.00, 1.00, 0.00, 0.00, 0.00, 0.00, 1.00, 1.00, 0.00, 0.00, 0.00
2929, 0, 110.402, 0.98, 1, 0.00, 0.00, 0.00, 0.00, 0.25, 0.00, 0.00, 1.10, 1.29, 0.50, 0.40, 0.23, 0.72, 0.00, 1.70, 0.00, 0.00, 0.00, 0.00, 0.00, 1.00, 1.00, 0.00, 0.00, 1.00, 1.00, 0.00, 0.00, 0.00, 0.00, 0.00, 1.00, 0.00, 0.00, 0.00
2930, 0, 110.440, 0.98, 1, 0.00, 0.00, 0.00, 0.00, 0.34, 0.00, 0.02, 1.10, 1.14, 0.28, 0.30, 0.19, 0.63, 0.00, 1.65, 0.00, 0.01, 0.00, 0.00, 0.00, 1.00, 1.00, 0.00, 0.00, 1.00, 1.00, 0.00, 0.00, 0.00, 0.00, 0.00, 1.00, 0.00, 0.00, 0.00
2931, 0, 110.478, 0.88, 1, 0.00, 0.00, 0.00, 0.00, 0.36, 0.00, 0.04, 1.15, 1.13, 0.10, 0.45, 0.27, 0.50, 0.00, 1.51, 0.00, 0.07, 0.00, 0.00, 0.00, 1.00, 1.00, 0.00, 0.00, 1.00, 1.00, 0.00, 0.00, 0.00, 0.00, 0.00, 1.00, 0.00, 0.00, 0.00
2932, 0, 110.515, 0.93, 1, 0.00, 0.00, 0.00, 0.00, 0.39, 0.00, 0.06, 1.02, 1.19, 0.11, 0.59, 0.35, 0.24, 0.00, 1.24, 0.00, 0.07, 0.00, 0.00, 0.00, 1.00, 1.00, 0.00, 0.00, 1.00, 1.00, 0.00, 0.00, 0.00, 0.00, 0.00, 1.00, 0.00, 0.00, 0.00
2933, 0, 110.553, 0.93, 1, 0.00, 0.00, 0.00, 0.00, 0.38, 0.00, 0.04, 0.94, 1.28, 0.38, 0.91, 0.30, 0.07, 0.00, 1.26, 0.00, 0.09, 0.00, 0.00, 0.00, 1.00, 1.00, 0.00, 0.00, 1.00, 1.00, 0.00, 0.00, 0.00, 0.00, 0.00, 1.00, 0.00, 0.00, 0.00
2934, 0, 110.591, 0.93, 1, 0.09, 0.00, 0.00, 0.00, 0.45, 0.00, 0.11, 1.00, 1.40, 0.79, 0.94, 0.28, 0.00, 0.00, 1.30, 0.00, 0.09, 0.00, 0.00, 0.00, 1.00, 1.00, 0.00, 0.00, 1.00, 1.00, 0.00, 0.00, 0.00, 0.00, 0.00, 1.00, 0.00, 0.00, 0.00
2935, 0, 110.628, 0.93, 1, 0.20, 0.01, 0.00, 0.00, 0.47, 0.00, 0.08, 1.31, 1.52, 1.10, 1.53, 0.50, 0.10, 0.00, 1.52, 0.06, 0.22, 0.00, 0.00, 0.00, 1.00, 1.00, 0.00, 0.00, 1.00, 1.00, 0.00, 0.00, 0.00, 0.00, 1.00, 1.00, 0.00, 0.00, 0.00
2936, 0, 110.666, 0.93, 1, 0.21, 0.02, 0.00, 0.00, 0.53, 0.00, 0.08, 1.38, 1.63, 1.17, 1.36, 0.72, 0.23, 0.00, 1.61, 0.12, 0.40, 0.00, 0.00, 0.00, 1.00, 1.00, 0.00, 0.00, 1.00, 1.00, 0.00, 0.00, 1.00, 0.00, 1.00, 1.00, 0.00, 0.00, 0.00
2937, 0, 110.704, 0.93, 1, 0.21, 0.02, 0.00, 0.16, 0.42, 0.00, 0.00, 1.46, 1.60, 1.09, 1.57, 0.91, 0.30, 0.00, 1.70, 0.19, 0.61, 0.00, 0.00, 0.00, 1.00, 1.00, 0.00, 0.00, 1.00, 1.00, 0.00, 0.00, 1.00, 0.00, 1.00, 1.00, 0.00, 0.00, 0.00
2938, 0, 110.741, 0.88, 1, 0.10, 0.01, 0.00, 0.16, 0.32, 0.00, 0.00, 1.36, 1.53, 0.99, 1.42, 0.75, 0.21, 0.00, 1.69, 0.14, 0.70, 0.00, 0.00, 0.00, 1.00, 1.00, 0.00, 0.00, 1.00, 1.00, 0.00, 0.00, 1.00, 0.00, 1.00, 1.00, 0.00, 0.00, 0.00
2939, 0, 110.779, 0.88, 1, 0.08, 0.00, 0.00, 0.16, 0.24, 0.00, 0.00, 1.39, 1.48, 0.93, 1.40, 0.67, 0.08, 0.00, 1.61, 0.07, 0.63, 0.00, 0.00, 0.00, 1.00, 1.00, 0.00, 0.00, 1.00, 1.00, 0.00, 0.00, 1.00, 0.00, 1.00, 1.00, 0.00, 0.00, 0.00
2940, 0, 110.817, 0.88, 1, 0.00, 0.00, 0.00, 0.00, 0.22, 0.00, 0.00, 1.12, 1.38, 0.71, 1.21, 0.75, 0.02, 0.00, 1.30, 0.01, 0.47, 0.00, 0.00, 0.00, 1.00, 1.00, 0.00, 0.00, 1.00, 1.00, 0.00, 0.00, 1.00, 0.00, 1.00, 1.00, 0.00, 0.00, 0.00
2941, 0, 110.855, 0.88, 1, 0.00, 0.00, 0.00, 0.00, 0.21, 0.00, 0.00, 0.88, 1.27, 0.59, 0.73, 0.98, 0.00, 0.00, 0.90, 0.00, 0.39, 0.00, 0.00, 0.00, 1.00, 1.00, 0.00, 0.00, 1.00, 1.00, 0.00, 0.00, 1.00, 0.00, 1.00, 1.00, 0.00, 0.00, 0.00
2942, 0, 110.892, 0.88, 1, 0.00, 0.00, 0.00, 0.00, 0.13, 0.00, 0.00, 0.82, 1.22, 0.49, 0.37, 1.16, 0.00, 0.00, 0.70, 0.00, 0.37, 0.00, 0.00, 0.00, 1.00, 1.00, 0.00, 0.00, 1.00, 1.00, 0.00, 0.00, 1.00, 0.00, 1.00, 1.00, 0.00, 0.00, 0.00
2943, 0, 110.930, 0.88, 1, 0.00, 0.00, 0.00, 0.00, 0.07, 0.00, 0.06, 0.75, 1.16, 0.65, 0.17, 1.17, 0.00, 0.00, 0.64, 0.00, 0.34, 0.00, 0.00, 0.00, 1.00, 0.00, 0.00, 0.00, 1.00, 1.00, 0.00, 0.00, 1.00, 0.00, 1.00, 1.00, 0.00, 0.00, 0.00
2944, 0, 110.968, 0.93, 1, 0.05, 0.00, 0.00, 0.00, 0.01, 0.00, 0.14, 0.75, 1.06, 0.77, 0.06, 1.13, 0.00, 0.00, 0.56, 0.00, 0.34, 0.00, 0.00, 0.00, 1.00, 0.00, 0.00, 0.00, 1.00, 1.00, 0.00, 0.00, 1.00, 0.00, 1.00, 0.00, 0.00, 0.00, 0.00
2945, 0, 111.005, 0.93, 1, 0.05, 0.00, 0.00, 0.00, 0.00, 0.00, 0.22, 0.73, 1.03, 0.86, 0.00, 1.11, 0.00, 0.00, 0.30, 0.00, 0.25, 0.00, 0.00, 0.00, 1.00, 0.00, 0.00, 0.00, 1.00, 1.00, 0.00, 0.00, 1.00, 0.00, 1.00, 0.00, 0.00, 0.00, 0.00
2946, 0, 111.043, 0.88, 1, 0.05, 0.00, 0.00, 0.00, 0.00, 0.00, 0.21, 0.92, 1.13, 1.02, 0.00, 1.06, 0.00, 0.00, 0.24, 0.00, 0.20, 0.00, 0.00, 0.00, 1.00, 0.00, 0.00, 0.00, 1.00, 1.00, 0.00, 0.00, 1.00, 0.00, 1.00, 0.00, 0.00, 0.00, 0.00
2947, 0, 111.081, 0.88, 1, 0.00, 0.00, 0.00, 0.00, 0.00, 0.00, 0.21, 1.03, 1.22, 1.10, 0.00, 1.02, 0.06, 0.00, 0.13, 0.00, 0.14, 0.00, 0.00, 0.00, 1.00, 0.00, 0.00, 0.00, 1.00, 1.00, 1.00, 0.00, 1.00, 0.00, 1.00, 0.00, 0.00, 0.00, 0.00
2948, 0, 111.118, 0.88, 1, 0.00, 0.00, 0.00, 0.00, 0.00, 0.00, 0.26, 1.04, 1.16, 1.43, 0.00, 0.89, 0.13, 0.00, 0.10, 0.00, 0.20, 0.00, 0.00, 0.00, 1.00, 0.00, 0.00, 0.00, 1.00, 1.00, 1.00, 0.00, 1.00, 0.00, 1.00, 0.00, 0.00, 0.00, 0.00
2949, 0, 111.156, 0.88, 1, 0.00, 0.00, 0.00, 0.00, 0.00, 0.00, 0.32, 1.07, 1.11, 1.70, 0.00, 0.82, 0.14, 0.00, 0.00, 0.00, 0.16, 0.00, 0.00, 0.00, 1.00, 0.00, 0.00, 0.00, 1.00, 1.00, 1.00, 0.00, 1.00, 0.00, 1.00, 0.00, 0.00, 0.00, 0.00
2950, 0, 111.194, 0.88, 1, 0.00, 0.00, 0.00, 0.00, 0.04, 0.00, 0.28, 1.10, 1.01, 1.57, 0.53, 0.48, 0.08, 0.00, 0.36, 0.00, 0.21, 0.00, 0.00, 0.00, 1.00, 0.00, 0.00, 0.00, 1.00, 1.00, 1.00, 0.00, 1.00, 0.00, 1.00, 0.00, 0.00, 0.00, 0.00
2951, 0, 111.232, 0.98, 1, 0.00, 0.00, 0.00, 0.00, 0.08, 0.00, 0.23, 1.07, 0.96, 1.26, 1.10, 0.26, 0.01, 0.00, 0.71, 0.00, 0.13, 0.00, 0.00, 0.00, 1.00, 0.00, 0.00, 0.00, 1.00, 1.00, 0.00, 0.00, 0.00, 0.00, 1.00, 1.00, 0.00, 0.00, 0.00
2952, 0, 111.269, 0.98, 1, 0.03, 0.00, 0.00, 0.00, 0.08, 0.00, 0.25, 0.94, 0.90, 0.89, 1.82, 0.00, 0.00, 0.00, 1.12, 0.00, 0.13, 0.00, 0.00, 0.00, 1.00, 0.00, 0.00, 0.00, 1.00, 1.00, 0.00, 0.00, 0.00, 0.00, 1.00, 1.00, 0.00, 0.00, 0.00
2953, 0, 111.307, 0.98, 1, 0.04, 0.03, 0.00, 0.00, 0.07, 0.00, 0.35, 0.81, 0.87, 1.00, 1.93, 0.04, 0.00, 0.00, 1.05, 0.00, 0.01, 0.00, 0.00, 0.00, 1.00, 0.00, 0.00, 0.00, 1.00, 1.00, 0.00, 0.00, 0.00, 0.00, 1.00, 1.00, 0.00, 0.00, 0.00
2954, 0, 111.345, 0.98, 1, 0.04, 0.03, 0.00, 0.00, 0.10, 0.00, 0.37, 0.84, 0.79, 0.98, 2.10, 0.10, 0.00, 0.00, 0.99, 0.00, 0.00, 0.00, 0.00, 0.00, 1.00, 0.00, 0.00, 0.00, 1.00, 1.00, 0.00, 0.00, 0.00, 0.00, 1.00, 1.00, 0.00, 0.00, 0.00
2955, 0, 111.382, 0.98, 1, 0.08, 0.03, 0.00, 0.00, 0.09, 0.00, 0.24, 1.02, 0.90, 0.80, 1.55, 0.50, 0.10, 0.00, 0.85, 0.00, 0.34, 0.00, 0.00, 0.00, 1.00, 0.00, 0.00, 0.00, 1.00, 1.00, 0.00, 0.00, 0.00, 0.00, 1.00, 1.00, 0.00, 0.00, 0.00
2956, 0, 111.420, 0.98, 1, 0.10, 0.00, 0.00, 0.00, 0.06, 0.00, 0.10, 1.19, 1.06, 0.63, 1.27, 0.66, 0.10, 0.00, 0.87, 0.00, 0.56, 0.00, 0.00, 0.00, 1.00, 0.00, 0.00, 0.00, 1.00, 1.00, 0.00, 0.00, 0.00, 0.00, 1.00, 1.00, 0.00, 0.00, 0.00
2957, 0, 111.458, 0.98, 1, 0.10, 0.00, 0.00, 0.00, 0.05, 0.00, 0.02, 1.31, 1.25, 0.62, 0.93, 0.78, 0.24, 0.00, 0.91, 0.00, 0.67, 0.00, 0.00, 0.00, 1.00, 0.00, 0.00, 0.00, 1.00, 1.00, 0.00, 0.00, 0.00, 0.00, 1.00, 1.00, 0.00, 0.00, 0.00
2958, 0, 111.496, 0.98, 1, 0.04, 0.00, 0.00, 0.00, 0.18, 0.02, 0.15, 1.36, 1.18, 0.78, 1.07, 0.78, 0.29, 0.00, 0.89, 0.00, 0.43, 0.00, 0.00, 0.00, 1.00, 0.00, 0.00, 0.00, 1.00, 1.00, 0.00, 0.00, 1.00, 0.00, 1.00, 1.00, 0.00, 0.00, 0.00
2959, 0, 111.533, 0.98, 1, 0.03, 0.00, 0.00, 0.00, 0.28, 0.02, 0.22, 1.39, 1.10, 0.95, 1.16, 0.97, 0.50, 0.00, 0.91, 0.00, 0.27, 0.00, 0.00, 0.00, 1.00, 0.00, 0.00, 0.00, 1.00, 1.00, 0.00, 1.00, 1.00, 0.00, 1.00, 1.00, 0.00, 0.00, 0.00
2960, 0, 111.571, 0.98, 1, 0.19, 0.00, 0.00, 0.00, 0.24, 0.20, 0.20, 1.33, 1.08, 0.86, 1.46, 1.11, 0.36, 0.00, 0.93, 0.01, 0.16, 0.00, 0.00, 0.00, 1.00, 0.00, 0.00, 0.00, 1.00, 1.00, 0.00, 1.00, 1.00, 0.00, 1.00, 1.00, 0.00, 0.00, 0.00
2961, 0, 111.609, 0.98, 1, 0.35, 0.00, 0.00, 0.00, 0.15, 0.33, 0.09, 1.28, 1.15, 0.53, 1.56, 0.97, 0.22, 0.00, 0.94, 0.01, 0.12, 0.00, 0.00, 0.00, 1.00, 0.00, 1.00, 0.00, 1.00, 1.00, 0.00, 1.00, 1.00, 0.00, 1.00, 1.00, 0.00, 0.00, 0.00
2962, 0, 111.646, 0.98, 1, 0.50, 0.00, 0.00, 0.00, 0.04, 0.33, 0.11, 1.28, 1.22, 0.18, 1.48, 0.84, 0.07, 0.00, 0.93, 0.01, 0.12, 0.00, 0.00, 0.00, 1.00, 0.00, 1.00, 0.00, 1.00, 1.00, 0.00, 1.00, 1.00, 0.00, 1.00, 1.00, 0.00, 0.00, 0.00
2963, 0, 111.684, 0.98, 1, 0.48, 0.00, 0.00, 0.00, 0.10, 0.20, 0.11, 1.37, 1.19, 0.15, 1.13, 0.90, 0.07, 0.00, 1.06, 0.00, 0.12, 0.00, 0.00, 0.00, 1.00, 0.00, 1.00, 0.00, 1.00, 1.00, 0.00, 0.00, 1.00, 0.00, 1.00, 1.00, 0.00, 0.00, 0.00
2964, 0, 111.722, 0.98, 1, 0.45, 0.00, 0.00, 0.00, 0.18, 0.04, 0.10, 1.48, 1.20, 0.39, 1.11, 1.10, 0.07, 0.00, 1.25, 0.00, 0.06, 0.00, 0.00, 0.00, 1.00, 0.00, 1.00, 0.00, 1.00, 1.00, 0.00, 0.00, 1.00, 0.00, 1.00, 1.00, 0.00, 0.00, 0.00
2965, 0, 111.759, 0.98, 1, 0.28, 0.00, 0.00, 0.00, 0.33, 0.04, 0.00, 1.57, 1.37, 0.78, 0.93, 1.03, 0.06, 0.00, 1.59, 0.00, 0.00, 0.00, 0.00, 0.00, 1.00, 0.00, 1.00, 0.00, 1.00, 1.00, 0.00, 0.00, 1.00, 0.00, 1.00, 1.00, 0.00, 0.00, 0.00
2966, 0, 111.797, 0.98, 1, 0.14, 0.00, 0.00, 0.00, 0.32, 0.00, 0.00, 1.74, 1.54, 1.01, 0.98, 0.77, 0.16, 0.00, 1.85, 0.06, 0.00, 0.00, 0.00, 0.00, 1.00, 0.00, 1.00, 0.00, 1.00, 1.00, 0.00, 0.00, 1.00, 0.00, 1.00, 1.00, 0.00, 0.00, 0.00
2967, 0, 111.835, 0.98, 1, 0.00, 0.00, 0.00, 0.00, 0.29, 0.07, 0.00, 1.73, 1.67, 1.10, 0.83, 0.51, 0.19, 0.00, 2.12, 0.06, 0.00, 0.00, 0.00, 0.00, 1.00, 0.00, 1.00, 0.00, 1.00, 1.00, 0.00, 0.00, 1.00, 0.00, 1.00, 1.00, 0.00, 0.00, 0.00
2968, 0, 111.873, 0.98, 1, 0.00, 0.00, 0.00, 0.00, 0.16, 0.07, 0.00, 1.58, 1.62, 1.00, 0.96, 0.39, 0.32, 0.00, 2.33, 0.06, 0.00, 0.00, 0.00, 0.00, 1.00, 0.00, 0.00, 0.00, 1.00, 1.00, 0.00, 0.00, 0.00, 0.00, 1.00, 1.00, 0.00, 0.00, 0.00
2969, 0, 111.910, 0.98, 1, 0.00, 0.00, 0.00, 0.00, 0.11, 0.07, 0.00, 1.36, 1.64, 0.96, 1.04, 0.42, 0.39, 0.00, 2.51, 0.00, 0.00, 0.00, 0.00, 0.00, 1.00, 0.00, 0.00, 0.00, 1.00, 1.00, 0.00, 0.00, 0.00, 0.00, 1.00, 1.00, 0.00, 0.00, 0.00
2970, 0, 111.948, 0.98, 1, 0.00, 0.00, 0.00, 0.00, 0.02, 0.00, 0.00, 1.14, 1.42, 0.67, 1.97, 0.22, 0.36, 0.00, 2.28, 0.00, 0.00, 0.00, 0.00, 0.00, 1.00, 0.00, 0.00, 0.00, 1.00, 1.00, 0.00, 0.00, 0.00, 0.00, 1.00, 1.00, 0.00, 0.00, 0.00
2971, 0, 111.986, 0.98, 1, 0.00, 0.00, 0.00, 0.00, 0.00, 0.00, 0.01, 1.09, 1.25, 0.47, 2.40, 0.16, 0.17, 0.00, 1.85, 0.00, 0.00, 0.00, 0.00, 0.00, 1.00, 0.00, 0.00, 0.00, 1.00, 1.00, 0.00, 0.00, 0.00, 0.00, 1.00, 1.00, 0.00, 0.00, 0.00
2972, 0, 112.023, 0.93, 1, 0.03, 0.00, 0.00, 0.00, 0.00, 0.00, 0.01, 1.01, 1.03, 0.49, 2.95, 0.04, 0.00, 0.00, 1.30, 0.00, 0.14, 0.00, 0.00, 0.00, 1.00, 0.00, 0.00, 0.00, 1.00, 1.00, 0.00, 0.00, 0.00, 0.00, 1.00, 1.00, 0.00, 0.00, 0.00
2973, 0, 112.061, 0.88, 1, 0.03, 0.11, 0.00, 0.00, 0.00, 0.00, 0.02, 0.98, 1.08, 0.69, 2.21, 0.04, 0.00, 0.00, 1.01, 0.00, 0.30, 0.00, 0.00, 0.00, 1.00, 0.00, 0.00, 0.00, 1.00, 1.00, 0.00, 0.00, 0.00, 0.00, 1.00, 1.00, 0.00, 0.00, 0.00
2974, 0, 112.099, 0.88, 1, 0.24, 0.29, 0.00, 0.00, 0.00, 0.00, 0.15, 0.82, 1.15, 0.71, 2.26, 0.13, 0.00, 0.00, 0.66, 0.00, 0.46, 0.00, 0.00, 0.00, 1.00, 0.00, 0.00, 0.00, 1.00, 1.00, 0.00, 0.00, 0.00, 0.00, 1.00, 1.00, 0.00, 0.00, 0.00
2975, 0, 112.137, 0.93, 1, 0.34, 0.36, 0.00, 0.00, 0.07, 0.00, 0.39, 0.75, 1.26, 0.95, 1.25, 0.18, 0.00, 0.00, 0.39, 0.00, 0.57, 0.00, 0.00, 0.00, 1.00, 0.00, 0.00, 0.00, 1.00, 1.00, 1.00, 0.00, 0.00, 0.00, 1.00, 1.00, 0.00, 0.00, 0.00
2976, 0, 112.174, 0.93, 1, 0.48, 0.32, 0.00, 0.00, 0.07, 0.00, 0.57, 0.73, 1.35, 1.19, 0.85, 0.22, 0.00, 0.00, 0.33, 0.00, 0.67, 0.00, 0.00, 0.00, 1.00, 0.00, 0.00, 0.00, 1.00, 1.00, 1.00, 0.00, 0.00, 0.00, 1.00, 1.00, 0.00, 0.00, 0.00
2977, 0, 112.212, 0.93, 1, 0.38, 0.14, 0.00, 0.00, 0.07, 0.00, 0.65, 0.96, 1.37, 1.53, 0.02, 0.32, 0.07, 0.00, 0.40, 0.00, 0.79, 0.00, 0.00, 0.00, 1.00, 0.00, 0.00, 0.00, 1.00, 1.00, 0.00, 0.00, 0.00, 0.00, 0.00, 1.00, 0.00, 0.00, 0.00
2978, 0, 112.250, 0.93, 1, 0.37, 0.10, 0.00, 0.00, 0.00, 0.00, 0.58, 0.83, 1.34, 1.26, 0.02, 0.25, 0.09, 0.00, 0.49, 0.00, 0.74, 0.00, 0.00, 0.00, 1.00, 0.00, 0.00, 0.00, 1.00, 1.00, 1.00, 0.00, 0.00, 0.00, 0.00, 1.00, 0.00, 0.00, 0.00
2979, 0, 112.287, 0.93, 1, 0.42, 0.15, 0.00, 0.00, 0.00, 0.00, 0.57, 0.67, 1.25, 1.07, 0.00, 0.22, 0.12, 0.00, 0.61, 0.00, 0.58, 0.00, 0.00, 0.00, 1.00, 0.00, 0.00, 0.00, 1.00, 1.00, 1.00, 0.00, 0.00, 0.00, 0.00, 0.00, 0.00, 0.00, 0.00
2980, 0, 112.325, 0.93, 1, 0.45, 0.19, 0.00, 0.00, 0.00, 0.00, 0.49, 0.50, 1.24, 0.97, 0.54, 0.11, 0.06, 0.00, 0.46, 0.00, 0.54, 0.00, 0.00, 0.00, 1.00, 0.00, 0.00, 0.00, 1.00, 1.00, 1.00, 0.00, 0.00, 0.00, 0.00, 0.00, 0.00, 0.00, 0.00
2981, 0, 112.363, 0.93, 1, 0.44, 0.18, 0.00, 0.00, 0.00, 0.00, 0.44, 0.58, 1.25, 0.95, 1.10, 0.24, 0.03, 0.00, 0.29, 0.00, 0.61, 0.00, 0.00, 0.00, 1.00, 0.00, 0.00, 0.00, 1.00, 1.00, 1.00, 1.00, 0.00, 0.00, 0.00, 0.00, 0.00, 0.00, 0.00
2982, 0, 112.400, 0.93, 1, 0.40, 0.08, 0.00, 0.00, 0.00, 0.00, 0.48, 0.67, 1.27, 0.64, 1.30, 0.24, 0.00, 0.00, 0.18, 0.00, 0.66, 0.00, 0.00, 0.00, 1.00, 0.00, 0.00, 0.00, 1.00, 1.00, 1.00, 1.00, 0.00, 0.00, 0.00, 0.00, 0.00, 0.00, 0.00
2983, 0, 112.438, 0.93, 1, 0.27, 0.04, 0.00, 0.00, 0.00, 0.00, 0.43, 0.58, 1.21, 0.52, 0.81, 0.16, 0.00, 0.00, 0.25, 0.00, 0.54, 0.00, 0.00, 0.00, 1.00, 0.00, 0.00, 0.00, 1.00, 1.00, 1.00, 1.00, 0.00, 0.00, 0.00, 0.00, 0.00, 0.00, 0.00
2984, 0, 112.476, 0.93, 1, 0.16, 0.02, 0.00, 0.00, 0.00, 0.00, 0.38, 0.41, 1.18, 0.44, 0.36, 0.11, 0.00, 0.00, 0.32, 0.00, 0.57, 0.00, 0.00, 0.00, 1.00, 0.00, 0.00, 0.00, 1.00, 1.00, 1.00, 1.00, 0.00, 0.00, 0.00, 0.00, 0.00, 0.00, 0.00
2985, 0, 112.514, 0.93, 1, 0.05, 0.00, 0.00, 0.00, 0.00, 0.00, 0.19, 0.61, 1.01, 0.57, 0.73, 0.24, 0.00, 0.00, 0.16, 0.00, 0.62, 0.00, 0.00, 0.00, 1.00, 0.00, 0.00, 0.00, 1.00, 1.00, 1.00, 1.00, 0.00, 0.00, 1.00, 0.00, 0.00, 0.00, 0.00
2986, 0, 112.551, 0.93, 1, 0.10, 0.00, 0.00, 0.00, 0.00, 0.00, 0.12, 0.75, 0.92, 0.68, 0.68, 0.36, 0.00, 0.00, 0.07, 0.00, 0.58, 0.00, 0.00, 0.00, 1.00, 0.00, 0.00, 0.00, 1.00, 1.00, 1.00, 1.00, 0.00, 0.00, 1.00, 0.00, 0.00, 0.00, 0.00
2987, 0, 112.589, 0.93, 1, 0.14, 0.00, 0.00, 0.00, 0.00, 0.00, 0.06, 0.96, 0.78, 0.75, 0.66, 0.33, 0.00, 0.00, 0.00, 0.00, 0.41, 0.00, 1.00, 0.00, 1.00, 0.00, 0.00, 0.00, 1.00, 1.00, 1.00, 0.00, 0.00, 0.00, 1.00, 0.00, 0.00, 0.00, 0.00
2988, 0, 112.627, 0.93, 1, 0.14, 0.00, 0.00, 0.00, 0.00, 0.00, 0.08, 0.92, 0.86, 0.94, 0.12, 0.23, 0.00, 0.00, 0.00, 0.00, 0.41, 0.00, 1.00, 0.00, 1.00, 0.00, 0.00, 0.00, 1.00, 1.00, 1.00, 0.00, 0.00, 0.00, 1.00, 0.00, 0.00, 0.00, 0.00
2989, 0, 112.664, 0.93, 1, 0.13, 0.00, 0.00, 0.00, 0.00, 0.00, 0.24, 1.04, 0.92, 0.86, 0.12, 0.11, 0.00, 0.00, 0.00, 0.00, 0.45, 0.00, 1.00, 0.00, 1.00, 0.00, 0.00, 0.00, 1.00, 1.00, 1.00, 0.00, 0.00, 0.00, 1.00, 0.00, 0.00, 0.00, 0.00
2990, 0, 112.702, 0.93, 1, 0.29, 0.00, 0.00, 0.00, 0.00, 0.00, 0.45, 1.13, 0.96, 0.70, 0.03, 0.03, 0.00, 0.00, 0.00, 0.00, 0.44, 0.00, 1.00, 0.00, 1.00, 0.00, 0.00, 0.00, 1.00, 1.00, 1.00, 0.00, 0.00, 0.00, 1.00, 0.00, 0.00, 0.00, 0.00
2991, 0, 112.740, 0.93, 1, 0.35, 0.00, 0.00, 0.00, 0.00, 0.00, 0.62, 0.99, 0.96, 0.71, 0.00, 0.03, 0.10, 0.00, 0.11, 0.00, 0.43, 0.00, 0.00, 0.00, 1.00, 0.00, 0.00, 0.00, 1.00, 1.00, 1.00, 1.00, 0.00, 0.00, 1.00, 0.00, 0.00, 0.00, 0.00
2992, 0, 112.778, 0.93, 1, 0.40, 0.00, 0.00, 0.00, 0.00, 0.00, 0.63, 0.83, 0.91, 0.73, 0.16, 0.09, 0.18, 0.00, 0.24, 0.00, 0.46, 0.00, 0.00, 0.00, 1.00, 0.00, 0.00, 0.00, 1.00, 1.00, 1.00, 1.00, 0.00, 0.00, 1.00, 0.00, 0.00, 0.00, 0.00
2993, 0, 112.815, 0.93, 1, 0.20, 0.00, 0.00, 0.00, 0.00, 0.00, 0.63, 0.73, 0.85, 0.88, 0.16, 0.09, 0.18, 0.00, 0.24, 0.00, 0.47, 0.00, 0.00, 0.00, 1.00, 0.00, 0.00, 0.00, 1.00, 1.00, 0.00, 1.00, 0.00, 0.00, 1.00, 0.00, 0.00, 0.00, 0.00
2994, 0, 112.853, 0.98, 1, 0.10, 0.00, 0.00, 0.00, 0.00, 0.00, 0.61, 0.87, 0.80, 0.67, 0.16, 0.07, 0.07, 0.00, 0.21, 0.00, 0.39, 0.00, 0.00, 0.00, 1.00, 0.00, 0.00, 0.00, 1.00, 1.00, 0.00, 1.00, 0.00, 0.00, 1.00, 0.00, 0.00, 0.00, 0.00
2995, 0, 112.891, 0.98, 1, 0.00, 0.00, 0.00, 0.00, 0.09, 0.00, 0.52, 1.21, 0.73, 0.54, 0.06, 0.19, 0.00, 0.00, 0.13, 0.00, 0.41, 0.00, 0.00, 0.00, 1.00, 0.00, 0.00, 0.00, 1.00, 1.00, 1.00, 1.00, 0.00, 0.00, 1.00, 0.00, 0.00, 0.00, 0.00
2996, 0, 112.928, 0.98, 1, 0.03, 0.00, 0.00, 0.00, 0.09, 0.00, 0.39, 1.25, 0.70, 0.48, 0.06, 0.19, 0.00, 0.00, 0.13, 0.00, 0.28, 0.00, 0.00, 0.00, 1.00, 0.00, 0.00, 0.00, 1.00, 1.00, 1.00, 1.00, 0.00, 0.00, 1.00, 0.00, 0.00, 0.00, 0.00
2997, 0, 112.966, 0.98, 1, 0.10, 0.15, 0.00, 0.00, 0.09, 0.00, 0.21, 1.23, 0.68, 0.73, 0.18, 0.27, 0.00, 0.00, 0.05, 0.00, 0.20, 0.00, 0.00, 0.00, 1.00, 0.00, 0.00, 0.00, 1.00, 1.00, 1.00, 1.00, 0.00, 0.00, 1.00, 0.00, 0.00, 0.00, 0.00
2998, 0, 113.004, 0.98, 1, 0.17, 0.15, 0.00, 0.00, 0.00, 0.00, 0.09, 1.08, 0.70, 0.98, 0.22, 0.23, 0.00, 0.00, 0.02, 0.00, 0.11, 0.00, 0.00, 0.00, 1.00, 0.00, 0.00, 0.00, 1.00, 1.00, 1.00, 1.00, 0.00, 0.00, 1.00, 0.00, 0.00, 0.00, 0.00
2999, 0, 113.041, 0.98, 1, 0.21, 0.15, 0.00, 0.00, 0.00, 0.00, 0.00, 1.15, 0.71, 1.08, 0.26, 0.35, 0.00, 0.00, 0.03, 0.00, 0.15, 0.00, 0.00, 0.00, 1.00, 0.00, 0.00, 0.00, 1.00, 1.00, 1.00, 1.00, 0.00, 0.00, 1.00, 0.00, 0.00, 0.00, 0.00
3000, 0, 113.079, 0.98, 1, 0.18, 0.00, 0.00, 0.00, 0.00, 0.00, 0.16, 1.33, 0.72, 1.06, 0.18, 0.38, 0.00, 0.00, 0.05, 0.00, 0.26, 0.00, 0.00, 0.00, 1.00, 0.00, 0.00, 0.00, 1.00, 1.00, 1.00, 1.00, 0.00, 0.00, 1.00, 0.00, 0.00, 0.00, 0.00
3001, 0, 113.117, 0.93, 1, 0.10, 0.00, 0.00, 0.00, 0.00, 0.00, 0.19, 1.45, 0.75, 0.95, 0.28, 0.32, 0.00, 0.00, 0.06, 0.00, 0.29, 0.00, 0.00, 0.00, 1.00, 0.00, 0.00, 0.00, 1.00, 1.00, 1.00, 1.00, 0.00, 0.00, 1.00, 0.00, 0.00, 0.00, 0.00
3002, 0, 113.155, 0.93, 1, 0.04, 0.00, 0.00, 0.00, 0.00, 0.00, 0.22, 1.52, 0.72, 0.79, 0.53, 0.23, 0.00, 0.00, 0.05, 0.00, 0.49, 0.00, 0.00, 0.00, 1.00, 0.00, 0.00, 0.00, 1.00, 1.00, 1.00, 1.00, 0.00, 0.00, 1.00, 0.00, 0.00, 0.00, 0.00
3003, 0, 113.192, 0.93, 1, 0.01, 0.00, 0.00, 0.00, 0.00, 0.00, 0.07, 1.52, 0.67, 0.71, 0.60, 0.29, 0.00, 0.00, 0.03, 0.00, 0.53, 0.00, 0.00, 0.00, 1.00, 0.00, 0.00, 0.00, 1.00, 1.00, 1.00, 0.00, 0.00, 0.00, 1.00, 0.00, 0.00, 0.00, 0.00
3004, 0, 113.230, 0.93, 1, 0.01, 0.00, 0.00, 0.00, 0.00, 0.00, 0.09, 1.47, 0.63, 0.55, 0.39, 0.42, 0.13, 0.00, 0.00, 0.00, 0.41, 0.00, 0.00, 0.00, 1.00, 0.00, 0.00, 0.00, 1.00, 1.00, 0.00, 0.00, 0.00, 0.00, 1.00, 0.00, 0.00, 0.00, 0.00
3005, 0, 113.268, 0.98, 1, 0.00, 0.00, 0.00, 0.00, 0.00, 0.00, 0.11, 1.47, 0.69, 0.39, 0.46, 0.78, 0.22, 0.00, 0.00, 0.00, 0.17, 0.00, 0.00, 0.00, 1.00, 0.00, 0.00, 0.00, 1.00, 1.00, 0.00, 0.00, 1.00, 0.00, 1.00, 0.00, 0.00, 0.00, 0.00
3006, 0, 113.305, 0.93, 1, 0.00, 0.00, 0.00, 0.00, 0.00, 0.00, 0.10, 1.47, 0.67, 0.14, 0.62, 1.15, 0.54, 0.00, 0.00, 0.05, 0.02, 0.00, 0.00, 0.00, 1.00, 0.00, 0.00, 0.00, 1.00, 1.00, 0.00, 0.00, 1.00, 0.00, 1.00, 0.00, 0.00, 0.00, 0.00
3007, 0, 113.343, 0.98, 1, 0.00, 0.00, 0.00, 0.00, 0.00, 0.00, 0.14, 1.56, 0.66, 0.02, 0.78, 1.35, 0.61, 0.00, 0.01, 0.26, 0.00, 0.00, 0.00, 0.00, 1.00, 0.00, 0.00, 0.00, 1.00, 1.00, 0.00, 0.00, 1.00, 0.00, 1.00, 0.00, 0.00, 0.00, 0.00
3008, 0, 113.381, 0.98, 1, 0.00, 0.00, 0.00, 0.00, 0.00, 0.00, 0.09, 1.60, 0.64, 0.41, 0.43, 1.13, 0.52, 0.00, 0.05, 0.26, 0.00, 0.00, 0.00, 0.00, 1.00, 0.00, 0.00, 0.00, 1.00, 1.00, 0.00, 0.00, 1.00, 0.00, 1.00, 0.00, 0.00, 0.00, 0.00
3009, 0, 113.419, 0.98, 1, 0.00, 0.00, 0.00, 0.00, 0.00, 0.00, 0.09, 1.57, 0.67, 0.81, 0.16, 0.75, 0.20, 0.00, 0.08, 0.21, 0.00, 0.00, 0.00, 0.00, 1.00, 0.00, 0.00, 0.00, 1.00, 1.00, 0.00, 0.00, 1.00, 0.00, 1.00, 0.00, 0.00, 0.00, 0.00
3010, 0, 113.456, 0.98, 1, 0.00, 0.01, 0.00, 0.00, 0.00, 0.00, 0.03, 1.43, 0.67, 1.30, 0.22, 0.33, 0.07, 0.00, 0.23, 0.00, 0.08, 0.00, 0.00, 0.00, 1.00, 0.00, 0.00, 0.00, 1.00, 1.00, 0.00, 0.00, 1.00, 0.00, 1.00, 0.00, 0.00, 0.00, 0.00
3011, 0, 113.494, 0.98, 1, 0.00, 0.01, 0.00, 0.00, 0.00, 0.00, 0.07, 1.44, 0.72, 1.42, 0.31, 0.20, 0.29, 0.00, 0.29, 0.00, 0.08, 0.00, 0.00, 0.00, 1.00, 0.00, 0.00, 0.00, 1.00, 1.00, 1.00, 0.00, 1.00, 0.00, 1.00, 0.00, 0.00, 0.00, 0.00
3012, 0, 113.532, 0.98, 1, 0.00, 0.01, 0.00, 0.00, 0.00, 0.00, 0.12, 1.30, 0.79, 1.38, 0.31, 0.25, 0.43, 0.00, 0.26, 0.00, 0.18, 0.00, 0.00, 0.00, 1.00, 0.00, 0.00, 0.00, 1.00, 1.00, 1.00, 0.00, 0.00, 0.00, 1.00, 0.00, 0.00, 0.00, 0.00
3013, 0, 113.569, 0.88, 1, 0.00, 0.00, 0.00, 0.00, 0.00, 0.00, 0.11, 1.32, 0.82, 1.48, 0.18, 0.34, 0.37, 0.00, 0.24, 0.00, 0.36, 0.00, 0.00, 0.00, 1.00, 0.00, 0.00, 0.00, 1.00, 1.00, 1.00, 0.00, 0.00, 0.00, 1.00, 0.00, 0.00, 0.00, 0.00
3014, 0, 113.607, 0.93, 1, 0.00, 0.07, 0.00, 0.00, 0.00, 0.00, 0.12, 1.14, 0.72, 1.57, 0.08, 0.46, 0.23, 0.00, 0.14, 0.00, 0.74, 0.00, 0.00, 0.00, 1.00, 0.00, 0.00, 0.00, 1.00, 1.00, 1.00, 0.00, 0.00, 0.00, 1.00, 0.00, 0.00, 0.00, 0.00
3015, 0, 113.645, 0.93, 1, 0.09, 0.07, 0.00, 0.00, 0.00, 0.00, 0.08, 1.29, 0.58, 1.35, 0.36, 0.72, 0.09, 0.00, 0.14, 0.00, 0.64, 0.00, 0.00, 0.00, 1.00, 0.00, 0.00, 0.00, 1.00, 1.00, 1.00, 0.00, 1.00, 0.00, 1.00, 0.00, 0.00, 0.00, 0.00
3016, 0, 113.682, 0.93, 1, 0.09, 0.07, 0.00, 0.00, 0.00, 0.00, 0.06, 1.36, 0.52, 1.19, 0.70, 1.10, 0.17, 0.00, 0.00, 0.00, 0.39, 0.00, 0.00, 0.00, 1.00, 0.00, 0.00, 0.00, 1.00, 1.00, 1.00, 0.00, 1.00, 0.00, 1.00, 0.00, 0.00, 0.00, 0.00
3017, 0, 113.720, 0.98, 1, 0.09, 0.00, 0.00, 0.00, 0.00, 0.00, 0.01, 1.52, 0.58, 0.97, 0.82, 1.21, 0.09, 0.00, 0.00, 0.13, 0.01, 0.00, 0.00, 0.00, 1.00, 0.00, 0.00, 0.00, 1.00, 1.00, 1.00, 0.00, 1.00, 0.00, 0.00, 0.00, 0.00, 0.00, 0.00
3018, 0, 113.758, 0.98, 1, 0.00, 0.00, 0.00, 0.00, 0.00, 0.00, 0.00, 1.36, 0.66, 1.20, 0.54, 1.08, 0.09, 0.00, 0.00, 0.35, 0.01, 0.00, 0.00, 0.00, 1.00, 0.00, 0.00, 0.00, 1.00, 1.00, 1.00, 1.00, 1.00, 0.00, 0.00, 0.00, 0.00, 0.00, 0.00
3019, 0, 113.796, 0.98, 1, 0.00, 0.00, 0.00, 0.00, 0.04, 0.00, 0.00, 1.20, 0.73, 1.07, 0.12, 1.11, 0.04, 0.00, 0.00, 0.53, 0.00, 0.00, 0.00, 0.00, 1.00, 0.00, 0.00, 0.00, 1.00, 1.00, 1.00, 1.00, 1.00, 0.00, 0.00, 0.00, 0.00, 0.00, 0.00
3020, 0, 113.833, 0.98, 1, 0.00, 0.00, 0.00, 0.00, 0.08, 0.00, 0.00, 1.32, 0.60, 1.05, 0.44, 1.04, 0.04, 0.00, 0.35, 0.40, 0.00, 0.00, 0.00, 0.00, 1.00, 0.00, 0.00, 0.00, 1.00, 1.00, 1.00, 1.00, 1.00, 0.00, 0.00, 0.00, 0.00, 0.00, 0.00
3021, 0, 113.871, 0.98, 1, 0.00, 0.00, 0.00, 0.00, 0.08, 0.00, 0.00, 1.56, 0.47, 1.16, 0.96, 0.89, 0.04, 0.00, 0.52, 0.24, 0.00, 0.00, 0.00, 0.00, 1.00, 0.00, 0.00, 0.00, 1.00, 1.00, 1.00, 0.00, 1.00, 0.00, 0.00, 0.00, 0.00, 0.00, 0.00
3022, 0, 113.909, 0.98, 1, 0.00, 0.00, 0.00, 0.00, 0.04, 0.00, 0.00, 1.83, 0.31, 1.07, 1.18, 0.66, 0.00, 0.00, 0.67, 0.14, 0.00, 0.00, 0.00, 0.00, 1.00, 0.00, 0.00, 0.00, 1.00, 1.00, 1.00, 0.00, 1.00, 0.00, 0.00, 0.00, 0.00, 0.00, 0.00
3023, 0, 113.946, 0.98, 1, 0.00, 0.00, 0.00, 0.00, 0.01, 0.00, 0.00, 1.78, 0.36, 1.18, 1.22, 0.80, 0.00, 0.00, 0.44, 0.22, 0.00, 0.00, 0.00, 0.00, 1.00, 0.00, 0.00, 0.00, 1.00, 1.00, 0.00, 0.00, 1.00, 0.00, 0.00, 0.00, 0.00, 0.00, 0.00
3024, 0, 113.984, 0.98, 1, 0.00, 0.00, 0.00, 0.00, 0.01, 0.00, 0.00, 1.64, 0.41, 0.94, 1.03, 0.97, 0.00, 0.00, 0.43, 0.38, 0.00, 0.00, 0.00, 0.00, 1.00, 0.00, 0.00, 0.00, 1.00, 1.00, 0.00, 0.00, 1.00, 0.00, 1.00, 0.00, 0.00, 0.00, 0.00
3025, 0, 114.022, 0.98, 1, 0.01, 0.00, 0.00, 0.10, 0.02, 0.00, 0.02, 1.28, 0.46, 0.80, 0.98, 1.03, 0.00, 0.00, 0.48, 0.56, 0.00, 0.00, 0.00, 0.00, 1.00, 0.00, 0.00, 0.00, 1.00, 1.00, 0.00, 0.00, 1.00, 0.00, 1.00, 0.00, 0.00, 0.00, 0.00
3026, 0, 114.060, 0.98, 1, 0.04, 0.00, 0.00, 0.22, 0.05, 0.00, 0.06, 0.96, 0.46, 0.43, 0.69, 1.07, 0.00, 0.00, 0.59, 0.76, 0.00, 0.00, 0.00, 0.00, 1.00, 0.00, 0.00, 0.00, 1.00, 1.00, 0.00, 0.00, 1.00, 0.00, 1.00, 0.00, 0.00, 0.00, 0.00
3027, 0, 114.097, 0.98, 1, 0.04, 0.00, 0.00, 0.24, 0.10, 0.00, 0.06, 0.94, 0.45, 0.44, 0.76, 0.99, 0.00, 0.00, 0.55, 0.71, 0.08, 0.00, 0.00, 0.00, 1.00, 0.00, 0.00, 0.00, 1.00, 1.00, 0.00, 0.00, 1.00, 0.00, 1.00, 0.00, 0.00, 0.00, 0.00
3028, 0, 114.135, 0.98, 1, 0.03, 0.00, 0.00, 0.30, 0.10, 0.01, 0.12, 1.05, 0.45, 0.67, 0.89, 0.98, 0.00, 0.00, 0.36, 0.53, 0.08, 0.00, 0.00, 0.00, 1.00, 0.00, 0.00, 0.00, 1.00, 1.00, 0.00, 0.00, 1.00, 0.00, 1.00, 0.00, 0.00, 0.00, 0.00
3029, 0, 114.173, 0.98, 1, 0.00, 0.00, 0.00, 0.26, 0.11, 0.04, 0.18, 0.99, 0.41, 0.87, 0.94, 0.89, 0.00, 0.00, 0.12, 0.32, 0.08, 0.00, 0.00, 0.00, 1.00, 0.00, 0.00, 0.00, 1.00, 1.00, 0.00, 0.00, 1.00, 0.00, 1.00, 0.00, 0.00, 0.00, 0.00
3030, 0, 114.210, 0.98, 1, 0.00, 0.00, 0.00, 0.24, 0.07, 0.04, 0.20, 1.07, 0.56, 0.71, 0.60, 1.05, 0.00, 0.00, 0.07, 0.16, 0.02, 0.00, 0.00, 0.00, 1.00, 0.00, 0.00, 0.00, 1.00, 1.00, 0.00, 0.00, 1.00, 0.00, 1.00, 0.00, 0.00, 0.00, 0.00
3031, 0, 114.248, 0.98, 1, 0.06, 0.02, 0.00, 0.07, 0.05, 0.03, 0.19, 1.22, 0.72, 0.75, 0.31, 1.23, 0.00, 0.00, 0.07, 0.07, 0.02, 0.00, 0.00, 0.00, 1.00, 0.00, 0.00, 0.00, 1.00, 1.00, 0.00, 0.00, 1.00, 0.00, 1.00, 0.00, 0.00, 0.00, 0.00
3032, 0, 114.286, 0.98, 1, 0.09, 0.12, 0.00, 0.02, 0.01, 0.00, 0.14, 1.46, 0.90, 0.81, 0.21, 1.41, 0.00, 0.00, 0.07, 0.00, 0.02, 0.00, 0.00, 0.00, 1.00, 0.00, 0.00, 0.00, 1.00, 1.00, 0.00, 0.00, 1.00, 0.00, 1.00, 0.00, 0.00, 0.00, 0.00
3033, 0, 114.323, 0.98, 1, 0.09, 0.12, 0.00, 0.02, 0.00, 0.00, 0.20, 1.35, 0.76, 0.96, 0.25, 1.26, 0.00, 0.00, 0.00, 0.00, 0.00, 0.00, 0.00, 0.00, 1.00, 0.00, 0.00, 0.00, 1.00, 1.00, 0.00, 0.00, 1.00, 0.00, 1.00, 0.00, 0.00, 0.00, 0.00
3034, 0, 114.361, 0.98, 1, 0.03, 0.10, 0.00, 0.02, 0.00, 0.00, 0.19, 1.39, 0.62, 0.91, 0.25, 1.15, 0.00, 0.00, 0.00, 0.00, 0.00, 0.00, 0.00, 0.00, 1.00, 0.00, 0.00, 0.00, 1.00, 1.00, 0.00, 0.00, 1.00, 0.00, 1.00, 0.00, 0.00, 0.00, 0.00
3035, 0, 114.399, 0.98, 1, 0.00, 0.00, 0.00, 0.00, 0.00, 0.00, 0.13, 1.55, 0.55, 0.77, 0.11, 0.87, 0.00, 0.00, 0.15, 0.15, 0.00, 0.00, 0.00, 0.00, 1.00, 0.00, 0.00, 0.00, 1.00, 1.00, 0.00, 0.00, 0.00, 0.00, 1.00, 0.00, 0.00, 0.00, 0.00
3036, 0, 114.437, 0.93, 1, 0.04, 0.16, 0.00, 0.00, 0.00, 0.00, 0.06, 1.68, 0.71, 0.77, 0.00, 0.79, 0.00, 0.00, 0.39, 0.18, 0.00, 0.00, 0.00, 0.00, 1.00, 0.00, 0.00, 0.00, 1.00, 1.00, 0.00, 0.00, 0.00, 0.00, 1.00, 0.00, 0.00, 0.00, 0.00
3037, 0, 114.474, 0.93, 1, 0.04, 0.17, 0.00, 0.00, 0.00, 0.00, 0.00, 1.58, 0.85, 0.67, 0.05, 0.53, 0.00, 0.00, 0.59, 0.19, 0.00, 0.00, 0.00, 0.00, 1.00, 0.00, 0.00, 0.00, 1.00, 1.00, 0.00, 0.00, 0.00, 0.00, 1.00, 0.00, 0.00, 0.00, 0.00
3038, 0, 114.512, 0.93, 1, 0.04, 0.17, 0.00, 0.20, 0.00, 0.00, 0.00, 1.73, 0.93, 0.74, 0.05, 0.56, 0.00, 0.00, 0.55, 0.20, 0.00, 0.00, 0.00, 0.00, 1.00, 0.00, 0.00, 0.00, 1.00, 1.00, 0.00, 0.00, 0.00, 0.00, 1.00, 0.00, 0.00, 0.00, 0.00
3039, 0, 114.550, 0.88, 1, 0.00, 0.01, 0.00, 0.22, 0.00, 0.00, 0.00, 1.84, 0.83, 0.76, 0.17, 0.41, 0.00, 0.00, 0.53, 0.17, 0.10, 0.00, 0.00, 0.00, 1.00, 0.00, 0.00, 0.00, 1.00, 1.00, 0.00, 0.00, 0.00, 0.00, 1.00, 0.00, 0.00, 0.00, 0.00
3040, 0, 114.587, 0.88, 1, 0.11, 0.00, 0.00, 0.22, 0.00, 0.00, 0.00, 1.77, 0.73, 0.64, 0.42, 0.44, 0.00, 0.00, 0.83, 0.15, 0.14, 0.00, 0.00, 0.00, 1.00, 0.00, 0.00, 0.00, 1.00, 1.00, 0.00, 0.00, 0.00, 0.00, 1.00, 0.00, 0.00, 0.00, 0.00
3041, 0, 114.625, 0.93, 1, 0.11, 0.00, 0.00, 0.02, 0.00, 0.00, 0.00, 1.34, 0.66, 0.55, 0.74, 0.32, 0.00, 0.00, 1.15, 0.00, 0.25, 0.00, 0.00, 0.00, 1.00, 0.00, 0.00, 0.00, 1.00, 1.00, 0.00, 0.00, 0.00, 0.00, 1.00, 0.00, 0.00, 0.00, 0.00
3042, 0, 114.663, 0.98, 1, 0.11, 0.06, 0.00, 0.00, 0.00, 0.00, 0.00, 0.98, 0.66, 0.32, 0.81, 0.41, 0.00, 0.00, 1.30, 0.00, 0.15, 0.00, 0.00, 0.00, 1.00, 0.00, 0.00, 0.00, 1.00, 1.00, 0.00, 0.00, 1.00, 0.00, 1.00, 0.00, 0.00, 0.00, 0.00
3043, 0, 114.701, 0.98, 1, 0.02, 0.12, 0.00, 0.00, 0.00, 0.00, 0.00, 0.91, 0.67, 0.36, 0.64, 0.57, 0.00, 0.00, 1.04, 0.00, 0.11, 0.00, 0.00, 0.00, 1.00, 0.00, 0.00, 0.00, 1.00, 1.00, 0.00, 0.00, 1.00, 0.00, 1.00, 0.00, 0.00, 0.00, 0.00
3044, 0, 114.738, 0.98, 1, 0.05, 0.12, 0.00, 0.00, 0.00, 0.00, 0.00, 0.94, 0.67, 0.22, 0.36, 0.92, 0.00, 0.00, 0.84, 0.00, 0.00, 0.00, 0.00, 0.00, 1.00, 0.00, 0.00, 0.00, 1.00, 1.00, 0.00, 0.00, 1.00, 0.00, 1.00, 0.00, 0.00, 0.00, 0.00
3045, 0, 114.776, 0.98, 1, 0.05, 0.06, 0.00, 0.00, 0.05, 0.00, 0.06, 1.06, 0.60, 0.34, 0.50, 1.04, 0.00, 0.00, 0.49, 0.00, 0.01, 0.00, 0.00, 0.00, 1.00, 0.00, 0.00, 0.00, 1.00, 1.00, 0.00, 0.00, 0.00, 0.00, 1.00, 0.00, 0.00, 0.00, 0.00
3046, 0, 114.814, 0.98, 1, 0.02, 0.00, 0.00, 0.00, 0.11, 0.00, 0.14, 1.19, 0.59, 0.59, 0.51, 0.86, 0.00, 0.00, 0.51, 0.03, 0.01, 0.00, 0.00, 0.00, 1.00, 0.00, 0.00, 0.00, 1.00, 1.00, 0.00, 0.00, 0.00, 0.00, 1.00, 0.00, 0.00, 0.00, 0.00
3047, 0, 114.851, 0.98, 1, 0.00, 0.00, 0.00, 0.00, 0.16, 0.00, 0.21, 1.46, 0.50, 0.79, 0.93, 0.65, 0.00, 0.00, 0.45, 0.14, 0.01, 0.00, 0.00, 0.00, 1.00, 0.00, 0.00, 0.00, 1.00, 1.00, 0.00, 0.00, 0.00, 0.00, 1.00, 0.00, 0.00, 0.00, 0.00
3048, 0, 114.889, 0.98, 1, 0.00, 0.00, 0.00, 0.00, 0.14, 0.00, 0.15, 1.67, 0.53, 0.84, 0.93, 0.65, 0.00, 0.00, 0.74, 0.14, 0.00, 0.00, 0.00, 0.00, 1.00, 0.00, 0.00, 0.00, 1.00, 1.00, 0.00, 0.00, 0.00, 0.00, 1.00, 0.00, 0.00, 0.00, 0.00
3049, 0, 114.927, 0.98, 1, 0.00, 0.00, 0.00, 0.00, 0.09, 0.00, 0.07, 1.76, 0.52, 0.67, 1.05, 0.79, 0.00, 0.00, 0.68, 0.11, 0.00, 0.00, 0.00, 0.00, 1.00, 0.00, 0.00, 0.00, 1.00, 1.00, 0.00, 0.00, 0.00, 0.00, 1.00, 0.00, 0.00, 0.00, 0.00
3050, 0, 114.964, 0.98, 1, 0.00, 0.00, 0.00, 0.00, 0.13, 0.19, 0.08, 1.82, 0.51, 0.40, 0.85, 0.60, 0.00, 0.00, 0.59, 0.00, 0.03, 0.00, 0.00, 0.00, 1.00, 0.00, 0.00, 0.00, 1.00, 1.00, 0.00, 0.00, 0.00, 0.00, 1.00, 0.00, 0.00, 0.00, 0.00
3051, 0, 115.002, 0.98, 1, 0.00, 0.00, 0.00, 0.15, 0.12, 0.23, 0.08, 1.88, 0.47, 0.19, 0.88, 0.48, 0.00, 0.00, 0.36, 0.00, 0.03, 0.00, 0.00, 0.00, 1.00, 0.00, 0.00, 0.00, 1.00, 1.00, 0.00, 0.00, 0.00, 0.00, 1.00, 0.00, 0.00, 0.00, 0.00
3052, 0, 115.040, 0.98, 1, 0.03, 0.00, 0.00, 0.20, 0.11, 0.23, 0.08, 1.96, 0.45, 0.00, 1.11, 0.35, 0.00, 0.00, 0.24, 0.07, 0.03, 0.00, 0.00, 0.00, 1.00, 0.00, 0.00, 0.00, 1.00, 1.00, 0.00, 0.00, 0.00, 0.00, 1.00, 0.00, 0.00, 0.00, 0.00
3053, 0, 115.078, 0.98, 1, 0.03, 0.00, 0.00, 0.20, 0.02, 0.04, 0.05, 1.92, 0.38, 0.02, 1.07, 0.32, 0.00, 0.00, 0.19, 0.07, 0.07, 0.00, 0.00, 0.00, 1.00, 0.00, 0.00, 0.00, 1.00, 1.00, 0.00, 0.00, 0.00, 0.00, 1.00, 0.00, 0.00, 0.00, 0.00
3054, 0, 115.115, 0.98, 1, 0.03, 0.00, 0.00, 0.05, 0.00, 0.00, 0.09, 1.81, 0.35, 0.14, 0.75, 0.17, 0.00, 0.00, 0.11, 0.07, 0.07, 0.00, 0.00, 0.00, 1.00, 0.00, 0.00, 0.00, 1.00, 1.00, 0.00, 0.00, 0.00, 0.00, 1.00, 0.00, 0.00, 0.00, 0.00
3055, 0, 115.153, 0.98, 1, 0.00, 0.00, 0.00, 0.00, 0.00, 0.00, 0.18, 1.58, 0.35, 0.54, 0.42, 0.06, 0.00, 0.00, 0.10, 0.00, 0.07, 0.00, 0.00, 0.00, 1.00, 0.00, 0.00, 0.00, 1.00, 1.00, 0.00, 0.00, 0.00, 0.00, 1.00, 0.00, 0.00, 0.00, 0.00
3056, 0, 115.191, 0.98, 1, 0.01, 0.00, 0.00, 0.10, 0.00, 0.00, 0.24, 1.27, 0.41, 0.78, 0.27, 0.16, 0.00, 0.00, 0.08, 0.00, 0.00, 0.00, 1.00, 0.00, 1.00, 0.00, 0.00, 0.00, 1.00, 1.00, 0.00, 0.00, 0.00, 0.00, 1.00, 0.00, 0.00, 0.00, 0.00
3057, 0, 115.228, 0.98, 1, 0.08, 0.00, 0.00, 0.12, 0.00, 0.00, 0.27, 0.94, 0.40, 0.79, 0.46, 0.27, 0.00, 0.00, 0.14, 0.00, 0.00, 0.00, 1.00, 0.00, 1.00, 0.00, 0.00, 0.00, 1.00, 1.00, 0.00, 0.00, 0.00, 0.00, 0.00, 0.00, 0.00, 0.00, 0.00
3058, 0, 115.266, 0.98, 1, 0.10, 0.00, 0.00, 0.12, 0.00, 0.00, 0.22, 0.79, 0.36, 0.58, 0.63, 0.32, 0.00, 0.00, 0.17, 0.00, 0.00, 0.00, 1.00, 0.00, 1.00, 0.00, 0.00, 0.00, 1.00, 1.00, 0.00, 0.00, 0.00, 0.00, 1.00, 0.00, 0.00, 0.00, 0.00
3059, 0, 115.304, 0.98, 1, 0.16, 0.00, 0.00, 0.02, 0.00, 0.00, 0.20, 0.98, 0.28, 0.61, 0.55, 0.26, 0.00, 0.00, 0.29, 0.00, 0.00, 0.00, 1.00, 0.00, 1.00, 0.00, 0.00, 0.00, 1.00, 1.00, 0.00, 0.00, 0.00, 0.00, 1.00, 0.00, 0.00, 0.00, 0.00
3060, 0, 115.342, 0.98, 1, 0.08, 0.00, 0.00, 0.00, 0.00, 0.00, 0.17, 1.19, 0.25, 0.86, 0.58, 0.40, 0.00, 0.00, 0.23, 0.00, 0.00, 0.00, 1.00, 0.00, 1.00, 0.00, 0.00, 0.00, 1.00, 1.00, 0.00, 0.00, 0.00, 0.00, 1.00, 0.00, 0.00, 0.00, 0.00
3061, 0, 115.379, 0.93, 1, 0.06, 0.00, 0.00, 0.00, 0.00, 0.00, 0.18, 1.36, 0.23, 1.08, 0.47, 0.52, 0.00, 0.00, 0.13, 0.00, 0.00, 0.00, 0.00, 0.00, 1.00, 0.00, 0.00, 0.00, 1.00, 1.00, 1.00, 0.00, 0.00, 0.00, 1.00, 0.00, 0.00, 0.00, 0.00
3062, 0, 115.417, 0.93, 1, 0.00, 0.00, 0.02, 0.00, 0.00, 0.00, 0.16, 1.35, 0.24, 1.23, 0.53, 0.48, 0.00, 0.00, 0.00, 0.00, 0.00, 0.00, 0.00, 0.00, 1.00, 0.00, 0.00, 0.00, 1.00, 1.00, 1.00, 0.00, 0.00, 0.00, 1.00, 0.00, 0.00, 0.00, 0.00
3063, 0, 115.455, 0.98, 1, 0.00, 0.00, 0.02, 0.01, 0.00, 0.00, 0.16, 1.39, 0.20, 1.33, 0.40, 0.30, 0.00, 0.00, 0.00, 0.00, 0.00, 0.00, 0.00, 0.00, 1.00, 0.00, 0.00, 0.00, 1.00, 1.00, 1.00, 0.00, 0.00, 0.00, 1.00, 0.00, 0.00, 0.00, 0.00
3064, 0, 115.492, 0.98, 1, 0.03, 0.07, 0.02, 0.01, 0.00, 0.00, 0.26, 1.49, 0.11, 1.44, 0.40, 0.19, 0.00, 0.00, 0.00, 0.00, 0.00, 0.00, 0.00, 0.00, 1.00, 0.00, 0.00, 0.00, 0.00, 1.00, 1.00, 0.00, 0.00, 0.00, 1.00, 0.00, 0.00, 0.00, 0.00
3065, 0, 115.530, 0.98, 1, 0.13, 0.07, 0.00, 0.04, 0.00, 0.00, 0.20, 1.33, 0.13, 1.37, 0.34, 0.24, 0.00, 0.00, 0.00, 0.02, 0.24, 0.00, 0.00, 0.00, 1.00, 0.00, 0.00, 0.00, 0.00, 1.00, 1.00, 0.00, 0.00, 0.00, 1.00, 0.00, 0.00, 0.00, 0.00
3066, 0, 115.568, 0.98, 1, 0.26, 0.07, 0.00, 0.04, 0.00, 0.00, 0.14, 1.12, 0.18, 1.19, 0.19, 0.18, 0.00, 0.03, 0.00, 0.05, 0.49, 0.00, 0.00, 0.00, 1.00, 0.00, 0.00, 0.00, 0.00, 1.00, 1.00, 0.00, 0.00, 0.00, 1.00, 0.00, 0.00, 0.00, 0.00
3067, 0, 115.605, 0.98, 1, 0.38, 0.00, 0.00, 0.04, 0.00, 0.00, 0.07, 0.61, 0.28, 0.67, 0.00, 0.09, 0.00, 0.03, 0.00, 0.20, 0.94, 0.00, 0.00, 0.00, 1.00, 0.00, 0.00, 0.00, 0.00, 1.00, 1.00, 0.00, 0.00, 0.00, 0.00, 0.00, 0.00, 0.00, 0.00
3068, 0, 115.643, 0.88, 1, 0.45, 0.00, 0.00, 0.01, 0.00, 0.00, 0.07, 0.32, 0.36, 0.30, 0.00, 0.04, 0.00, 0.03, 0.04, 0.21, 1.02, 1.00, 0.00, 0.00, 1.00, 0.00, 0.00, 0.00, 0.00, 1.00, 0.00, 0.00, 0.00, 0.00, 0.00, 0.00, 0.00, 0.00, 0.00
3069, 0, 115.681, 0.88, 1, 0.55, 0.11, 0.00, 0.00, 0.00, 0.00, 0.07, 0.05, 0.51, 0.00, 0.00, 0.13, 0.00, 0.00, 0.22, 0.27, 1.10, 1.00, 0.00, 0.00, 1.00, 0.00, 0.00, 0.00, 0.00, 1.00, 0.00, 0.00, 0.00, 0.00, 0.00, 0.00, 0.00, 0.00, 0.00
3070, 0, 115.719, 0.88, 1, 0.61, 0.11, 0.00, 0.00, 0.00, 0.00, 0.00, 0.10, 0.40, 0.00, 0.00, 0.40, 0.10, 0.00, 0.61, 0.42, 1.02, 1.00, 0.00, 0.00, 1.00, 0.00, 0.00, 0.00, 0.00, 1.00, 0.00, 0.00, 0.00, 0.00, 0.00, 1.00, 0.00, 0.00, 0.00
3071, 0, 115.756, 0.98, 1, 0.54, 0.11, 0.00, 0.00, 0.05, 0.00, 0.01, 0.29, 0.37, 0.00, 0.00, 0.40, 0.14, 0.00, 0.88, 0.92, 0.77, 1.00, 0.00, 0.00, 1.00, 0.00, 0.00, 0.00, 0.00, 1.00, 0.00, 0.00, 0.00, 0.00, 0.00, 1.00, 1.00, 0.00, 0.00
3072, 0, 115.794, 0.98, 1, 0.40, 0.00, 0.00, 0.00, 0.11, 0.00, 0.01, 0.55, 0.31, 0.00, 0.00, 0.27, 0.18, 0.00, 1.06, 1.34, 0.53, 1.00, 0.00, 0.00, 1.00, 0.00, 0.00, 0.00, 0.00, 1.00, 0.00, 0.00, 0.00, 0.00, 0.00, 1.00, 1.00, 0.00, 0.00
3073, 0, 115.832, 0.98, 1, 0.19, 0.00, 0.00, 0.00, 0.11, 0.00, 0.09, 0.54, 0.43, 0.23, 0.00, 0.00, 0.07, 0.00, 1.04, 1.56, 0.22, 1.00, 0.00, 0.00, 1.00, 0.00, 0.00, 0.00, 1.00, 1.00, 0.00, 0.00, 0.00, 0.00, 0.00, 1.00, 1.00, 0.00, 0.00
3074, 0, 115.869, 0.98, 1, 0.10, 0.00, 0.00, 0.00, 0.06, 0.00, 0.14, 0.38, 0.48, 0.23, 0.00, 0.00, 0.04, 0.00, 1.13, 1.51, 0.21, 1.00, 0.00, 0.00, 1.00, 0.00, 0.00, 0.00, 1.00, 1.00, 0.00, 0.00, 0.00, 0.00, 0.00, 1.00, 1.00, 0.00, 0.00
3075, 0, 115.907, 0.88, 1, 0.15, 0.11, 0.00, 0.00, 0.00, 0.00, 0.21, 0.12, 0.60, 0.35, 0.00, 0.11, 0.00, 0.00, 0.98, 1.32, 0.12, 1.00, 0.00, 0.00, 1.00, 0.00, 0.00, 0.00, 1.00, 1.00, 0.00, 0.00, 0.00, 0.00, 0.00, 1.00, 1.00, 0.00, 0.00
3076, 0, 115.945, 0.88, 1, 0.28, 0.22, 0.00, 0.00, 0.00, 0.00, 0.12, 0.07, 0.68, 0.14, 0.00, 0.11, 0.00, 0.00, 0.95, 1.03, 0.33, 1.00, 0.00, 0.00, 1.00, 0.00, 0.00, 0.00, 0.00, 1.00, 0.00, 0.00, 0.00, 0.00, 0.00, 1.00, 0.00, 0.00, 0.00
3077, 0, 115.983, 0.88, 1, 0.42, 0.33, 0.00, 0.00, 0.00, 0.00, 0.07, 0.02, 0.74, 0.14, 0.00, 0.11, 0.03, 0.00, 1.03, 0.57, 0.53, 1.00, 0.00, 0.00, 1.00, 0.00, 0.00, 0.00, 0.00, 1.00, 0.00, 0.00, 0.00, 0.00, 0.00, 1.00, 0.00, 0.00, 0.00
3078, 0, 116.020, 0.88, 1, 0.43, 0.22, 0.00, 0.00, 0.00, 0.00, 0.00, 0.02, 0.72, 0.01, 0.00, 0.00, 0.03, 0.00, 1.21, 0.28, 0.77, 1.00, 0.00, 0.00, 1.00, 0.00, 0.00, 0.00, 0.00, 1.00, 0.00, 0.00, 0.00, 0.00, 0.00, 1.00, 0.00, 0.00, 0.00
3079, 0, 116.058, 0.88, 1, 0.29, 0.12, 0.00, 0.00, 0.00, 0.00, 0.00, 0.16, 0.74, 0.00, 0.00, 0.00, 0.03, 0.00, 1.37, 0.06, 0.79, 1.00, 0.00, 0.00, 1.00, 0.00, 0.00, 0.00, 1.00, 1.00, 0.00, 0.00, 0.00, 0.00, 0.00, 1.00, 0.00, 0.00, 0.00
3080, 0, 116.096, 0.88, 1, 0.14, 0.00, 0.00, 0.00, 0.00, 0.00, 0.00, 0.30, 0.92, 0.00, 0.00, 0.05, 0.00, 0.00, 1.25, 0.04, 0.55, 1.00, 0.00, 0.00, 1.00, 0.00, 0.00, 0.00, 1.00, 1.00, 0.00, 0.00, 0.00, 0.00, 0.00, 1.00, 0.00, 0.00, 0.00
3081, 0, 116.133, 0.88, 1, 0.00, 0.05, 0.00, 0.00, 0.03, 0.00, 0.00, 0.43, 1.05, 0.17, 0.00, 0.05, 0.00, 0.00, 1.23, 0.00, 0.31, 0.00, 0.00, 0.00, 1.00, 0.00, 0.00, 0.00, 1.00, 1.00, 0.00, 0.00, 0.00, 0.00, 0.00, 1.00, 0.00, 0.00, 0.00
3082, 0, 116.171, 0.88, 1, 0.08, 0.18, 0.00, 0.00, 0.03, 0.00, 0.00, 0.28, 1.20, 0.34, 0.00, 0.19, 0.00, 0.00, 1.14, 0.00, 0.19, 0.00, 0.00, 0.00, 1.00, 0.00, 0.00, 0.00, 1.00, 1.00, 1.00, 0.00, 0.00, 0.00, 0.00, 1.00, 0.00, 0.00, 1.00
3083, 0, 116.209, 0.88, 1, 0.08, 0.18, 0.00, 0.00, 0.03, 0.00, 0.00, 0.26, 1.21, 0.63, 0.00, 0.27, 0.00, 0.00, 1.19, 0.17, 0.47, 0.00, 0.00, 0.00, 1.00, 0.00, 0.00, 0.00, 1.00, 1.00, 1.00, 0.00, 0.00, 0.00, 0.00, 1.00, 0.00, 0.00, 1.00
3084, 0, 116.246, 0.88, 1, 0.08, 0.14, 0.00, 0.00, 0.00, 0.00, 0.00, 0.43, 1.31, 0.77, 0.00, 0.27, 0.00, 0.00, 1.23, 0.20, 0.69, 0.00, 0.00, 0.00, 1.00, 0.00, 0.00, 0.00, 1.00, 1.00, 1.00, 0.00, 0.00, 0.00, 0.00, 1.00, 0.00, 0.00, 1.00
3085, 0, 116.284, 0.88, 1, 0.00, 0.01, 0.00, 0.00, 0.00, 0.00, 0.04, 0.67, 1.34, 0.60, 0.00, 0.12, 0.00, 0.00, 1.34, 0.35, 0.68, 0.00, 0.00, 0.00, 1.00, 0.00, 0.00, 0.00, 1.00, 1.00, 1.00, 0.00, 0.00, 0.00, 0.00, 1.00, 0.00, 0.00, 1.00
3086, 0, 116.322, 0.88, 1, 0.00, 0.01, 0.00, 0.00, 0.00, 0.00, 0.04, 0.67, 1.37, 0.30, 0.00, 0.00, 0.00, 0.00, 1.38, 0.33, 0.57, 0.00, 0.00, 0.00, 1.00, 0.00, 0.00, 0.00, 1.00, 1.00, 0.00, 0.00, 0.00, 0.00, 0.00, 1.00, 0.00, 0.00, 0.00
3087, 0, 116.360, 0.93, 1, 0.00, 0.00, 0.00, 0.00, 0.00, 0.00, 0.04, 0.54, 1.34, 0.00, 0.00, 0.00, 0.00, 0.00, 1.50, 0.52, 0.53, 0.00, 0.00, 0.00, 1.00, 0.00, 0.00, 0.00, 1.00, 1.00, 0.00, 0.00, 0.00, 0.00, 0.00, 1.00, 0.00, 0.00, 0.00
3088, 0, 116.397, 0.93, 1, 0.09, 0.00, 0.00, 0.00, 0.00, 0.00, 0.00, 0.35, 1.15, 0.00, 0.00, 0.00, 0.00, 0.00, 1.06, 0.37, 0.62, 0.00, 0.00, 0.00, 1.00, 0.00, 0.00, 0.00, 1.00, 1.00, 0.00, 0.00, 0.00, 0.00, 0.00, 1.00, 0.00, 0.00, 0.00
3089, 0, 116.435, 0.98, 1, 0.12, 0.00, 0.00, 0.00, 0.00, 0.00, 0.00, 0.39, 1.02, 0.05, 0.00, 0.07, 0.00, 0.00, 0.96, 0.22, 0.71, 0.00, 0.00, 0.00, 1.00, 0.00, 0.00, 0.00, 1.00, 1.00, 0.00, 0.00, 0.00, 0.00, 0.00, 1.00, 0.00, 0.00, 0.00
3090, 0, 116.473, 0.93, 1, 0.25, 0.18, 0.00, 0.00, 0.03, 0.00, 0.07, 0.45, 0.90, 0.11, 0.00, 0.10, 0.00, 0.00, 1.07, 0.01, 0.54, 0.00, 0.00, 0.00, 1.00, 0.00, 0.00, 0.00, 1.00, 1.00, 0.00, 0.00, 0.00, 0.00, 0.00, 1.00, 0.00, 0.00, 0.00
3091, 0, 116.510, 0.93, 1, 0.30, 0.37, 0.00, 0.00, 0.05, 0.00, 0.12, 0.62, 1.03, 0.18, 0.00, 0.17, 0.01, 0.00, 1.63, 0.08, 0.30, 0.00, 0.00, 0.00, 1.00, 0.00, 0.00, 0.00, 1.00, 1.00, 0.00, 0.00, 0.00, 0.00, 0.00, 1.00, 0.00, 0.00, 0.00
3092, 0, 116.548, 0.93, 1, 0.39, 0.37, 0.00, 0.00, 0.05, 0.00, 0.13, 0.63, 0.95, 0.13, 0.00, 0.13, 0.01, 0.00, 1.71, 0.08, 0.14, 0.00, 0.00, 0.00, 1.00, 0.00, 0.00, 0.00, 1.00, 1.00, 0.00, 0.00, 0.00, 0.00, 0.00, 1.00, 0.00, 0.00, 0.00
3093, 0, 116.586, 0.98, 1, 0.31, 0.18, 0.00, 0.00, 0.02, 0.00, 0.06, 0.63, 0.94, 0.34, 0.02, 0.20, 0.01, 0.00, 1.47, 0.07, 0.28, 0.00, 0.00, 0.00, 1.00, 0.00, 0.00, 0.00, 1.00, 1.00, 0.00, 0.00, 0.00, 0.00, 0.00, 1.00, 0.00, 0.00, 0.00
3094, 0, 116.624, 0.98, 1, 0.17, 0.09, 0.00, 0.00, 0.00, 0.00, 0.01, 0.70, 0.99, 0.53, 0.34, 0.20, 0.00, 0.00, 1.40, 0.00, 0.59, 0.00, 1.00, 0.00, 1.00, 0.00, 0.00, 0.00, 1.00, 1.00, 0.00, 0.00, 0.00, 0.00, 0.00, 1.00, 0.00, 0.00, 0.00
3095, 0, 116.661, 0.93, 1, 0.05, 0.19, 0.00, 0.00, 0.07, 0.00, 0.00, 0.62, 1.13, 0.71, 0.34, 0.28, 0.00, 0.00, 1.65, 0.30, 0.60, 0.00, 1.00, 0.00, 1.00, 0.00, 0.00, 0.00, 1.00, 1.00, 0.00, 0.00, 0.00, 0.00, 0.00, 1.00, 0.00, 0.00, 0.00
3096, 0, 116.699, 0.98, 1, 0.00, 0.19, 0.00, 0.00, 0.19, 0.00, 0.00, 0.70, 1.16, 0.45, 0.32, 0.30, 0.00, 0.00, 1.97, 0.63, 0.87, 0.00, 0.00, 0.00, 1.00, 0.00, 0.00, 0.00, 1.00, 1.00, 0.00, 0.00, 0.00, 0.00, 0.00, 1.00, 0.00, 0.00, 0.00
3097, 0, 116.737, 0.93, 1, 0.00, 0.10, 0.00, 0.00, 0.29, 0.00, 0.00, 0.71, 1.13, 0.19, 0.01, 0.35, 0.00, 0.00, 2.07, 0.97, 0.95, 0.00, 0.00, 0.00, 1.00, 0.00, 0.00, 0.00, 1.00, 1.00, 0.00, 0.00, 0.00, 0.00, 0.00, 1.00, 0.00, 0.00, 0.00
3098, 0, 116.774, 0.93, 1, 0.00, 0.00, 0.00, 0.00, 0.30, 0.00, 0.00, 0.88, 1.13, 0.10, 0.20, 0.41, 0.00, 0.00, 2.09, 1.07, 1.24, 0.00, 0.00, 0.00, 1.00, 0.00, 0.00, 0.00, 1.00, 1.00, 0.00, 0.00, 0.00, 0.00, 0.00, 1.00, 0.00, 0.00, 0.00
3099, 0, 116.812, 0.98, 1, 0.09, 0.00, 0.00, 0.00, 0.21, 0.00, 0.00, 0.84, 1.16, 0.27, 0.58, 0.35, 0.00, 0.00, 2.19, 0.94, 1.07, 0.00, 0.00, 0.00, 1.00, 0.00, 0.00, 0.00, 1.00, 1.00, 0.00, 0.00, 0.00, 0.00, 0.00, 1.00, 0.00, 0.00, 0.00
3100, 0, 116.850, 0.98, 1, 0.16, 0.00, 0.00, 0.00, 0.11, 0.00, 0.00, 0.67, 1.23, 0.27, 0.57, 0.23, 0.00, 0.00, 2.01, 0.61, 0.68, 0.00, 0.00, 0.00, 1.00, 0.00, 0.00, 0.00, 1.00, 1.00, 0.00, 0.00, 0.00, 0.00, 0.00, 1.00, 0.00, 0.00, 0.00
3101, 0, 116.887, 0.98, 1, 0.20, 0.00, 0.00, 0.00, 0.03, 0.00, 0.00, 0.54, 1.26, 0.35, 0.38, 0.07, 0.00, 0.00, 1.83, 0.20, 0.44, 0.00, 0.00, 0.00, 1.00, 0.00, 0.00, 0.00, 1.00, 1.00, 0.00, 0.00, 0.00, 0.00, 0.00, 1.00, 0.00, 0.00, 0.00
3102, 0, 116.925, 0.98, 1, 0.21, 0.13, 0.00, 0.00, 0.00, 0.00, 0.00, 0.62, 1.28, 0.40, 0.01, 0.13, 0.00, 0.00, 1.72, 0.00, 0.22, 0.00, 0.00, 0.00, 1.00, 0.00, 0.00, 0.00, 1.00, 1.00, 0.00, 0.00, 0.00, 0.00, 0.00, 1.00, 0.00, 0.00, 0.00
3103, 0, 116.963, 0.93, 1, 0.23, 0.31, 0.00, 0.00, 0.00, 0.00, 0.00, 0.64, 1.32, 0.60, 0.01, 0.13, 0.00, 0.00, 1.77, 0.06, 0.33, 0.00, 0.00, 0.00, 1.00, 0.00, 0.00, 0.00, 1.00, 1.00, 0.00, 0.00, 0.00, 0.00, 0.00, 1.00, 0.00, 0.00, 0.00
3104, 0, 117.001, 0.88, 1, 0.39, 0.34, 0.00, 0.00, 0.00, 0.00, 0.00, 0.49, 1.29, 0.65, 0.07, 0.17, 0.00, 0.00, 1.35, 0.06, 0.42, 0.00, 0.00, 0.00, 1.00, 0.00, 0.00, 0.00, 1.00, 1.00, 0.00, 0.00, 0.00, 0.00, 0.00, 1.00, 0.00, 0.00, 0.00
3105, 0, 117.038, 0.88, 1, 0.42, 0.32, 0.00, 0.00, 0.00, 0.00, 0.00, 0.28, 1.11, 0.42, 0.06, 0.18, 0.00, 0.02, 0.73, 0.06, 0.54, 0.00, 0.00, 0.00, 1.00, 0.00, 0.00, 0.00, 1.00, 1.00, 0.00, 0.00, 0.00, 0.00, 0.00, 1.00, 0.00, 0.00, 1.00
3106, 0, 117.076, 0.88, 1, 0.42, 0.29, 0.00, 0.00, 0.00, 0.00, 0.01, 0.35, 0.97, 0.26, 0.06, 0.38, 0.00, 0.02, 0.26, 0.00, 0.55, 0.00, 0.00, 0.00, 1.00, 0.00, 0.00, 0.00, 1.00, 1.00, 0.00, 0.00, 0.00, 0.00, 1.00, 1.00, 0.00, 0.00, 1.00
3107, 0, 117.114, 0.88, 1, 0.29, 0.27, 0.00, 0.00, 0.00, 0.00, 0.02, 0.61, 1.08, 0.39, 0.00, 0.77, 0.00, 0.02, 0.36, 0.04, 0.44, 0.00, 0.00, 0.00, 1.00, 0.00, 0.00, 0.00, 1.00, 1.00, 1.00, 0.00, 1.00, 0.00, 1.00, 1.00, 0.00, 0.00, 1.00
3108, 0, 117.151, 0.88, 1, 0.19, 0.15, 0.00, 0.00, 0.00, 0.00, 0.02, 0.70, 1.32, 0.85, 0.00, 0.92, 0.00, 0.00, 0.44, 0.04, 0.59, 0.00, 0.00, 0.00, 1.00, 0.00, 0.00, 0.00, 0.00, 1.00, 1.00, 0.00, 1.00, 0.00, 1.00, 1.00, 0.00, 0.00, 1.00
3109, 0, 117.189, 0.88, 1, 0.17, 0.24, 0.00, 0.00, 0.00, 0.00, 0.00, 0.60, 1.45, 1.22, 0.00, 0.94, 0.00, 0.00, 0.57, 0.11, 0.66, 0.00, 0.00, 0.00, 1.00, 0.00, 0.00, 0.00, 1.00, 1.00, 1.00, 0.00, 1.00, 0.00, 1.00, 1.00, 0.00, 0.00, 1.00
3110, 0, 117.227, 0.93, 1, 0.09, 0.29, 0.00, 0.00, 0.00, 0.00, 0.00, 0.39, 1.45, 1.47, 0.00, 0.53, 0.01, 0.00, 0.86, 0.20, 0.69, 0.00, 0.00, 0.00, 1.00, 0.00, 0.00, 0.00, 1.00, 1.00, 1.00, 0.00, 1.00, 0.00, 1.00, 1.00, 0.00, 0.00, 1.00
3111, 0, 117.265, 0.98, 1, 0.13, 0.45, 0.00, 0.00, 0.01, 0.00, 0.00, 0.39, 1.44, 1.71, 0.00, 0.41, 0.14, 0.00, 1.18, 0.42, 0.41, 0.00, 0.00, 0.00, 1.00, 0.00, 0.00, 0.00, 1.00, 1.00, 1.00, 0.00, 1.00, 0.00, 1.00, 1.00, 0.00, 0.00, 1.00
3112, 0, 117.302, 0.88, 1, 0.12, 0.31, 0.00, 0.00, 0.05, 0.00, 0.00, 0.47, 1.45, 1.88, 0.09, 0.34, 0.15, 0.00, 1.50, 0.49, 0.23, 0.00, 0.00, 0.00, 1.00, 0.00, 0.00, 0.00, 1.00, 1.00, 1.00, 0.00, 0.00, 0.00, 1.00, 1.00, 0.00, 0.00, 1.00
3113, 0, 117.340, 0.88, 1, 0.14, 0.26, 0.00, 0.00, 0.05, 0.00, 0.00, 0.58, 1.39, 1.73, 0.09, 0.42, 0.19, 0.00, 1.41, 0.59, 0.18, 0.00, 0.00, 0.00, 1.00, 0.00, 0.00, 0.00, 1.00, 1.00, 1.00, 0.00, 0.00, 0.00, 1.00, 1.00, 0.00, 0.00, 1.00
3114, 0, 117.378, 0.88, 1, 0.07, 0.10, 0.00, 0.00, 0.04, 0.00, 0.00, 0.56, 1.34, 1.51, 0.09, 0.31, 0.11, 0.00, 1.36, 0.65, 0.27, 0.00, 0.00, 0.00, 1.00, 0.00, 0.00, 0.00, 1.00, 1.00, 1.00, 0.00, 0.00, 0.00, 1.00, 1.00, 0.00, 0.00, 0.00
3115, 0, 117.415, 0.88, 1, 0.09, 0.29, 0.00, 0.00, 0.00, 0.00, 0.00, 0.36, 1.25, 1.17, 0.00, 0.19, 0.13, 0.00, 1.28, 0.64, 0.29, 0.00, 0.00, 0.00, 1.00, 0.00, 0.00, 0.00, 1.00, 1.00, 1.00, 0.00, 0.00, 0.00, 1.00, 1.00, 0.00, 0.00, 0.00
3116, 0, 117.453, 0.88, 1, 0.11, 0.43, 0.00, 0.00, 0.00, 0.00, 0.00, 0.21, 1.25, 1.17, 0.00, 0.20, 0.09, 0.00, 1.32, 0.56, 0.14, 0.00, 0.00, 0.00, 1.00, 0.00, 0.00, 0.00, 1.00, 1.00, 1.00, 0.00, 0.00, 0.00, 1.00, 1.00, 1.00, 0.00, 0.00
3117, 0, 117.491, 0.93, 1, 0.14, 0.67, 0.00, 0.00, 0.01, 0.00, 0.00, 0.13, 1.25, 1.18, 0.00, 0.22, 0.03, 0.00, 1.38, 0.59, 0.02, 0.00, 0.00, 0.00, 1.00, 0.00, 0.00, 0.00, 1.00, 1.00, 1.00, 0.00, 0.00, 0.00, 1.00, 1.00, 1.00, 0.00, 0.00
3118, 0, 117.528, 0.98, 1, 0.11, 0.57, 0.00, 0.00, 0.01, 0.00, 0.02, 0.43, 1.30, 1.62, 0.00, 0.32, 0.00, 0.00, 1.39, 0.87, 0.00, 0.00, 0.00, 0.00, 1.00, 0.00, 0.00, 0.00, 1.00, 1.00, 1.00, 0.00, 0.00, 0.00, 0.00, 1.00, 1.00, 0.00, 0.00
3119, 0, 117.566, 0.98, 1, 0.11, 0.70, 0.00, 0.00, 0.03, 0.00, 0.02, 0.77, 1.33, 1.93, 0.00, 0.39, 0.00, 0.00, 1.26, 1.15, 0.00, 0.00, 0.00, 0.00, 1.00, 0.00, 0.00, 0.00, 1.00, 1.00, 1.00, 0.00, 0.00, 0.00, 0.00, 1.00, 1.00, 0.00, 0.00
3120, 0, 117.604, 0.98, 1, 0.18, 0.69, 0.00, 0.00, 0.02, 0.00, 0.02, 1.04, 1.26, 1.42, 0.08, 0.50, 0.00, 0.00, 1.38, 0.92, 0.00, 0.00, 0.00, 0.00, 1.00, 0.00, 0.00, 0.00, 1.00, 1.00, 1.00, 0.00, 0.00, 0.00, 0.00, 1.00, 1.00, 0.00, 0.00
3121, 0, 117.642, 0.98, 1, 0.17, 0.64, 0.00, 0.00, 0.03, 0.00, 0.00, 1.08, 1.20, 0.75, 0.15, 0.52, 0.00, 0.00, 1.48, 0.66, 0.00, 0.00, 0.00, 0.00, 1.00, 0.00, 1.00, 0.00, 1.00, 1.00, 0.00, 0.00, 0.00, 0.00, 0.00, 1.00, 1.00, 0.00, 0.00
3122, 0, 117.679, 0.98, 1, 0.19, 0.57, 0.01, 0.00, 0.04, 0.00, 0.00, 1.13, 1.15, 0.04, 0.17, 0.50, 0.00, 0.00, 1.73, 0.47, 0.00, 0.00, 0.00, 0.00, 1.00, 0.00, 1.00, 0.00, 1.00, 1.00, 0.00, 0.00, 0.00, 0.00, 0.00, 1.00, 1.00, 0.00, 0.00
3123, 0, 117.717, 0.93, 1, 0.11, 0.58, 0.02, 0.00, 0.11, 0.00, 0.00, 1.06, 1.24, 0.08, 0.09, 0.45, 0.00, 0.00, 1.74, 0.51, 0.00, 0.00, 0.00, 0.00, 1.00, 0.00, 1.00, 0.00, 1.00, 1.00, 0.00, 0.00, 0.00, 0.00, 0.00, 1.00, 1.00, 0.00, 0.00
3124, 0, 117.755, 0.98, 1, 0.13, 0.65, 0.02, 0.00, 0.25, 0.11, 0.00, 1.11, 1.31, 0.08, 0.21, 0.54, 0.00, 0.00, 1.72, 0.44, 0.00, 0.00, 0.00, 0.00, 1.00, 0.00, 1.00, 0.00, 1.00, 1.00, 0.00, 0.00, 0.00, 0.00, 0.00, 1.00, 1.00, 0.00, 0.00
3125, 0, 117.792, 0.98, 1, 0.24, 0.69, 0.01, 0.00, 0.36, 0.11, 0.00, 0.90, 1.46, 0.51, 0.19, 0.85, 0.07, 0.00, 1.77, 0.41, 0.00, 0.00, 0.00, 0.00, 1.00, 0.00, 1.00, 0.00, 1.00, 1.00, 0.00, 0.00, 0.00, 0.00, 0.00, 1.00, 1.00, 0.00, 0.00
3126, 0, 117.830, 0.98, 1, 0.38, 0.69, 0.00, 0.00, 0.44, 0.11, 0.00, 0.84, 1.56, 0.85, 0.19, 1.10, 0.11, 0.00, 1.84, 0.43, 0.00, 0.00, 1.00, 0.00, 1.00, 0.00, 1.00, 0.00, 1.00, 1.00, 0.00, 0.00, 1.00, 0.00, 1.00, 1.00, 1.00, 0.00, 0.00
3127, 0, 117.868, 0.98, 1, 0.50, 0.62, 0.02, 0.00, 0.34, 0.01, 0.00, 0.73, 1.71, 1.17, 0.00, 1.30, 0.11, 0.00, 1.94, 0.68, 0.00, 0.00, 1.00, 0.00, 1.00, 0.00, 1.00, 0.00, 1.00, 1.00, 0.00, 0.00, 1.00, 0.00, 1.00, 1.00, 1.00, 0.00, 0.00
3128, 0, 117.906, 0.98, 1, 0.42, 0.41, 0.02, 0.00, 0.27, 0.00, 0.00, 0.82, 1.72, 1.27, 0.00, 1.25, 0.07, 0.00, 1.90, 0.78, 0.00, 0.00, 1.00, 0.00, 1.00, 0.00, 0.00, 0.00, 1.00, 1.00, 0.00, 0.00, 1.00, 0.00, 1.00, 1.00, 1.00, 0.00, 0.00
3129, 0, 117.943, 0.98, 1, 0.25, 0.26, 0.02, 0.00, 0.22, 0.00, 0.00, 0.77, 1.65, 1.48, 0.00, 1.29, 0.09, 0.00, 1.81, 0.80, 0.00, 0.00, 1.00, 0.00, 1.00, 0.00, 0.00, 0.00, 1.00, 1.00, 1.00, 0.00, 1.00, 0.00, 1.00, 1.00, 1.00, 0.00, 0.00
3130, 0, 117.981, 0.98, 1, 0.10, 0.27, 0.00, 0.00, 0.23, 0.00, 0.08, 0.62, 1.56, 1.48, 0.00, 0.87, 0.09, 0.00, 1.83, 0.48, 0.02, 0.00, 1.00, 0.00, 1.00, 0.00, 0.00, 0.00, 1.00, 1.00, 1.00, 0.00, 1.00, 0.00, 1.00, 1.00, 1.00, 0.00, 0.00
3131, 0, 118.019, 0.98, 1, 0.02, 0.31, 0.00, 0.00, 0.26, 0.00, 0.13, 0.59, 1.54, 1.41, 0.00, 0.61, 0.06, 0.00, 1.54, 0.17, 0.13, 0.00, 1.00, 0.00, 1.00, 0.00, 0.00, 0.00, 1.00, 1.00, 1.00, 0.00, 0.00, 0.00, 1.00, 1.00, 0.00, 0.00, 0.00
3132, 0, 118.056, 0.98, 1, 0.00, 0.36, 0.01, 0.00, 0.24, 0.00, 0.17, 0.66, 1.57, 1.26, 0.00, 0.31, 0.00, 0.00, 1.30, 0.00, 0.22, 0.00, 1.00, 0.00, 1.00, 0.00, 0.00, 0.00, 1.00, 1.00, 1.00, 0.00, 0.00, 0.00, 1.00, 1.00, 0.00, 0.00, 0.00
3133, 0, 118.094, 0.98, 1, 0.00, 0.40, 0.01, 0.00, 0.18, 0.00, 0.09, 0.91, 1.61, 1.61, 0.00, 0.44, 0.00, 0.00, 1.08, 0.00, 0.32, 0.00, 1.00, 0.00, 1.00, 0.00, 0.00, 0.00, 1.00, 1.00, 1.00, 0.00, 0.00, 0.00, 1.00, 1.00, 0.00, 0.00, 0.00
3134, 0, 118.132, 0.98, 1, 0.00, 0.46, 0.01, 0.00, 0.12, 0.00, 0.12, 1.06, 1.56, 1.65, 0.00, 0.46, 0.00, 0.00, 1.34, 0.03, 0.20, 0.00, 1.00, 0.00, 1.00, 0.00, 0.00, 0.00, 1.00, 1.00, 0.00, 0.00, 0.00, 0.00, 1.00, 1.00, 0.00, 0.00, 0.00
3135, 0, 118.169, 0.98, 1, 0.00, 0.36, 0.00, 0.00, 0.09, 0.00, 0.07, 1.37, 1.44, 1.42, 0.66, 0.65, 0.00, 0.00, 1.97, 0.27, 0.11, 0.00, 1.00, 0.00, 1.00, 0.00, 0.00, 0.00, 1.00, 1.00, 0.00, 0.00, 0.00, 0.00, 1.00, 1.00, 0.00, 0.00, 0.00
3136, 0, 118.207, 0.98, 1, 0.00, 0.21, 0.00, 0.00, 0.10, 0.00, 0.07, 1.46, 1.26, 0.84, 1.03, 0.76, 0.00, 0.00, 2.29, 0.67, 0.00, 0.00, 0.00, 0.00, 1.00, 0.00, 0.00, 0.00, 1.00, 1.00, 0.00, 0.00, 0.00, 0.00, 0.00, 1.00, 1.00, 0.00, 0.00
3137, 0, 118.245, 0.98, 1, 0.01, 0.08, 0.00, 0.00, 0.11, 0.00, 0.00, 1.51, 1.12, 0.56, 1.30, 0.98, 0.09, 0.00, 2.62, 1.02, 0.00, 0.00, 0.00, 0.00, 1.00, 0.00, 0.00, 0.00, 1.00, 1.00, 0.00, 0.00, 0.00, 0.00, 0.00, 1.00, 1.00, 0.00, 0.00
3138, 0, 118.283, 0.98, 1, 0.09, 0.04, 0.00, 0.00, 0.09, 0.00, 0.00, 1.38, 1.04, 0.76, 0.86, 1.02, 0.13, 0.00, 2.33, 1.20, 0.00, 0.00, 0.00, 0.00, 1.00, 0.00, 0.00, 0.00, 1.00, 1.00, 0.00, 0.00, 1.00, 0.00, 0.00, 1.00, 1.00, 0.00, 0.00
3139, 0, 118.320, 0.93, 1, 0.25, 0.17, 0.00, 0.00, 0.08, 0.00, 0.00, 1.34, 0.85, 0.91, 1.00, 1.00, 0.15, 0.00, 2.03, 1.15, 0.00, 0.00, 0.00, 0.00, 1.00, 0.00, 0.00, 0.00, 1.00, 1.00, 0.00, 1.00, 1.00, 0.00, 0.00, 1.00, 1.00, 0.00, 0.00
3140, 0, 118.358, 0.98, 1, 0.30, 0.17, 0.00, 0.00, 0.04, 0.00, 0.02, 1.33, 0.68, 0.83, 0.74, 0.89, 0.06, 0.00, 1.14, 0.78, 0.07, 0.00, 0.00, 0.00, 1.00, 0.00, 0.00, 0.00, 1.00, 1.00, 0.00, 1.00, 0.00, 0.00, 0.00, 1.00, 0.00, 0.00, 0.00
3141, 0, 118.396, 0.98, 1, 0.38, 0.22, 0.00, 0.00, 0.00, 0.00, 0.08, 1.23, 0.58, 0.87, 0.62, 0.66, 0.02, 0.00, 0.57, 0.35, 0.07, 0.00, 0.00, 0.00, 1.00, 0.00, 0.00, 0.00, 1.00, 1.00, 0.00, 1.00, 0.00, 0.00, 1.00, 0.00, 0.00, 0.00, 0.00
3142, 0, 118.433, 0.88, 1, 0.41, 0.09, 0.00, 0.00, 0.00, 0.00, 0.17, 1.18, 0.59, 0.90, 0.17, 0.56, 0.05, 0.00, 0.12, 0.03, 0.22, 0.00, 0.00, 0.00, 1.00, 0.00, 0.00, 0.00, 1.00, 1.00, 0.00, 1.00, 0.00, 0.00, 1.00, 0.00, 0.00, 0.00, 0.00
3143, 0, 118.471, 0.88, 1, 0.38, 0.09, 0.00, 0.00, 0.00, 0.00, 0.23, 1.21, 0.58, 0.94, 0.32, 0.55, 0.05, 0.00, 0.26, 0.30, 0.39, 0.00, 0.00, 0.00, 1.00, 0.00, 0.00, 0.00, 1.00, 1.00, 0.00, 1.00, 0.00, 0.00, 1.00, 0.00, 0.00, 0.00, 0.00
3144, 0, 118.509, 0.98, 1, 0.22, 0.05, 0.00, 0.00, 0.00, 0.00, 0.26, 1.33, 0.55, 0.71, 0.47, 0.65, 0.05, 0.00, 0.30, 0.58, 0.59, 0.00, 0.00, 0.00, 1.00, 0.00, 0.00, 0.00, 1.00, 1.00, 0.00, 1.00, 0.00, 0.00, 1.00, 0.00, 0.00, 0.00, 0.00
3145, 0, 118.547, 0.98, 1, 0.26, 0.09, 0.00, 0.00, 0.01, 0.08, 0.40, 1.44, 0.44, 0.44, 0.41, 0.62, 0.00, 0.08, 0.28, 0.55, 0.44, 0.00, 0.00, 0.00, 1.00, 0.00, 0.00, 0.00, 1.00, 1.00, 0.00, 1.00, 0.00, 0.00, 1.00, 0.00, 0.00, 0.00, 0.00
3146, 0, 118.584, 0.98, 1, 0.37, 0.09, 0.00, 0.00, 0.01, 0.08, 0.54, 1.40, 0.44, 0.42, 0.25, 0.46, 0.00, 0.11, 0.14, 0.31, 0.20, 0.00, 0.00, 0.00, 1.00, 0.00, 0.00, 0.00, 1.00, 1.00, 0.00, 1.00, 0.00, 0.00, 1.00, 0.00, 0.00, 0.00, 0.00
3147, 0, 118.622, 0.93, 1, 0.50, 0.13, 0.00, 0.00, 0.01, 0.08, 0.63, 1.27, 0.50, 0.64, 0.00, 0.39, 0.00, 0.11, 0.00, 0.20, 0.00, 0.00, 0.00, 0.00, 1.00, 0.00, 0.00, 0.00, 1.00, 1.00, 0.00, 1.00, 0.00, 0.00, 1.00, 0.00, 0.00, 0.00, 0.00
3148, 0, 118.660, 0.93, 1, 0.33, 0.04, 0.00, 0.00, 0.01, 0.00, 0.48, 1.12, 0.70, 1.10, 0.06, 0.45, 0.00, 0.03, 0.05, 0.29, 0.04, 0.00, 0.00, 0.00, 1.00, 0.00, 0.00, 0.00, 1.00, 1.00, 1.00, 1.00, 1.00, 0.00, 1.00, 0.00, 0.00, 0.00, 0.00
3149, 0, 118.697, 0.93, 1, 0.34, 0.10, 0.00, 0.00, 0.02, 0.00, 0.29, 1.11, 0.76, 1.47, 0.10, 0.70, 0.00, 0.01, 0.25, 0.34, 0.04, 0.00, 0.00, 0.00, 1.00, 0.00, 0.00, 0.00, 1.00, 1.00, 1.00, 1.00, 1.00, 0.00, 1.00, 0.00, 0.00, 0.00, 0.00
3150, 0, 118.735, 0.93, 1, 0.29, 0.06, 0.00, 0.00, 0.02, 0.00, 0.11, 1.28, 0.84, 1.56, 0.22, 0.91, 0.00, 0.01, 0.39, 0.24, 0.04, 0.00, 0.00, 0.00, 1.00, 0.00, 0.00, 0.00, 1.00, 1.00, 1.00, 1.00, 1.00, 0.00, 1.00, 0.00, 0.00, 0.00, 0.00
3151, 0, 118.773, 0.93, 1, 0.30, 0.06, 0.00, 0.00, 0.01, 0.00, 0.02, 1.51, 0.89, 1.84, 0.27, 1.36, 0.00, 0.01, 0.44, 0.40, 0.00, 0.00, 0.00, 0.00, 1.00, 0.00, 0.00, 0.00, 1.00, 1.00, 1.00, 1.00, 1.00, 0.00, 1.00, 0.00, 0.00, 0.00, 0.00
3152, 0, 118.810, 0.98, 1, 0.21, 0.00, 0.05, 0.00, 0.00, 0.00, 0.00, 1.60, 0.95, 1.93, 0.45, 1.48, 0.00, 0.00, 0.44, 0.51, 0.00, 0.00, 0.00, 0.00, 1.00, 0.00, 1.00, 0.00, 1.00, 1.00, 1.00, 1.00, 1.00, 0.00, 1.00, 0.00, 0.00, 0.00, 0.00
3153, 0, 118.848, 0.98, 1, 0.24, 0.00, 0.06, 0.00, 0.00, 0.00, 0.00, 1.36, 0.83, 2.12, 0.32, 1.35, 0.12, 0.02, 0.46, 0.78, 0.00, 0.00, 0.00, 0.00, 1.00, 0.00, 1.00, 0.00, 1.00, 1.00, 1.00, 1.00, 1.00, 0.00, 1.00, 0.00, 0.00, 0.00, 0.00
3154, 0, 118.886, 0.98, 1, 0.25, 0.03, 0.06, 0.00, 0.02, 0.06, 0.00, 1.16, 0.77, 2.16, 0.22, 1.00, 0.24, 0.04, 0.39, 0.71, 0.00, 0.00, 0.00, 0.00, 1.00, 0.00, 1.00, 0.00, 1.00, 1.00, 1.00, 1.00, 1.00, 0.00, 1.00, 0.00, 0.00, 0.00, 0.00
3155, 0, 118.924, 0.98, 1, 0.32, 0.02, 0.01, 0.08, 0.08, 0.06, 0.09, 1.21, 0.76, 1.83, 0.00, 0.73, 0.24, 0.04, 0.56, 0.90, 0.00, 0.00, 0.00, 0.00, 1.00, 0.00, 0.00, 0.00, 1.00, 1.00, 1.00, 0.00, 1.00, 0.00, 1.00, 1.00, 0.00, 0.00, 0.00
3156, 0, 118.961, 0.98, 1, 0.29, 0.02, 0.00, 0.19, 0.13, 0.06, 0.17, 1.44, 0.85, 1.35, 0.00, 0.63, 0.11, 0.02, 0.80, 0.93, 0.00, 0.00, 0.00, 0.00, 1.00, 0.00, 0.00, 0.00, 1.00, 1.00, 1.00, 0.00, 1.00, 0.00, 1.00, 1.00, 0.00, 0.00, 0.00
3157, 0, 118.999, 0.93, 1, 0.27, 0.00, 0.00, 0.19, 0.21, 0.00, 0.29, 1.63, 0.95, 0.85, 0.08, 0.71, 0.02, 0.00, 1.10, 1.06, 0.00, 0.00, 0.00, 0.00, 1.00, 0.00, 0.00, 0.00, 1.00, 1.00, 1.00, 0.00, 0.00, 0.00, 1.00, 1.00, 0.00, 0.00, 0.00
3158, 0, 119.037, 0.98, 1, 0.19, 0.00, 0.00, 0.11, 0.15, 0.00, 0.28, 1.56, 0.93, 0.98, 0.31, 0.73, 0.02, 0.00, 1.30, 1.04, 0.00, 0.00, 0.00, 0.00, 1.00, 0.00, 0.00, 0.00, 1.00, 1.00, 0.00, 0.00, 0.00, 0.00, 1.00, 1.00, 0.00, 0.00, 0.00
3159, 0, 119.074, 0.98, 1, 0.11, 0.00, 0.00, 0.00, 0.09, 0.00, 0.20, 1.58, 0.98, 1.34, 0.31, 0.75, 0.06, 0.01, 1.31, 0.96, 0.00, 0.00, 0.00, 0.00, 1.00, 0.00, 0.00, 0.00, 1.00, 1.00, 0.00, 0.00, 0.00, 0.00, 1.00, 1.00, 0.00, 0.00, 0.00
3160, 0, 119.112, 0.98, 1, 0.21, 0.00, 0.00, 0.00, 0.00, 0.00, 0.07, 1.53, 0.62, 1.30, 0.44, 0.53, 0.16, 0.01, 1.41, 0.92, 0.08, 0.00, 0.00, 0.00, 1.00, 0.00, 0.00, 0.00, 1.00, 0.00, 0.00, 0.00, 0.00, 0.00, 1.00, 1.00, 0.00, 0.00, 0.00
3161, 0, 119.150, 0.88, 1, 0.25, 0.00, 0.00, 0.00, 0.00, 0.00, 0.02, 1.57, 0.41, 1.22, 0.31, 0.51, 0.29, 0.01, 1.29, 1.06, 0.08, 0.00, 1.00, 0.00, 1.00, 0.00, 0.00, 0.00, 1.00, 0.00, 0.00, 0.00, 0.00, 0.00, 1.00, 1.00, 0.00, 0.00, 0.00
3162, 0, 119.188, 0.88, 1, 0.30, 0.00, 0.00, 0.00, 0.00, 0.00, 0.03, 1.52, 0.14, 0.89, 0.36, 0.52, 0.39, 0.00, 1.31, 1.25, 0.08, 0.00, 1.00, 0.00, 1.00, 0.00, 0.00, 0.00, 1.00, 0.00, 0.00, 0.00, 0.00, 0.00, 1.00, 1.00, 0.00, 0.00, 0.00
3163, 0, 119.225, 0.88, 1, 0.17, 0.00, 0.00, 0.00, 0.00, 0.00, 0.03, 1.50, 0.16, 0.88, 0.30, 0.62, 0.27, 0.00, 1.19, 1.35, 0.00, 0.00, 1.00, 0.00, 1.00, 0.00, 0.00, 0.00, 1.00, 0.00, 0.00, 0.00, 0.00, 0.00, 1.00, 0.00, 0.00, 0.00, 0.00
3164, 0, 119.263, 0.88, 1, 0.23, 0.00, 0.00, 0.00, 0.00, 0.00, 0.01, 1.52, 0.16, 0.60, 0.40, 0.64, 0.19, 0.00, 0.93, 0.84, 0.00, 0.00, 1.00, 0.00, 1.00, 0.00, 0.00, 0.00, 1.00, 0.00, 0.00, 1.00, 0.00, 0.00, 1.00, 0.00, 0.00, 0.00, 0.00
3165, 0, 119.301, 0.88, 1, 0.33, 0.10, 0.00, 0.00, 0.00, 0.00, 0.00, 1.76, 0.14, 0.32, 0.45, 0.59, 0.05, 0.00, 0.52, 0.53, 0.00, 0.00, 1.00, 0.00, 1.00, 0.00, 0.00, 0.00, 1.00, 0.00, 0.00, 0.00, 0.00, 0.00, 0.00, 0.00, 0.00, 0.00, 0.00
3166, 0, 119.338, 0.98, 1, 0.46, 0.10, 0.00, 0.00, 0.02, 0.00, 0.00, 2.05, 0.13, 0.11, 0.30, 0.45, 0.05, 0.00, 0.19, 0.36, 0.00, 0.00, 0.00, 0.00, 1.00, 0.00, 0.00, 0.00, 1.00, 0.00, 0.00, 0.00, 0.00, 0.00, 0.00, 0.00, 0.00, 0.00, 0.00
3167, 0, 119.376, 0.98, 1, 0.32, 0.10, 0.00, 0.00, 0.08, 0.00, 0.04, 2.17, 0.12, 0.03, 0.10, 0.23, 0.00, 0.04, 0.05, 0.52, 0.00, 0.00, 0.00, 0.00, 1.00, 0.00, 0.00, 0.00, 1.00, 0.00, 0.00, 0.00, 0.00, 0.00, 0.00, 0.00, 0.00, 0.00, 0.00
3168, 0, 119.414, 0.98, 1, 0.17, 0.00, 0.00, 0.00, 0.17, 0.00, 0.13, 2.19, 0.20, 0.16, 0.00, 0.26, 0.00, 0.05, 0.25, 0.78, 0.00, 0.00, 0.00, 0.00, 1.00, 0.00, 0.00, 0.00, 1.00, 0.00, 0.00, 1.00, 0.00, 0.00, 0.00, 0.00, 0.00, 0.00, 0.00
3169, 0, 119.451, 0.98, 1, 0.00, 0.00, 0.00, 0.00, 0.24, 0.04, 0.19, 2.09, 0.38, 0.40, 0.20, 0.26, 0.00, 0.05, 0.65, 0.67, 0.00, 0.00, 0.00, 0.00, 1.00, 0.00, 0.00, 0.00, 1.00, 0.00, 0.00, 0.00, 0.00, 0.00, 0.00, 0.00, 0.00, 0.00, 0.00
3170, 0, 119.489, 0.98, 1, 0.00, 0.00, 0.00, 0.00, 0.30, 0.04, 0.15, 2.16, 0.63, 0.39, 0.50, 0.51, 0.00, 0.00, 1.03, 0.51, 0.16, 0.00, 0.00, 0.00, 1.00, 0.00, 0.00, 0.00, 1.00, 1.00, 0.00, 0.00, 0.00, 0.00, 1.00, 0.00, 0.00, 0.00, 0.00
3171, 0, 119.527, 0.98, 1, 0.00, 0.00, 0.00, 0.00, 0.27, 0.04, 0.06, 2.05, 0.84, 0.57, 0.57, 0.63, 0.00, 0.00, 1.06, 0.17, 0.34, 0.00, 0.00, 0.00, 1.00, 0.00, 0.00, 0.00, 1.00, 1.00, 0.00, 0.00, 0.00, 0.00, 1.00, 0.00, 0.00, 0.00, 0.00
3172, 0, 119.565, 0.98, 1, 0.00, 0.00, 0.00, 0.00, 0.28, 0.00, 0.00, 1.97, 1.02, 0.69, 0.50, 0.78, 0.00, 0.00, 0.82, 0.07, 0.34, 0.00, 0.00, 0.00, 1.00, 0.00, 0.00, 0.00, 1.00, 1.00, 0.00, 0.00, 0.00, 0.00, 1.00, 0.00, 0.00, 0.00, 0.00
3173, 0, 119.602, 0.98, 1, 0.00, 0.00, 0.00, 0.00, 0.22, 0.00, 0.10, 1.61, 1.14, 1.08, 0.20, 0.70, 0.27, 0.05, 0.54, 0.07, 0.38, 0.00, 0.00, 0.00, 1.00, 0.00, 0.00, 0.00, 1.00, 1.00, 0.00, 0.00, 0.00, 0.00, 1.00, 0.00, 0.00, 0.00, 0.00
3174, 0, 119.640, 0.88, 1, 0.00, 0.00, 0.00, 0.00, 0.21, 0.00, 0.10, 1.27, 1.15, 1.04, 0.17, 0.52, 0.30, 0.05, 0.31, 0.00, 0.20, 0.00, 0.00, 0.00, 1.00, 0.00, 0.00, 0.00, 1.00, 1.00, 0.00, 1.00, 0.00, 0.00, 1.00, 0.00, 0.00, 0.00, 0.00
3175, 0, 119.678, 0.88, 1, 0.08, 0.00, 0.00, 0.00, 0.11, 0.00, 0.12, 0.97, 1.11, 0.88, 0.08, 0.38, 0.30, 0.05, 0.23, 0.00, 0.22, 0.00, 0.00, 0.00, 1.00, 0.00, 0.00, 0.00, 1.00, 1.00, 0.00, 1.00, 0.00, 0.00, 1.00, 0.00, 0.00, 0.00, 0.00
3176, 0, 119.715, 0.93, 1, 0.11, 0.00, 0.00, 0.00, 0.06, 0.00, 0.02, 0.89, 1.00, 0.88, 0.08, 0.24, 0.03, 0.00, 0.09, 0.00, 0.05, 0.00, 0.00, 0.00, 1.00, 0.00, 0.00, 0.00, 0.00, 1.00, 1.00, 1.00, 0.00, 0.00, 1.00, 0.00, 0.00, 0.00, 0.00
3177, 0, 119.753, 0.88, 1, 0.22, 0.00, 0.00, 0.00, 0.00, 0.00, 0.06, 0.82, 0.95, 1.02, 0.04, 0.16, 0.00, 0.00, 0.07, 0.00, 0.25, 0.00, 0.00, 0.00, 1.00, 0.00, 0.00, 0.00, 0.00, 1.00, 1.00, 1.00, 0.00, 0.00, 1.00, 0.00, 0.00, 0.00, 0.00
3178, 0, 119.791, 0.88, 1, 0.21, 0.05, 0.00, 0.00, 0.00, 0.00, 0.10, 0.73, 0.90, 1.27, 0.00, 0.29, 0.00, 0.00, 0.04, 0.00, 0.40, 0.00, 0.00, 0.00, 1.00, 0.00, 0.00, 0.00, 0.00, 1.00, 0.00, 1.00, 0.00, 0.00, 1.00, 0.00, 0.00, 0.00, 0.00
3179, 0, 119.828, 0.88, 1, 0.24, 0.07, 0.00, 0.00, 0.00, 0.00, 0.21, 0.69, 0.93, 1.33, 0.00, 0.29, 0.00, 0.00, 0.25, 0.01, 0.37, 0.00, 0.00, 0.00, 1.00, 0.00, 0.00, 0.00, 0.00, 1.00, 1.00, 1.00, 0.00, 0.00, 1.00, 0.00, 0.00, 0.00, 0.00
3180, 0, 119.866, 0.88, 1, 0.14, 0.07, 0.00, 0.00, 0.00, 0.00, 0.16, 0.45, 1.01, 0.92, 0.00, 0.24, 0.08, 0.00, 0.67, 0.03, 0.17, 0.00, 0.00, 0.00, 1.00, 0.00, 0.00, 0.00, 0.00, 1.00, 1.00, 0.00, 0.00, 0.00, 1.00, 0.00, 0.00, 0.00, 0.00
3181, 0, 119.904, 0.88, 1, 0.07, 0.02, 0.00, 0.00, 0.00, 0.00, 0.11, 0.24, 1.17, 0.73, 0.00, 0.03, 0.08, 0.00, 0.97, 0.26, 0.01, 0.00, 0.00, 0.00, 1.00, 0.00, 0.00, 0.00, 0.00, 1.00, 1.00, 0.00, 0.00, 0.00, 1.00, 0.00, 0.00, 0.00, 1.00
3182, 0, 119.942, 0.88, 1, 0.02, 0.00, 0.00, 0.00, 0.00, 0.00, 0.00, 0.18, 1.31, 0.70, 0.00, 0.05, 0.08, 0.00, 1.20, 0.46, 0.00, 0.00, 0.00, 0.00, 1.00, 0.00, 0.00, 0.00, 0.00, 1.00, 1.00, 0.00, 0.00, 0.00, 1.00, 0.00, 0.00, 0.00, 1.00
3183, 0, 119.979, 0.88, 1, 0.02, 0.00, 0.00, 0.00, 0.00, 0.00, 0.00, 0.46, 1.40, 1.03, 0.00, 0.05, 0.01, 0.00, 1.32, 0.60, 0.00, 0.00, 0.00, 0.00, 1.00, 0.00, 0.00, 0.00, 1.00, 1.00, 1.00, 0.00, 0.00, 0.00, 1.00, 0.00, 0.00, 0.00, 1.00
3184, 0, 120.017, 0.88, 1, 0.02, 0.00, 0.00, 0.00, 0.00, 0.00, 0.00, 0.73, 1.38, 1.09, 0.00, 0.05, 0.07, 0.00, 1.53, 0.53, 0.00, 0.00, 0.00, 0.00, 1.00, 0.00, 0.00, 0.00, 1.00, 1.00, 1.00, 0.00, 0.00, 0.00, 1.00, 0.00, 0.00, 0.00, 1.00
3185, 0, 120.055, 0.88, 1, 0.02, 0.00, 0.00, 0.00, 0.00, 0.00, 0.00, 1.16, 1.46, 0.75, 0.23, 0.06, 0.07, 0.00, 1.99, 0.55, 0.19, 0.00, 0.00, 0.00, 1.00, 0.00, 0.00, 0.00, 1.00, 1.00, 1.00, 0.00, 0.00, 0.00, 1.00, 0.00, 0.00, 0.00, 1.00
3186, 0, 120.092, 0.88, 1, 0.00, 0.00, 0.00, 0.00, 0.00, 0.00, 0.00, 1.39, 1.52, 0.42, 0.67, 0.06, 0.05, 0.00, 2.27, 0.61, 0.45, 0.00, 0.00, 0.00, 1.00, 0.00, 0.00, 0.00, 1.00, 1.00, 1.00, 0.00, 0.00, 0.00, 1.00, 1.00, 0.00, 0.00, 1.00
3187, 0, 120.130, 0.88, 1, 0.00, 0.00, 0.00, 0.00, 0.00, 0.00, 0.00, 1.64, 1.59, 0.09, 0.70, 0.28, 0.00, 0.00, 2.27, 0.80, 0.60, 0.00, 0.00, 0.00, 1.00, 0.00, 0.00, 0.00, 1.00, 1.00, 1.00, 0.00, 0.00, 0.00, 1.00, 1.00, 0.00, 0.00, 1.00
3188, 0, 120.168, 0.88, 1, 0.00, 0.00, 0.00, 0.00, 0.00, 0.00, 0.00, 1.65, 1.52, 0.20, 0.47, 0.34, 0.00, 0.00, 1.88, 0.92, 0.50, 0.00, 0.00, 0.00, 1.00, 0.00, 0.00, 0.00, 1.00, 1.00, 1.00, 0.00, 0.00, 0.00, 1.00, 1.00, 0.00, 0.00, 1.00
3189, 0, 120.206, 0.93, 1, 0.00, 0.00, 0.00, 0.00, 0.02, 0.00, 0.00, 1.73, 1.53, 0.39, 0.03, 0.35, 0.00, 0.00, 1.58, 1.02, 0.39, 0.00, 0.00, 0.00, 1.00, 0.00, 0.00, 0.00, 1.00, 1.00, 1.00, 0.00, 0.00, 0.00, 1.00, 1.00, 0.00, 0.00, 1.00
3190, 0, 120.243, 0.93, 1, 0.00, 0.00, 0.00, 0.00, 0.12, 0.00, 0.00, 1.60, 1.59, 1.06, 0.00, 0.19, 0.00, 0.00, 1.78, 1.28, 0.24, 0.00, 0.00, 0.00, 1.00, 0.00, 0.00, 0.00, 1.00, 1.00, 1.00, 0.00, 0.00, 0.00, 1.00, 1.00, 0.00, 0.00, 1.00
3191, 0, 120.281, 0.93, 1, 0.00, 0.00, 0.00, 0.00, 0.14, 0.00, 0.00, 1.38, 1.62, 1.46, 0.00, 0.07, 0.00, 0.00, 1.81, 1.41, 0.15, 0.00, 0.00, 0.00, 1.00, 0.00, 0.00, 0.00, 1.00, 1.00, 1.00, 0.00, 0.00, 0.00, 1.00, 1.00, 1.00, 0.00, 1.00
3192, 0, 120.319, 0.88, 1, 0.00, 0.00, 0.00, 0.00, 0.12, 0.00, 0.00, 1.12, 1.67, 1.95, 0.00, 0.24, 0.12, 0.00, 1.80, 1.90, 0.00, 0.00, 0.00, 0.00, 1.00, 0.00, 0.00, 0.00, 1.00, 1.00, 1.00, 0.00, 0.00, 0.00, 1.00, 1.00, 1.00, 0.00, 1.00
3193, 0, 120.356, 0.88, 1, 0.00, 0.00, 0.00, 0.00, 0.02, 0.00, 0.00, 1.10, 1.68, 2.05, 0.00, 0.42, 0.12, 0.00, 1.41, 1.97, 0.00, 0.00, 0.00, 0.00, 1.00, 0.00, 0.00, 0.00, 1.00, 1.00, 1.00, 0.00, 0.00, 0.00, 1.00, 1.00, 1.00, 0.00, 1.00
3194, 0, 120.394, 0.88, 1, 0.00, 0.00, 0.00, 0.00, 0.00, 0.00, 0.00, 1.17, 1.70, 2.13, 0.00, 0.56, 0.12, 0.00, 1.46, 1.96, 0.00, 0.00, 0.00, 0.00, 1.00, 0.00, 0.00, 0.00, 1.00, 1.00, 1.00, 0.00, 0.00, 0.00, 1.00, 1.00, 1.00, 0.00, 1.00
3195, 0, 120.432, 0.88, 1, 0.00, 0.00, 0.00, 0.00, 0.05, 0.10, 0.00, 1.27, 1.66, 1.57, 0.15, 0.48, 0.00, 0.00, 1.39, 1.79, 0.00, 0.00, 0.00, 0.00, 1.00, 0.00, 0.00, 0.00, 1.00, 1.00, 1.00, 0.00, 0.00, 0.00, 1.00, 1.00, 1.00, 0.00, 1.00
3196, 0, 120.469, 0.88, 1, 0.00, 0.00, 0.00, 0.00, 0.06, 0.16, 0.00, 1.26, 1.57, 0.81, 0.41, 0.32, 0.00, 0.00, 1.45, 1.72, 0.00, 0.00, 0.00, 0.00, 1.00, 0.00, 0.00, 0.00, 1.00, 1.00, 1.00, 0.00, 0.00, 0.00, 1.00, 1.00, 1.00, 0.00, 1.00
3197, 0, 120.507, 0.88, 1, 0.00, 0.00, 0.00, 0.00, 0.09, 0.25, 0.00, 1.19, 1.56, 0.58, 0.60, 0.28, 0.00, 0.00, 1.17, 1.60, 0.00, 0.00, 0.00, 0.00, 1.00, 0.00, 0.00, 0.00, 1.00, 1.00, 1.00, 1.00, 0.00, 0.00, 1.00, 1.00, 1.00, 0.00, 1.00
3198, 0, 120.545, 0.93, 1, 0.00, 0.00, 0.00, 0.00, 0.06, 0.15, 0.00, 1.16, 1.56, 0.85, 0.57, 0.40, 0.00, 0.00, 1.15, 1.26, 0.06, 0.00, 0.00, 0.00, 1.00, 0.00, 0.00, 0.00, 1.00, 1.00, 1.00, 1.00, 0.00, 0.00, 1.00, 1.00, 0.00, 0.00, 1.00
3199, 0, 120.583, 0.93, 1, 0.00, 0.00, 0.00, 0.00, 0.05, 0.09, 0.00, 1.27, 1.56, 1.36, 0.44, 0.72, 0.00, 0.00, 1.05, 1.03, 0.06, 0.00, 0.00, 0.00, 1.00, 0.00, 0.00, 0.00, 1.00, 1.00, 1.00, 1.00, 0.00, 0.00, 1.00, 1.00, 0.00, 0.00, 0.00
3200, 0, 120.620, 0.98, 1, 0.00, 0.00, 0.00, 0.00, 0.12, 0.00, 0.00, 1.56, 1.43, 1.10, 0.59, 1.01, 0.15, 0.00, 1.16, 0.69, 0.06, 0.00, 0.00, 0.00, 1.00, 0.00, 0.00, 0.00, 1.00, 1.00, 1.00, 1.00, 1.00, 0.00, 1.00, 1.00, 0.00, 0.00, 0.00
3201, 0, 120.658, 0.98, 1, 0.00, 0.00, 0.00, 0.00, 0.15, 0.00, 0.00, 1.92, 1.47, 0.91, 0.83, 1.14, 0.15, 0.00, 1.22, 0.61, 0.00, 0.00, 0.00, 0.00, 1.00, 0.00, 0.00, 0.00, 1.00, 1.00, 1.00, 0.00, 1.00, 0.00, 0.00, 1.00, 0.00, 0.00, 0.00
3202, 0, 120.696, 0.88, 1, 0.00, 0.00, 0.00, 0.00, 0.20, 0.00, 0.00, 2.20, 1.52, 0.58, 1.00, 1.13, 0.15, 0.00, 1.35, 0.44, 0.00, 0.00, 0.00, 0.00, 1.00, 0.00, 0.00, 0.00, 1.00, 1.00, 1.00, 0.00, 1.00, 0.00, 0.00, 1.00, 0.00, 0.00, 0.00
3203, 0, 120.733, 0.88, 1, 0.00, 0.00, 0.00, 0.00, 0.11, 0.00, 0.00, 2.14, 1.64, 0.71, 0.71, 1.13, 0.00, 0.00, 1.46, 1.02, 0.00, 0.00, 0.00, 0.00, 1.00, 0.00, 0.00, 0.00, 1.00, 1.00, 0.00, 0.00, 1.00, 0.00, 0.00, 1.00, 0.00, 0.00, 0.00
3204, 0, 120.771, 0.88, 1, 0.00, 0.00, 0.00, 0.00, 0.14, 0.00, 0.00, 1.97, 1.64, 0.78, 0.35, 1.10, 0.00, 0.00, 1.56, 1.37, 0.00, 0.00, 0.00, 0.00, 1.00, 0.00, 0.00, 0.00, 1.00, 1.00, 0.00, 0.00, 1.00, 0.00, 0.00, 1.00, 0.00, 0.00, 0.00
3205, 0, 120.809, 0.93, 1, 0.00, 0.00, 0.00, 0.00, 0.12, 0.00, 0.00, 1.72, 1.52, 0.69, 0.44, 0.94, 0.00, 0.00, 1.67, 1.19, 0.18, 0.00, 0.00, 0.00, 1.00, 0.00, 0.00, 0.00, 1.00, 1.00, 0.00, 0.00, 1.00, 0.00, 0.00, 1.00, 0.00, 0.00, 0.00
3206, 0, 120.847, 0.98, 1, 0.00, 0.00, 0.00, 0.00, 0.12, 0.00, 0.00, 1.68, 1.42, 0.62, 0.39, 0.65, 0.00, 0.00, 1.63, 0.69, 0.30, 0.00, 0.00, 0.00, 1.00, 0.00, 0.00, 0.00, 1.00, 1.00, 0.00, 0.00, 1.00, 0.00, 0.00, 1.00, 0.00, 0.00, 0.00
3207, 0, 120.884, 0.98, 1, 0.00, 0.02, 0.00, 0.00, 0.11, 0.00, 0.00, 1.57, 1.25, 0.61, 0.56, 0.38, 0.00, 0.00, 1.33, 0.14, 0.41, 0.00, 0.00, 0.00, 1.00, 0.00, 0.00, 0.00, 1.00, 1.00, 0.00, 0.00, 1.00, 0.00, 0.00, 1.00, 0.00, 0.00, 0.00
3208, 0, 120.922, 0.98, 1, 0.00, 0.02, 0.00, 0.07, 0.12, 0.00, 0.00, 1.58, 1.20, 0.68, 0.32, 0.16, 0.00, 0.00, 1.11, 0.11, 0.42, 0.00, 0.00, 0.00, 1.00, 0.00, 0.00, 0.00, 1.00, 1.00, 0.00, 0.00, 1.00, 0.00, 0.00, 1.00, 0.00, 0.00, 0.00
3209, 0, 120.960, 0.98, 1, 0.02, 0.11, 0.00, 0.07, 0.22, 0.00, 0.04, 1.49, 1.23, 0.70, 0.32, 0.20, 0.00, 0.00, 1.02, 0.00, 0.31, 0.00, 0.00, 0.00, 1.00, 0.00, 0.00, 0.00, 1.00, 1.00, 0.00, 0.00, 1.00, 0.00, 0.00, 1.00, 0.00, 0.00, 0.00
3210, 0, 120.997, 0.98, 1, 0.02, 0.08, 0.00, 0.07, 0.15, 0.00, 0.04, 1.24, 1.22, 0.54, 0.59, 0.40, 0.00, 0.00, 1.14, 0.00, 0.28, 0.00, 0.00, 0.00, 1.00, 0.00, 0.00, 0.00, 1.00, 1.00, 0.00, 0.00, 1.00, 0.00, 0.00, 1.00, 0.00, 0.00, 0.00
3211, 0, 121.035, 0.98, 1, 0.02, 0.08, 0.00, 0.00, 0.10, 0.12, 0.04, 0.86, 1.19, 0.60, 0.48, 0.65, 0.00, 0.00, 1.06, 0.00, 0.21, 0.00, 0.00, 0.00, 1.00, 0.00, 0.00, 0.00, 1.00, 1.00, 0.00, 0.00, 1.00, 0.00, 1.00, 1.00, 0.00, 0.00, 0.00
3212, 0, 121.073, 0.98, 1, 0.02, 0.00, 0.00, 0.15, 0.00, 0.12, 0.00, 0.50, 1.14, 0.55, 0.65, 0.80, 0.00, 0.00, 0.89, 0.00, 0.20, 0.00, 0.00, 0.00, 1.00, 0.00, 0.00, 0.00, 1.00, 1.00, 0.00, 0.00, 1.00, 0.00, 1.00, 1.00, 0.00, 0.00, 0.00
3213, 0, 121.110, 0.98, 1, 0.10, 0.00, 0.00, 0.44, 0.00, 0.12, 0.00, 0.49, 1.17, 0.79, 0.21, 0.70, 0.00, 0.00, 0.81, 0.00, 0.12, 0.00, 0.00, 0.00, 1.00, 0.00, 0.00, 0.00, 1.00, 1.00, 0.00, 0.00, 1.00, 0.00, 1.00, 1.00, 0.00, 0.00, 0.00
3214, 0, 121.148, 0.98, 1, 0.19, 0.00, 0.00, 0.84, 0.00, 0.00, 0.00, 0.56, 1.20, 0.88, 0.17, 0.62, 0.00, 0.00, 0.86, 0.00, 0.07, 0.00, 0.00, 0.00, 1.00, 0.00, 0.00, 0.00, 1.00, 1.00, 0.00, 0.00, 1.00, 0.00, 0.00, 1.00, 0.00, 0.00, 0.00
3215, 0, 121.186, 0.98, 1, 0.18, 0.00, 0.10, 0.69, 0.03, 0.00, 0.00, 0.85, 1.24, 0.76, 0.40, 0.46, 0.00, 0.00, 1.17, 0.00, 0.27, 0.00, 0.00, 0.00, 1.00, 0.00, 0.00, 0.00, 1.00, 1.00, 1.00, 0.00, 1.00, 0.00, 0.00, 1.00, 0.00, 0.00, 0.00
3216, 0, 121.224, 0.93, 1, 0.10, 0.00, 0.10, 0.40, 0.09, 0.00, 0.00, 0.96, 1.29, 0.83, 0.40, 0.31, 0.00, 0.00, 1.15, 0.00, 0.27, 0.00, 0.00, 0.00, 1.00, 0.00, 0.00, 0.00, 1.00, 1.00, 1.00, 0.00, 1.00, 0.00, 0.00, 1.00, 0.00, 0.00, 0.00
3217, 0, 121.261, 0.93, 1, 0.01, 0.00, 0.10, 0.00, 0.13, 0.00, 0.00, 1.13, 1.42, 0.92, 0.45, 0.13, 0.00, 0.00, 1.18, 0.00, 0.28, 0.00, 0.00, 0.00, 1.00, 0.00, 0.00, 0.00, 1.00, 1.00, 1.00, 0.00, 0.00, 0.00, 0.00, 1.00, 0.00, 0.00, 0.00
3218, 0, 121.299, 0.88, 1, 0.01, 0.01, 0.00, 0.00, 0.10, 0.00, 0.00, 1.07, 1.44, 1.23, 0.05, 0.00, 0.00, 0.00, 0.92, 0.00, 0.22, 0.00, 0.00, 0.00, 1.00, 0.00, 0.00, 0.00, 1.00, 1.00, 1.00, 0.00, 0.00, 0.00, 0.00, 1.00, 0.00, 0.00, 0.00
3219, 0, 121.337, 0.93, 1, 0.02, 0.01, 0.00, 0.00, 0.05, 0.00, 0.00, 1.13, 1.51, 1.27, 0.05, 0.00, 0.00, 0.00, 0.76, 0.00, 0.24, 0.00, 0.00, 0.00, 1.00, 0.00, 0.00, 0.00, 1.00, 1.00, 1.00, 0.00, 0.00, 0.00, 0.00, 1.00, 0.00, 0.00, 0.00
3220, 0, 121.374, 0.93, 1, 0.18, 0.15, 0.00, 0.00, 0.00, 0.00, 0.00, 0.83, 1.45, 1.23, 0.53, 0.00, 0.00, 0.00, 0.80, 0.00, 0.16, 0.00, 0.00, 0.00, 1.00, 0.00, 0.00, 0.00, 1.00, 1.00, 1.00, 0.00, 0.00, 0.00, 0.00, 1.00, 0.00, 0.00, 0.00
3221, 0, 121.412, 0.93, 1, 0.25, 0.14, 0.00, 0.00, 0.00, 0.00, 0.00, 0.52, 1.44, 1.10, 1.09, 0.05, 0.00, 0.00, 0.82, 0.00, 0.02, 0.00, 0.00, 0.00, 1.00, 0.00, 0.00, 0.00, 1.00, 1.00, 1.00, 0.00, 0.00, 0.00, 1.00, 1.00, 0.00, 0.00, 0.00
3222, 0, 121.450, 0.93, 1, 0.27, 0.14, 0.00, 0.00, 0.01, 0.00, 0.00, 0.17, 1.45, 1.00, 1.57, 0.05, 0.00, 0.00, 0.89, 0.00, 0.04, 0.00, 0.00, 0.00, 1.00, 0.00, 0.00, 0.00, 1.00, 1.00, 1.00, 0.00, 0.00, 0.00, 1.00, 1.00, 0.00, 0.00, 0.00
3223, 0, 121.488, 0.88, 1, 0.11, 0.00, 0.00, 0.00, 0.01, 0.00, 0.00, 0.27, 1.51, 1.00, 1.20, 0.05, 0.00, 0.00, 0.71, 0.00, 0.20, 0.00, 0.00, 0.00, 1.00, 0.00, 0.00, 0.00, 1.00, 1.00, 1.00, 0.00, 0.00, 0.00, 1.00, 1.00, 0.00, 0.00, 0.00
3224, 0, 121.525, 0.93, 1, 0.05, 0.00, 0.00, 0.00, 0.10, 0.00, 0.00, 0.47, 1.54, 1.17, 1.00, 0.01, 0.00, 0.00, 0.70, 0.00, 0.39, 0.00, 0.00, 0.00, 1.00, 0.00, 0.00, 0.00, 1.00, 1.00, 1.00, 0.00, 0.00, 0.00, 1.00, 1.00, 0.00, 0.00, 0.00
3225, 0, 121.563, 0.98, 1, 0.09, 0.00, 0.00, 0.00, 0.24, 0.17, 0.01, 0.79, 1.44, 0.83, 0.53, 0.25, 0.00, 0.00, 0.77, 0.00, 0.48, 0.00, 0.00, 0.00, 1.00, 0.00, 0.00, 0.00, 1.00, 1.00, 0.00, 0.00, 0.00, 0.00, 1.00, 1.00, 0.00, 0.00, 0.00
3226, 0, 121.601, 0.93, 1, 0.18, 0.00, 0.00, 0.00, 0.41, 0.33, 0.03, 0.99, 1.36, 0.46, 0.37, 0.47, 0.00, 0.00, 0.84, 0.00, 0.41, 0.00, 0.00, 0.00, 1.00, 0.00, 0.00, 0.00, 1.00, 1.00, 1.00, 0.00, 0.00, 0.00, 0.00, 0.00, 0.00, 0.00, 0.00
3227, 0, 121.638, 0.93, 1, 0.30, 0.00, 0.00, 0.00, 0.36, 0.33, 0.03, 1.15, 1.27, 0.00, 0.18, 0.77, 0.00, 0.00, 0.72, 0.00, 0.35, 0.00, 0.00, 0.00, 1.00, 0.00, 0.00, 0.00, 1.00, 1.00, 1.00, 0.00, 0.00, 0.00, 0.00, 0.00, 0.00, 0.00, 0.00
3228, 0, 121.676, 0.88, 1, 0.25, 0.00, 0.00, 0.00, 0.26, 0.17, 0.02, 1.19, 1.18, 0.32, 0.50, 0.68, 0.17, 0.00, 0.70, 0.00, 0.35, 0.00, 0.00, 0.00, 1.00, 1.00, 0.00, 0.00, 1.00, 1.00, 0.00, 0.00, 0.00, 0.00, 0.00, 0.00, 0.00, 0.00, 0.00
3229, 0, 121.714, 0.88, 1, 0.16, 0.00, 0.00, 0.00, 0.26, 0.00, 0.00, 1.13, 1.14, 0.71, 0.50, 0.52, 0.33, 0.00, 0.63, 0.00, 0.36, 0.00, 0.00, 0.00, 1.00, 1.00, 0.00, 0.00, 1.00, 1.00, 0.00, 0.00, 0.00, 0.00, 0.00, 0.00, 0.00, 0.00, 0.00
3230, 0, 121.751, 0.88, 1, 0.04, 0.00, 0.00, 0.00, 0.36, 0.00, 0.00, 1.34, 1.13, 0.89, 0.47, 0.44, 0.33, 0.00, 0.46, 0.00, 0.23, 0.00, 0.00, 0.00, 1.00, 0.00, 0.00, 0.00, 1.00, 1.00, 1.00, 0.00, 0.00, 0.00, 1.00, 0.00, 0.00, 0.00, 0.00
3231, 0, 121.789, 0.93, 1, 0.02, 0.00, 0.00, 0.00, 0.40, 0.00, 0.00, 1.43, 1.12, 0.98, 0.42, 0.49, 0.16, 0.00, 0.21, 0.00, 0.10, 0.00, 0.00, 0.00, 1.00, 0.00, 0.00, 0.00, 1.00, 1.00, 1.00, 0.00, 0.00, 0.00, 1.00, 0.00, 0.00, 0.00, 0.00
3232, 0, 121.827, 0.93, 1, 0.02, 0.00, 0.00, 0.00, 0.31, 0.00, 0.01, 1.65, 1.06, 1.03, 0.79, 0.75, 0.00, 0.00, 0.07, 0.00, 0.10, 0.00, 0.00, 0.00, 1.00, 0.00, 0.00, 0.00, 1.00, 1.00, 1.00, 0.00, 0.00, 0.00, 1.00, 0.00, 0.00, 0.00, 0.00
3233, 0, 121.865, 0.98, 1, 0.04, 0.00, 0.00, 0.00, 0.19, 0.00, 0.01, 1.56, 0.97, 1.36, 1.04, 0.71, 0.00, 0.00, 0.07, 0.00, 0.10, 0.00, 0.00, 0.00, 1.00, 0.00, 0.00, 0.00, 1.00, 1.00, 1.00, 0.00, 0.00, 0.00, 1.00, 0.00, 0.00, 0.00, 0.00
3234, 0, 121.902, 0.98, 1, 0.03, 0.00, 0.00, 0.00, 0.13, 0.00, 0.01, 1.60, 0.99, 1.39, 1.01, 0.63, 0.00, 0.00, 0.05, 0.14, 0.10, 0.00, 0.00, 0.00, 1.00, 0.00, 0.00, 0.00, 1.00, 1.00, 1.00, 1.00, 1.00, 0.00, 1.00, 1.00, 0.00, 0.00, 0.00
3235, 0, 121.940, 0.98, 1, 0.03, 0.00, 0.00, 0.00, 0.15, 0.00, 0.01, 1.93, 0.88, 1.08, 0.82, 0.62, 0.00, 0.00, 0.22, 0.29, 0.00, 0.00, 0.00, 0.00, 1.00, 0.00, 0.00, 0.00, 1.00, 1.00, 1.00, 1.00, 1.00, 0.00, 1.00, 0.00, 0.00, 0.00, 0.00
3236, 0, 121.978, 0.98, 1, 0.00, 0.00, 0.00, 0.00, 0.22, 0.00, 0.01, 2.27, 0.83, 0.64, 0.61, 0.72, 0.00, 0.00, 0.44, 0.45, 0.00, 0.00, 0.00, 0.00, 1.00, 0.00, 0.00, 0.00, 1.00, 1.00, 1.00, 1.00, 1.00, 0.00, 1.00, 0.00, 0.00, 0.00, 0.00
3237, 0, 122.015, 0.98, 1, 0.00, 0.00, 0.00, 0.00, 0.29, 0.00, 0.01, 2.53, 0.77, 0.26, 0.72, 0.92, 0.00, 0.02, 0.62, 0.33, 0.00, 0.00, 0.00, 0.00, 1.00, 0.00, 0.00, 0.00, 1.00, 1.00, 1.00, 1.00, 1.00, 0.00, 1.00, 0.00, 0.00, 0.00, 0.00
3238, 0, 122.053, 0.93, 1, 0.00, 0.00, 0.00, 0.00, 0.19, 0.00, 0.03, 2.42, 0.89, 0.36, 0.86, 0.93, 0.00, 0.02, 0.46, 0.29, 0.00, 0.00, 0.00, 0.00, 1.00, 0.00, 0.00, 0.00, 1.00, 1.00, 1.00, 1.00, 1.00, 0.00, 1.00, 0.00, 0.00, 0.00, 0.00
3239, 0, 122.091, 0.93, 1, 0.00, 0.00, 0.00, 0.00, 0.09, 0.00, 0.03, 2.17, 0.96, 0.61, 0.88, 1.05, 0.00, 0.02, 0.43, 0.15, 0.00, 0.00, 0.00, 0.00, 1.00, 0.00, 0.00, 0.00, 1.00, 1.00, 1.00, 1.00, 1.00, 0.00, 1.00, 0.00, 0.00, 0.00, 0.00
3240, 0, 122.129, 0.98, 1, 0.02, 0.00, 0.00, 0.00, 0.00, 0.00, 0.03, 2.24, 0.99, 0.80, 0.88, 1.22, 0.00, 0.00, 0.25, 0.13, 0.00, 0.00, 0.00, 0.00, 1.00, 0.00, 0.00, 0.00, 1.00, 1.00, 1.00, 1.00, 1.00, 0.00, 1.00, 0.00, 0.00, 0.00, 0.00
3241, 0, 122.166, 0.98, 1, 0.11, 0.00, 0.00, 0.00, 0.01, 0.00, 0.04, 2.16, 0.94, 0.91, 0.80, 1.09, 0.00, 0.00, 0.19, 0.07, 0.00, 0.00, 0.00, 0.00, 1.00, 0.00, 0.00, 0.00, 1.00, 1.00, 1.00, 1.00, 1.00, 0.00, 1.00, 0.00, 0.00, 0.00, 0.00
3242, 0, 122.204, 0.98, 1, 0.11, 0.00, 0.00, 0.00, 0.12, 0.00, 0.04, 2.47, 0.93, 1.04, 0.81, 0.97, 0.00, 0.00, 0.00, 0.09, 0.00, 0.00, 0.00, 0.00, 1.00, 0.00, 0.00, 0.00, 1.00, 1.00, 1.00, 1.00, 1.00, 0.00, 1.00, 0.00, 0.00, 0.00, 0.00
3243, 0, 122.242, 0.98, 1, 0.13, 0.00, 0.00, 0.00, 0.18, 0.00, 0.09, 2.29, 0.90, 1.52, 0.46, 0.64, 0.00, 0.00, 0.00, 0.09, 0.00, 0.00, 0.00, 0.00, 1.00, 0.00, 0.00, 0.00, 1.00, 1.00, 1.00, 1.00, 0.00, 0.00, 1.00, 0.00, 0.00, 0.00, 0.00
3244, 0, 122.279, 0.98, 1, 0.06, 0.00, 0.00, 0.00, 0.22, 0.00, 0.09, 2.17, 0.91, 1.85, 0.78, 0.59, 0.00, 0.00, 0.00, 0.04, 0.00, 0.00, 0.00, 0.00, 1.00, 0.00, 0.00, 0.00, 1.00, 1.00, 1.00, 1.00, 0.00, 0.00, 1.00, 0.00, 0.00, 0.00, 0.00
3245, 0, 122.317, 0.98, 1, 0.06, 0.00, 0.00, 0.00, 0.21, 0.00, 0.14, 1.75, 0.90, 1.42, 0.56, 0.40, 0.00, 0.00, 0.00, 0.00, 0.00, 0.00, 0.00, 0.00, 1.00, 0.00, 0.00, 0.00, 1.00, 1.00, 1.00, 1.00, 0.00, 0.00, 1.00, 0.00, 0.00, 0.00, 0.00
3246, 0, 122.355, 0.93, 1, 0.02, 0.00, 0.00, 0.00, 0.25, 0.00, 0.13, 1.58, 0.90, 0.75, 0.56, 0.39, 0.00, 0.00, 0.00, 0.00, 0.00, 0.00, 0.00, 0.00, 1.00, 0.00, 0.00, 0.00, 1.00, 1.00, 0.00, 1.00, 0.00, 0.00, 1.00, 0.00, 0.00, 0.00, 0.00
3247, 0, 122.392, 0.93, 1, 0.00, 0.00, 0.00, 0.00, 0.31, 0.00, 0.09, 1.52, 0.80, 0.12, 0.00, 0.29, 0.11, 0.01, 0.00, 0.00, 0.00, 0.00, 0.00, 0.00, 1.00, 0.00, 0.00, 0.00, 1.00, 1.00, 0.00, 1.00, 0.00, 0.00, 1.00, 0.00, 0.00, 0.00, 0.00
3248, 0, 122.430, 0.98, 1, 0.02, 0.00, 0.00, 0.00, 0.28, 0.00, 0.07, 1.62, 0.68, 0.19, 0.17, 0.20, 0.11, 0.01, 0.00, 0.00, 0.00, 0.00, 0.00, 0.00, 1.00, 0.00, 0.00, 0.00, 1.00, 1.00, 0.00, 1.00, 0.00, 0.00, 1.00, 0.00, 0.00, 0.00, 0.00
3249, 0, 122.468, 0.98, 1, 0.02, 0.00, 0.00, 0.00, 0.21, 0.00, 0.03, 1.58, 0.53, 0.16, 0.81, 0.12, 0.11, 0.01, 0.00, 0.00, 0.00, 0.00, 0.00, 0.00, 1.00, 0.00, 0.00, 0.00, 1.00, 1.00, 0.00, 1.00, 0.00, 0.00, 1.00, 0.00, 0.00, 0.00, 0.00
3250, 0, 122.506, 0.98, 1, 0.02, 0.00, 0.00, 0.00, 0.10, 0.00, 0.03, 1.67, 0.43, 0.35, 1.42, 0.26, 0.01, 0.00, 0.00, 0.00, 0.09, 0.00, 0.00, 0.00, 1.00, 0.00, 0.00, 0.00, 1.00, 1.00, 0.00, 1.00, 0.00, 0.00, 1.00, 0.00, 0.00, 0.00, 0.00
3251, 0, 122.543, 0.98, 1, 0.06, 0.00, 0.00, 0.00, 0.06, 0.00, 0.07, 1.59, 0.47, 0.70, 1.98, 0.34, 0.01, 0.03, 0.00, 0.00, 0.20, 0.00, 0.00, 0.00, 1.00, 0.00, 0.00, 0.00, 1.00, 1.00, 0.00, 1.00, 0.00, 0.00, 1.00, 0.00, 0.00, 0.00, 0.00
3252, 0, 122.581, 0.98, 1, 0.09, 0.00, 0.00, 0.07, 0.03, 0.00, 0.17, 1.51, 0.49, 0.98, 2.27, 0.34, 0.01, 0.05, 0.00, 0.00, 0.23, 0.00, 0.00, 0.00, 1.00, 0.00, 0.00, 0.00, 1.00, 1.00, 0.00, 1.00, 0.00, 0.00, 1.00, 0.00, 0.00, 0.00, 0.00
3253, 0, 122.619, 0.98, 1, 0.10, 0.00, 0.00, 0.10, 0.03, 0.00, 0.19, 1.47, 0.57, 1.02, 1.65, 0.20, 0.00, 0.05, 0.01, 0.00, 0.14, 0.00, 0.00, 0.00, 1.00, 0.00, 0.00, 0.00, 1.00, 1.00, 1.00, 1.00, 0.00, 0.00, 1.00, 0.00, 0.00, 0.00, 0.00
3254, 0, 122.656, 0.93, 1, 0.08, 0.00, 0.00, 0.12, 0.00, 0.00, 0.12, 1.48, 0.55, 0.66, 0.93, 0.20, 0.00, 0.02, 0.15, 0.00, 0.10, 0.00, 0.00, 0.00, 1.00, 0.00, 0.00, 0.00, 1.00, 1.00, 1.00, 1.00, 0.00, 0.00, 1.00, 0.00, 0.00, 0.00, 0.00
3255, 0, 122.694, 0.93, 1, 0.14, 0.00, 0.00, 0.06, 0.03, 0.00, 0.02, 1.56, 0.46, 0.68, 0.16, 0.41, 0.00, 0.00, 0.15, 0.00, 0.17, 0.00, 0.00, 0.00, 1.00, 0.00, 0.00, 0.00, 1.00, 1.00, 1.00, 1.00, 0.00, 0.00, 1.00, 0.00, 0.00, 0.00, 0.00
3256, 0, 122.732, 0.88, 1, 0.26, 0.00, 0.00, 0.02, 0.03, 0.00, 0.00, 1.56, 0.34, 0.93, 0.16, 0.74, 0.00, 0.06, 0.14, 0.07, 0.26, 0.00, 0.00, 0.00, 1.00, 0.00, 0.00, 0.00, 1.00, 1.00, 1.00, 1.00, 0.00, 0.00, 1.00, 0.00, 0.00, 0.00, 0.00
3257, 0, 122.770, 0.88, 1, 0.34, 0.00, 0.00, 0.01, 0.03, 0.00, 0.00, 1.57, 0.23, 1.34, 0.16, 1.03, 0.00, 0.13, 0.00, 0.14, 0.33, 0.00, 0.00, 0.00, 1.00, 0.00, 0.00, 0.00, 1.00, 1.00, 1.00, 1.00, 0.00, 0.00, 1.00, 0.00, 0.00, 0.00, 0.00
3258, 0, 122.807, 0.88, 1, 0.29, 0.00, 0.00, 0.11, 0.01, 0.00, 0.00, 1.70, 0.28, 1.41, 0.19, 0.98, 0.00, 0.13, 0.20, 0.14, 0.23, 0.00, 0.00, 0.00, 1.00, 0.00, 0.00, 0.00, 1.00, 1.00, 1.00, 1.00, 0.00, 0.00, 1.00, 0.00, 0.00, 0.00, 0.00
3259, 0, 122.845, 0.98, 1, 0.26, 0.00, 0.00, 0.24, 0.04, 0.00, 0.00, 1.89, 0.31, 1.25, 0.28, 0.92, 0.00, 0.16, 0.42, 0.07, 0.14, 0.00, 0.00, 0.00, 1.00, 0.00, 0.00, 0.00, 1.00, 0.00, 1.00, 1.00, 0.00, 0.00, 1.00, 0.00, 0.00, 0.00, 0.00
3260, 0, 122.883, 0.98, 1, 0.18, 0.00, 0.00, 0.22, 0.17, 0.00, 0.00, 2.06, 0.40, 1.01, 0.28, 0.76, 0.07, 0.12, 0.82, 0.00, 0.00, 1.00, 0.00, 0.00, 1.00, 0.00, 0.00, 0.00, 1.00, 1.00, 1.00, 1.00, 0.00, 0.00, 1.00, 0.00, 0.00, 0.00, 0.00
3261, 0, 122.920, 0.98, 1, 0.23, 0.00, 0.00, 0.12, 0.35, 0.00, 0.00, 2.37, 0.46, 0.95, 0.10, 0.75, 0.07, 0.17, 0.85, 0.00, 0.00, 1.00, 0.00, 0.00, 1.00, 0.00, 0.00, 0.00, 1.00, 1.00, 1.00, 1.00, 0.00, 0.00, 1.00, 0.00, 0.00, 0.00, 0.00
3262, 0, 122.958, 0.98, 1, 0.18, 0.00, 0.00, 0.01, 0.52, 0.00, 0.00, 2.61, 0.59, 0.98, 0.00, 0.43, 0.07, 0.08, 1.03, 0.05, 0.00, 1.00, 0.00, 0.00, 1.00, 0.00, 0.00, 0.00, 1.00, 1.00, 0.00, 1.00, 0.00, 0.00, 1.00, 1.00, 0.00, 0.00, 0.00
3263, 0, 122.996, 0.98, 1, 0.22, 0.00, 0.00, 0.04, 0.57, 0.00, 0.00, 2.77, 0.68, 1.24, 0.00, 0.22, 0.00, 0.07, 0.87, 0.11, 0.00, 1.00, 0.00, 0.00, 1.00, 0.00, 0.00, 0.00, 1.00, 1.00, 0.00, 0.00, 0.00, 0.00, 1.00, 1.00, 0.00, 0.00, 0.00
3264, 0, 123.033, 0.98, 1, 0.24, 0.00, 0.00, 0.04, 0.47, 0.00, 0.00, 2.56, 0.79, 1.43, 0.00, 0.00, 0.00, 0.06, 0.89, 0.18, 0.00, 1.00, 0.00, 0.00, 1.00, 0.00, 0.00, 0.00, 1.00, 1.00, 0.00, 0.00, 0.00, 0.00, 1.00, 1.00, 0.00, 0.00, 0.00
3265, 0, 123.071, 0.93, 1, 0.19, 0.00, 0.00, 0.03, 0.27, 0.00, 0.00, 2.42, 0.80, 1.44, 0.00, 0.17, 0.00, 0.12, 1.07, 0.20, 0.00, 1.00, 0.00, 0.00, 1.00, 0.00, 0.00, 0.00, 1.00, 1.00, 1.00, 0.00, 0.00, 0.00, 1.00, 1.00, 0.00, 0.00, 0.00
3266, 0, 123.109, 0.88, 1, 0.25, 0.00, 0.00, 0.00, 0.10, 0.00, 0.00, 2.24, 0.82, 1.42, 0.00, 0.36, 0.00, 0.13, 1.50, 0.23, 0.09, 0.00, 0.00, 0.00, 1.00, 0.00, 0.00, 0.00, 1.00, 1.00, 1.00, 0.00, 0.00, 0.00, 1.00, 1.00, 0.00, 0.00, 0.00
3267, 0, 123.147, 0.88, 1, 0.14, 0.00, 0.00, 0.00, 0.00, 0.00, 0.03, 2.05, 0.85, 1.35, 0.00, 0.54, 0.00, 0.14, 1.75, 0.16, 0.21, 0.00, 0.00, 0.00, 1.00, 0.00, 0.00, 0.00, 1.00, 1.00, 1.00, 0.00, 0.00, 0.00, 1.00, 1.00, 0.00, 0.00, 0.00
3268, 0, 123.184, 0.88, 1, 0.16, 0.02, 0.00, 0.00, 0.00, 0.00, 0.03, 1.68, 0.85, 1.42, 0.00, 0.40, 0.00, 0.08, 1.71, 0.09, 0.21, 0.00, 0.00, 0.00, 1.00, 0.00, 0.00, 0.00, 1.00, 1.00, 1.00, 0.00, 0.00, 0.00, 1.00, 1.00, 0.00, 0.00, 0.00
3269, 0, 123.222, 0.88, 1, 0.08, 0.02, 0.00, 0.00, 0.00, 0.00, 0.03, 1.44, 0.84, 1.36, 0.00, 0.22, 0.00, 0.03, 1.55, 0.00, 0.12, 0.00, 0.00, 0.00, 1.00, 0.00, 0.00, 0.00, 1.00, 1.00, 1.00, 0.00, 0.00, 0.00, 1.00, 1.00, 0.00, 0.00, 0.00
3270, 0, 123.260, 0.88, 1, 0.25, 0.02, 0.00, 0.02, 0.06, 0.05, 0.07, 1.54, 0.73, 1.31, 0.12, 0.31, 0.19, 0.00, 1.49, 0.21, 0.00, 0.00, 0.00, 0.00, 1.00, 0.00, 0.00, 0.00, 1.00, 1.00, 1.00, 0.00, 0.00, 0.00, 1.00, 1.00, 0.00, 0.00, 0.00
3271, 0, 123.297, 0.93, 1, 0.42, 0.00, 0.00, 0.02, 0.06, 0.05, 0.07, 1.54, 0.69, 1.39, 0.12, 0.43, 0.34, 0.00, 1.37, 0.47, 0.00, 0.00, 0.00, 0.00, 1.00, 0.00, 0.00, 0.00, 1.00, 1.00, 1.00, 0.00, 0.00, 0.00, 1.00, 1.00, 0.00, 0.00, 0.00
3272, 0, 123.335, 0.93, 1, 0.54, 0.00, 0.00, 0.02, 0.07, 0.05, 0.07, 1.51, 0.73, 1.67, 0.12, 0.53, 0.40, 0.00, 1.33, 0.75, 0.00, 0.00, 0.00, 0.00, 1.00, 0.00, 0.00, 0.00, 1.00, 1.00, 1.00, 0.00, 0.00, 0.00, 1.00, 1.00, 0.00, 0.00, 0.00
3273, 0, 123.373, 0.88, 1, 0.41, 0.00, 0.00, 0.00, 0.09, 0.00, 0.00, 1.38, 0.84, 1.68, 0.17, 0.40, 0.21, 0.00, 1.28, 0.54, 0.09, 0.00, 0.00, 0.00, 1.00, 0.00, 0.00, 0.00, 1.00, 1.00, 1.00, 0.00, 0.00, 0.00, 1.00, 1.00, 0.00, 0.00, 0.00
3274, 0, 123.411, 0.98, 1, 0.27, 0.00, 0.00, 0.00, 0.19, 0.00, 0.00, 1.47, 0.89, 1.49, 0.17, 0.52, 0.06, 0.01, 1.21, 0.28, 0.09, 0.00, 0.00, 0.00, 1.00, 0.00, 0.00, 0.00, 1.00, 1.00, 1.00, 0.00, 0.00, 0.00, 1.00, 1.00, 0.00, 0.00, 0.00
3275, 0, 123.448, 0.98, 1, 0.10, 0.07, 0.00, 0.08, 0.34, 0.00, 0.00, 1.64, 0.98, 1.04, 0.17, 0.68, 0.00, 0.01, 0.93, 0.00, 0.09, 0.00, 0.00, 0.00, 1.00, 0.00, 0.00, 0.00, 1.00, 1.00, 1.00, 0.00, 0.00, 0.00, 1.00, 1.00, 0.00, 0.00, 0.00
3276, 0, 123.486, 0.98, 1, 0.06, 0.07, 0.00, 0.08, 0.43, 0.00, 0.00, 1.64, 1.00, 0.84, 0.00, 0.66, 0.00, 0.01, 0.68, 0.00, 0.00, 0.00, 0.00, 0.00, 1.00, 0.00, 0.00, 0.00, 1.00, 1.00, 1.00, 0.00, 0.00, 0.00, 1.00, 1.00, 0.00, 0.00, 0.00
3277, 0, 123.524, 0.98, 1, 0.00, 0.07, 0.00, 0.08, 0.50, 0.00, 0.01, 1.52, 1.05, 0.65, 0.00, 0.53, 0.00, 0.01, 0.56, 0.00, 0.00, 0.00, 0.00, 0.00, 1.00, 0.00, 0.00, 0.00, 1.00, 1.00, 1.00, 0.00, 0.00, 0.00, 1.00, 1.00, 0.00, 0.00, 0.00
3278, 0, 123.561, 0.98, 1, 0.00, 0.00, 0.00, 0.00, 0.48, 0.02, 0.01, 1.23, 1.02, 0.49, 0.00, 0.37, 0.00, 0.01, 0.65, 0.00, 0.00, 0.00, 0.00, 0.00, 1.00, 0.00, 0.00, 0.00, 1.00, 1.00, 1.00, 0.00, 0.00, 0.00, 1.00, 1.00, 0.00, 0.00, 0.00
3279, 0, 123.599, 0.98, 1, 0.00, 0.00, 0.00, 0.00, 0.44, 0.02, 0.01, 1.02, 1.04, 0.40, 0.00, 0.57, 0.00, 0.01, 0.81, 0.00, 0.00, 0.00, 0.00, 0.00, 1.00, 0.00, 0.00, 0.00, 1.00, 1.00, 1.00, 0.00, 0.00, 0.00, 1.00, 1.00, 0.00, 0.00, 0.00
3280, 0, 123.637, 0.98, 1, 0.00, 0.00, 0.00, 0.00, 0.32, 0.02, 0.00, 1.07, 1.17, 0.25, 0.43, 0.60, 0.00, 0.00, 1.02, 0.00, 0.00, 0.00, 0.00, 0.00, 1.00, 0.00, 0.00, 0.00, 1.00, 1.00, 0.00, 0.00, 0.00, 0.00, 1.00, 1.00, 0.00, 0.00, 0.00
3281, 0, 123.674, 0.98, 1, 0.00, 0.00, 0.00, 0.00, 0.23, 0.00, 0.00, 1.22, 1.28, 0.17, 0.74, 0.76, 0.00, 0.00, 1.10, 0.00, 0.00, 0.00, 0.00, 0.00, 1.00, 0.00, 0.00, 0.00, 1.00, 1.00, 0.00, 0.00, 0.00, 0.00, 1.00, 0.00, 0.00, 0.00, 0.00
3282, 0, 123.712, 0.98, 1, 0.00, 0.00, 0.00, 0.00, 0.18, 0.00, 0.00, 1.51, 1.35, 0.01, 0.96, 0.62, 0.00, 0.00, 1.06, 0.00, 0.00, 0.00, 0.00, 0.00, 1.00, 0.00, 0.00, 0.00, 1.00, 1.00, 0.00, 0.00, 0.00, 0.00, 1.00, 0.00, 0.00, 0.00, 0.00
3283, 0, 123.750, 0.98, 1, 0.00, 0.00, 0.00, 0.01, 0.16, 0.00, 0.00, 1.55, 1.18, 0.01, 0.73, 0.64, 0.00, 0.00, 0.88, 0.00, 0.07, 0.00, 0.00, 0.00, 1.00, 0.00, 0.00, 0.00, 1.00, 1.00, 0.00, 0.00, 0.00, 0.00, 1.00, 0.00, 0.00, 0.00, 0.00
3284, 0, 123.788, 0.98, 1, 0.01, 0.00, 0.00, 0.05, 0.18, 0.00, 0.00, 1.54, 0.91, 0.00, 0.48, 0.64, 0.00, 0.00, 0.63, 0.00, 0.10, 0.00, 0.00, 0.00, 1.00, 0.00, 0.00, 0.00, 1.00, 1.00, 0.00, 0.00, 0.00, 0.00, 1.00, 0.00, 0.00, 0.00, 0.00
3285, 0, 123.825, 0.98, 1, 0.04, 0.00, 0.00, 0.05, 0.10, 0.00, 0.00, 1.37, 0.79, 0.00, 0.45, 0.82, 0.00, 0.03, 0.50, 0.00, 0.10, 0.00, 1.00, 0.00, 1.00, 0.00, 0.00, 0.00, 1.00, 1.00, 0.00, 0.00, 1.00, 0.00, 1.00, 0.00, 0.00, 0.00, 0.00
3286, 0, 123.863, 0.98, 1, 0.17, 0.00, 0.00, 0.03, 0.05, 0.00, 0.00, 1.20, 0.80, 0.04, 0.45, 0.97, 0.00, 0.03, 0.48, 0.00, 0.03, 0.00, 1.00, 0.00, 1.00, 0.00, 0.00, 0.00, 1.00, 1.00, 0.00, 0.00, 1.00, 0.00, 1.00, 0.00, 0.00, 0.00, 0.00
3287, 0, 123.901, 0.98, 1, 0.27, 0.00, 0.00, 0.00, 0.00, 0.00, 0.00, 0.96, 0.87, 0.15, 0.42, 1.08, 0.00, 0.03, 0.57, 0.00, 0.00, 0.00, 1.00, 0.00, 1.00, 0.00, 0.00, 0.00, 1.00, 1.00, 0.00, 0.00, 1.00, 0.00, 1.00, 0.00, 0.00, 0.00, 0.00
3288, 0, 123.938, 0.98, 1, 0.44, 0.00, 0.00, 0.00, 0.01, 0.00, 0.00, 0.83, 0.85, 0.27, 0.38, 1.06, 0.00, 0.00, 0.76, 0.00, 0.00, 0.00, 1.00, 0.00, 1.00, 0.00, 0.00, 0.00, 1.00, 1.00, 0.00, 0.00, 1.00, 0.00, 1.00, 0.00, 0.00, 0.00, 0.00
3289, 0, 123.976, 0.98, 1, 0.50, 0.02, 0.00, 0.00, 0.05, 0.00, 0.00, 0.92, 0.82, 0.26, 0.39, 0.94, 0.00, 0.00, 1.02, 0.05, 0.00, 0.00, 1.00, 0.00, 1.00, 0.00, 0.00, 0.00, 1.00, 1.00, 0.00, 0.00, 1.00, 0.00, 1.00, 1.00, 0.00, 0.00, 0.00
3290, 0, 124.014, 0.98, 1, 0.44, 0.02, 0.00, 0.00, 0.10, 0.00, 0.08, 1.02, 0.85, 0.46, 0.36, 0.67, 0.00, 0.00, 1.36, 0.16, 0.00, 0.00, 1.00, 0.00, 1.00, 0.00, 0.00, 0.00, 1.00, 1.00, 0.00, 0.00, 0.00, 0.00, 1.00, 1.00, 0.00, 0.00, 0.00
3291, 0, 124.052, 0.98, 1, 0.34, 0.07, 0.00, 0.00, 0.13, 0.00, 0.13, 0.97, 0.72, 0.60, 0.20, 0.43, 0.00, 0.00, 1.53, 0.31, 0.00, 0.00, 1.00, 0.00, 1.00, 0.00, 0.00, 0.00, 1.00, 1.00, 0.00, 0.00, 0.00, 0.00, 1.00, 1.00, 0.00, 0.00, 0.00
3292, 0, 124.089, 0.98, 1, 0.27, 0.05, 0.00, 0.01, 0.13, 0.00, 0.13, 0.72, 0.53, 0.57, 0.01, 0.35, 0.00, 0.00, 1.62, 0.51, 0.00, 0.00, 1.00, 0.00, 1.00, 0.00, 0.00, 0.00, 0.00, 1.00, 0.00, 0.00, 0.00, 0.00, 1.00, 1.00, 0.00, 0.00, 0.00
3293, 0, 124.127, 0.98, 1, 0.32, 0.05, 0.00, 0.01, 0.08, 0.00, 0.05, 0.63, 0.41, 0.58, 0.01, 0.31, 0.00, 0.00, 1.30, 0.74, 0.00, 0.00, 1.00, 0.00, 1.00, 0.00, 0.00, 0.00, 0.00, 1.00, 0.00, 0.00, 0.00, 0.00, 1.00, 1.00, 0.00, 0.00, 0.00
3294, 0, 124.165, 0.98, 1, 0.22, 0.00, 0.00, 0.01, 0.04, 0.00, 0.00, 0.53, 0.43, 0.31, 0.24, 0.21, 0.00, 0.00, 1.00, 0.77, 0.00, 0.00, 0.00, 0.00, 1.00, 0.00, 0.00, 0.00, 0.00, 1.00, 0.00, 0.00, 0.00, 0.00, 1.00, 1.00, 0.00, 0.00, 0.00
3295, 0, 124.202, 0.98, 1, 0.09, 0.00, 0.00, 0.00, 0.00, 0.00, 0.09, 0.44, 0.47, 0.31, 0.23, 0.08, 0.00, 0.00, 0.42, 0.69, 0.00, 0.00, 0.00, 0.00, 1.00, 0.00, 0.00, 0.00, 0.00, 1.00, 0.00, 0.00, 0.00, 0.00, 1.00, 0.00, 0.00, 0.00, 0.00
3296, 0, 124.240, 0.98, 1, 0.09, 0.02, 0.00, 0.00, 0.00, 0.00, 0.17, 0.35, 0.43, 0.18, 0.23, 0.12, 0.00, 0.01, 0.19, 0.48, 0.00, 0.00, 0.00, 0.00, 1.00, 0.00, 0.00, 0.00, 0.00, 1.00, 0.00, 0.00, 0.00, 0.00, 1.00, 0.00, 0.00, 0.00, 0.00
3297, 0, 124.278, 0.98, 1, 0.28, 0.15, 0.00, 0.00, 0.12, 0.00, 0.24, 0.45, 0.41, 0.33, 0.00, 0.32, 0.00, 0.10, 0.02, 0.63, 0.00, 0.00, 0.00, 0.00, 1.00, 0.00, 0.00, 0.00, 0.00, 1.00, 1.00, 0.00, 0.00, 0.00, 1.00, 0.00, 0.00, 0.00, 0.00
3298, 0, 124.315, 0.98, 1, 0.33, 0.15, 0.00, 0.00, 0.25, 0.00, 0.23, 0.51, 0.57, 0.56, 0.00, 0.43, 0.00, 0.10, 0.10, 0.62, 0.00, 0.00, 1.00, 0.00, 1.00, 0.00, 0.00, 0.00, 0.00, 1.00, 0.00, 0.00, 0.00, 0.00, 1.00, 0.00, 0.00, 0.00, 0.00
3299, 0, 124.353, 0.98, 1, 0.29, 0.13, 0.00, 0.00, 0.36, 0.00, 0.22, 0.55, 0.69, 0.58, 0.00, 0.43, 0.00, 0.09, 0.18, 0.63, 0.00, 0.00, 1.00, 0.00, 1.00, 0.00, 0.00, 0.00, 0.00, 1.00, 0.00, 0.00, 0.00, 0.00, 1.00, 0.00, 0.00, 0.00, 0.00
3300, 0, 124.391, 0.98, 1, 0.10, 0.00, 0.00, 0.00, 0.36, 0.00, 0.15, 0.78, 0.71, 0.44, 0.13, 0.30, 0.14, 0.00, 0.91, 0.30, 0.00, 0.00, 1.00, 0.00, 1.00, 0.00, 0.00, 0.00, 0.00, 1.00, 0.00, 0.00, 0.00, 0.00, 1.00, 0.00, 0.00, 0.00, 0.00
3301, 0, 124.429, 0.98, 1, 0.08, 0.00, 0.00, 0.02, 0.30, 0.00, 0.07, 1.09, 0.59, 0.20, 0.13, 0.17, 0.46, 0.00, 1.36, 0.14, 0.08, 0.00, 1.00, 0.00, 1.00, 0.00, 0.00, 0.00, 0.00, 1.00, 0.00, 0.00, 0.00, 0.00, 1.00, 0.00, 0.00, 0.00, 0.00
3302, 0, 124.466, 0.98, 1, 0.12, 0.00, 0.00, 0.02, 0.20, 0.00, 0.00, 1.37, 0.52, 0.15, 0.13, 0.07, 0.59, 0.00, 1.63, 0.01, 0.09, 0.00, 1.00, 0.00, 1.00, 0.00, 0.00, 0.00, 0.00, 1.00, 0.00, 0.00, 0.00, 0.00, 1.00, 0.00, 0.00, 0.00, 0.00
3303, 0, 124.504, 0.88, 1, 0.21, 0.00, 0.00, 0.02, 0.07, 0.00, 0.00, 1.36, 0.51, 0.19, 0.34, 0.06, 0.47, 0.00, 1.26, 0.00, 0.13, 0.00, 1.00, 0.00, 1.00, 0.00, 0.00, 0.00, 0.00, 1.00, 0.00, 0.00, 0.00, 0.00, 1.00, 0.00, 0.00, 0.00, 0.00
3304, 0, 124.542, 0.88, 1, 0.24, 0.00, 0.00, 0.00, 0.00, 0.00, 0.00, 1.24, 0.52, 0.19, 0.34, 0.06, 0.15, 0.00, 0.97, 0.00, 0.13, 0.00, 1.00, 0.00, 1.00, 0.00, 0.00, 0.00, 0.00, 1.00, 0.00, 0.00, 0.00, 0.00, 1.00, 0.00, 0.00, 0.00, 0.00
3305, 0, 124.579, 0.93, 1, 0.29, 0.00, 0.00, 0.00, 0.05, 0.00, 0.00, 1.04, 0.56, 0.11, 0.34, 0.23, 0.02, 0.00, 0.77, 0.00, 0.12, 0.00, 1.00, 0.00, 1.00, 0.00, 0.00, 0.00, 0.00, 1.00, 0.00, 0.00, 0.00, 0.00, 1.00, 0.00, 0.00, 0.00, 0.00
3306, 0, 124.617, 0.98, 1, 0.37, 0.01, 0.00, 0.00, 0.09, 0.00, 0.00, 0.89, 0.64, 0.33, 0.02, 0.34, 0.00, 0.00, 0.49, 0.00, 0.08, 0.00, 1.00, 0.00, 1.00, 0.00, 0.00, 0.00, 0.00, 1.00, 0.00, 0.00, 0.00, 0.00, 1.00, 0.00, 0.00, 0.00, 0.00
3307, 0, 124.655, 0.98, 1, 0.48, 0.14, 0.00, 0.00, 0.09, 0.00, 0.00, 0.96, 0.71, 0.61, 0.02, 0.49, 0.00, 0.00, 0.26, 0.00, 0.00, 0.00, 1.00, 0.00, 1.00, 0.00, 0.00, 0.00, 0.00, 1.00, 0.00, 0.00, 0.00, 0.00, 1.00, 0.00, 0.00, 0.00, 0.00
3308, 0, 124.693, 0.98, 1, 0.53, 0.14, 0.00, 0.00, 0.05, 0.00, 0.00, 1.07, 0.65, 0.73, 0.02, 0.39, 0.00, 0.00, 0.10, 0.00, 0.00, 1.00, 1.00, 0.00, 1.00, 0.00, 0.00, 0.00, 0.00, 1.00, 0.00, 0.00, 0.00, 0.00, 1.00, 0.00, 0.00, 0.00, 0.00
3309, 0, 124.730, 0.98, 1, 0.54, 0.13, 0.00, 0.00, 0.00, 0.00, 0.00, 1.16, 0.50, 0.48, 0.25, 0.36, 0.00, 0.00, 0.19, 0.00, 0.00, 1.00, 1.00, 0.00, 1.00, 0.00, 0.00, 0.00, 1.00, 1.00, 0.00, 1.00, 0.00, 0.00, 1.00, 0.00, 0.00, 0.00, 0.00
3310, 0, 124.768, 0.98, 1, 0.51, 0.00, 0.00, 0.00, 0.00, 0.00, 0.00, 1.50, 0.37, 0.24, 0.38, 0.50, 0.00, 0.00, 0.29, 0.00, 0.00, 1.00, 1.00, 0.00, 1.00, 0.00, 0.00, 0.00, 1.00, 1.00, 0.00, 1.00, 0.00, 0.00, 1.00, 0.00, 0.00, 0.00, 0.00
3311, 0, 124.806, 0.98, 1, 0.46, 0.00, 0.00, 0.00, 0.00, 0.00, 0.00, 1.89, 0.28, 0.12, 0.61, 0.69, 0.00, 0.00, 0.45, 0.00, 0.00, 1.00, 1.00, 0.00, 1.00, 0.00, 0.00, 0.00, 1.00, 0.00, 0.00, 1.00, 0.00, 0.00, 1.00, 0.00, 0.00, 0.00, 0.00
3312, 0, 124.843, 0.98, 1, 0.47, 0.00, 0.00, 0.00, 0.00, 0.00, 0.00, 2.07, 0.19, 0.10, 0.67, 0.88, 0.00, 0.00, 0.51, 0.00, 0.09, 1.00, 1.00, 0.00, 1.00, 0.00, 0.00, 0.00, 1.00, 0.00, 0.00, 1.00, 0.00, 0.00, 1.00, 0.00, 0.00, 0.00, 0.00
3313, 0, 124.881, 0.98, 1, 0.47, 0.00, 0.00, 0.00, 0.00, 0.14, 0.00, 1.92, 0.10, 0.09, 0.75, 0.94, 0.00, 0.00, 0.40, 0.00, 0.09, 1.00, 1.00, 0.00, 1.00, 0.00, 0.00, 0.00, 1.00, 0.00, 0.00, 1.00, 0.00, 0.00, 1.00, 0.00, 0.00, 0.00, 0.00
3314, 0, 124.919, 0.98, 1, 0.48, 0.00, 0.00, 0.00, 0.00, 0.14, 0.00, 1.80, 0.00, 0.03, 0.66, 1.01, 0.00, 0.05, 0.25, 0.00, 0.09, 1.00, 1.00, 0.00, 1.00, 0.00, 0.00, 0.00, 1.00, 0.00, 0.00, 1.00, 0.00, 0.00, 1.00, 0.00, 0.00, 0.00, 0.00
3315, 0, 124.956, 0.98, 1, 0.48, 0.00, 0.00, 0.01, 0.00, 0.14, 0.00, 1.89, 0.00, 0.03, 0.84, 0.87, 0.00, 0.05, 0.23, 0.00, 0.10, 1.00, 0.00, 0.00, 1.00, 0.00, 0.00, 0.00, 1.00, 0.00, 0.00, 1.00, 0.00, 0.00, 1.00, 0.00, 0.00, 0.00, 0.00
3316, 0, 124.994, 0.98, 1, 0.55, 0.00, 0.00, 0.01, 0.00, 0.00, 0.00, 2.07, 0.00, 0.00, 0.88, 0.58, 0.00, 0.07, 0.51, 0.10, 0.19, 1.00, 0.00, 0.00, 1.00, 0.00, 0.00, 0.00, 1.00, 0.00, 0.00, 1.00, 0.00, 0.00, 1.00, 0.00, 0.00, 0.00, 0.00
3317, 0, 125.032, 0.93, 1, 0.56, 0.00, 0.00, 0.01, 0.00, 0.00, 0.00, 2.17, 0.00, 0.00, 0.93, 0.30, 0.00, 0.01, 0.74, 0.20, 0.30, 1.00, 0.00, 0.00, 1.00, 0.00, 0.00, 0.00, 1.00, 0.00, 0.00, 1.00, 0.00, 0.00, 1.00, 0.00, 0.00, 0.00, 0.00
3318, 0, 125.070, 0.93, 1, 0.57, 0.00, 0.00, 0.00, 0.00, 0.00, 0.00, 2.10, 0.00, 0.00, 0.63, 0.17, 0.00, 0.06, 0.76, 0.32, 0.47, 1.00, 0.00, 0.00, 1.00, 0.00, 0.00, 0.00, 1.00, 0.00, 0.00, 1.00, 0.00, 0.00, 1.00, 0.00, 0.00, 0.00, 0.00
3319, 0, 125.107, 0.93, 1, 0.54, 0.00, 0.00, 0.00, 0.00, 0.00, 0.00, 2.05, 0.00, 0.00, 0.63, 0.43, 0.00, 0.13, 0.76, 0.30, 0.41, 0.00, 0.00, 0.00, 1.00, 0.00, 0.00, 0.00, 1.00, 0.00, 0.00, 1.00, 0.00, 0.00, 1.00, 0.00, 0.00, 0.00, 0.00
3320, 0, 125.145, 0.93, 1, 0.54, 0.00, 0.00, 0.00, 0.00, 0.00, 0.00, 1.96, 0.00, 0.00, 0.48, 0.57, 0.00, 0.15, 0.53, 0.20, 0.29, 0.00, 0.00, 0.00, 1.00, 0.00, 0.00, 0.00, 1.00, 0.00, 0.00, 1.00, 0.00, 0.00, 1.00, 0.00, 0.00, 0.00, 0.00
3321, 0, 125.183, 0.93, 1, 0.49, 0.00, 0.00, 0.00, 0.00, 0.00, 0.00, 1.89, 0.00, 0.00, 0.46, 0.56, 0.00, 0.10, 0.38, 0.08, 0.07, 0.00, 0.00, 0.00, 1.00, 0.00, 0.00, 0.00, 1.00, 0.00, 0.00, 1.00, 0.00, 0.00, 1.00, 0.00, 0.00, 0.00, 0.00
3322, 0, 125.220, 0.93, 1, 0.44, 0.00, 0.00, 0.00, 0.00, 0.00, 0.00, 1.86, 0.00, 0.00, 0.43, 0.29, 0.00, 0.02, 0.37, 0.00, 0.04, 0.00, 0.00, 0.00, 1.00, 0.00, 0.00, 0.00, 1.00, 0.00, 0.00, 1.00, 0.00, 0.00, 1.00, 0.00, 0.00, 0.00, 0.00
3323, 0, 125.258, 0.93, 1, 0.44, 0.00, 0.00, 0.00, 0.00, 0.00, 0.00, 1.92, 0.00, 0.00, 0.79, 0.09, 0.00, 0.02, 0.65, 0.00, 0.09, 0.00, 0.00, 0.00, 1.00, 0.00, 0.00, 0.00, 1.00, 0.00, 0.00, 1.00, 0.00, 0.00, 1.00, 0.00, 0.00, 0.00, 0.00
3324, 0, 125.296, 0.98, 1, 0.35, 0.00, 0.00, 0.00, 0.00, 0.00, 0.00, 2.13, 0.00, 0.00, 1.16, 0.07, 0.00, 0.02, 0.87, 0.12, 0.05, 0.00, 0.00, 0.00, 1.00, 0.00, 0.00, 0.00, 1.00, 0.00, 0.00, 1.00, 0.00, 0.00, 1.00, 0.00, 0.00, 0.00, 0.00
3325, 0, 125.334, 0.98, 1, 0.39, 0.00, 0.00, 0.00, 0.00, 0.00, 0.08, 2.10, 0.03, 0.10, 0.94, 0.12, 0.00, 0.03, 0.72, 0.16, 0.05, 1.00, 0.00, 0.00, 1.00, 0.00, 0.00, 0.00, 1.00, 0.00, 0.00, 1.00, 0.00, 0.00, 1.00, 0.00, 0.00, 0.00, 0.00
3326, 0, 125.371, 0.93, 1, 0.29, 0.00, 0.00, 0.00, 0.00, 0.00, 0.08, 1.99, 0.05, 0.41, 0.54, 0.12, 0.00, 0.03, 0.44, 0.24, 0.06, 1.00, 0.00, 0.00, 1.00, 0.00, 0.00, 0.00, 1.00, 1.00, 0.00, 1.00, 0.00, 0.00, 1.00, 0.00, 0.00, 0.00, 0.00
3327, 0, 125.409, 0.98, 1, 0.22, 0.00, 0.00, 0.00, 0.00, 0.00, 0.13, 1.66, 0.08, 0.51, 0.00, 0.08, 0.00, 0.13, 0.13, 0.16, 0.06, 1.00, 0.00, 0.00, 1.00, 0.00, 0.00, 0.00, 1.00, 1.00, 0.00, 1.00, 0.00, 0.00, 1.00, 0.00, 0.00, 0.00, 0.00
3328, 0, 125.447, 0.98, 1, 0.21, 0.00, 0.00, 0.00, 0.00, 0.00, 0.25, 1.30, 0.05, 0.74, 0.00, 0.00, 0.00, 0.16, 0.02, 0.12, 0.05, 1.00, 0.00, 0.00, 1.00, 0.00, 0.00, 0.00, 1.00, 1.00, 0.00, 1.00, 0.00, 0.00, 1.00, 0.00, 0.00, 0.00, 0.00
3329, 0, 125.484, 0.93, 1, 0.29, 0.00, 0.00, 0.00, 0.00, 0.00, 0.43, 0.97, 0.03, 0.72, 0.00, 0.00, 0.00, 0.18, 0.08, 0.04, 0.00, 1.00, 0.00, 0.00, 1.00, 0.00, 0.00, 0.00, 1.00, 1.00, 0.00, 1.00, 0.00, 0.00, 1.00, 0.00, 0.00, 0.00, 0.00
3330, 0, 125.522, 0.93, 1, 0.36, 0.00, 0.00, 0.00, 0.00, 0.00, 0.38, 1.13, 0.08, 0.61, 0.00, 0.03, 0.00, 0.08, 0.41, 0.00, 0.00, 1.00, 0.00, 0.00, 1.00, 0.00, 0.00, 0.00, 1.00, 1.00, 0.00, 0.00, 0.00, 0.00, 1.00, 0.00, 0.00, 0.00, 0.00
3331, 0, 125.560, 0.98, 1, 0.27, 0.00, 0.00, 0.00, 0.00, 0.00, 0.18, 1.25, 0.21, 0.28, 0.00, 0.03, 0.00, 0.04, 0.81, 0.00, 0.08, 1.00, 0.00, 0.00, 1.00, 0.00, 0.00, 0.00, 1.00, 1.00, 0.00, 0.00, 0.00, 0.00, 1.00, 0.00, 0.00, 0.00, 0.00
3332, 0, 125.597, 0.93, 1, 0.20, 0.00, 0.00, 0.00, 0.00, 0.00, 0.00, 1.43, 0.34, 0.05, 0.00, 0.03, 0.00, 0.00, 1.13, 0.00, 0.20, 1.00, 0.00, 0.00, 1.00, 0.00, 0.00, 0.00, 1.00, 1.00, 0.00, 0.00, 0.00, 0.00, 1.00, 0.00, 0.00, 0.00, 0.00
3333, 0, 125.635, 0.88, 1, 0.12, 0.04, 0.00, 0.00, 0.00, 0.00, 0.00, 1.29, 0.39, 0.26, 0.00, 0.00, 0.00, 0.00, 1.16, 0.00, 0.32, 1.00, 0.00, 0.00, 1.00, 0.00, 0.00, 0.00, 1.00, 1.00, 0.00, 0.00, 0.00, 0.00, 1.00, 0.00, 0.00, 0.00, 0.00
3334, 0, 125.673, 0.88, 1, 0.13, 0.20, 0.00, 0.00, 0.00, 0.00, 0.00, 1.39, 0.40, 0.54, 0.55, 0.00, 0.09, 0.00, 1.34, 0.00, 0.27, 1.00, 1.00, 0.00, 1.00, 0.00, 0.00, 0.00, 1.00, 1.00, 0.00, 0.00, 0.00, 0.00, 1.00, 0.00, 0.00, 0.00, 0.00
3335, 0, 125.711, 0.88, 1, 0.20, 0.35, 0.00, 0.00, 0.00, 0.00, 0.00, 0.99, 0.49, 0.48, 0.55, 0.02, 0.26, 0.00, 1.74, 0.00, 0.15, 1.00, 1.00, 0.00, 1.00, 0.00, 0.00, 0.00, 1.00, 1.00, 0.00, 0.00, 0.00, 0.00, 1.00, 0.00, 0.00, 0.00, 0.00
3336, 0, 125.748, 0.88, 1, 0.26, 0.49, 0.00, 0.00, 0.00, 0.00, 0.00, 0.62, 0.57, 0.28, 0.55, 0.02, 0.26, 0.00, 2.00, 0.05, 0.02, 0.00, 1.00, 0.00, 1.00, 0.00, 0.00, 0.00, 0.00, 1.00, 0.00, 0.00, 0.00, 0.00, 1.00, 0.00, 0.00, 0.00, 0.00
3337, 0, 125.786, 0.93, 1, 0.19, 0.50, 0.00, 0.00, 0.00, 0.00, 0.00, 0.28, 0.67, 0.00, 0.00, 0.02, 0.18, 0.00, 1.82, 0.11, 0.00, 0.00, 1.00, 0.00, 1.00, 0.00, 0.00, 0.00, 0.00, 1.00, 0.00, 0.00, 0.00, 0.00, 1.00, 0.00, 0.00, 0.00, 0.00
3338, 0, 125.824, 0.93, 1, 0.06, 0.35, 0.00, 0.00, 0.00, 0.00, 0.00, 0.30, 0.69, 0.00, 0.00, 0.00, 0.00, 0.00, 1.37, 0.34, 0.00, 0.00, 1.00, 0.00, 1.00, 0.00, 0.00, 0.00, 0.00, 1.00, 0.00, 0.00, 0.00, 0.00, 1.00, 0.00, 0.00, 0.00, 0.00
3339, 0, 125.861, 0.93, 1, 0.01, 0.19, 0.00, 0.00, 0.00, 0.00, 0.00, 0.23, 0.76, 0.00, 0.01, 0.00, 0.00, 0.00, 0.87, 0.28, 0.00, 0.00, 1.00, 0.00, 1.00, 0.00, 0.00, 0.00, 0.00, 1.00, 0.00, 0.00, 0.00, 0.00, 1.00, 0.00, 0.00, 0.00, 0.00
3340, 0, 125.899, 0.98, 1, 0.06, 0.09, 0.00, 0.00, 0.03, 0.00, 0.00, 0.36, 0.79, 0.36, 0.01, 0.32, 0.32, 0.00, 0.67, 0.28, 0.00, 0.00, 1.00, 0.00, 1.00, 0.00, 0.00, 0.00, 0.00, 1.00, 0.00, 0.00, 0.00, 0.00, 1.00, 0.00, 0.00, 0.00, 0.00
3341, 0, 125.937, 0.88, 1, 0.14, 0.21, 0.00, 0.00, 0.06, 0.00, 0.00, 0.58, 0.81, 0.72, 0.01, 0.64, 0.63, 0.00, 0.57, 0.13, 0.00, 0.00, 0.00, 0.00, 1.00, 0.00, 0.00, 0.00, 1.00, 1.00, 0.00, 0.00, 1.00, 0.00, 1.00, 0.00, 0.00, 0.00, 0.00
3342, 0, 125.975, 0.88, 1, 0.24, 0.24, 0.00, 0.00, 0.06, 0.00, 0.00, 1.06, 0.69, 0.88, 0.53, 0.89, 0.74, 0.00, 0.86, 0.13, 0.00, 0.00, 0.00, 0.00, 1.00, 0.00, 0.00, 0.00, 1.00, 1.00, 1.00, 0.00, 1.00, 0.00, 1.00, 0.00, 0.00, 0.00, 0.00
3343, 0, 126.012, 0.93, 1, 0.30, 0.27, 0.00, 0.00, 0.04, 0.00, 0.00, 1.10, 0.57, 0.85, 0.53, 0.85, 0.42, 0.00, 0.90, 0.24, 0.00, 0.00, 0.00, 0.00, 1.00, 0.00, 0.00, 0.00, 1.00, 1.00, 1.00, 0.00, 1.00, 0.00, 1.00, 0.00, 0.00, 0.00, 0.00
3344, 0, 126.050, 0.98, 1, 0.35, 0.21, 0.00, 0.00, 0.00, 0.00, 0.00, 1.14, 0.50, 0.73, 0.53, 0.67, 0.12, 0.06, 1.00, 0.49, 0.01, 0.00, 0.00, 0.00, 1.00, 0.00, 0.00, 0.00, 1.00, 1.00, 1.00, 0.00, 1.00, 0.00, 1.00, 0.00, 0.00, 0.00, 0.00
3345, 0, 126.088, 0.98, 1, 0.47, 0.36, 0.00, 0.11, 0.00, 0.00, 0.00, 1.11, 0.42, 0.67, 0.04, 0.87, 0.00, 0.06, 0.78, 0.58, 0.16, 0.00, 0.00, 0.00, 1.00, 0.00, 0.00, 0.00, 1.00, 1.00, 0.00, 0.00, 1.00, 0.00, 1.00, 0.00, 0.00, 0.00, 0.00
3346, 0, 126.125, 0.88, 1, 0.62, 0.32, 0.00, 0.11, 0.00, 0.00, 0.00, 1.14, 0.27, 0.33, 0.07, 0.94, 0.00, 0.06, 0.54, 0.40, 0.31, 0.00, 0.00, 0.00, 1.00, 0.00, 0.00, 0.00, 1.00, 1.00, 0.00, 0.00, 0.00, 0.00, 1.00, 0.00, 0.00, 0.00, 0.00
3347, 0, 126.163, 0.88, 1, 0.77, 0.37, 0.00, 0.11, 0.00, 0.00, 0.00, 1.20, 0.07, 0.09, 0.07, 1.16, 0.00, 0.00, 0.21, 0.09, 0.42, 0.00, 0.00, 0.00, 1.00, 0.00, 0.00, 0.00, 0.00, 1.00, 0.00, 0.00, 0.00, 0.00, 1.00, 0.00, 0.00, 0.00, 0.00
3348, 0, 126.201, 0.88, 1, 0.54, 0.17, 0.00, 0.00, 0.00, 0.00, 0.00, 0.90, 0.19, 0.30, 0.04, 0.76, 0.00, 0.00, 0.19, 0.47, 0.28, 0.00, 0.00, 0.00, 1.00, 0.00, 0.00, 0.00, 0.00, 1.00, 0.00, 0.00, 0.00, 0.00, 1.00, 0.00, 0.00, 0.00, 0.00
3349, 0, 126.238, 0.93, 1, 0.28, 0.11, 0.00, 0.00, 0.00, 0.00, 0.00, 0.62, 0.38, 0.56, 0.00, 0.42, 0.00, 0.00, 0.32, 0.91, 0.27, 0.00, 0.00, 0.00, 1.00, 0.00, 0.00, 0.00, 0.00, 1.00, 0.00, 0.00, 0.00, 0.00, 1.00, 0.00, 0.00, 0.00, 0.00
3350, 0, 126.276, 0.93, 1, 0.00, 0.00, 0.00, 0.00, 0.00, 0.00, 0.00, 0.51, 0.62, 0.57, 0.00, 0.07, 0.00, 0.00, 0.54, 1.44, 0.14, 0.00, 0.00, 0.00, 1.00, 0.00, 0.00, 0.00, 0.00, 1.00, 0.00, 0.00, 0.00, 0.00, 1.00, 0.00, 0.00, 0.00, 0.00
3351, 0, 126.314, 0.93, 1, 0.02, 0.00, 0.00, 0.00, 0.00, 0.00, 0.00, 0.59, 0.53, 0.36, 0.00, 0.31, 0.00, 0.10, 0.48, 1.24, 0.13, 0.00, 0.00, 0.00, 1.00, 0.00, 0.00, 0.00, 0.00, 1.00, 0.00, 0.00, 0.00, 0.00, 1.00, 0.00, 0.00, 0.00, 0.00
3352, 0, 126.352, 0.93, 1, 0.02, 0.00, 0.00, 0.00, 0.00, 0.00, 0.00, 0.88, 0.41, 0.10, 0.00, 0.56, 0.00, 0.17, 0.37, 1.02, 0.01, 0.00, 0.00, 0.00, 1.00, 0.00, 0.00, 0.00, 0.00, 1.00, 0.00, 0.00, 0.00, 0.00, 1.00, 0.00, 0.00, 0.00, 0.00
3353, 0, 126.389, 0.93, 1, 0.09, 0.00, 0.00, 0.00, 0.00, 0.00, 0.00, 1.00, 0.19, 0.09, 0.00, 0.73, 0.00, 0.22, 0.36, 0.71, 0.01, 0.00, 0.00, 0.00, 1.00, 0.00, 0.00, 0.00, 0.00, 1.00, 0.00, 0.00, 0.00, 0.00, 1.00, 0.00, 0.00, 0.00, 0.00
3354, 0, 126.427, 0.98, 1, 0.25, 0.14, 0.00, 0.00, 0.00, 0.00, 0.00, 1.05, 0.11, 0.00, 0.00, 0.55, 0.00, 0.17, 0.41, 0.47, 0.01, 0.00, 0.00, 0.00, 1.00, 0.00, 0.00, 0.00, 0.00, 1.00, 0.00, 0.00, 0.00, 0.00, 1.00, 0.00, 0.00, 0.00, 0.00
3355, 0, 126.465, 0.98, 1, 0.34, 0.14, 0.00, 0.00, 0.00, 0.00, 0.00, 0.96, 0.09, 0.02, 0.00, 0.64, 0.00, 0.24, 0.37, 0.25, 0.03, 0.00, 1.00, 0.00, 1.00, 0.00, 0.00, 0.00, 0.00, 1.00, 0.00, 0.00, 0.00, 0.00, 1.00, 0.00, 0.00, 0.00, 0.00
3356, 0, 126.502, 0.98, 1, 0.40, 0.14, 0.00, 0.00, 0.00, 0.00, 0.00, 0.93, 0.12, 0.19, 0.00, 0.65, 0.00, 0.25, 0.16, 0.10, 0.14, 0.00, 1.00, 0.00, 1.00, 0.00, 0.00, 0.00, 0.00, 1.00, 0.00, 0.00, 0.00, 0.00, 1.00, 0.00, 0.00, 0.00, 0.00
3357, 0, 126.540, 0.98, 1, 0.30, 0.00, 0.00, 0.00, 0.00, 0.00, 0.00, 0.93, 0.10, 0.19, 0.00, 0.84, 0.00, 0.30, 0.00, 0.32, 0.27, 0.00, 1.00, 0.00, 1.00, 0.00, 0.00, 0.00, 0.00, 1.00, 0.00, 1.00, 0.00, 0.00, 1.00, 0.00, 0.00, 0.00, 0.00
3358, 0, 126.578, 0.98, 1, 0.32, 0.00, 0.00, 0.00, 0.00, 0.00, 0.00, 0.94, 0.09, 0.32, 0.00, 0.62, 0.00, 0.26, 0.00, 0.64, 0.45, 0.00, 1.00, 0.00, 1.00, 0.00, 0.00, 0.00, 0.00, 1.00, 0.00, 1.00, 0.00, 0.00, 1.00, 0.00, 0.00, 0.00, 0.00
3359, 0, 126.616, 0.88, 1, 0.31, 0.00, 0.00, 0.00, 0.00, 0.00, 0.00, 1.01, 0.09, 0.19, 0.00, 0.61, 0.00, 0.32, 0.04, 0.90, 0.34, 0.00, 1.00, 0.00, 1.00, 0.00, 0.00, 0.00, 0.00, 1.00, 0.00, 1.00, 1.00, 0.00, 1.00, 0.00, 0.00, 0.00, 0.00
3360, 0, 126.653, 0.93, 1, 0.32, 0.00, 0.00, 0.00, 0.00, 0.00, 0.00, 1.44, 0.11, 0.19, 0.20, 0.61, 0.48, 0.22, 0.63, 0.86, 0.31, 0.00, 1.00, 0.00, 1.00, 0.00, 0.00, 0.00, 1.00, 1.00, 0.00, 1.00, 1.00, 0.00, 1.00, 0.00, 0.00, 0.00, 0.00
3361, 0, 126.691, 0.98, 1, 0.33, 0.00, 0.00, 0.02, 0.00, 0.00, 0.00, 1.90, 0.09, 0.03, 0.39, 0.88, 0.96, 0.12, 1.26, 0.84, 0.15, 0.00, 1.00, 0.00, 1.00, 0.00, 0.00, 0.00, 1.00, 1.00, 0.00, 1.00, 0.00, 0.00, 1.00, 0.00, 0.00, 0.00, 0.00
3362, 0, 126.729, 0.98, 1, 0.44, 0.00, 0.00, 0.02, 0.00, 0.00, 0.00, 2.23, 0.13, 0.00, 0.39, 1.03, 0.96, 0.00, 1.24, 0.96, 0.21, 0.00, 0.00, 0.00, 1.00, 0.00, 0.00, 0.00, 1.00, 1.00, 0.00, 1.00, 0.00, 0.00, 1.00, 0.00, 0.00, 0.00, 0.00
3363, 0, 126.766, 0.93, 1, 0.39, 0.00, 0.00, 0.02, 0.00, 0.00, 0.00, 1.88, 0.12, 0.00, 0.19, 0.98, 0.48, 0.00, 0.65, 0.86, 0.30, 0.00, 1.00, 0.00, 1.00, 0.00, 0.00, 0.00, 1.00, 1.00, 0.00, 1.00, 0.00, 0.00, 1.00, 0.00, 0.00, 0.00, 0.00
3364, 0, 126.804, 0.88, 1, 0.30, 0.00, 0.00, 0.00, 0.00, 0.00, 0.00, 1.45, 0.10, 0.00, 0.00, 0.83, 0.00, 0.00, 0.02, 0.61, 0.49, 0.00, 1.00, 0.00, 1.00, 0.00, 0.00, 0.00, 0.00, 1.00, 0.00, 1.00, 0.00, 0.00, 1.00, 0.00, 0.00, 0.00, 0.00
3365, 0, 126.842, 0.88, 1, 0.36, 0.09, 0.00, 0.00, 0.00, 0.00, 0.00, 0.94, 0.06, 0.00, 0.00, 0.49, 0.00, 0.09, 0.00, 0.37, 0.58, 1.00, 1.00, 0.00, 1.00, 0.00, 0.00, 0.00, 0.00, 1.00, 0.00, 1.00, 0.00, 0.00, 1.00, 0.00, 0.00, 0.00, 0.00
3366, 0, 126.879, 0.98, 1, 0.54, 0.19, 0.00, 0.00, 0.00, 0.00, 0.01, 0.89, 0.06, 0.00, 0.00, 0.23, 0.00, 0.15, 0.00, 0.49, 0.55, 1.00, 1.00, 0.00, 1.00, 0.00, 0.00, 0.00, 0.00, 0.00, 0.00, 1.00, 0.00, 0.00, 1.00, 0.00, 0.00, 0.00, 0.00
3367, 0, 126.917, 0.98, 1, 0.63, 0.23, 0.00, 0.00, 0.00, 0.00, 0.08, 0.82, 0.10, 0.00, 0.00, 0.01, 0.00, 0.19, 0.00, 0.54, 0.46, 1.00, 1.00, 0.00, 1.00, 0.00, 0.00, 0.00, 0.00, 0.00, 0.00, 1.00, 0.00, 0.00, 0.00, 0.00, 0.00, 0.00, 0.00
3368, 0, 126.955, 0.93, 1, 0.38, 0.13, 0.00, 0.00, 0.00, 0.00, 0.11, 0.76, 0.06, 0.00, 0.00, 0.01, 0.00, 0.10, 0.00, 0.44, 0.44, 1.00, 1.00, 0.00, 1.00, 0.00, 0.00, 0.00, 0.00, 0.00, 0.00, 1.00, 0.00, 0.00, 0.00, 0.00, 0.00, 0.00, 0.00
3369, 0, 126.993, 0.93, 1, 0.24, 0.04, 0.00, 0.00, 0.00, 0.00, 0.10, 0.52, 0.07, 0.00, 0.00, 0.01, 0.00, 0.04, 0.00, 0.22, 0.43, 1.00, 1.00, 0.00, 1.00, 0.00, 0.00, 0.00, 0.00, 1.00, 0.00, 0.00, 0.00, 0.00, 0.00, 0.00, 0.00, 0.00, 0.00
3370, 0, 127.030, 0.93, 1, 0.23, 0.00, 0.00, 0.00, 0.04, 0.00, 0.03, 0.68, 0.09, 0.17, 0.12, 0.44, 0.22, 0.07, 0.45, 0.38, 0.31, 1.00, 0.00, 0.00, 1.00, 0.00, 0.00, 0.00, 0.00, 1.00, 0.00, 0.00, 1.00, 0.00, 0.00, 0.00, 0.00, 0.00, 0.00
3371, 0, 127.068, 0.98, 1, 0.30, 0.00, 0.00, 0.00, 0.04, 0.00, 0.00, 0.90, 0.22, 0.58, 0.27, 0.73, 0.22, 0.07, 0.78, 0.75, 0.18, 1.00, 0.00, 0.00, 1.00, 0.00, 0.00, 0.00, 1.00, 1.00, 0.00, 0.00, 1.00, 0.00, 1.00, 1.00, 0.00, 0.00, 0.00
3372, 0, 127.106, 0.98, 1, 0.30, 0.00, 0.00, 0.00, 0.04, 0.00, 0.00, 1.14, 0.35, 0.77, 0.27, 1.02, 0.22, 0.07, 1.01, 1.43, 0.03, 1.00, 0.00, 0.00, 1.00, 0.00, 0.00, 0.00, 1.00, 1.00, 0.00, 0.00, 0.00, 0.00, 1.00, 1.00, 1.00, 0.00, 0.00
3373, 0, 127.143, 0.98, 1, 0.31, 0.00, 0.00, 0.00, 0.00, 0.00, 0.00, 1.01, 0.47, 0.72, 0.15, 0.70, 0.00, 0.00, 0.97, 1.54, 0.12, 1.00, 0.00, 0.00, 1.00, 0.00, 0.00, 0.00, 1.00, 1.00, 0.00, 0.00, 1.00, 0.00, 1.00, 1.00, 1.00, 0.00, 0.00
3374, 0, 127.181, 0.98, 1, 0.35, 0.00, 0.00, 0.00, 0.00, 0.00, 0.00, 0.86, 0.51, 0.43, 0.00, 0.56, 0.00, 0.00, 1.06, 1.43, 0.25, 0.00, 0.00, 0.00, 1.00, 0.00, 0.00, 0.00, 1.00, 1.00, 0.00, 0.00, 1.00, 0.00, 1.00, 1.00, 1.00, 0.00, 0.00
3375, 0, 127.219, 0.98, 1, 0.34, 0.17, 0.00, 0.00, 0.00, 0.00, 0.00, 0.82, 0.60, 0.36, 0.00, 0.58, 0.10, 0.02, 1.09, 1.43, 0.25, 0.00, 0.00, 0.00, 1.00, 0.00, 0.00, 0.00, 1.00, 1.00, 0.00, 0.00, 1.00, 0.00, 1.00, 1.00, 1.00, 0.00, 0.00
3376, 0, 127.257, 0.98, 1, 0.24, 0.36, 0.00, 0.06, 0.00, 0.00, 0.00, 0.74, 0.68, 0.23, 0.00, 0.66, 0.10, 0.08, 0.69, 1.39, 0.13, 0.00, 0.00, 0.00, 1.00, 0.00, 0.00, 0.00, 1.00, 1.00, 0.00, 0.00, 1.00, 0.00, 1.00, 1.00, 1.00, 0.00, 0.00
3377, 0, 127.294, 0.98, 1, 0.24, 0.62, 0.00, 0.06, 0.00, 0.00, 0.00, 0.62, 0.79, 0.11, 0.00, 0.79, 0.22, 0.08, 0.28, 1.29, 0.00, 0.00, 0.00, 0.00, 1.00, 0.00, 0.00, 0.00, 1.00, 1.00, 0.00, 0.00, 1.00, 0.00, 1.00, 0.00, 0.00, 0.00, 0.00
3378, 0, 127.332, 0.98, 1, 0.27, 0.55, 0.00, 0.06, 0.00, 0.00, 0.04, 0.62, 0.73, 0.00, 0.00, 0.81, 0.12, 0.08, 0.01, 0.98, 0.00, 0.00, 0.00, 0.00, 1.00, 0.00, 0.00, 0.00, 0.00, 1.00, 0.00, 0.00, 1.00, 0.00, 1.00, 0.00, 0.00, 0.00, 0.00
3379, 0, 127.370, 0.88, 1, 0.30, 0.37, 0.00, 0.00, 0.00, 0.00, 0.05, 0.85, 0.64, 0.00, 0.00, 0.94, 0.12, 0.02, 0.01, 0.83, 0.00, 0.00, 0.00, 0.00, 1.00, 0.00, 0.00, 0.00, 0.00, 1.00, 0.00, 1.00, 1.00, 0.00, 1.00, 0.00, 0.00, 0.00, 0.00
3380, 0, 127.407, 0.88, 1, 0.16, 0.11, 0.00, 0.00, 0.00, 0.00, 0.11, 0.93, 0.43, 0.00, 0.00, 0.94, 0.00, 0.09, 0.00, 0.73, 0.00, 0.00, 0.00, 0.00, 1.00, 0.00, 0.00, 0.00, 0.00, 1.00, 0.00, 1.00, 1.00, 0.00, 1.00, 0.00, 0.00, 0.00, 0.00
3381, 0, 127.445, 0.88, 1, 0.13, 0.01, 0.00, 0.00, 0.00, 0.00, 0.07, 0.96, 0.31, 0.11, 0.00, 0.78, 0.00, 0.21, 0.00, 0.62, 0.00, 0.00, 0.00, 0.00, 1.00, 0.00, 0.00, 0.00, 0.00, 1.00, 0.00, 1.00, 1.00, 0.00, 1.00, 0.00, 0.00, 0.00, 0.00
3382, 0, 127.483, 0.98, 1, 0.14, 0.00, 0.00, 0.03, 0.00, 0.00, 0.06, 0.78, 0.21, 0.25, 0.00, 0.84, 0.00, 0.34, 0.00, 0.61, 0.00, 0.00, 0.00, 0.00, 1.00, 0.00, 0.00, 0.00, 0.00, 1.00, 0.00, 1.00, 1.00, 0.00, 1.00, 0.00, 0.00, 0.00, 0.00
3383, 0, 127.520, 0.98, 1, 0.17, 0.00, 0.00, 0.03, 0.02, 0.00, 0.00, 0.74, 0.22, 0.42, 0.00, 0.76, 0.00, 0.34, 0.08, 0.79, 0.00, 0.00, 0.00, 0.00, 1.00, 0.00, 0.00, 0.00, 0.00, 1.00, 0.00, 1.00, 1.00, 0.00, 1.00, 0.00, 0.00, 0.00, 0.00
3384, 0, 127.558, 0.98, 1, 0.12, 0.00, 0.00, 0.03, 0.02, 0.00, 0.00, 0.59, 0.24, 0.41, 0.00, 0.68, 0.00, 0.29, 0.24, 0.72, 0.00, 0.00, 0.00, 0.00, 1.00, 0.00, 0.00, 0.00, 0.00, 1.00, 0.00, 0.00, 1.00, 0.00, 1.00, 1.00, 0.00, 0.00, 0.00
3385, 0, 127.596, 0.98, 1, 0.18, 0.19, 0.00, 0.00, 0.10, 0.00, 0.00, 0.68, 0.39, 0.69, 0.00, 0.40, 0.00, 0.22, 0.79, 0.75, 0.00, 0.00, 0.00, 0.00, 1.00, 0.00, 0.00, 0.00, 0.00, 1.00, 1.00, 0.00, 1.00, 0.00, 1.00, 1.00, 1.00, 0.00, 0.00
3386, 0, 127.634, 0.98, 1, 0.28, 0.39, 0.00, 0.00, 0.18, 0.00, 0.00, 0.88, 0.50, 0.88, 0.00, 0.33, 0.00, 0.21, 1.24, 0.60, 0.00, 0.00, 1.00, 0.00, 1.00, 0.00, 0.00, 0.00, 0.00, 1.00, 1.00, 0.00, 1.00, 0.00, 1.00, 1.00, 1.00, 0.00, 0.00
3387, 0, 127.671, 0.98, 1, 0.28, 0.51, 0.06, 0.00, 0.23, 0.00, 0.00, 1.03, 0.55, 1.10, 0.00, 0.31, 0.00, 0.14, 1.59, 0.57, 0.00, 0.00, 1.00, 0.00, 1.00, 0.00, 0.00, 0.00, 0.00, 1.00, 1.00, 0.00, 1.00, 0.00, 1.00, 1.00, 1.00, 0.00, 0.00
3388, 0, 127.709, 0.98, 1, 0.20, 0.50, 0.16, 0.00, 0.14, 0.00, 0.00, 0.82, 0.58, 1.06, 0.00, 0.20, 0.00, 0.08, 1.45, 0.62, 0.00, 0.00, 1.00, 0.00, 1.00, 0.00, 0.00, 0.00, 0.00, 1.00, 1.00, 0.00, 0.00, 0.00, 1.00, 1.00, 1.00, 0.00, 0.00
3389, 0, 127.747, 0.93, 1, 0.07, 0.40, 0.18, 0.00, 0.10, 0.00, 0.00, 0.53, 0.61, 1.02, 0.00, 0.08, 0.00, 0.02, 1.18, 0.59, 0.00, 0.00, 1.00, 0.00, 1.00, 0.00, 0.00, 0.00, 0.00, 1.00, 1.00, 0.00, 0.00, 0.00, 1.00, 1.00, 1.00, 0.00, 0.00
3390, 0, 127.784, 0.88, 1, 0.06, 0.27, 0.12, 0.00, 0.12, 0.00, 0.00, 0.55, 0.70, 0.86, 0.00, 0.16, 0.00, 0.04, 1.08, 0.71, 0.00, 0.00, 1.00, 0.00, 1.00, 0.00, 0.00, 0.00, 0.00, 1.00, 0.00, 0.00, 0.00, 0.00, 1.00, 0.00, 0.00, 0.00, 0.00
3391, 0, 127.822, 0.98, 1, 0.00, 0.10, 0.01, 0.09, 0.18, 0.00, 0.00, 0.48, 0.65, 0.58, 0.18, 0.19, 0.00, 0.04, 1.10, 0.58, 0.00, 0.00, 1.00, 0.00, 1.00, 0.00, 0.00, 0.00, 0.00, 1.00, 0.00, 0.00, 0.00, 0.00, 1.00, 0.00, 0.00, 0.00, 0.00
3392, 0, 127.860, 0.98, 1, 0.00, 0.00, 0.00, 0.09, 0.23, 0.00, 0.00, 0.42, 0.57, 0.32, 0.31, 0.19, 0.00, 0.07, 1.20, 0.53, 0.00, 0.00, 1.00, 0.00, 1.00, 0.00, 0.00, 0.00, 0.00, 1.00, 0.00, 0.00, 0.00, 0.00, 1.00, 1.00, 0.00, 0.00, 0.00
3393, 0, 127.898, 0.98, 1, 0.00, 0.00, 0.00, 0.21, 0.25, 0.00, 0.00, 0.30, 0.59, 0.36, 0.31, 0.11, 0.00, 0.06, 1.10, 0.41, 0.00, 0.00, 1.00, 0.00, 1.00, 0.00, 0.00, 0.00, 0.00, 1.00, 0.00, 0.00, 0.00, 0.00, 1.00, 1.00, 0.00, 0.00, 0.00
3394, 0, 127.935, 0.98, 1, 0.00, 0.00, 0.00, 0.18, 0.29, 0.00, 0.01, 0.44, 0.68, 0.46, 0.14, 0.08, 0.00, 0.14, 0.85, 0.40, 0.00, 0.00, 1.00, 0.00, 1.00, 0.00, 0.00, 0.00, 0.00, 1.00, 0.00, 0.00, 0.00, 0.00, 1.00, 1.00, 0.00, 0.00, 0.00
3395, 0, 127.973, 0.98, 1, 0.00, 0.00, 0.00, 0.18, 0.31, 0.00, 0.01, 0.63, 0.77, 0.46, 0.13, 0.53, 0.12, 0.15, 0.97, 0.48, 0.00, 0.00, 1.00, 0.00, 1.00, 0.00, 0.00, 0.00, 0.00, 1.00, 0.00, 0.00, 0.00, 0.00, 1.00, 1.00, 0.00, 0.00, 0.00
3396, 0, 128.011, 0.98, 1, 0.00, 0.00, 0.00, 0.06, 0.25, 0.00, 0.01, 0.61, 0.81, 0.37, 0.13, 0.81, 0.16, 0.19, 1.12, 0.60, 0.00, 0.00, 1.00, 0.00, 1.00, 0.00, 0.00, 0.00, 0.00, 1.00, 0.00, 0.00, 0.00, 0.00, 1.00, 1.00, 0.00, 0.00, 0.00
3397, 0, 128.048, 0.98, 1, 0.00, 0.10, 0.00, 0.00, 0.16, 0.00, 0.00, 0.60, 0.83, 0.40, 0.13, 1.07, 0.20, 0.11, 1.53, 0.85, 0.00, 0.00, 1.00, 0.00, 1.00, 0.00, 0.00, 0.00, 0.00, 1.00, 0.00, 0.00, 1.00, 0.00, 1.00, 1.00, 1.00, 0.00, 0.00
3398, 0, 128.086, 0.98, 1, 0.00, 0.10, 0.00, 0.14, 0.05, 0.00, 0.00, 0.55, 0.92, 0.42, 0.00, 0.78, 0.12, 0.07, 1.65, 1.07, 0.00, 0.00, 1.00, 0.00, 1.00, 0.00, 0.00, 0.00, 0.00, 1.00, 0.00, 0.00, 1.00, 0.00, 1.00, 1.00, 1.00, 0.00, 0.00
3399, 0, 128.124, 0.98, 1, 0.05, 0.21, 0.00, 0.31, 0.02, 0.00, 0.00, 0.55, 0.97, 0.35, 0.00, 0.59, 0.08, 0.00, 1.68, 1.18, 0.00, 0.00, 1.00, 0.00, 1.00, 0.00, 0.00, 0.00, 0.00, 1.00, 0.00, 0.00, 1.00, 0.00, 1.00, 1.00, 1.00, 0.00, 0.00
3400, 0, 128.161, 0.98, 1, 0.24, 0.16, 0.00, 0.31, 0.00, 0.00, 0.00, 0.61, 1.00, 0.20, 0.00, 0.52, 0.04, 0.00, 1.86, 1.03, 0.20, 0.00, 1.00, 0.00, 1.00, 0.00, 0.00, 0.00, 0.00, 1.00, 0.00, 0.00, 0.00, 0.00, 1.00, 1.00, 1.00, 0.00, 0.00
3401, 0, 128.199, 0.88, 1, 0.40, 0.27, 0.00, 0.17, 0.00, 0.00, 0.03, 0.60, 0.94, 0.36, 0.07, 0.49, 0.00, 0.00, 1.79, 0.62, 0.22, 0.00, 1.00, 0.00, 1.00, 0.00, 0.00, 0.00, 0.00, 1.00, 0.00, 0.00, 0.00, 0.00, 1.00, 1.00, 0.00, 0.00, 0.00
3402, 0, 128.237, 0.98, 1, 0.51, 0.28, 0.00, 0.00, 0.00, 0.00, 0.05, 0.65, 0.84, 0.53, 0.26, 0.51, 0.00, 0.01, 1.59, 0.22, 0.22, 0.00, 1.00, 0.00, 1.00, 0.00, 0.00, 0.00, 0.00, 1.00, 0.00, 0.00, 0.00, 0.00, 1.00, 1.00, 0.00, 0.00, 0.00
3403, 0, 128.275, 0.98, 1, 0.41, 0.24, 0.00, 0.00, 0.00, 0.00, 0.05, 0.45, 0.71, 0.48, 0.26, 0.53, 0.00, 0.06, 0.88, 0.01, 0.07, 0.00, 0.00, 0.00, 1.00, 0.00, 0.00, 0.00, 0.00, 1.00, 0.00, 0.00, 0.00, 0.00, 1.00, 0.00, 0.00, 0.00, 0.00
3404, 0, 128.312, 0.98, 1, 0.33, 0.13, 0.00, 0.00, 0.00, 0.00, 0.07, 0.27, 0.69, 0.25, 0.18, 0.60, 0.00, 0.09, 0.38, 0.01, 0.06, 0.00, 0.00, 0.00, 1.00, 0.00, 0.00, 0.00, 0.00, 1.00, 0.00, 0.00, 0.00, 0.00, 1.00, 0.00, 0.00, 0.00, 0.00
3405, 0, 128.350, 0.98, 1, 0.17, 0.08, 0.00, 0.01, 0.00, 0.00, 0.13, 0.42, 0.64, 0.04, 0.00, 0.53, 0.07, 0.08, 0.39, 0.01, 0.18, 0.00, 0.00, 0.00, 1.00, 0.00, 0.00, 0.00, 0.00, 1.00, 0.00, 1.00, 0.00, 0.00, 1.00, 0.00, 0.00, 0.00, 0.00
3406, 0, 128.388, 0.98, 1, 0.08, 0.07, 0.00, 0.01, 0.00, 0.00, 0.20, 0.70, 0.64, 0.00, 0.00, 0.47, 0.07, 0.03, 0.43, 0.00, 0.30, 0.00, 0.00, 0.00, 1.00, 0.00, 0.00, 0.00, 0.00, 1.00, 0.00, 1.00, 0.00, 0.00, 1.00, 0.00, 0.00, 0.00, 0.00
3407, 0, 128.425, 0.98, 1, 0.00, 0.07, 0.00, 0.01, 0.02, 0.00, 0.25, 1.14, 0.61, 0.00, 0.00, 0.32, 0.15, 0.00, 0.43, 0.00, 0.49, 0.00, 0.00, 0.00, 1.00, 0.00, 0.00, 0.00, 0.00, 1.00, 0.00, 1.00, 0.00, 0.00, 1.00, 0.00, 0.00, 0.00, 0.00
3408, 0, 128.463, 0.93, 1, 0.08, 0.09, 0.00, 0.00, 0.02, 0.00, 0.17, 1.10, 0.67, 0.07, 0.00, 0.57, 0.07, 0.11, 0.14, 0.09, 0.37, 0.00, 1.00, 0.00, 1.00, 0.00, 0.00, 0.00, 0.00, 1.00, 0.00, 1.00, 0.00, 0.00, 1.00, 0.00, 0.00, 0.00, 0.00
3409, 0, 128.501, 0.93, 1, 0.17, 0.17, 0.00, 0.00, 0.02, 0.00, 0.10, 1.09, 0.75, 0.14, 0.00, 0.68, 0.07, 0.22, 0.05, 0.16, 0.23, 0.00, 1.00, 0.00, 1.00, 0.00, 0.00, 0.00, 0.00, 1.00, 0.00, 0.00, 0.00, 0.00, 1.00, 0.00, 0.00, 0.00, 0.00
3410, 0, 128.538, 0.93, 1, 0.33, 0.24, 0.00, 0.05, 0.00, 0.00, 0.00, 0.99, 0.65, 0.47, 0.19, 0.69, 0.00, 0.22, 0.03, 0.16, 0.03, 0.00, 1.00, 0.00, 1.00, 0.00, 0.00, 0.00, 0.00, 1.00, 0.00, 0.00, 0.00, 0.00, 1.00, 0.00, 0.00, 0.00, 0.00
3411, 0, 128.576, 0.98, 1, 0.39, 0.18, 0.00, 0.05, 0.00, 0.00, 0.00, 0.96, 0.47, 0.69, 0.19, 0.43, 0.01, 0.11, 0.13, 0.16, 0.03, 0.00, 1.00, 0.00, 1.00, 0.00, 0.00, 0.00, 1.00, 1.00, 1.00, 0.00, 0.00, 0.00, 1.00, 0.00, 0.00, 0.00, 0.00
3412, 0, 128.614, 0.98, 1, 0.40, 0.16, 0.00, 0.10, 0.01, 0.00, 0.00, 0.95, 0.30, 0.87, 0.19, 0.22, 0.08, 0.00, 0.38, 0.22, 0.00, 0.00, 1.00, 0.00, 1.00, 0.00, 0.00, 0.00, 1.00, 1.00, 1.00, 0.00, 0.00, 0.00, 1.00, 0.00, 0.00, 0.00, 0.00
3413, 0, 128.652, 0.98, 1, 0.25, 0.09, 0.00, 0.04, 0.01, 0.00, 0.00, 0.93, 0.31, 0.96, 0.00, 0.16, 0.08, 0.00, 0.53, 0.43, 0.03, 0.00, 1.00, 0.00, 1.00, 0.00, 0.00, 0.00, 1.00, 1.00, 1.00, 0.00, 0.00, 0.00, 1.00, 0.00, 0.00, 0.00, 0.00
3414, 0, 128.689, 0.98, 1, 0.13, 0.07, 0.00, 0.08, 0.03, 0.00, 0.00, 1.02, 0.38, 1.06, 0.00, 0.14, 0.07, 0.00, 0.54, 0.51, 0.03, 0.00, 1.00, 0.00, 1.00, 0.00, 0.00, 0.00, 1.00, 1.00, 1.00, 0.00, 0.00, 0.00, 1.00, 0.00, 0.00, 0.00, 0.00
3415, 0, 128.727, 0.98, 1, 0.04, 0.00, 0.00, 0.03, 0.04, 0.08, 0.00, 0.94, 0.37, 1.04, 0.00, 0.27, 0.00, 0.09, 0.29, 0.39, 0.06, 0.00, 1.00, 0.00, 1.00, 0.00, 0.00, 0.00, 1.00, 1.00, 1.00, 0.00, 0.00, 0.00, 1.00, 0.00, 0.00, 0.00, 0.00
3416, 0, 128.765, 0.98, 1, 0.04, 0.00, 0.00, 0.09, 0.05, 0.08, 0.00, 0.96, 0.32, 0.88, 0.00, 0.36, 0.00, 0.18, 0.11, 0.26, 0.03, 0.00, 1.00, 0.00, 1.00, 0.00, 0.00, 0.00, 1.00, 1.00, 1.00, 0.00, 0.00, 0.00, 1.00, 0.00, 0.00, 0.00, 0.00
3417, 0, 128.802, 0.98, 1, 0.09, 0.03, 0.00, 0.07, 0.02, 0.16, 0.00, 1.02, 0.18, 0.59, 0.00, 0.32, 0.02, 0.21, 0.00, 0.11, 0.03, 0.00, 1.00, 0.00, 1.00, 0.00, 0.00, 0.00, 1.00, 1.00, 0.00, 0.00, 0.00, 0.00, 1.00, 0.00, 0.00, 0.00, 0.00
3418, 0, 128.840, 0.98, 1, 0.18, 0.03, 0.00, 0.07, 0.01, 0.09, 0.00, 1.19, 0.15, 0.46, 0.00, 0.15, 0.02, 0.12, 0.00, 0.11, 0.00, 0.00, 1.00, 0.00, 1.00, 0.00, 0.00, 0.00, 1.00, 1.00, 0.00, 0.00, 0.00, 0.00, 1.00, 0.00, 0.00, 0.00, 0.00
3419, 0, 128.878, 0.98, 1, 0.30, 0.06, 0.00, 0.01, 0.00, 0.09, 0.00, 1.17, 0.11, 0.34, 0.22, 0.06, 0.02, 0.03, 0.00, 0.03, 0.00, 0.00, 1.00, 0.00, 1.00, 0.00, 0.00, 0.00, 1.00, 1.00, 0.00, 0.00, 0.00, 0.00, 1.00, 0.00, 0.00, 0.00, 0.00
3420, 0, 128.916, 0.98, 1, 0.23, 0.03, 0.00, 0.07, 0.00, 0.01, 0.03, 1.26, 0.22, 0.26, 0.22, 0.05, 0.00, 0.00, 0.00, 0.24, 0.00, 0.00, 1.00, 0.00, 1.00, 0.00, 0.00, 0.00, 1.00, 1.00, 0.00, 1.00, 0.00, 0.00, 1.00, 0.00, 0.00, 0.00, 0.00
3421, 0, 128.953, 0.98, 1, 0.19, 0.03, 0.00, 0.09, 0.00, 0.00, 0.07, 1.35, 0.31, 0.16, 0.22, 0.02, 0.00, 0.00, 0.00, 0.49, 0.00, 0.00, 1.00, 0.00, 1.00, 0.00, 0.00, 0.00, 1.00, 1.00, 0.00, 1.00, 0.00, 0.00, 1.00, 0.00, 0.00, 0.00, 0.00
3422, 0, 128.991, 0.98, 1, 0.12, 0.00, 0.00, 0.09, 0.04, 0.00, 0.12, 1.63, 0.40, 0.06, 0.00, 0.06, 0.00, 0.00, 0.01, 0.64, 0.00, 0.00, 1.00, 0.00, 1.00, 0.00, 0.00, 0.00, 1.00, 1.00, 0.00, 1.00, 0.00, 0.00, 1.00, 0.00, 0.00, 0.00, 0.00
3423, 0, 129.029, 0.93, 1, 0.15, 0.00, 0.00, 0.03, 0.04, 0.00, 0.09, 1.76, 0.36, 0.19, 0.00, 0.04, 0.00, 0.00, 0.01, 0.62, 0.00, 0.00, 1.00, 0.00, 1.00, 0.00, 0.00, 0.00, 1.00, 1.00, 0.00, 1.00, 0.00, 0.00, 1.00, 0.00, 0.00, 0.00, 0.00
3424, 0, 129.066, 0.98, 1, 0.26, 0.00, 0.00, 0.00, 0.04, 0.00, 0.10, 1.91, 0.27, 0.37, 0.00, 0.04, 0.00, 0.00, 0.01, 0.47, 0.00, 0.00, 1.00, 0.00, 1.00, 0.00, 0.00, 0.00, 1.00, 1.00, 0.00, 1.00, 0.00, 0.00, 1.00, 0.00, 0.00, 0.00, 0.00
3425, 0, 129.104, 0.98, 1, 0.45, 0.00, 0.00, 0.00, 0.00, 0.00, 0.09, 1.66, 0.20, 0.33, 0.00, 0.14, 0.01, 0.02, 0.00, 0.32, 0.00, 0.00, 0.00, 0.00, 1.00, 0.00, 0.00, 0.00, 1.00, 1.00, 0.00, 0.00, 0.00, 0.00, 1.00, 0.00, 0.00, 0.00, 0.00
3426, 0, 129.142, 0.98, 1, 0.58, 0.00, 0.00, 0.10, 0.04, 0.00, 0.15, 1.48, 0.11, 0.19, 0.00, 0.36, 0.04, 0.05, 0.00, 0.10, 0.00, 0.00, 0.00, 0.00, 1.00, 0.00, 0.00, 0.00, 1.00, 1.00, 0.00, 0.00, 0.00, 0.00, 1.00, 0.00, 0.00, 0.00, 0.00
3427, 0, 129.179, 0.98, 1, 0.59, 0.00, 0.00, 0.21, 0.08, 0.00, 0.15, 1.31, 0.07, 0.01, 0.00, 0.52, 0.09, 0.08, 0.00, 0.00, 0.00, 0.00, 0.00, 0.00, 1.00, 0.00, 1.00, 0.00, 0.00, 0.00, 0.00, 0.00, 0.00, 0.00, 1.00, 0.00, 0.00, 0.00, 0.00
3428, 0, 129.217, 0.98, 1, 0.53, 0.00, 0.00, 0.21, 0.08, 0.00, 0.12, 1.45, 0.00, 0.00, 0.48, 0.37, 0.09, 0.06, 0.00, 0.08, 0.00, 0.00, 0.00, 0.00, 1.00, 0.00, 1.00, 0.00, 0.00, 0.00, 0.00, 1.00, 0.00, 0.00, 0.00, 0.00, 0.00, 0.00, 0.00
3429, 0, 129.255, 0.98, 1, 0.62, 0.00, 0.00, 0.17, 0.04, 0.00, 0.04, 1.43, 0.00, 0.00, 0.85, 0.41, 0.10, 0.06, 0.00, 0.21, 0.00, 0.00, 0.00, 0.00, 1.00, 0.00, 1.00, 0.00, 0.00, 0.00, 0.00, 1.00, 0.00, 0.00, 0.00, 0.00, 0.00, 0.00, 0.00
3430, 0, 129.293, 0.98, 1, 0.55, 0.00, 0.00, 0.06, 0.00, 0.02, 0.00, 1.70, 0.00, 0.00, 1.93, 0.69, 0.29, 0.03, 0.07, 0.49, 0.00, 0.00, 0.00, 0.00, 1.00, 0.00, 1.00, 0.00, 0.00, 0.00, 0.00, 1.00, 0.00, 0.00, 0.00, 0.00, 0.00, 0.00, 0.00
3431, 0, 129.330, 0.98, 1, 0.65, 0.00, 0.00, 0.06, 0.00, 0.09, 0.01, 1.82, 0.00, 0.00, 1.74, 1.08, 0.31, 0.03, 0.07, 0.68, 0.00, 1.00, 0.00, 0.00, 1.00, 0.00, 1.00, 0.00, 0.00, 0.00, 0.00, 1.00, 0.00, 0.00, 0.00, 0.00, 0.00, 0.00, 0.00
3432, 0, 129.368, 0.98, 1, 0.66, 0.00, 0.00, 0.00, 0.00, 0.13, 0.01, 1.98, 0.00, 0.00, 1.75, 1.20, 0.37, 0.00, 0.07, 0.75, 0.00, 1.00, 0.00, 0.00, 1.00, 0.00, 1.00, 0.00, 0.00, 0.00, 0.00, 1.00, 0.00, 0.00, 0.00, 0.00, 0.00, 0.00, 0.00
3433, 0, 129.406, 0.98, 1, 0.86, 0.00, 0.00, 0.00, 0.00, 0.11, 0.01, 1.82, 0.00, 0.00, 0.87, 1.12, 0.17, 0.00, 0.00, 0.80, 0.00, 1.00, 0.00, 0.00, 1.00, 0.00, 1.00, 0.00, 0.00, 0.00, 0.00, 1.00, 0.00, 0.00, 1.00, 0.00, 0.00, 0.00, 0.00
3434, 0, 129.443, 0.98, 1, 0.85, 0.00, 0.00, 0.00, 0.00, 0.05, 0.00, 1.88, 0.00, 0.00, 0.76, 1.13, 0.28, 0.00, 0.00, 0.88, 0.00, 1.00, 0.00, 0.00, 1.00, 0.00, 0.00, 0.00, 0.00, 0.00, 0.00, 1.00, 0.00, 0.00, 1.00, 0.00, 0.00, 0.00, 0.00
3435, 0, 129.481, 0.98, 1, 0.81, 0.00, 0.00, 0.00, 0.00, 0.00, 0.07, 2.04, 0.00, 0.00, 0.46, 1.11, 0.24, 0.08, 0.00, 1.02, 0.00, 1.00, 0.00, 0.00, 1.00, 0.00, 0.00, 0.00, 0.00, 0.00, 0.00, 1.00, 0.00, 0.00, 1.00, 0.00, 0.00, 0.00, 0.00
3436, 0, 129.519, 0.93, 1, 0.75, 0.00, 0.00, 0.10, 0.00, 0.00, 0.09, 2.34, 0.00, 0.01, 0.30, 1.16, 0.20, 0.15, 0.00, 1.03, 0.00, 1.00, 0.00, 0.00, 1.00, 0.00, 0.00, 0.00, 1.00, 0.00, 0.00, 1.00, 0.00, 0.00, 0.00, 0.00, 0.00, 0.00, 0.00
3437, 0, 129.557, 0.98, 1, 0.70, 0.00, 0.00, 0.10, 0.00, 0.00, 0.19, 2.43, 0.00, 0.01, 0.13, 1.04, 0.19, 0.15, 0.18, 1.10, 0.00, 1.00, 0.00, 0.00, 1.00, 0.00, 0.00, 0.00, 1.00, 0.00, 0.00, 1.00, 0.00, 0.00, 0.00, 0.00, 0.00, 0.00, 0.00
3438, 0, 129.594, 0.88, 1, 0.70, 0.00, 0.00, 0.10, 0.00, 0.00, 0.26, 2.34, 0.00, 0.01, 0.04, 0.86, 0.12, 0.07, 0.29, 0.99, 0.00, 1.00, 0.00, 0.00, 1.00, 0.00, 0.00, 0.00, 1.00, 0.00, 0.00, 0.00, 0.00, 0.00, 0.00, 0.00, 0.00, 0.00, 0.00
3439, 0, 129.632, 0.88, 1, 0.59, 0.00, 0.00, 0.10, 0.00, 0.00, 0.30, 2.11, 0.00, 0.00, 0.06, 0.51, 0.12, 0.00, 0.45, 0.79, 0.00, 1.00, 0.00, 0.00, 1.00, 0.00, 0.00, 0.00, 1.00, 0.00, 0.00, 0.00, 0.00, 0.00, 0.00, 0.00, 0.00, 0.00, 0.00
3440, 0, 129.670, 0.88, 1, 0.55, 0.00, 0.00, 0.14, 0.02, 0.00, 0.20, 2.16, 0.00, 0.00, 1.08, 0.39, 0.12, 0.00, 0.75, 0.43, 0.00, 1.00, 0.00, 0.00, 1.00, 0.00, 0.00, 0.00, 1.00, 0.00, 0.00, 0.00, 0.00, 0.00, 0.00, 0.00, 0.00, 0.00, 0.00
3441, 0, 129.707, 0.93, 1, 0.52, 0.00, 0.00, 0.21, 0.07, 0.00, 0.06, 2.20, 0.00, 0.00, 1.70, 0.45, 0.29, 0.09, 0.91, 0.29, 0.00, 1.00, 0.00, 0.00, 1.00, 0.00, 0.00, 0.00, 1.00, 0.00, 0.00, 0.00, 0.00, 0.00, 0.00, 0.00, 0.00, 0.00, 0.00
3442, 0, 129.745, 0.98, 1, 0.54, 0.00, 0.00, 0.12, 0.19, 0.15, 0.07, 2.19, 0.00, 0.00, 2.27, 0.58, 0.39, 0.11, 1.07, 0.40, 0.00, 1.00, 0.00, 0.00, 1.00, 0.00, 1.00, 0.00, 1.00, 0.00, 0.00, 0.00, 0.00, 0.00, 1.00, 0.00, 0.00, 0.00, 0.00
3443, 0, 129.783, 0.98, 1, 0.48, 0.00, 0.00, 0.07, 0.24, 0.20, 0.09, 1.89, 0.00, 0.00, 1.73, 0.44, 0.27, 0.11, 0.69, 0.66, 0.00, 0.00, 0.00, 0.00, 1.00, 0.00, 1.00, 0.00, 1.00, 0.00, 0.00, 0.00, 0.00, 0.00, 1.00, 0.00, 0.00, 0.00, 0.00
3444, 0, 129.820, 0.98, 1, 0.41, 0.00, 0.00, 0.00, 0.25, 0.32, 0.09, 1.70, 0.00, 0.00, 1.57, 0.20, 0.09, 0.02, 0.53, 0.83, 0.00, 0.00, 0.00, 0.00, 1.00, 0.00, 1.00, 0.00, 0.00, 0.00, 0.00, 0.00, 0.00, 0.00, 1.00, 0.00, 0.00, 0.00, 0.00
3445, 0, 129.858, 0.98, 1, 0.46, 0.00, 0.00, 0.00, 0.18, 0.25, 0.08, 1.40, 0.00, 0.00, 1.81, 0.00, 0.00, 0.00, 0.20, 1.00, 0.00, 0.00, 0.00, 0.00, 1.00, 0.00, 1.00, 0.00, 0.00, 0.00, 0.00, 0.00, 0.00, 0.00, 1.00, 0.00, 0.00, 0.00, 0.00
3446, 0, 129.896, 0.98, 1, 0.56, 0.00, 0.00, 0.00, 0.14, 0.19, 0.13, 1.41, 0.00, 0.00, 2.01, 0.00, 0.00, 0.00, 0.10, 0.73, 0.00, 0.00, 0.00, 0.00, 1.00, 0.00, 1.00, 0.00, 0.00, 0.00, 0.00, 1.00, 0.00, 0.00, 1.00, 0.00, 0.00, 0.00, 0.00
3447, 0, 129.934, 0.98, 1, 0.49, 0.00, 0.00, 0.00, 0.16, 0.08, 0.30, 1.65, 0.00, 0.00, 2.05, 0.00, 0.00, 0.00, 0.03, 0.46, 0.00, 0.00, 0.00, 0.00, 1.00, 0.00, 1.00, 0.00, 0.00, 0.00, 0.00, 1.00, 0.00, 0.00, 0.00, 0.00, 0.00, 0.00, 0.00
3448, 0, 129.971, 0.98, 1, 0.37, 0.00, 0.00, 0.00, 0.13, 0.00, 0.34, 2.14, 0.00, 0.00, 1.70, 0.00, 0.00, 0.00, 0.09, 0.04, 0.00, 0.00, 0.00, 0.00, 1.00, 0.00, 1.00, 0.00, 0.00, 0.00, 0.00, 1.00, 0.00, 0.00, 0.00, 0.00, 0.00, 0.00, 0.00
3449, 0, 130.009, 0.98, 1, 0.16, 0.00, 0.00, 0.00, 0.13, 0.00, 0.28, 2.47, 0.00, 0.00, 1.59, 0.00, 0.00, 0.00, 0.26, 0.00, 0.00, 0.00, 0.00, 0.00, 1.00, 0.00, 1.00, 0.00, 0.00, 0.00, 0.00, 1.00, 0.00, 0.00, 0.00, 0.00, 0.00, 0.00, 0.00
3450, 0, 130.047, 0.98, 1, 0.13, 0.00, 0.00, 0.16, 0.04, 0.00, 0.23, 2.00, 0.00, 0.00, 1.11, 0.00, 0.00, 0.00, 0.23, 0.00, 0.00, 0.00, 0.00, 0.00, 1.00, 0.00, 1.00, 0.00, 0.00, 0.00, 0.00, 1.00, 0.00, 0.00, 0.00, 0.00, 0.00, 0.00, 0.00
3451, 0, 130.084, 0.98, 1, 0.10, 0.00, 0.00, 0.33, 0.02, 0.00, 0.23, 1.48, 0.00, 0.00, 0.61, 0.00, 0.00, 0.00, 0.17, 0.00, 0.00, 0.00, 0.00, 0.00, 1.00, 0.00, 0.00, 0.00, 0.00, 0.00, 0.00, 0.00, 0.00, 0.00, 0.00, 0.00, 0.00, 0.00, 0.00
3452, 0, 130.122, 0.98, 1, 0.26, 0.00, 0.00, 0.36, 0.00, 0.00, 0.32, 1.04, 0.00, 0.09, 0.12, 0.00, 0.08, 0.00, 0.00, 0.00, 0.00, 0.00, 0.00, 0.00, 1.00, 0.00, 0.00, 0.00, 0.00, 0.00, 0.00, 0.00, 0.00, 0.00, 0.00, 0.00, 0.00, 0.00, 0.00
3453, 0, 130.160, 0.98, 1, 0.41, 0.00, 0.00, 0.19, 0.01, 0.02, 0.30, 1.08, 0.00, 0.14, 0.26, 0.00, 0.22, 0.00, 0.00, 0.00, 0.00, 0.00, 0.00, 0.00, 1.00, 0.00, 0.00, 0.00, 0.00, 0.00, 0.00, 0.00, 0.00, 0.00, 0.00, 0.00, 0.00, 0.00, 0.00
3454, 0, 130.198, 0.98, 1, 0.50, 0.00, 0.00, 0.03, 0.05, 0.02, 0.37, 0.98, 0.00, 0.24, 0.48, 0.00, 0.32, 0.00, 0.00, 0.00, 0.00, 0.00, 0.00, 0.00, 1.00, 0.00, 0.00, 0.00, 0.00, 0.00, 0.00, 0.00, 0.00, 0.00, 1.00, 0.00, 0.00, 0.00, 0.00
3455, 0, 130.235, 0.98, 1, 0.48, 0.00, 0.00, 0.00, 0.05, 0.02, 0.26, 1.37, 0.00, 0.15, 0.84, 0.00, 0.25, 0.00, 0.00, 0.00, 0.00, 0.00, 0.00, 0.00, 1.00, 0.00, 0.00, 0.00, 0.00, 0.00, 0.00, 1.00, 0.00, 0.00, 1.00, 0.00, 0.00, 0.00, 0.00
3456, 0, 130.273, 0.98, 1, 0.41, 0.00, 0.00, 0.00, 0.04, 0.00, 0.16, 1.81, 0.00, 0.10, 1.40, 0.00, 0.10, 0.00, 0.00, 0.00, 0.00, 0.00, 0.00, 0.00, 1.00, 0.00, 0.00, 0.00, 0.00, 0.00, 0.00, 1.00, 0.00, 0.00, 1.00, 0.00, 0.00, 0.00, 0.00
3457, 0, 130.311, 0.98, 1, 0.30, 0.00, 0.00, 0.00, 0.00, 0.00, 0.17, 2.15, 0.00, 0.00, 1.36, 0.00, 0.00, 0.00, 0.00, 0.00, 0.00, 0.00, 0.00, 0.00, 1.00, 0.00, 0.00, 0.00, 1.00, 0.00, 0.00, 1.00, 0.00, 0.00, 1.00, 0.00, 0.00, 0.00, 0.00
3458, 0, 130.348, 0.98, 1, 0.18, 0.00, 0.00, 0.00, 0.00, 0.00, 0.31, 2.08, 0.00, 0.09, 0.98, 0.00, 0.00, 0.00, 0.00, 0.00, 0.07, 0.00, 0.00, 0.00, 1.00, 0.00, 0.00, 0.00, 1.00, 0.00, 0.00, 1.00, 0.00, 0.00, 1.00, 0.00, 0.00, 0.00, 0.00
3459, 0, 130.386, 0.98, 1, 0.05, 0.00, 0.00, 0.00, 0.00, 0.00, 0.37, 1.95, 0.00, 0.25, 0.32, 0.00, 0.00, 0.00, 0.00, 0.00, 0.07, 0.00, 0.00, 0.00, 1.00, 0.00, 0.00, 0.00, 1.00, 0.00, 0.00, 1.00, 0.00, 0.00, 1.00, 0.00, 0.00, 0.00, 0.00
3460, 0, 130.424, 0.98, 1, 0.12, 0.00, 0.00, 0.00, 0.00, 0.00, 0.20, 1.76, 0.00, 0.25, 0.60, 0.10, 0.00, 0.00, 0.00, 0.00, 0.07, 0.00, 0.00, 0.00, 1.00, 0.00, 0.00, 0.00, 0.00, 0.00, 0.00, 0.00, 0.00, 0.00, 1.00, 0.00, 0.00, 0.00, 0.00
3461, 0, 130.461, 0.98, 1, 0.19, 0.00, 0.00, 0.00, 0.00, 0.00, 0.15, 1.43, 0.02, 0.47, 0.53, 0.28, 0.00, 0.00, 0.00, 0.00, 0.00, 0.00, 1.00, 0.00, 1.00, 0.00, 0.00, 0.00, 0.00, 0.00, 0.00, 0.00, 0.00, 0.00, 1.00, 0.00, 0.00, 0.00, 0.00
3462, 0, 130.499, 0.98, 1, 0.27, 0.00, 0.00, 0.00, 0.00, 0.00, 0.11, 1.17, 0.03, 0.63, 0.45, 0.45, 0.00, 0.00, 0.00, 0.00, 0.00, 0.00, 1.00, 0.00, 1.00, 0.00, 0.00, 0.00, 0.00, 1.00, 0.00, 0.00, 0.00, 0.00, 1.00, 0.00, 0.00, 0.00, 0.00
3463, 0, 130.537, 0.98, 1, 0.20, 0.00, 0.00, 0.00, 0.00, 0.00, 0.19, 1.19, 0.03, 0.92, 0.00, 0.48, 0.00, 0.02, 0.00, 0.00, 0.00, 0.00, 1.00, 0.00, 1.00, 0.00, 0.00, 0.00, 0.00, 1.00, 0.00, 0.00, 0.00, 0.00, 1.00, 0.00, 0.00, 0.00, 0.00
3464, 0, 130.575, 0.98, 1, 0.17, 0.00, 0.00, 0.00, 0.02, 0.00, 0.22, 1.20, 0.08, 0.75, 0.00, 0.49, 0.00, 0.02, 0.00, 0.00, 0.00, 0.00, 1.00, 0.00, 1.00, 0.00, 0.00, 0.00, 0.00, 1.00, 0.00, 0.00, 0.00, 0.00, 1.00, 0.00, 0.00, 0.00, 0.00
3465, 0, 130.612, 0.98, 1, 0.09, 0.00, 0.00, 0.06, 0.03, 0.00, 0.25, 1.31, 0.16, 0.43, 0.00, 0.31, 0.00, 0.02, 0.00, 0.00, 0.18, 0.00, 1.00, 0.00, 1.00, 0.00, 0.00, 0.00, 0.00, 1.00, 0.00, 0.00, 0.00, 0.00, 1.00, 0.00, 0.00, 0.00, 0.00
3466, 0, 130.650, 0.98, 1, 0.05, 0.00, 0.00, 0.06, 0.03, 0.00, 0.20, 1.49, 0.26, 0.14, 0.00, 0.19, 0.00, 0.00, 0.00, 0.00, 0.22, 0.00, 0.00, 0.00, 1.00, 0.00, 0.00, 0.00, 0.00, 1.00, 0.00, 0.00, 0.00, 0.00, 1.00, 0.00, 0.00, 0.00, 0.00
3467, 0, 130.688, 0.98, 1, 0.00, 0.00, 0.00, 0.06, 0.00, 0.00, 0.14, 1.41, 0.29, 0.00, 0.02, 0.03, 0.00, 0.00, 0.00, 0.00, 0.29, 0.00, 0.00, 0.00, 1.00, 0.00, 0.00, 0.00, 0.00, 1.00, 0.00, 0.00, 0.00, 0.00, 1.00, 0.00, 0.00, 0.00, 0.00
3468, 0, 130.725, 0.98, 1, 0.00, 0.00, 0.00, 0.00, 0.00, 0.00, 0.13, 1.26, 0.26, 0.07, 0.02, 0.03, 0.00, 0.00, 0.00, 0.00, 0.20, 0.00, 0.00, 0.00, 1.00, 0.00, 0.00, 0.00, 0.00, 1.00, 0.00, 0.00, 0.00, 0.00, 1.00, 0.00, 0.00, 0.00, 0.00
3469, 0, 130.763, 0.93, 1, 0.00, 0.00, 0.00, 0.00, 0.00, 0.00, 0.11, 1.15, 0.18, 0.18, 0.11, 0.03, 0.16, 0.00, 0.00, 0.00, 0.40, 0.00, 0.00, 0.00, 1.00, 0.00, 0.00, 0.00, 0.00, 1.00, 0.00, 0.00, 0.00, 0.00, 1.00, 0.00, 0.00, 0.00, 0.00
3470, 0, 130.801, 0.88, 1, 0.00, 0.00, 0.00, 0.00, 0.00, 0.00, 0.07, 1.22, 0.20, 0.18, 0.09, 0.34, 0.16, 0.00, 0.00, 0.00, 0.33, 0.00, 0.00, 0.00, 1.00, 0.00, 0.00, 0.00, 0.00, 1.00, 0.00, 0.00, 0.00, 0.00, 1.00, 0.00, 0.00, 0.00, 0.00
3471, 0, 130.839, 0.93, 1, 0.00, 0.00, 0.00, 0.00, 0.00, 0.00, 0.01, 1.29, 0.23, 0.16, 0.12, 0.43, 0.16, 0.00, 0.00, 0.00, 0.25, 0.00, 0.00, 0.00, 1.00, 0.00, 0.00, 0.00, 0.00, 1.00, 0.00, 0.00, 0.00, 0.00, 1.00, 0.00, 0.00, 0.00, 0.00
3472, 0, 130.876, 0.98, 1, 0.00, 0.00, 0.00, 0.38, 0.00, 0.00, 0.00, 1.26, 0.23, 0.30, 0.03, 0.58, 0.00, 0.00, 0.00, 0.14, 0.01, 0.00, 0.00, 0.00, 1.00, 0.00, 0.00, 0.00, 0.00, 1.00, 0.00, 0.00, 0.00, 0.00, 1.00, 0.00, 0.00, 0.00, 0.00
3473, 0, 130.914, 0.98, 1, 0.00, 0.00, 0.00, 0.64, 0.00, 0.00, 0.00, 1.31, 0.11, 0.53, 0.26, 0.36, 0.00, 0.00, 0.00, 0.24, 0.05, 0.00, 0.00, 0.00, 1.00, 0.00, 0.00, 0.00, 0.00, 0.00, 0.00, 0.00, 0.00, 0.00, 1.00, 0.00, 0.00, 0.00, 0.00
3474, 0, 130.952, 0.98, 1, 0.00, 0.00, 0.00, 0.79, 0.00, 0.00, 0.00, 1.46, 0.04, 0.66, 0.49, 0.43, 0.00, 0.00, 0.00, 0.31, 0.04, 0.00, 0.00, 0.00, 1.00, 0.00, 0.00, 0.00, 0.00, 0.00, 0.00, 0.00, 0.00, 0.00, 1.00, 0.00, 0.00, 0.00, 0.00
3475, 0, 130.989, 0.98, 1, 0.03, 0.00, 0.00, 0.41, 0.00, 0.00, 0.00, 1.65, 0.02, 0.41, 0.63, 0.39, 0.00, 0.00, 0.00, 0.17, 0.04, 0.00, 0.00, 0.00, 1.00, 0.00, 0.00, 0.00, 1.00, 0.00, 0.00, 0.00, 0.00, 0.00, 1.00, 0.00, 0.00, 0.00, 0.00
3476, 0, 131.027, 0.98, 1, 0.03, 0.00, 0.00, 0.15, 0.00, 0.00, 0.00, 1.91, 0.03, 0.18, 0.49, 0.35, 0.00, 0.00, 0.00, 0.07, 0.00, 0.00, 0.00, 0.00, 1.00, 0.00, 0.00, 0.00, 1.00, 0.00, 0.00, 0.00, 0.00, 0.00, 1.00, 0.00, 0.00, 0.00, 0.00
3477, 0, 131.065, 0.98, 1, 0.05, 0.00, 0.00, 0.00, 0.00, 0.00, 0.00, 2.03, 0.06, 0.00, 0.57, 0.18, 0.00, 0.00, 0.00, 0.00, 0.14, 0.00, 0.00, 0.00, 1.00, 0.00, 0.00, 0.00, 1.00, 0.00, 0.00, 0.00, 0.00, 0.00, 1.00, 0.00, 0.00, 0.00, 0.00
3478, 0, 131.102, 0.98, 1, 0.02, 0.00, 0.00, 0.00, 0.00, 0.00, 0.13, 2.13, 0.13, 0.24, 0.43, 0.07, 0.00, 0.00, 0.00, 0.00, 0.18, 0.00, 0.00, 0.00, 1.00, 0.00, 0.00, 0.00, 1.00, 0.00, 0.00, 0.00, 0.00, 0.00, 1.00, 0.00, 0.00, 0.00, 0.00
3479, 0, 131.140, 0.98, 1, 0.02, 0.00, 0.00, 0.00, 0.00, 0.00, 0.28, 2.17, 0.18, 0.46, 0.34, 0.07, 0.00, 0.00, 0.00, 0.00, 0.22, 0.00, 0.00, 0.00, 1.00, 0.00, 0.00, 0.00, 1.00, 1.00, 0.00, 0.00, 0.00, 0.00, 1.00, 0.00, 0.00, 0.00, 0.00
3480, 0, 131.178, 0.98, 1, 0.00, 0.00, 0.00, 0.00, 0.00, 0.00, 0.29, 1.74, 0.26, 0.46, 0.13, 0.32, 0.00, 0.01, 0.00, 0.04, 0.08, 0.00, 0.00, 0.00, 1.00, 0.00, 0.00, 0.00, 1.00, 1.00, 0.00, 0.00, 0.00, 0.00, 1.00, 0.00, 0.00, 0.00, 0.00
3481, 0, 131.216, 0.98, 1, 0.04, 0.00, 0.00, 0.00, 0.00, 0.00, 0.16, 1.22, 0.21, 0.22, 0.31, 0.52, 0.00, 0.01, 0.00, 0.19, 0.04, 0.00, 0.00, 0.00, 1.00, 0.00, 0.00, 0.00, 1.00, 1.00, 0.00, 0.00, 0.00, 0.00, 1.00, 0.00, 0.00, 0.00, 0.00
3482, 0, 131.253, 0.98, 1, 0.06, 0.00, 0.00, 0.00, 0.00, 0.00, 0.02, 0.91, 0.21, 0.00, 0.57, 0.67, 0.00, 0.01, 0.00, 0.29, 0.00, 0.00, 0.00, 0.00, 1.00, 0.00, 0.00, 0.00, 0.00, 1.00, 0.00, 0.00, 0.00, 0.00, 1.00, 0.00, 0.00, 0.00, 0.00
3483, 0, 131.291, 0.98, 1, 0.09, 0.00, 0.00, 0.00, 0.00, 0.00, 0.02, 1.19, 0.12, 0.00, 0.82, 0.57, 0.00, 0.00, 0.00, 0.29, 0.01, 0.00, 0.00, 0.00, 1.00, 0.00, 0.00, 0.00, 0.00, 1.00, 0.00, 0.00, 0.00, 0.00, 1.00, 0.00, 0.00, 0.00, 0.00
3484, 0, 131.329, 0.98, 1, 0.06, 0.00, 0.00, 0.00, 0.00, 0.00, 0.06, 1.44, 0.11, 0.00, 0.74, 0.39, 0.00, 0.00, 0.00, 0.14, 0.01, 0.00, 0.00, 0.00, 1.00, 0.00, 0.00, 0.00, 0.00, 1.00, 0.00, 0.00, 0.00, 0.00, 1.00, 0.00, 0.00, 0.00, 0.00
3485, 0, 131.366, 0.98, 1, 0.03, 0.00, 0.00, 0.00, 0.00, 0.00, 0.06, 1.30, 0.05, 0.00, 0.51, 0.17, 0.00, 0.00, 0.00, 0.04, 0.06, 0.00, 0.00, 0.00, 1.00, 0.00, 0.00, 0.00, 0.00, 1.00, 0.00, 0.00, 0.00, 0.00, 0.00, 0.00, 0.00, 0.00, 0.00
3486, 0, 131.404, 0.98, 1, 0.00, 0.00, 0.00, 0.03, 0.00, 0.00, 0.14, 1.22, 0.08, 0.00, 0.12, 0.02, 0.00, 0.00, 0.00, 0.00, 0.06, 0.00, 0.00, 0.00, 1.00, 0.00, 0.00, 0.00, 0.00, 1.00, 0.00, 0.00, 0.00, 0.00, 0.00, 0.00, 0.00, 0.00, 0.00
3487, 0, 131.442, 0.98, 1, 0.00, 0.00, 0.00, 0.11, 0.00, 0.00, 0.17, 1.26, 0.14, 0.00, 0.03, 0.00, 0.00, 0.00, 0.00, 0.05, 0.05, 0.00, 0.00, 0.00, 1.00, 0.00, 0.00, 0.00, 0.00, 1.00, 0.00, 0.00, 0.00, 0.00, 0.00, 0.00, 0.00, 0.00, 0.00
3488, 0, 131.480, 0.98, 1, 0.03, 0.00, 0.00, 0.12, 0.00, 0.00, 0.21, 1.50, 0.17, 0.00, 0.00, 0.00, 0.00, 0.00, 0.00, 0.05, 0.01, 0.00, 0.00, 0.00, 1.00, 0.00, 0.00, 0.00, 0.00, 1.00, 0.00, 0.00, 0.00, 0.00, 0.00, 0.00, 0.00, 0.00, 0.00
3489, 0, 131.517, 0.98, 1, 0.05, 0.00, 0.00, 0.12, 0.00, 0.00, 0.14, 1.54, 0.18, 0.00, 0.16, 0.00, 0.00, 0.00, 0.04, 0.05, 0.00, 0.00, 0.00, 0.00, 1.00, 0.00, 0.00, 0.00, 0.00, 1.00, 0.00, 0.00, 0.00, 0.00, 0.00, 0.00, 0.00, 0.00, 0.00
3490, 0, 131.555, 0.98, 1, 0.05, 0.00, 0.00, 0.04, 0.00, 0.00, 0.07, 1.42, 0.13, 0.00, 0.17, 0.00, 0.00, 0.00, 0.04, 0.00, 0.00, 0.00, 0.00, 0.00, 1.00, 0.00, 0.00, 0.00, 0.00, 1.00, 0.00, 0.00, 0.00, 0.00, 0.00, 0.00, 0.00, 0.00, 0.00
3491, 0, 131.593, 0.98, 1, 0.02, 0.00, 0.00, 0.03, 0.00, 0.00, 0.01, 1.29, 0.12, 0.00, 0.50, 0.00, 0.02, 0.00, 0.05, 0.00, 0.00, 0.00, 0.00, 0.00, 1.00, 0.00, 0.00, 0.00, 0.00, 1.00, 0.00, 0.00, 0.00, 0.00, 0.00, 0.00, 0.00, 0.00, 0.00
3492, 0, 131.630, 0.98, 1, 0.00, 0.00, 0.00, 0.00, 0.00, 0.00, 0.03, 1.05, 0.14, 0.00, 0.54, 0.00, 0.02, 0.00, 0.02, 0.00, 0.08, 0.00, 0.00, 0.00, 1.00, 0.00, 0.00, 0.00, 0.00, 1.00, 0.00, 0.00, 0.00, 0.00, 0.00, 0.00, 0.00, 0.00, 0.00
3493, 0, 131.668, 0.98, 1, 0.00, 0.00, 0.00, 0.00, 0.00, 0.00, 0.06, 0.94, 0.12, 0.00, 0.79, 0.00, 0.04, 0.00, 0.02, 0.00, 0.20, 0.00, 0.00, 0.00, 1.00, 0.00, 0.00, 0.00, 0.00, 1.00, 0.00, 0.00, 0.00, 0.00, 0.00, 0.00, 0.00, 0.00, 0.00
3494, 0, 131.706, 0.98, 1, 0.00, 0.00, 0.00, 0.00, 0.00, 0.00, 0.06, 0.81, 0.10, 0.00, 0.73, 0.00, 0.02, 0.00, 0.00, 0.00, 0.29, 0.00, 0.00, 0.00, 1.00, 0.00, 0.00, 0.00, 0.00, 1.00, 0.00, 0.00, 0.00, 0.00, 0.00, 0.00, 0.00, 0.00, 0.00
3495, 0, 131.743, 0.98, 1, 0.00, 0.00, 0.00, 0.00, 0.00, 0.00, 0.03, 1.06, 0.14, 0.00, 0.78, 0.26, 0.02, 0.00, 0.00, 0.00, 0.20, 0.00, 0.00, 0.00, 1.00, 0.00, 0.00, 0.00, 0.00, 1.00, 0.00, 0.00, 0.00, 0.00, 0.00, 0.00, 0.00, 0.00, 0.00
3496, 0, 131.781, 0.98, 1, 0.00, 0.00, 0.00, 0.00, 0.00, 0.00, 0.07, 1.22, 0.27, 0.00, 0.51, 0.45, 0.00, 0.00, 0.00, 0.00, 0.09, 0.00, 0.00, 0.00, 1.00, 0.00, 0.00, 0.00, 0.00, 1.00, 0.00, 0.00, 0.00, 0.00, 0.00, 0.00, 0.00, 0.00, 0.00
3497, 0, 131.819, 0.98, 1, 0.00, 0.00, 0.00, 0.00, 0.00, 0.00, 0.16, 1.27, 0.39, 0.00, 0.24, 0.78, 0.00, 0.00, 0.00, 0.05, 0.00, 0.00, 0.00, 0.00, 1.00, 0.00, 0.00, 0.00, 0.00, 1.00, 0.00, 0.00, 0.00, 0.00, 0.00, 0.00, 0.00, 0.00, 0.00
3498, 0, 131.857, 0.98, 1, 0.02, 0.00, 0.00, 0.00, 0.00, 0.00, 0.24, 1.01, 0.36, 0.00, 0.00, 0.70, 0.00, 0.00, 0.00, 0.09, 0.00, 0.00, 0.00, 0.00, 1.00, 0.00, 0.00, 0.00, 0.00, 1.00, 0.00, 0.00, 0.00, 0.00, 0.00, 0.00, 0.00, 0.00, 0.00
3499, 0, 131.894, 0.98, 1, 0.07, 0.00, 0.00, 0.00, 0.00, 0.00, 0.20, 0.81, 0.27, 0.00, 0.00, 0.51, 0.00, 0.00, 0.00, 0.21, 0.00, 0.00, 0.00, 0.00, 1.00, 0.00, 0.00, 0.00, 0.00, 1.00, 0.00, 0.00, 0.00, 0.00, 0.00, 0.00, 0.00, 0.00, 0.00
3500, 0, 131.932, 0.98, 1, 0.07, 0.00, 0.00, 0.00, 0.00, 0.00, 0.12, 0.66, 0.22, 0.00, 0.00, 0.17, 0.00, 0.00, 0.00, 0.15, 0.08, 0.00, 0.00, 0.00, 1.00, 0.00, 0.00, 0.00, 0.00, 1.00, 0.00, 0.00, 0.00, 0.00, 0.00, 0.00, 0.00, 0.00, 0.00
3501, 0, 131.970, 0.98, 1, 0.13, 0.00, 0.00, 0.00, 0.00, 0.00, 0.05, 0.73, 0.26, 0.00, 0.00, 0.00, 0.00, 0.00, 0.00, 0.12, 0.22, 0.00, 0.00, 0.00, 1.00, 0.00, 0.00, 0.00, 0.00, 1.00, 0.00, 0.00, 0.00, 0.00, 0.00, 0.00, 0.00, 0.00, 0.00
3502, 0, 132.007, 0.88, 1, 0.08, 0.00, 0.00, 0.00, 0.00, 0.00, 0.06, 0.84, 0.34, 0.00, 0.00, 0.00, 0.00, 0.00, 0.00, 0.00, 0.22, 0.00, 0.00, 0.00, 1.00, 0.00, 0.00, 0.00, 0.00, 1.00, 0.00, 0.00, 0.00, 0.00, 0.00, 0.00, 0.00, 0.00, 0.00
3503, 0, 132.045, 0.93, 1, 0.08, 0.00, 0.00, 0.00, 0.00, 0.00, 0.05, 0.99, 0.39, 0.00, 0.00, 0.00, 0.00, 0.00, 0.00, 0.02, 0.14, 0.00, 0.00, 0.00, 1.00, 0.00, 0.00, 0.00, 0.00, 1.00, 0.00, 0.00, 0.00, 1.00, 0.00, 0.00, 0.00, 0.00, 0.00
3504, 0, 132.083, 0.93, 1, 0.00, 0.00, 0.00, 0.00, 0.00, 0.00, 0.04, 1.08, 0.36, 0.00, 0.62, 0.00, 0.12, 0.00, 0.21, 0.02, 0.11, 0.00, 0.00, 0.00, 1.00, 0.00, 0.00, 0.00, 0.00, 1.00, 0.00, 0.00, 0.00, 1.00, 0.00, 0.00, 0.00, 0.00, 0.00
3505, 0, 132.121, 0.98, 1, 0.00, 0.00, 0.00, 0.00, 0.00, 0.00, 0.01, 1.30, 0.22, 0.00, 0.75, 0.00, 0.12, 0.00, 0.21, 0.02, 0.11, 0.00, 0.00, 0.00, 1.00, 0.00, 0.00, 0.00, 0.00, 1.00, 0.00, 0.00, 0.00, 0.00, 0.00, 0.00, 0.00, 0.00, 0.00
3506, 0, 132.158, 0.98, 1, 0.00, 0.00, 0.00, 0.00, 0.00, 0.00, 0.01, 1.46, 0.12, 0.05, 0.98, 0.00, 0.12, 0.00, 0.21, 0.00, 0.11, 0.00, 0.00, 0.00, 1.00, 0.00, 0.00, 0.00, 0.00, 1.00, 0.00, 0.00, 0.00, 0.00, 0.00, 0.00, 0.00, 0.00, 0.00
3507, 0, 132.196, 0.98, 1, 0.00, 0.00, 0.00, 0.00, 0.00, 0.00, 0.01, 1.46, 0.14, 0.05, 0.77, 0.00, 0.00, 0.00, 0.00, 0.00, 0.00, 0.00, 0.00, 0.00, 1.00, 0.00, 0.00, 0.00, 0.00, 1.00, 0.00, 0.00, 0.00, 0.00, 0.00, 0.00, 0.00, 0.00, 0.00
3508, 0, 132.234, 0.98, 1, 0.00, 0.00, 0.00, 0.00, 0.00, 0.00, 0.13, 1.37, 0.20, 0.05, 0.76, 0.22, 0.00, 0.00, 0.00, 0.00, 0.00, 0.00, 0.00, 0.00, 1.00, 0.00, 0.00, 0.00, 0.00, 1.00, 0.00, 0.00, 0.00, 0.00, 0.00, 0.00, 0.00, 0.00, 0.00
3509, 0, 132.271, 0.98, 1, 0.00, 0.00, 0.00, 0.00, 0.00, 0.00, 0.25, 1.35, 0.21, 0.00, 0.69, 0.46, 0.00, 0.00, 0.00, 0.00, 0.00, 0.00, 0.00, 0.00, 1.00, 0.00, 0.00, 0.00, 0.00, 1.00, 0.00, 0.00, 0.00, 0.00, 1.00, 0.00, 0.00, 0.00, 0.00
3510, 0, 132.309, 0.98, 1, 0.00, 0.00, 0.00, 0.01, 0.00, 0.00, 0.35, 1.33, 0.14, 0.11, 0.28, 0.56, 0.00, 0.00, 0.00, 0.00, 0.00, 0.00, 0.00, 0.00, 1.00, 0.00, 0.00, 0.00, 0.00, 1.00, 0.00, 0.00, 0.00, 0.00, 1.00, 0.00, 0.00, 0.00, 0.00
3511, 0, 132.347, 0.98, 1, 0.01, 0.00, 0.00, 0.12, 0.00, 0.00, 0.33, 1.47, 0.18, 0.53, 0.16, 0.52, 0.00, 0.00, 0.00, 0.00, 0.00, 0.00, 0.00, 0.00, 1.00, 0.00, 0.00, 0.00, 0.00, 1.00, 0.00, 0.00, 0.00, 0.00, 1.00, 0.00, 0.00, 0.00, 0.00
3512, 0, 132.384, 0.98, 1, 0.01, 0.00, 0.00, 0.36, 0.05, 0.00, 0.34, 1.69, 0.21, 0.78, 0.07, 0.38, 0.00, 0.08, 0.00, 0.00, 0.00, 0.00, 0.00, 0.00, 1.00, 0.00, 0.00, 0.00, 0.00, 1.00, 0.00, 0.00, 0.00, 0.00, 1.00, 0.00, 0.00, 0.00, 0.00
3513, 0, 132.422, 0.98, 1, 0.01, 0.00, 0.00, 0.35, 0.10, 0.00, 0.32, 2.18, 0.33, 1.17, 0.18, 0.48, 0.00, 0.08, 0.00, 0.00, 0.04, 0.00, 0.00, 0.00, 1.00, 0.00, 0.00, 0.00, 1.00, 1.00, 0.00, 0.00, 0.00, 0.00, 1.00, 0.00, 0.00, 0.00, 0.00
3514, 0, 132.460, 0.98, 1, 0.00, 0.00, 0.00, 0.26, 0.10, 0.00, 0.30, 2.51, 0.42, 1.27, 0.18, 0.37, 0.00, 0.08, 0.00, 0.00, 0.04, 0.00, 0.00, 0.00, 1.00, 0.00, 0.00, 0.00, 1.00, 1.00, 0.00, 0.00, 0.00, 0.00, 1.00, 0.00, 0.00, 0.00, 0.00
3515, 0, 132.498, 0.98, 1, 0.03, 0.00, 0.00, 0.02, 0.14, 0.00, 0.27, 2.48, 0.45, 1.12, 0.11, 0.34, 0.00, 0.00, 0.00, 0.00, 0.04, 0.00, 0.00, 0.00, 1.00, 0.00, 0.00, 0.00, 1.00, 1.00, 1.00, 0.00, 0.00, 0.00, 1.00, 0.00, 0.00, 0.00, 0.00
3516, 0, 132.535, 0.98, 1, 0.03, 0.00, 0.00, 0.02, 0.13, 0.00, 0.32, 2.31, 0.41, 0.81, 0.00, 0.16, 0.00, 0.00, 0.00, 0.01, 0.04, 0.00, 0.00, 0.00, 1.00, 0.00, 0.00, 0.00, 1.00, 1.00, 1.00, 0.00, 0.00, 0.00, 1.00, 0.00, 0.00, 0.00, 0.00
3517, 0, 132.573, 0.98, 1, 0.03, 0.00, 0.00, 0.00, 0.13, 0.00, 0.43, 2.08, 0.29, 0.69, 0.00, 0.17, 0.00, 0.00, 0.00, 0.01, 0.04, 0.00, 0.00, 0.00, 1.00, 0.00, 0.00, 0.00, 1.00, 1.00, 1.00, 0.00, 0.00, 0.00, 1.00, 0.00, 0.00, 0.00, 0.00
3518, 0, 132.611, 0.98, 1, 0.00, 0.00, 0.00, 0.00, 0.03, 0.00, 0.54, 2.06, 0.30, 0.95, 0.00, 0.12, 0.00, 0.00, 0.00, 0.01, 0.04, 0.00, 0.00, 0.00, 1.00, 0.00, 0.00, 0.00, 1.00, 1.00, 1.00, 0.00, 0.00, 0.00, 1.00, 0.00, 0.00, 0.00, 0.00
3519, 0, 132.648, 0.98, 1, 0.00, 0.00, 0.00, 0.00, 0.08, 0.00, 0.59, 2.01, 0.37, 1.03, 0.00, 0.28, 0.00, 0.00, 0.00, 0.05, 0.00, 0.00, 0.00, 0.00, 1.00, 0.00, 0.00, 0.00, 1.00, 1.00, 0.00, 0.00, 0.00, 0.00, 1.00, 0.00, 0.00, 0.00, 0.00
3520, 0, 132.686, 0.98, 1, 0.00, 0.00, 0.00, 0.00, 0.08, 0.00, 0.40, 1.77, 0.38, 0.63, 0.00, 0.22, 0.00, 0.02, 0.00, 0.05, 0.00, 0.00, 0.00, 0.00, 1.00, 0.00, 0.00, 0.00, 1.00, 1.00, 0.00, 0.00, 0.00, 0.00, 1.00, 0.00, 0.00, 0.00, 0.00
3521, 0, 132.724, 0.98, 1, 0.00, 0.00, 0.00, 0.00, 0.08, 0.00, 0.21, 1.63, 0.37, 0.28, 0.00, 0.22, 0.00, 0.03, 0.00, 0.07, 0.00, 0.00, 0.00, 0.00, 1.00, 0.00, 0.00, 0.00, 0.00, 1.00, 0.00, 0.00, 0.00, 0.00, 0.00, 0.00, 0.00, 0.00, 0.00
3522, 0, 132.762, 0.98, 1, 0.00, 0.00, 0.00, 0.00, 0.00, 0.00, 0.06, 1.52, 0.30, 0.08, 0.00, 0.06, 0.00, 0.03, 0.00, 0.01, 0.00, 0.00, 0.00, 0.00, 1.00, 0.00, 0.00, 0.00, 0.00, 1.00, 0.00, 0.00, 0.00, 0.00, 0.00, 0.00, 0.00, 0.00, 0.00
3523, 0, 132.799, 0.98, 1, 0.00, 0.00, 0.00, 0.00, 0.00, 0.03, 0.11, 1.51, 0.32, 0.30, 0.00, 0.03, 0.00, 0.01, 0.00, 0.01, 0.00, 0.00, 0.00, 0.00, 1.00, 0.00, 0.00, 0.00, 0.00, 1.00, 0.00, 0.00, 0.00, 0.00, 0.00, 0.00, 0.00, 0.00, 0.00
3524, 0, 132.837, 0.98, 1, 0.00, 0.00, 0.00, 0.00, 0.00, 0.03, 0.13, 1.40, 0.35, 0.53, 0.00, 0.00, 0.00, 0.01, 0.00, 0.00, 0.00, 0.00, 0.00, 0.00, 1.00, 0.00, 0.00, 0.00, 0.00, 1.00, 0.00, 0.00, 0.00, 0.00, 0.00, 0.00, 0.00, 0.00, 0.00
3525, 0, 132.875, 0.98, 1, 0.00, 0.00, 0.00, 0.00, 0.04, 0.03, 0.09, 1.24, 0.33, 0.45, 0.09, 0.09, 0.11, 0.01, 0.02, 0.08, 0.00, 0.00, 0.00, 0.00, 1.00, 0.00, 0.00, 0.00, 0.00, 1.00, 0.00, 0.00, 0.00, 0.00, 0.00, 0.00, 0.00, 0.00, 0.00
3526, 0, 132.912, 0.98, 1, 0.00, 0.00, 0.00, 0.00, 0.09, 0.06, 0.04, 1.23, 0.35, 0.22, 0.42, 0.14, 0.20, 0.01, 0.09, 0.10, 0.00, 0.00, 0.00, 0.00, 1.00, 0.00, 0.00, 0.00, 0.00, 1.00, 0.00, 0.00, 0.00, 0.00, 0.00, 0.00, 0.00, 0.00, 0.00
3527, 0, 132.950, 0.98, 1, 0.00, 0.00, 0.00, 0.00, 0.15, 0.15, 0.00, 1.26, 0.34, 0.00, 0.61, 0.18, 0.28, 0.00, 0.09, 0.10, 0.00, 0.00, 0.00, 0.00, 1.00, 0.00, 0.00, 0.00, 0.00, 1.00, 0.00, 0.00, 0.00, 0.00, 0.00, 0.00, 0.00, 0.00, 0.00
3528, 0, 132.988, 0.98, 1, 0.01, 0.00, 0.00, 0.18, 0.11, 0.17, 0.00, 1.18, 0.42, 0.12, 0.52, 0.09, 0.17, 0.03, 0.06, 0.05, 0.00, 0.00, 0.00, 0.00, 1.00, 0.00, 0.00, 0.00, 0.00, 1.00, 0.00, 0.00, 0.00, 0.00, 0.00, 0.00, 0.00, 0.00, 0.00
3529, 0, 133.025, 0.98, 1, 0.01, 0.00, 0.00, 0.18, 0.08, 0.11, 0.00, 1.21, 0.51, 0.60, 0.28, 0.09, 0.08, 0.12, 0.00, 0.07, 0.00, 0.00, 0.00, 0.00, 1.00, 0.00, 0.00, 0.00, 0.00, 1.00, 0.00, 0.00, 0.00, 0.00, 0.00, 0.00, 0.00, 0.00, 0.00
3530, 0, 133.063, 0.98, 1, 0.16, 0.00, 0.00, 0.36, 0.02, 0.02, 0.00, 1.39, 0.57, 1.09, 0.09, 0.28, 0.13, 0.14, 0.25, 0.16, 0.00, 0.00, 0.00, 0.00, 1.00, 0.00, 0.00, 0.00, 0.00, 1.00, 0.00, 0.00, 0.00, 0.00, 0.00, 0.00, 0.00, 0.00, 0.00
3531, 0, 133.101, 0.98, 1, 0.23, 0.00, 0.00, 0.33, 0.02, 0.00, 0.00, 1.57, 0.60, 1.46, 0.09, 0.28, 0.13, 0.11, 0.37, 0.31, 0.00, 0.00, 0.00, 0.00, 1.00, 0.00, 0.00, 0.00, 0.00, 1.00, 0.00, 0.00, 0.00, 0.00, 0.00, 0.00, 0.00, 0.00, 0.00
3532, 0, 133.139, 0.98, 1, 0.37, 0.00, 0.00, 0.33, 0.00, 0.00, 0.00, 1.51, 0.45, 1.19, 0.00, 0.28, 0.13, 0.02, 0.42, 0.37, 0.00, 0.00, 0.00, 0.00, 1.00, 0.00, 0.00, 0.00, 0.00, 1.00, 0.00, 0.00, 0.00, 0.00, 0.00, 0.00, 0.00, 0.00, 0.00
3533, 0, 133.176, 0.93, 1, 0.34, 0.00, 0.00, 0.15, 0.00, 0.00, 0.01, 1.32, 0.32, 0.99, 0.00, 0.09, 0.00, 0.00, 0.18, 0.40, 0.00, 0.00, 0.00, 0.00, 1.00, 0.00, 0.00, 0.00, 1.00, 1.00, 0.00, 0.00, 0.00, 0.00, 0.00, 0.00, 0.00, 0.00, 0.00
3534, 0, 133.214, 0.93, 1, 0.40, 0.00, 0.00, 0.00, 0.00, 0.00, 0.08, 1.35, 0.16, 0.67, 0.00, 0.18, 0.00, 0.00, 0.07, 0.44, 0.24, 0.00, 0.00, 0.00, 1.00, 0.00, 0.00, 0.00, 1.00, 1.00, 0.00, 1.00, 0.00, 0.00, 0.00, 0.00, 0.00, 0.00, 0.00
3535, 0, 133.252, 0.88, 1, 0.53, 0.00, 0.00, 0.00, 0.00, 0.00, 0.15, 1.36, 0.19, 0.47, 0.04, 0.28, 0.00, 0.05, 0.02, 0.33, 0.24, 0.00, 0.00, 0.00, 1.00, 0.00, 0.00, 0.00, 1.00, 1.00, 0.00, 1.00, 0.00, 0.00, 1.00, 0.00, 0.00, 0.00, 0.00
3536, 0, 133.289, 0.88, 1, 0.68, 0.00, 0.00, 0.00, 0.00, 0.00, 0.30, 1.47, 0.14, 0.17, 0.04, 0.24, 0.00, 0.05, 0.00, 0.21, 0.49, 0.00, 0.00, 0.00, 1.00, 0.00, 0.00, 0.00, 1.00, 1.00, 0.00, 1.00, 0.00, 0.00, 1.00, 0.00, 0.00, 0.00, 0.00
3537, 0, 133.327, 0.88, 1, 0.79, 0.00, 0.00, 0.00, 0.00, 0.00, 0.37, 1.43, 0.11, 0.00, 0.04, 0.29, 0.00, 0.07, 0.00, 0.00, 0.44, 1.00, 0.00, 0.00, 1.00, 0.00, 0.00, 0.00, 1.00, 1.00, 0.00, 1.00, 0.00, 0.00, 1.00, 0.00, 0.00, 0.00, 0.00
3538, 0, 133.365, 0.88, 1, 0.65, 0.00, 0.00, 0.00, 0.00, 0.00, 0.30, 1.32, 0.05, 0.14, 0.00, 0.14, 0.00, 0.02, 0.08, 0.09, 0.50, 1.00, 0.00, 0.00, 1.00, 0.00, 0.00, 0.00, 1.00, 1.00, 0.00, 1.00, 0.00, 0.00, 1.00, 0.00, 0.00, 0.00, 0.00
3539, 0, 133.403, 0.93, 1, 0.52, 0.00, 0.00, 0.00, 0.00, 0.00, 0.15, 1.01, 0.05, 0.15, 0.00, 0.14, 0.00, 0.02, 0.22, 0.15, 0.33, 1.00, 0.00, 0.00, 1.00, 0.00, 0.00, 0.00, 1.00, 1.00, 0.00, 1.00, 0.00, 0.00, 1.00, 0.00, 0.00, 0.00, 0.00
3540, 0, 133.440, 0.93, 1, 0.64, 0.22, 0.00, 0.00, 0.00, 0.00, 0.00, 0.94, 0.08, 0.15, 0.11, 0.00, 0.00, 0.00, 0.32, 0.34, 0.36, 1.00, 0.00, 0.00, 1.00, 0.00, 0.00, 0.00, 1.00, 1.00, 0.00, 1.00, 0.00, 0.00, 1.00, 0.00, 0.00, 0.00, 0.00
3541, 0, 133.478, 0.98, 1, 0.83, 0.33, 0.00, 0.09, 0.00, 0.00, 0.00, 1.10, 0.08, 0.07, 0.18, 0.00, 0.00, 0.00, 0.24, 0.25, 0.29, 1.00, 0.00, 0.00, 1.00, 0.00, 0.00, 0.00, 1.00, 1.00, 0.00, 1.00, 0.00, 0.00, 1.00, 0.00, 0.00, 0.00, 0.00
3542, 0, 133.516, 0.98, 1, 0.82, 0.33, 0.00, 0.09, 0.03, 0.00, 0.00, 1.50, 0.21, 0.06, 0.27, 0.00, 0.00, 0.00, 0.10, 0.19, 0.21, 1.00, 0.00, 0.00, 1.00, 0.00, 0.00, 0.00, 1.00, 1.00, 0.00, 1.00, 0.00, 0.00, 1.00, 0.00, 0.00, 0.00, 0.00
3543, 0, 133.553, 0.98, 1, 0.61, 0.11, 0.00, 0.09, 0.03, 0.00, 0.00, 1.63, 0.18, 0.06, 0.16, 0.00, 0.00, 0.00, 0.00, 0.21, 0.11, 1.00, 0.00, 0.00, 1.00, 0.00, 0.00, 0.00, 1.00, 1.00, 0.00, 1.00, 0.00, 0.00, 1.00, 0.00, 0.00, 0.00, 0.00
3544, 0, 133.591, 0.93, 1, 0.35, 0.00, 0.00, 0.00, 0.08, 0.00, 0.00, 1.77, 0.20, 0.00, 0.08, 0.15, 0.16, 0.01, 0.00, 0.33, 0.32, 1.00, 0.00, 0.00, 1.00, 0.00, 0.00, 0.00, 1.00, 1.00, 0.00, 1.00, 0.00, 0.00, 1.00, 0.00, 0.00, 0.00, 0.00
3545, 0, 133.629, 0.93, 1, 0.38, 0.00, 0.00, 0.00, 0.05, 0.00, 0.00, 1.88, 0.05, 0.00, 0.08, 0.34, 0.34, 0.01, 0.35, 0.43, 0.52, 1.00, 0.00, 0.00, 1.00, 0.00, 0.00, 0.00, 1.00, 1.00, 0.00, 1.00, 0.00, 0.00, 1.00, 0.00, 0.00, 0.00, 0.00
3546, 0, 133.666, 0.93, 1, 0.46, 0.00, 0.00, 0.02, 0.05, 0.00, 0.00, 2.11, 0.05, 0.00, 0.08, 0.34, 0.41, 0.15, 0.35, 0.32, 0.63, 1.00, 0.00, 0.00, 1.00, 0.00, 0.00, 0.00, 1.00, 0.00, 0.00, 1.00, 0.00, 0.00, 1.00, 0.00, 0.00, 0.00, 0.00
3547, 0, 133.704, 0.93, 1, 0.66, 0.00, 0.00, 0.02, 0.00, 0.00, 0.00, 2.15, 0.00, 0.40, 0.08, 0.20, 0.29, 0.32, 0.35, 0.43, 0.57, 0.00, 0.00, 0.00, 1.00, 0.00, 0.00, 0.00, 1.00, 0.00, 0.00, 1.00, 0.00, 0.00, 1.00, 0.00, 0.00, 0.00, 0.00
3548, 0, 133.742, 0.93, 1, 0.59, 0.00, 0.00, 0.02, 0.00, 0.00, 0.18, 2.15, 0.00, 0.73, 0.00, 0.00, 0.27, 0.45, 0.00, 0.65, 0.37, 0.00, 0.00, 0.00, 1.00, 0.00, 0.00, 0.00, 1.00, 0.00, 0.00, 1.00, 0.00, 0.00, 1.00, 0.00, 0.00, 0.00, 0.00
3549, 0, 133.780, 0.93, 1, 0.71, 0.13, 0.00, 0.00, 0.00, 0.00, 0.37, 1.87, 0.00, 0.86, 0.50, 0.00, 0.22, 0.44, 0.00, 0.55, 0.16, 0.00, 0.00, 0.00, 1.00, 0.00, 0.00, 0.00, 1.00, 0.00, 0.00, 1.00, 0.00, 0.00, 1.00, 0.00, 0.00, 0.00, 0.00
3550, 0, 133.817, 0.98, 1, 0.49, 0.13, 0.00, 0.00, 0.06, 0.00, 0.36, 1.76, 0.14, 0.57, 0.50, 0.10, 0.18, 0.26, 0.31, 0.86, 0.00, 0.00, 0.00, 0.00, 1.00, 0.00, 0.00, 0.00, 1.00, 1.00, 0.00, 0.00, 0.00, 0.00, 1.00, 0.00, 0.00, 0.00, 0.00
3551, 0, 133.855, 0.98, 1, 0.49, 0.13, 0.00, 0.00, 0.14, 0.00, 0.19, 1.58, 0.28, 0.39, 0.50, 0.22, 0.03, 0.14, 0.60, 1.13, 0.00, 0.00, 0.00, 0.00, 1.00, 0.00, 0.00, 0.00, 1.00, 1.00, 0.00, 0.00, 0.00, 0.00, 1.00, 0.00, 0.00, 0.00, 0.00
3552, 0, 133.893, 0.98, 1, 0.14, 0.00, 0.00, 0.00, 0.21, 0.00, 0.00, 1.72, 0.32, 0.33, 0.00, 0.22, 0.00, 0.00, 0.86, 1.39, 0.00, 0.00, 0.00, 0.00, 1.00, 0.00, 0.00, 0.00, 1.00, 1.00, 0.00, 0.00, 0.00, 0.00, 1.00, 0.00, 0.00, 0.00, 0.00
3553, 0, 133.930, 0.98, 1, 0.15, 0.00, 0.00, 0.00, 0.15, 0.00, 0.00, 1.76, 0.30, 0.48, 0.16, 0.23, 0.15, 0.00, 0.96, 1.15, 0.00, 0.00, 0.00, 0.00, 1.00, 0.00, 0.00, 0.00, 1.00, 1.00, 0.00, 0.00, 0.00, 0.00, 1.00, 0.00, 0.00, 0.00, 0.00
3554, 0, 133.968, 0.98, 1, 0.15, 0.00, 0.00, 0.02, 0.08, 0.00, 0.09, 1.85, 0.23, 0.51, 0.16, 0.20, 0.15, 0.00, 0.82, 0.70, 0.00, 0.00, 0.00, 0.00, 1.00, 0.00, 0.00, 0.00, 1.00, 1.00, 0.00, 0.00, 0.00, 0.00, 1.00, 0.00, 0.00, 0.00, 0.00
3555, 0, 134.006, 0.98, 1, 0.14, 0.00, 0.00, 0.02, 0.10, 0.00, 0.14, 1.86, 0.44, 0.84, 0.16, 0.20, 0.14, 0.00, 0.80, 0.82, 0.00, 0.00, 0.00, 0.00, 1.00, 0.00, 0.00, 0.00, 1.00, 1.00, 0.00, 0.00, 0.00, 0.00, 1.00, 1.00, 0.00, 0.00, 0.00
3556, 0, 134.044, 0.98, 1, 0.10, 0.00, 0.00, 0.02, 0.17, 0.00, 0.16, 2.16, 0.65, 1.31, 0.00, 0.18, 0.00, 0.00, 0.72, 0.94, 0.00, 0.00, 0.00, 0.00, 1.00, 0.00, 0.00, 0.00, 1.00, 1.00, 0.00, 0.00, 0.00, 0.00, 1.00, 1.00, 0.00, 0.00, 0.00
3557, 0, 134.081, 0.98, 1, 0.00, 0.00, 0.00, 0.00, 0.22, 0.00, 0.09, 2.38, 0.93, 1.91, 0.00, 0.21, 0.00, 0.00, 0.91, 1.26, 0.00, 0.00, 0.00, 0.00, 1.00, 0.00, 0.00, 0.00, 1.00, 0.00, 0.00, 0.00, 0.00, 0.00, 1.00, 1.00, 0.00, 0.00, 0.00
3558, 0, 134.119, 0.98, 1, 0.00, 0.00, 0.00, 0.00, 0.15, 0.00, 0.03, 2.54, 0.93, 2.26, 0.00, 0.35, 0.00, 0.00, 1.13, 1.47, 0.00, 0.00, 0.00, 0.00, 1.00, 0.00, 0.00, 0.00, 1.00, 0.00, 0.00, 0.00, 0.00, 0.00, 1.00, 0.00, 0.00, 0.00, 0.00
3559, 0, 134.157, 0.98, 1, 0.00, 0.00, 0.00, 0.00, 0.23, 0.00, 0.01, 2.30, 0.78, 1.83, 0.67, 0.42, 0.20, 0.00, 1.30, 1.78, 0.00, 0.00, 0.00, 0.00, 1.00, 0.00, 0.00, 0.00, 1.00, 0.00, 0.00, 0.00, 0.00, 0.00, 1.00, 0.00, 0.00, 0.00, 0.00
3560, 0, 134.194, 0.98, 1, 0.00, 0.00, 0.03, 0.00, 0.29, 0.00, 0.00, 1.98, 0.51, 1.06, 1.03, 0.95, 0.72, 0.15, 1.33, 2.06, 0.00, 0.00, 0.00, 0.00, 1.00, 0.00, 0.00, 0.00, 1.00, 0.00, 0.00, 0.00, 0.00, 0.00, 1.00, 0.00, 0.00, 0.00, 0.00
3561, 0, 134.232, 0.98, 1, 0.04, 0.00, 0.09, 0.00, 0.30, 0.13, 0.00, 1.59, 0.40, 0.68, 1.03, 1.16, 0.92, 0.31, 0.96, 2.35, 0.00, 0.00, 0.00, 0.00, 1.00, 0.00, 0.00, 0.00, 0.00, 0.00, 0.00, 0.00, 0.00, 1.00, 1.00, 0.00, 0.00, 0.00, 0.00
3562, 0, 134.270, 0.98, 1, 0.06, 0.04, 0.24, 0.00, 0.26, 0.35, 0.00, 1.36, 0.33, 0.37, 0.36, 1.31, 1.21, 0.44, 0.55, 2.14, 0.00, 0.00, 0.00, 0.00, 1.00, 0.00, 0.00, 0.00, 0.00, 0.00, 0.00, 0.00, 1.00, 1.00, 1.00, 0.00, 0.00, 0.00, 0.00
3563, 0, 134.307, 0.98, 1, 0.06, 0.13, 0.40, 0.00, 0.26, 0.59, 0.00, 1.32, 0.39, 0.61, 0.07, 1.02, 1.04, 0.48, 0.22, 1.97, 0.03, 0.00, 0.00, 0.00, 1.00, 0.00, 0.00, 0.00, 0.00, 0.00, 0.00, 0.00, 1.00, 1.00, 0.00, 0.00, 0.00, 0.00, 0.00
3564, 0, 134.345, 0.98, 1, 0.03, 0.13, 0.51, 0.00, 0.33, 0.71, 0.00, 1.54, 0.32, 0.58, 0.07, 1.20, 1.47, 0.58, 0.28, 1.70, 0.03, 0.00, 0.00, 0.00, 1.00, 0.00, 0.00, 0.00, 0.00, 0.00, 0.00, 1.00, 1.00, 1.00, 0.00, 0.00, 0.00, 0.00, 0.00
3565, 0, 134.383, 0.98, 1, 0.00, 0.09, 0.36, 0.00, 0.26, 0.49, 0.01, 1.87, 0.40, 0.88, 0.07, 1.37, 1.23, 0.55, 0.37, 1.59, 0.03, 0.00, 0.00, 0.00, 1.00, 0.00, 0.00, 0.00, 0.00, 0.00, 0.00, 1.00, 1.00, 1.00, 0.00, 0.00, 0.00, 0.00, 0.00
3566, 0, 134.421, 0.98, 1, 0.00, 0.00, 0.18, 0.00, 0.19, 0.29, 0.06, 1.90, 0.48, 1.05, 0.00, 1.32, 1.04, 0.41, 0.63, 1.50, 0.00, 0.00, 0.00, 0.00, 1.00, 0.00, 0.00, 0.00, 1.00, 0.00, 0.00, 1.00, 1.00, 1.00, 0.00, 0.00, 0.00, 0.00, 0.00
3567, 0, 134.458, 0.98, 1, 0.00, 0.00, 0.00, 0.00, 0.07, 0.04, 0.06, 1.79, 0.65, 1.19, 0.00, 1.05, 0.52, 0.34, 0.88, 1.12, 0.00, 0.00, 0.00, 0.00, 1.00, 0.00, 0.00, 0.00, 1.00, 0.00, 0.00, 1.00, 1.00, 0.00, 0.00, 0.00, 0.00, 0.00, 0.00
3568, 0, 134.496, 0.98, 1, 0.00, 0.00, 0.00, 0.00, 0.04, 0.04, 0.08, 1.73, 0.72, 1.11, 0.00, 1.08, 0.40, 0.38, 1.11, 1.26, 0.00, 0.00, 0.00, 0.00, 1.00, 0.00, 0.00, 0.00, 1.00, 0.00, 0.00, 1.00, 1.00, 0.00, 0.00, 0.00, 0.00, 0.00, 0.00
3569, 0, 134.534, 0.98, 1, 0.00, 0.00, 0.04, 0.00, 0.02, 0.01, 0.04, 1.90, 0.77, 1.02, 0.00, 1.28, 0.36, 0.47, 1.15, 1.40, 0.00, 0.00, 0.00, 0.00, 1.00, 0.00, 0.00, 0.00, 1.00, 0.00, 0.00, 1.00, 1.00, 0.00, 0.00, 0.00, 0.00, 0.00, 0.00
3570, 0, 134.571, 0.98, 1, 0.00, 0.00, 0.04, 0.00, 0.06, 0.19, 0.04, 1.88, 0.81, 0.74, 0.00, 1.17, 0.37, 0.35, 1.12, 1.84, 0.00, 0.00, 0.00, 0.00, 1.00, 0.00, 0.00, 0.00, 1.00, 0.00, 0.00, 0.00, 0.00, 0.00, 1.00, 0.00, 0.00, 0.00, 0.00
3571, 0, 134.609, 0.98, 1, 0.00, 0.00, 0.03, 0.00, 0.08, 0.26, 0.01, 1.41, 0.74, 0.52, 0.18, 0.67, 0.42, 0.33, 0.94, 1.77, 0.00, 0.00, 0.00, 0.00, 1.00, 0.00, 0.00, 0.00, 1.00, 0.00, 0.00, 0.00, 0.00, 0.00, 1.00, 0.00, 0.00, 0.00, 0.00
3572, 0, 134.647, 0.98, 1, 0.00, 0.00, 0.00, 0.00, 0.09, 0.29, 0.00, 0.85, 0.58, 0.19, 0.73, 0.16, 0.71, 0.39, 0.59, 1.77, 0.00, 0.00, 0.00, 0.00, 1.00, 0.00, 0.00, 0.00, 1.00, 0.00, 0.00, 0.00, 0.00, 0.00, 0.00, 0.00, 0.00, 0.00, 0.00
3573, 0, 134.685, 0.98, 1, 0.00, 0.00, 0.00, 0.00, 0.04, 0.11, 0.00, 0.55, 0.40, 0.00, 1.01, 0.01, 0.94, 0.45, 0.38, 1.61, 0.00, 0.00, 0.00, 0.00, 1.00, 0.00, 0.00, 0.00, 1.00, 0.00, 0.00, 0.00, 0.00, 0.00, 0.00, 0.00, 0.00, 0.00, 0.00
3574, 0, 134.722, 0.98, 1, 0.00, 0.00, 0.00, 0.00, 0.02, 0.04, 0.00, 0.80, 0.28, 0.04, 0.83, 0.01, 0.92, 0.51, 0.39, 1.85, 0.00, 0.00, 0.00, 0.00, 1.00, 0.00, 0.00, 0.00, 0.00, 0.00, 0.00, 0.00, 0.00, 0.00, 0.00, 0.00, 0.00, 0.00, 0.00
3575, 0, 134.760, 0.93, 1, 0.00, 0.00, 0.00, 0.00, 0.09, 0.02, 0.00, 1.18, 0.30, 0.04, 0.28, 0.27, 0.74, 0.53, 0.62, 1.79, 0.00, 0.00, 0.00, 0.00, 1.00, 0.00, 0.00, 0.00, 0.00, 0.00, 0.00, 0.00, 0.00, 0.00, 0.00, 0.00, 0.00, 0.00, 0.00
3576, 0, 134.798, 0.88, 1, 0.00, 0.00, 0.00, 0.00, 0.09, 0.02, 0.00, 1.39, 0.30, 0.07, 0.00, 0.37, 0.54, 0.53, 0.62, 1.82, 0.14, 0.00, 0.00, 0.00, 1.00, 0.00, 0.00, 0.00, 0.00, 0.00, 0.00, 0.00, 0.00, 0.00, 1.00, 0.00, 0.00, 0.00, 0.00
3577, 0, 134.835, 0.88, 1, 0.00, 0.00, 0.00, 0.00, 0.09, 0.19, 0.00, 1.45, 0.33, 0.03, 0.00, 0.42, 0.38, 0.59, 0.53, 1.66, 0.25, 0.00, 0.00, 0.00, 1.00, 0.00, 0.00, 0.00, 1.00, 0.00, 0.00, 0.00, 0.00, 0.00, 1.00, 0.00, 0.00, 0.00, 0.00
3578, 0, 134.873, 0.88, 1, 0.00, 0.00, 0.00, 0.03, 0.02, 0.17, 0.00, 1.48, 0.33, 0.21, 0.00, 0.50, 0.14, 0.50, 0.56, 1.66, 0.25, 0.00, 0.00, 0.00, 1.00, 0.00, 0.00, 0.00, 1.00, 0.00, 0.00, 0.00, 0.00, 0.00, 1.00, 0.00, 0.00, 0.00, 0.00
3579, 0, 134.911, 0.98, 1, 0.00, 0.00, 0.00, 0.05, 0.04, 0.21, 0.00, 1.60, 0.36, 0.25, 0.02, 0.68, 0.03, 0.51, 0.79, 1.62, 0.11, 0.00, 0.00, 0.00, 1.00, 0.00, 0.00, 0.00, 0.00, 0.00, 0.00, 0.00, 0.00, 0.00, 1.00, 0.00, 0.00, 0.00, 0.00
3580, 0, 134.948, 0.98, 1, 0.00, 0.00, 0.00, 0.05, 0.16, 0.13, 0.12, 1.64, 0.42, 0.55, 0.02, 0.80, 0.03, 0.33, 0.69, 1.61, 0.00, 0.00, 0.00, 0.00, 1.00, 0.00, 0.00, 0.00, 0.00, 0.00, 0.00, 0.00, 0.00, 0.00, 1.00, 0.00, 0.00, 0.00, 0.00
3581, 0, 134.986, 0.93, 1, 0.00, 0.00, 0.00, 0.03, 0.16, 0.13, 0.27, 1.49, 0.42, 0.84, 0.02, 0.49, 0.03, 0.26, 0.44, 1.60, 0.00, 0.00, 0.00, 0.00, 1.00, 0.00, 0.00, 0.00, 0.00, 0.00, 0.00, 0.00, 0.00, 0.00, 1.00, 0.00, 0.00, 0.00, 0.00
3582, 0, 135.024, 0.93, 1, 0.00, 0.00, 0.00, 0.00, 0.15, 0.10, 0.33, 1.17, 0.32, 0.76, 0.00, 0.32, 0.00, 0.28, 0.06, 1.42, 0.00, 0.00, 0.00, 0.00, 1.00, 0.00, 0.00, 0.00, 0.00, 0.00, 0.00, 0.00, 0.00, 0.00, 1.00, 0.00, 0.00, 0.00, 0.00
3583, 0, 135.062, 0.93, 1, 0.00, 0.00, 0.00, 0.00, 0.02, 0.00, 0.22, 0.91, 0.18, 0.46, 0.00, 0.30, 0.00, 0.36, 0.00, 0.98, 0.00, 0.00, 0.00, 0.00, 1.00, 0.00, 0.00, 0.00, 0.00, 1.00, 0.00, 0.00, 0.00, 0.00, 1.00, 0.00, 0.00, 0.00, 0.00
3584, 0, 135.099, 0.88, 1, 0.00, 0.00, 0.00, 0.00, 0.03, 0.00, 0.16, 0.90, 0.04, 0.00, 0.00, 0.33, 0.00, 0.36, 0.00, 0.73, 0.00, 0.00, 0.00, 0.00, 1.00, 0.00, 0.00, 0.00, 0.00, 1.00, 0.00, 0.00, 0.00, 0.00, 0.00, 0.00, 0.00, 0.00, 0.00
3585, 0, 135.137, 0.93, 1, 0.09, 0.00, 0.00, 0.00, 0.03, 0.00, 0.11, 0.89, 0.03, 0.08, 0.20, 0.22, 0.00, 0.20, 0.13, 0.40, 0.00, 0.00, 0.00, 0.00, 1.00, 0.00, 0.00, 0.00, 0.00, 1.00, 0.00, 0.00, 0.00, 0.00, 0.00, 0.00, 0.00, 0.00, 0.00
3586, 0, 135.175, 0.98, 1, 0.14, 0.00, 0.00, 0.00, 0.03, 0.00, 0.10, 0.83, 0.00, 0.09, 0.41, 0.08, 0.00, 0.07, 0.30, 0.28, 0.09, 0.00, 0.00, 0.00, 1.00, 0.00, 0.00, 0.00, 0.00, 1.00, 0.00, 0.00, 0.00, 0.00, 0.00, 0.00, 0.00, 0.00, 0.00
3587, 0, 135.212, 0.98, 1, 0.22, 0.00, 0.00, 0.15, 0.00, 0.00, 0.11, 0.64, 0.03, 0.35, 0.41, 0.01, 0.00, 0.03, 0.30, 0.23, 0.09, 0.00, 0.00, 0.00, 1.00, 0.00, 0.00, 0.00, 0.00, 1.00, 0.00, 0.00, 0.00, 0.00, 0.00, 0.00, 0.00, 0.00, 0.00
3588, 0, 135.250, 0.98, 1, 0.17, 0.00, 0.00, 0.15, 0.04, 0.00, 0.10, 0.48, 0.03, 0.51, 0.20, 0.01, 0.00, 0.11, 0.17, 0.41, 0.09, 0.00, 0.00, 0.00, 1.00, 0.00, 0.00, 0.00, 0.00, 1.00, 0.00, 0.00, 0.00, 0.00, 0.00, 0.00, 0.00, 0.00, 0.00
3589, 0, 135.288, 0.88, 1, 0.15, 0.00, 0.05, 0.23, 0.12, 0.00, 0.14, 0.47, 0.04, 0.67, 0.00, 0.01, 0.00, 0.18, 0.00, 0.55, 0.00, 0.00, 0.00, 0.00, 1.00, 0.00, 0.00, 0.00, 0.00, 1.00, 0.00, 0.00, 0.00, 0.00, 0.00, 0.00, 0.00, 0.00, 0.00
3590, 0, 135.326, 0.98, 1, 0.08, 0.00, 0.05, 0.08, 0.12, 0.00, 0.03, 0.83, 0.05, 0.57, 0.33, 0.10, 0.16, 0.15, 0.13, 0.32, 0.00, 0.00, 0.00, 0.00, 1.00, 0.00, 0.00, 0.00, 0.00, 1.00, 0.00, 0.00, 0.00, 0.00, 1.00, 0.00, 0.00, 0.00, 0.00
3591, 0, 135.363, 0.98, 1, 0.07, 0.00, 0.05, 0.08, 0.18, 0.00, 0.03, 1.39, 0.08, 0.58, 0.45, 0.13, 0.33, 0.07, 0.34, 0.14, 0.00, 0.00, 0.00, 0.00, 1.00, 0.00, 0.00, 0.00, 0.00, 1.00, 0.00, 0.00, 0.00, 1.00, 1.00, 0.00, 0.00, 0.00, 0.00
3592, 0, 135.401, 0.98, 1, 0.05, 0.00, 0.00, 0.00, 0.20, 0.00, 0.00, 1.77, 0.09, 0.63, 0.59, 0.18, 0.51, 0.00, 0.56, 0.00, 0.00, 0.00, 0.00, 0.00, 1.00, 0.00, 0.00, 0.00, 1.00, 1.00, 0.00, 0.00, 0.00, 1.00, 1.00, 0.00, 0.00, 0.00, 0.00
3593, 0, 135.439, 0.98, 1, 0.07, 0.00, 0.00, 0.00, 0.25, 0.00, 0.01, 1.63, 0.08, 0.72, 0.27, 0.08, 0.47, 0.00, 0.43, 0.00, 0.10, 0.00, 0.00, 0.00, 1.00, 0.00, 0.00, 0.00, 1.00, 1.00, 0.00, 0.00, 0.00, 1.00, 1.00, 0.00, 0.00, 0.00, 0.00
3594, 0, 135.476, 0.98, 1, 0.20, 0.00, 0.00, 0.00, 0.27, 0.00, 0.01, 1.55, 0.14, 0.60, 0.17, 0.05, 0.54, 0.00, 0.38, 0.02, 0.10, 0.00, 0.00, 0.00, 1.00, 0.00, 0.00, 0.00, 1.00, 1.00, 0.00, 0.00, 0.00, 1.00, 1.00, 0.00, 0.00, 0.00, 0.00
3595, 0, 135.514, 0.98, 1, 0.26, 0.00, 0.00, 0.00, 0.26, 0.14, 0.07, 1.30, 0.25, 0.46, 0.02, 0.10, 0.37, 0.00, 0.15, 0.10, 0.10, 0.00, 0.00, 0.00, 1.00, 0.00, 0.00, 0.00, 1.00, 1.00, 0.00, 0.00, 0.00, 1.00, 1.00, 0.00, 0.00, 0.00, 0.00
3596, 0, 135.552, 0.98, 1, 0.35, 0.00, 0.00, 0.00, 0.25, 0.14, 0.12, 1.26, 0.37, 0.51, 0.02, 0.21, 0.24, 0.00, 0.15, 0.20, 0.00, 0.00, 0.00, 0.00, 1.00, 0.00, 0.00, 0.00, 1.00, 1.00, 0.00, 0.00, 0.00, 1.00, 1.00, 0.00, 0.00, 0.00, 0.00
3597, 0, 135.589, 0.98, 1, 0.25, 0.00, 0.00, 0.05, 0.17, 0.14, 0.12, 1.17, 0.40, 0.49, 0.04, 0.40, 0.00, 0.00, 0.00, 0.36, 0.00, 0.00, 0.00, 0.00, 1.00, 0.00, 0.00, 0.00, 1.00, 1.00, 0.00, 0.00, 0.00, 0.00, 1.00, 0.00, 0.00, 0.00, 0.00
3598, 0, 135.627, 0.98, 1, 0.25, 0.00, 0.00, 0.05, 0.24, 0.00, 0.15, 1.26, 0.55, 0.68, 0.04, 0.30, 0.00, 0.00, 0.09, 0.60, 0.00, 0.00, 0.00, 0.00, 1.00, 0.00, 0.00, 0.00, 0.00, 1.00, 0.00, 0.00, 0.00, 0.00, 1.00, 0.00, 0.00, 0.00, 0.00
3599, 0, 135.665, 0.98, 1, 0.21, 0.00, 0.00, 0.05, 0.36, 0.00, 0.18, 1.32, 0.69, 0.68, 0.04, 0.19, 0.00, 0.00, 0.17, 0.85, 0.00, 0.00, 0.00, 0.00, 1.00, 0.00, 0.00, 0.00, 0.00, 1.00, 0.00, 0.00, 0.00, 0.00, 1.00, 0.00, 0.00, 0.00, 0.00
3600, 0, 135.703, 0.93, 1, 0.26, 0.00, 0.00, 0.00, 0.46, 0.00, 0.20, 1.38, 0.69, 1.00, 0.06, 0.00, 0.00, 0.00, 0.17, 0.68, 0.00, 0.00, 0.00, 0.00, 1.00, 0.00, 0.00, 0.00, 0.00, 1.00, 0.00, 0.00, 0.00, 0.00, 1.00, 0.00, 0.00, 0.00, 0.00
3601, 0, 135.740, 0.98, 1, 0.33, 0.08, 0.00, 0.00, 0.29, 0.00, 0.22, 1.25, 0.47, 1.10, 0.06, 0.02, 0.00, 0.00, 0.08, 0.35, 0.00, 0.00, 0.00, 0.00, 1.00, 0.00, 0.00, 0.00, 0.00, 1.00, 0.00, 0.00, 0.00, 0.00, 1.00, 0.00, 0.00, 0.00, 0.00
3602, 0, 135.778, 0.98, 1, 0.43, 0.08, 0.00, 0.00, 0.13, 0.00, 0.18, 1.24, 0.29, 1.11, 0.06, 0.06, 0.00, 0.00, 0.00, 0.12, 0.00, 0.00, 0.00, 0.00, 1.00, 0.00, 0.00, 0.00, 0.00, 1.00, 0.00, 1.00, 0.00, 0.00, 1.00, 0.00, 0.00, 0.00, 0.00
3603, 0, 135.816, 0.98, 1, 0.44, 0.08, 0.00, 0.00, 0.01, 0.00, 0.22, 1.33, 0.19, 1.04, 0.05, 0.16, 0.00, 0.00, 0.00, 0.28, 0.00, 0.00, 0.00, 0.00, 1.00, 0.00, 0.00, 0.00, 0.00, 1.00, 0.00, 1.00, 0.00, 0.00, 1.00, 0.00, 0.00, 0.00, 0.00
3604, 0, 135.853, 0.98, 1, 0.34, 0.00, 0.00, 0.00, 0.01, 0.00, 0.17, 1.49, 0.23, 0.75, 0.30, 0.35, 0.00, 0.00, 0.00, 0.33, 0.00, 0.00, 0.00, 0.00, 1.00, 0.00, 0.00, 0.00, 0.00, 1.00, 0.00, 1.00, 0.00, 0.00, 1.00, 0.00, 0.00, 0.00, 0.00
3605, 0, 135.891, 0.98, 1, 0.18, 0.00, 0.00, 0.00, 0.02, 0.00, 0.19, 1.75, 0.29, 0.45, 0.34, 0.39, 0.00, 0.00, 0.00, 0.21, 0.02, 0.00, 0.00, 0.00, 1.00, 0.00, 0.00, 0.00, 0.00, 1.00, 0.00, 1.00, 0.00, 0.00, 1.00, 0.00, 0.00, 0.00, 0.00
3606, 0, 135.929, 0.98, 1, 0.06, 0.00, 0.00, 0.00, 0.02, 0.00, 0.18, 1.70, 0.42, 0.09, 0.29, 0.34, 0.00, 0.03, 0.00, 0.05, 0.13, 0.00, 0.00, 0.00, 1.00, 0.00, 0.00, 0.00, 0.00, 1.00, 0.00, 1.00, 0.00, 0.00, 1.00, 0.00, 0.00, 0.00, 0.00
3607, 0, 135.967, 0.98, 1, 0.02, 0.00, 0.00, 0.00, 0.02, 0.00, 0.15, 1.75, 0.50, 0.00, 0.03, 0.22, 0.00, 0.06, 0.00, 0.07, 0.19, 0.00, 0.00, 0.00, 1.00, 0.00, 0.00, 0.00, 0.00, 1.00, 0.00, 1.00, 0.00, 0.00, 1.00, 0.00, 0.00, 0.00, 0.00
3608, 0, 136.004, 0.98, 1, 0.02, 0.00, 0.00, 0.00, 0.00, 0.00, 0.19, 1.61, 0.49, 0.00, 0.00, 0.14, 0.02, 0.06, 0.00, 0.15, 0.26, 0.00, 0.00, 0.00, 1.00, 0.00, 0.00, 0.00, 0.00, 1.00, 0.00, 1.00, 0.00, 0.00, 1.00, 0.00, 0.00, 0.00, 0.00
3609, 0, 136.042, 0.98, 1, 0.02, 0.00, 0.00, 0.00, 0.00, 0.00, 0.34, 1.65, 0.49, 0.00, 0.00, 0.10, 0.13, 0.03, 0.00, 0.22, 0.19, 0.00, 0.00, 0.00, 1.00, 0.00, 0.00, 0.00, 0.00, 1.00, 0.00, 1.00, 0.00, 0.00, 1.00, 0.00, 0.00, 0.00, 0.00
3610, 0, 136.080, 0.98, 1, 0.01, 0.00, 0.00, 0.00, 0.00, 0.00, 0.37, 1.58, 0.36, 0.15, 0.23, 0.01, 0.13, 0.00, 0.00, 0.15, 0.13, 0.00, 0.00, 0.00, 1.00, 0.00, 0.00, 0.00, 0.00, 1.00, 0.00, 0.00, 0.00, 0.00, 1.00, 0.00, 0.00, 0.00, 0.00
3611, 0, 136.117, 0.98, 1, 0.01, 0.00, 0.00, 0.00, 0.00, 0.00, 0.34, 1.47, 0.24, 0.33, 0.45, 0.00, 0.11, 0.00, 0.00, 0.07, 0.03, 0.00, 1.00, 0.00, 1.00, 0.00, 0.00, 0.00, 0.00, 1.00, 0.00, 0.00, 0.00, 0.00, 1.00, 0.00, 0.00, 0.00, 0.00
3612, 0, 136.155, 0.98, 1, 0.01, 0.00, 0.00, 0.00, 0.00, 0.00, 0.15, 1.43, 0.11, 0.47, 0.71, 0.00, 0.00, 0.00, 0.00, 0.00, 0.00, 0.00, 1.00, 0.00, 1.00, 0.00, 0.00, 0.00, 0.00, 1.00, 0.00, 0.00, 0.00, 0.00, 1.00, 0.00, 0.00, 0.00, 0.00
3613, 0, 136.193, 0.98, 1, 0.00, 0.00, 0.00, 0.00, 0.00, 0.00, 0.08, 1.59, 0.11, 0.32, 0.48, 0.16, 0.00, 0.00, 0.00, 0.00, 0.14, 0.00, 1.00, 0.00, 1.00, 0.00, 0.00, 0.00, 0.00, 1.00, 0.00, 0.00, 0.00, 0.00, 1.00, 0.00, 0.00, 0.00, 0.00
3614, 0, 136.230, 0.98, 1, 0.00, 0.00, 0.00, 0.00, 0.01, 0.00, 0.00, 1.81, 0.13, 0.14, 0.25, 0.33, 0.03, 0.00, 0.00, 0.00, 0.29, 0.00, 1.00, 0.00, 1.00, 0.00, 0.00, 0.00, 0.00, 1.00, 0.00, 0.00, 0.00, 0.00, 1.00, 0.00, 0.00, 0.00, 0.00
3615, 0, 136.268, 0.98, 1, 0.00, 0.00, 0.00, 0.07, 0.01, 0.14, 0.07, 1.65, 0.12, 0.00, 0.13, 0.59, 0.03, 0.00, 0.02, 0.00, 0.29, 0.00, 1.00, 0.00, 1.00, 0.00, 0.00, 0.00, 0.00, 1.00, 0.00, 0.00, 0.00, 0.00, 1.00, 0.00, 0.00, 0.00, 0.00
3616, 0, 136.306, 0.98, 1, 0.00, 0.00, 0.00, 0.11, 0.01, 0.14, 0.08, 1.46, 0.16, 0.00, 0.31, 0.63, 0.03, 0.00, 0.04, 0.00, 0.15, 0.00, 1.00, 0.00, 1.00, 0.00, 0.00, 0.00, 0.00, 1.00, 0.00, 0.00, 0.00, 0.00, 1.00, 0.00, 0.00, 0.00, 0.00
3617, 0, 136.344, 0.98, 1, 0.00, 0.00, 0.00, 0.13, 0.00, 0.14, 0.10, 1.21, 0.20, 0.00, 0.31, 0.67, 0.00, 0.00, 0.04, 0.00, 0.11, 0.00, 1.00, 0.00, 1.00, 0.00, 0.00, 0.00, 0.00, 1.00, 0.00, 0.00, 0.00, 0.00, 1.00, 0.00, 0.00, 0.00, 0.00
3618, 0, 136.381, 0.98, 1, 0.00, 0.00, 0.00, 0.06, 0.00, 0.00, 0.06, 1.34, 0.24, 0.00, 0.43, 0.57, 0.00, 0.00, 0.07, 0.00, 0.11, 0.00, 1.00, 0.00, 1.00, 0.00, 0.00, 0.00, 0.00, 1.00, 0.00, 0.00, 0.00, 0.00, 1.00, 0.00, 0.00, 0.00, 0.00
3619, 0, 136.419, 0.98, 1, 0.00, 0.00, 0.00, 0.02, 0.00, 0.00, 0.09, 1.33, 0.21, 0.00, 0.81, 0.55, 0.00, 0.00, 0.16, 0.00, 0.11, 0.00, 1.00, 0.00, 1.00, 0.00, 0.00, 0.00, 0.00, 1.00, 0.00, 0.00, 0.00, 0.00, 1.00, 0.00, 0.00, 0.00, 0.00
3620, 0, 136.457, 0.98, 1, 0.00, 0.00, 0.00, 0.00, 0.00, 0.00, 0.07, 1.35, 0.20, 0.00, 0.81, 0.67, 0.14, 0.00, 0.16, 0.00, 0.00, 0.00, 1.00, 0.00, 1.00, 0.00, 0.00, 0.00, 0.00, 1.00, 0.00, 0.00, 1.00, 0.00, 0.00, 0.00, 0.00, 0.00, 0.00
3621, 0, 136.494, 0.98, 1, 0.00, 0.00, 0.00, 0.00, 0.00, 0.02, 0.06, 1.38, 0.23, 0.00, 0.55, 0.87, 0.28, 0.00, 0.11, 0.00, 0.00, 0.00, 1.00, 0.00, 1.00, 0.00, 0.00, 0.00, 0.00, 1.00, 0.00, 0.00, 1.00, 1.00, 0.00, 0.00, 0.00, 0.00, 0.00
3622, 0, 136.532, 0.98, 1, 0.00, 0.00, 0.00, 0.00, 0.00, 0.02, 0.04, 1.45, 0.28, 0.00, 0.00, 1.02, 0.51, 0.00, 0.00, 0.00, 0.00, 0.00, 1.00, 0.00, 1.00, 0.00, 0.00, 0.00, 0.00, 1.00, 0.00, 0.00, 1.00, 1.00, 0.00, 0.00, 0.00, 0.00, 0.00
3623, 0, 136.570, 0.98, 1, 0.00, 0.00, 0.00, 0.00, 0.00, 0.02, 0.04, 1.52, 0.33, 0.00, 0.13, 0.93, 0.49, 0.00, 0.09, 0.00, 0.00, 0.00, 1.00, 0.00, 1.00, 0.00, 0.00, 0.00, 0.00, 1.00, 0.00, 0.00, 0.00, 1.00, 0.00, 0.00, 0.00, 0.00, 0.00
3624, 0, 136.608, 0.98, 1, 0.00, 0.00, 0.00, 0.04, 0.00, 0.00, 0.05, 1.59, 0.39, 0.00, 0.13, 0.72, 0.49, 0.00, 0.14, 0.00, 0.00, 0.00, 1.00, 0.00, 1.00, 0.00, 0.00, 0.00, 0.00, 1.00, 0.00, 0.00, 0.00, 1.00, 0.00, 0.00, 0.00, 0.00, 0.00
3625, 0, 136.645, 0.98, 1, 0.00, 0.00, 0.00, 0.04, 0.09, 0.16, 0.07, 1.89, 0.38, 0.12, 0.13, 0.62, 0.26, 0.00, 0.14, 0.00, 0.00, 0.00, 1.00, 0.00, 1.00, 0.00, 0.00, 0.00, 0.00, 1.00, 0.00, 0.00, 0.00, 1.00, 0.00, 0.00, 0.00, 0.00, 0.00
3626, 0, 136.683, 0.98, 1, 0.00, 0.00, 0.00, 0.04, 0.18, 0.34, 0.14, 2.16, 0.32, 0.25, 0.00, 0.60, 0.14, 0.00, 0.04, 0.00, 0.00, 0.00, 0.00, 0.00, 1.00, 0.00, 0.00, 0.00, 0.00, 0.00, 0.00, 0.00, 0.00, 0.00, 0.00, 0.00, 0.00, 0.00, 0.00
3627, 0, 136.721, 0.98, 1, 0.00, 0.00, 0.00, 0.00, 0.18, 0.35, 0.11, 2.12, 0.24, 0.27, 0.07, 0.44, 0.00, 0.00, 0.00, 0.00, 0.00, 0.00, 0.00, 0.00, 1.00, 0.00, 0.00, 0.00, 0.00, 0.00, 0.00, 0.00, 0.00, 0.00, 0.00, 0.00, 0.00, 0.00, 0.00
3628, 0, 136.758, 0.98, 1, 0.00, 0.00, 0.00, 0.00, 0.09, 0.19, 0.07, 1.86, 0.25, 0.25, 0.07, 0.22, 0.00, 0.00, 0.00, 0.06, 0.00, 0.00, 0.00, 0.00, 1.00, 0.00, 0.00, 0.00, 0.00, 0.00, 0.00, 0.00, 0.00, 0.00, 0.00, 0.00, 0.00, 0.00, 0.00
3629, 0, 136.796, 0.98, 1, 0.00, 0.00, 0.00, 0.00, 0.00, 0.01, 0.00, 1.62, 0.25, 0.24, 0.07, 0.00, 0.00, 0.00, 0.00, 0.22, 0.00, 0.00, 0.00, 0.00, 1.00, 0.00, 0.00, 0.00, 0.00, 0.00, 0.00, 0.00, 0.00, 0.00, 1.00, 0.00, 0.00, 0.00, 0.00
3630, 0, 136.834, 0.98, 1, 0.00, 0.00, 0.00, 0.17, 0.00, 0.00, 0.00, 1.28, 0.18, 0.22, 0.73, 0.13, 0.00, 0.00, 0.00, 0.22, 0.13, 0.00, 0.00, 0.00, 1.00, 0.00, 0.00, 0.00, 0.00, 0.00, 0.00, 0.00, 0.00, 0.00, 1.00, 0.00, 0.00, 0.00, 0.00
3631, 0, 136.871, 0.93, 1, 0.06, 0.00, 0.00, 0.35, 0.00, 0.00, 0.00, 1.21, 0.08, 0.12, 1.02, 0.25, 0.00, 0.00, 0.00, 0.16, 0.13, 0.00, 0.00, 0.00, 1.00, 0.00, 0.00, 0.00, 0.00, 0.00, 0.00, 0.00, 0.00, 0.00, 1.00, 0.00, 0.00, 0.00, 0.00
3632, 0, 136.909, 0.88, 1, 0.14, 0.00, 0.00, 0.54, 0.00, 0.00, 0.00, 1.11, 0.00, 0.00, 1.31, 0.31, 0.00, 0.00, 0.00, 0.00, 0.13, 0.00, 0.00, 0.00, 1.00, 0.00, 0.00, 0.00, 0.00, 0.00, 0.00, 0.00, 0.00, 0.00, 1.00, 0.00, 0.00, 0.00, 0.00
3633, 0, 136.947, 0.88, 1, 0.14, 0.00, 0.00, 0.60, 0.00, 0.00, 0.00, 1.40, 0.00, 0.16, 0.73, 0.39, 0.00, 0.00, 0.00, 0.00, 0.12, 0.00, 0.00, 0.00, 1.00, 0.00, 0.00, 0.00, 0.00, 0.00, 0.00, 0.00, 0.00, 0.00, 1.00, 0.00, 0.00, 0.00, 0.00
3634, 0, 136.985, 0.88, 1, 0.08, 0.00, 0.00, 0.66, 0.00, 0.00, 0.04, 1.42, 0.05, 0.31, 0.45, 0.38, 0.00, 0.00, 0.00, 0.00, 0.26, 0.00, 0.00, 0.00, 1.00, 0.00, 0.00, 0.00, 0.00, 0.00, 0.00, 0.00, 0.00, 0.00, 1.00, 0.00, 0.00, 0.00, 0.00
3635, 0, 137.022, 0.88, 1, 0.00, 0.00, 0.00, 0.50, 0.00, 0.00, 0.04, 1.53, 0.18, 0.36, 0.42, 0.32, 0.05, 0.00, 0.00, 0.00, 0.26, 0.00, 0.00, 0.00, 1.00, 0.00, 0.00, 0.00, 0.00, 0.00, 0.00, 0.00, 0.00, 0.00, 1.00, 0.00, 0.00, 0.00, 0.00
3636, 0, 137.060, 0.98, 1, 0.00, 0.00, 0.00, 0.27, 0.00, 0.00, 0.04, 1.65, 0.34, 0.40, 0.36, 0.19, 0.14, 0.00, 0.00, 0.00, 0.14, 0.00, 0.00, 0.00, 1.00, 0.00, 0.00, 0.00, 0.00, 1.00, 0.00, 0.00, 0.00, 0.00, 0.00, 0.00, 0.00, 0.00, 0.00
3637, 0, 137.098, 0.98, 1, 0.00, 0.00, 0.00, 0.03, 0.02, 0.00, 0.00, 1.65, 0.48, 0.25, 0.53, 0.08, 0.39, 0.00, 0.00, 0.00, 0.02, 0.00, 0.00, 0.00, 1.00, 0.00, 0.00, 0.00, 0.00, 1.00, 0.00, 0.00, 0.00, 0.00, 0.00, 0.00, 0.00, 0.00, 0.00
3638, 0, 137.135, 0.98, 1, 0.00, 0.00, 0.00, 0.00, 0.05, 0.00, 0.00, 1.65, 0.50, 0.30, 0.58, 0.08, 0.40, 0.00, 0.00, 0.00, 0.07, 0.00, 0.00, 0.00, 1.00, 0.00, 0.00, 0.00, 0.00, 1.00, 0.00, 0.00, 0.00, 0.00, 0.00, 0.00, 0.00, 0.00, 0.00
3639, 0, 137.173, 0.98, 1, 0.02, 0.00, 0.00, 0.18, 0.12, 0.17, 0.02, 1.51, 0.48, 0.22, 0.53, 0.00, 0.35, 0.03, 0.00, 0.00, 0.10, 0.00, 0.00, 0.00, 1.00, 0.00, 0.00, 0.00, 0.00, 1.00, 0.00, 0.00, 0.00, 0.00, 0.00, 0.00, 0.00, 0.00, 0.00
3640, 0, 137.211, 0.98, 1, 0.02, 0.00, 0.00, 0.28, 0.15, 0.17, 0.02, 1.38, 0.34, 0.32, 0.39, 0.11, 0.33, 0.03, 0.00, 0.04, 0.08, 0.00, 0.00, 0.00, 1.00, 0.00, 0.00, 0.00, 0.00, 1.00, 0.00, 0.00, 0.00, 0.00, 0.00, 0.00, 0.00, 0.00, 0.00
3641, 0, 137.248, 0.98, 1, 0.02, 0.00, 0.00, 0.35, 0.13, 0.17, 0.02, 1.11, 0.22, 0.22, 0.07, 0.20, 0.27, 0.03, 0.00, 0.12, 0.09, 0.00, 0.00, 0.00, 1.00, 0.00, 0.00, 0.00, 0.00, 1.00, 0.00, 0.00, 0.00, 0.00, 0.00, 0.00, 0.00, 0.00, 0.00
3642, 0, 137.286, 0.98, 1, 0.00, 0.00, 0.00, 0.17, 0.07, 0.00, 0.00, 0.84, 0.16, 0.11, 0.18, 0.31, 0.23, 0.00, 0.00, 0.12, 0.06, 0.00, 0.00, 0.00, 1.00, 0.00, 0.00, 0.00, 0.00, 1.00, 0.00, 0.00, 0.00, 0.00, 0.00, 0.00, 0.00, 0.00, 0.00
3643, 0, 137.324, 0.98, 1, 0.00, 0.16, 0.00, 0.22, 0.03, 0.00, 0.00, 0.88, 0.28, 0.22, 0.15, 0.28, 0.00, 0.00, 0.00, 0.08, 0.06, 0.00, 1.00, 0.00, 1.00, 0.00, 0.00, 0.00, 0.00, 1.00, 0.00, 0.00, 0.00, 0.00, 1.00, 0.00, 0.00, 0.00, 0.00
3644, 0, 137.362, 0.98, 1, 0.01, 0.24, 0.00, 0.15, 0.04, 0.00, 0.00, 0.84, 0.53, 0.41, 0.15, 0.18, 0.00, 0.00, 0.00, 0.00, 0.00, 0.00, 1.00, 0.00, 1.00, 0.00, 0.00, 0.00, 0.00, 1.00, 0.00, 0.00, 0.00, 0.00, 1.00, 0.00, 0.00, 0.00, 0.00
3645, 0, 137.399, 0.98, 1, 0.01, 0.24, 0.00, 0.15, 0.02, 0.00, 0.04, 0.86, 0.63, 0.41, 0.01, 0.28, 0.19, 0.02, 0.00, 0.00, 0.02, 0.00, 1.00, 0.00, 1.00, 0.00, 0.00, 0.00, 0.00, 1.00, 0.00, 0.00, 0.00, 0.00, 1.00, 0.00, 0.00, 0.00, 0.00
3646, 0, 137.437, 0.98, 1, 0.01, 0.07, 0.00, 0.00, 0.06, 0.00, 0.04, 0.74, 0.73, 0.26, 0.00, 0.24, 0.19, 0.04, 0.00, 0.00, 0.06, 0.00, 1.00, 0.00, 1.00, 0.00, 0.00, 0.00, 0.00, 1.00, 0.00, 0.00, 0.00, 0.00, 1.00, 0.00, 0.00, 0.00, 0.00
3647, 0, 137.475, 0.98, 1, 0.00, 0.00, 0.00, 0.00, 0.10, 0.00, 0.06, 0.79, 0.62, 0.08, 0.00, 0.24, 0.19, 0.04, 0.00, 0.00, 0.06, 0.00, 1.00, 0.00, 1.00, 0.00, 0.00, 0.00, 0.00, 1.00, 0.00, 0.00, 0.00, 0.00, 1.00, 0.00, 0.00, 0.00, 0.00
3648, 0, 137.512, 0.98, 1, 0.00, 0.00, 0.00, 0.00, 0.12, 0.00, 0.04, 0.78, 0.66, 0.08, 0.00, 0.04, 0.00, 0.03, 0.00, 0.00, 0.04, 0.00, 1.00, 0.00, 1.00, 0.00, 0.00, 0.00, 0.00, 1.00, 0.00, 0.00, 0.00, 0.00, 1.00, 0.00, 0.00, 0.00, 0.00
3649, 0, 137.550, 0.98, 1, 0.00, 0.00, 0.00, 0.00, 0.10, 0.00, 0.04, 0.72, 0.61, 0.00, 0.00, 0.00, 0.00, 0.04, 0.00, 0.00, 0.00, 0.00, 1.00, 0.00, 1.00, 0.00, 0.00, 0.00, 0.00, 1.00, 0.00, 0.00, 0.00, 0.00, 1.00, 0.00, 0.00, 0.00, 0.00
3650, 0, 137.588, 0.98, 1, 0.00, 0.00, 0.00, 0.00, 0.18, 0.19, 0.02, 1.28, 0.61, 0.00, 0.36, 0.42, 0.00, 0.03, 0.00, 0.00, 0.06, 0.00, 1.00, 0.00, 1.00, 0.00, 0.00, 0.00, 0.00, 1.00, 0.00, 0.00, 0.00, 0.00, 1.00, 0.00, 0.00, 0.00, 0.00
3651, 0, 137.626, 0.98, 1, 0.00, 0.00, 0.00, 0.00, 0.24, 0.19, 0.00, 1.68, 0.49, 0.01, 0.93, 0.80, 0.00, 0.02, 0.00, 0.00, 0.21, 0.00, 1.00, 0.00, 1.00, 0.00, 0.00, 0.00, 0.00, 1.00, 0.00, 0.00, 0.00, 0.00, 1.00, 0.00, 0.00, 0.00, 0.00
3652, 0, 137.663, 0.98, 1, 0.00, 0.00, 0.00, 0.00, 0.42, 0.33, 0.00, 2.22, 0.43, 0.01, 1.43, 1.12, 0.00, 0.00, 0.00, 0.00, 0.30, 0.00, 1.00, 0.00, 1.00, 0.00, 0.00, 0.00, 0.00, 0.00, 0.00, 0.00, 0.00, 0.00, 1.00, 0.00, 0.00, 0.00, 0.00
3653, 0, 137.701, 0.98, 1, 0.00, 0.00, 0.00, 0.00, 0.35, 0.25, 0.00, 2.03, 0.31, 0.01, 1.39, 0.97, 0.05, 0.00, 0.00, 0.00, 0.26, 0.00, 1.00, 0.00, 1.00, 0.00, 0.00, 0.00, 0.00, 0.00, 0.00, 0.00, 0.00, 0.00, 1.00, 0.00, 0.00, 0.00, 0.00
3654, 0, 137.739, 0.98, 1, 0.00, 0.00, 0.00, 0.00, 0.26, 0.25, 0.00, 2.00, 0.26, 0.00, 1.27, 0.80, 0.05, 0.00, 0.04, 0.00, 0.11, 0.00, 1.00, 0.00, 1.00, 0.00, 0.00, 0.00, 0.00, 0.00, 0.00, 0.00, 0.00, 0.00, 1.00, 0.00, 0.00, 0.00, 0.00
3655, 0, 137.776, 0.98, 1, 0.00, 0.00, 0.00, 0.00, 0.06, 0.11, 0.08, 1.70, 0.20, 0.00, 0.77, 0.69, 0.10, 0.06, 0.04, 0.00, 0.15, 0.00, 1.00, 0.00, 1.00, 0.00, 0.00, 0.00, 0.00, 0.00, 0.00, 0.00, 0.00, 0.00, 0.00, 0.00, 0.00, 0.00, 0.00
3656, 0, 137.814, 0.98, 1, 0.04, 0.00, 0.00, 0.01, 0.00, 0.00, 0.10, 1.45, 0.23, 0.00, 0.45, 0.59, 0.05, 0.09, 0.04, 0.00, 0.15, 0.00, 1.00, 0.00, 1.00, 0.00, 0.00, 0.00, 0.00, 1.00, 0.00, 0.00, 0.00, 0.00, 0.00, 0.00, 0.00, 0.00, 0.00
3657, 0, 137.852, 0.88, 1, 0.04, 0.00, 0.00, 0.01, 0.00, 0.00, 0.10, 1.05, 0.26, 0.00, 0.00, 0.57, 0.05, 0.09, 0.00, 0.00, 0.22, 0.00, 1.00, 0.00, 1.00, 0.00, 0.00, 0.00, 0.00, 1.00, 0.00, 0.00, 0.00, 0.00, 0.00, 0.00, 0.00, 0.00, 0.00
3658, 0, 137.889, 0.88, 1, 0.04, 0.00, 0.00, 0.01, 0.00, 0.00, 0.02, 0.91, 0.29, 0.00, 0.00, 0.46, 0.00, 0.03, 0.00, 0.00, 0.24, 0.00, 1.00, 0.00, 1.00, 0.00, 0.00, 0.00, 0.00, 1.00, 0.00, 0.00, 0.00, 0.00, 1.00, 0.00, 0.00, 0.00, 0.00
3659, 0, 137.927, 0.88, 1, 0.00, 0.00, 0.00, 0.00, 0.00, 0.00, 0.01, 0.91, 0.32, 0.00, 0.00, 0.50, 0.00, 0.00, 0.00, 0.00, 0.36, 0.00, 1.00, 0.00, 1.00, 0.00, 0.00, 0.00, 0.00, 1.00, 0.00, 0.00, 0.00, 0.00, 1.00, 0.00, 0.00, 0.00, 0.00
3660, 0, 137.965, 0.88, 1, 0.00, 0.00, 0.00, 0.00, 0.02, 0.00, 0.01, 1.30, 0.34, 0.00, 0.00, 0.64, 0.15, 0.01, 0.00, 0.02, 0.33, 0.00, 1.00, 0.00, 1.00, 0.00, 0.00, 0.00, 0.00, 1.00, 0.00, 0.00, 0.00, 0.00, 1.00, 0.00, 0.00, 0.00, 0.00
3661, 0, 138.003, 0.98, 1, 0.00, 0.00, 0.00, 0.00, 0.03, 0.00, 0.01, 1.57, 0.33, 0.00, 0.00, 0.80, 0.34, 0.02, 0.00, 0.02, 0.19, 0.00, 1.00, 0.00, 1.00, 0.00, 0.00, 0.00, 0.00, 1.00, 0.00, 0.00, 0.00, 1.00, 1.00, 0.00, 0.00, 0.00, 0.00
3662, 0, 138.040, 0.98, 1, 0.00, 0.00, 0.00, 0.00, 0.03, 0.00, 0.00, 1.68, 0.23, 0.00, 0.39, 0.89, 0.36, 0.02, 0.00, 0.02, 0.05, 0.00, 1.00, 0.00, 1.00, 0.00, 0.00, 0.00, 0.00, 1.00, 0.00, 0.00, 0.00, 1.00, 1.00, 0.00, 0.00, 0.00, 0.00
3663, 0, 138.078, 0.98, 1, 0.01, 0.00, 0.00, 0.00, 0.01, 0.00, 0.00, 1.54, 0.13, 0.00, 0.56, 0.96, 0.53, 0.01, 0.00, 0.15, 0.02, 0.00, 1.00, 0.00, 1.00, 0.00, 0.00, 0.00, 0.00, 1.00, 0.00, 0.00, 0.00, 1.00, 1.00, 0.00, 0.00, 0.00, 0.00
3664, 0, 138.116, 0.98, 1, 0.01, 0.00, 0.00, 0.00, 0.00, 0.00, 0.00, 1.46, 0.09, 0.00, 0.80, 0.95, 0.58, 0.00, 0.00, 0.33, 0.12, 0.00, 1.00, 0.00, 1.00, 0.00, 0.00, 0.00, 0.00, 1.00, 0.00, 0.00, 0.00, 1.00, 1.00, 0.00, 0.00, 0.00, 0.00
3665, 0, 138.153, 0.98, 1, 0.01, 0.00, 0.00, 0.00, 0.02, 0.00, 0.03, 1.49, 0.18, 0.00, 0.52, 0.66, 0.56, 0.02, 0.00, 0.33, 0.27, 0.00, 0.00, 0.00, 1.00, 0.00, 0.00, 0.00, 0.00, 1.00, 0.00, 0.00, 0.00, 0.00, 1.00, 0.00, 0.00, 0.00, 0.00
3666, 0, 138.191, 0.98, 1, 0.00, 0.00, 0.00, 0.00, 0.02, 0.00, 0.09, 1.74, 0.33, 0.32, 0.48, 0.39, 0.24, 0.02, 0.00, 0.19, 0.40, 0.00, 0.00, 0.00, 1.00, 0.00, 0.00, 0.00, 0.00, 1.00, 0.00, 0.00, 0.00, 0.00, 1.00, 0.00, 0.00, 0.00, 0.00
3667, 0, 138.229, 0.98, 1, 0.00, 0.00, 0.00, 0.00, 0.02, 0.00, 0.16, 1.94, 0.43, 0.60, 0.36, 0.25, 0.00, 0.02, 0.00, 0.00, 0.47, 0.00, 0.00, 0.00, 1.00, 0.00, 0.00, 0.00, 1.00, 1.00, 0.00, 0.00, 0.00, 0.00, 1.00, 0.00, 0.00, 0.00, 0.00
3668, 0, 138.267, 0.98, 1, 0.01, 0.00, 0.00, 0.00, 0.00, 0.00, 0.19, 2.05, 0.45, 0.78, 0.27, 0.34, 0.00, 0.00, 0.00, 0.09, 0.49, 0.00, 0.00, 0.00, 1.00, 0.00, 0.00, 0.00, 1.00, 1.00, 0.00, 0.00, 0.00, 0.00, 1.00, 0.00, 0.00, 0.00, 0.00
3669, 0, 138.304, 0.98, 1, 0.06, 0.00, 0.00, 0.06, 0.01, 0.00, 0.18, 1.93, 0.43, 0.63, 0.20, 0.30, 0.00, 0.00, 0.00, 0.22, 0.56, 0.00, 0.00, 0.00, 1.00, 0.00, 0.00, 0.00, 1.00, 1.00, 0.00, 0.00, 0.00, 0.00, 1.00, 0.00, 0.00, 0.00, 0.00
3670, 0, 138.342, 0.98, 1, 0.06, 0.00, 0.00, 0.10, 0.10, 0.00, 0.18, 1.96, 0.42, 0.49, 0.45, 0.40, 0.00, 0.00, 0.00, 0.22, 0.38, 0.00, 0.00, 0.00, 1.00, 0.00, 0.00, 0.00, 1.00, 1.00, 0.00, 0.00, 0.00, 0.00, 1.00, 0.00, 0.00, 0.00, 0.00
3671, 0, 138.380, 0.98, 1, 0.05, 0.00, 0.00, 0.12, 0.22, 0.00, 0.19, 1.98, 0.36, 0.49, 1.24, 0.45, 0.00, 0.00, 0.00, 0.13, 0.28, 0.00, 1.00, 0.00, 1.00, 0.00, 0.00, 0.00, 1.00, 1.00, 0.00, 0.00, 0.00, 0.00, 1.00, 0.00, 0.00, 0.00, 0.00
3672, 0, 138.417, 0.98, 1, 0.00, 0.11, 0.00, 0.06, 0.25, 0.00, 0.17, 2.17, 0.33, 0.37, 2.09, 0.49, 0.00, 0.00, 0.03, 0.00, 0.07, 0.00, 1.00, 0.00, 1.00, 0.00, 0.00, 0.00, 1.00, 1.00, 0.00, 0.00, 1.00, 0.00, 1.00, 0.00, 0.00, 0.00, 0.00
3673, 0, 138.455, 0.98, 1, 0.00, 0.11, 0.00, 0.03, 0.18, 0.00, 0.11, 2.16, 0.25, 0.39, 2.52, 0.53, 0.00, 0.00, 0.03, 0.00, 0.07, 0.00, 1.00, 0.00, 1.00, 0.00, 0.00, 0.00, 1.00, 1.00, 0.00, 0.00, 1.00, 0.00, 1.00, 0.00, 0.00, 0.00, 0.00
3674, 0, 138.493, 0.98, 1, 0.00, 0.25, 0.00, 0.11, 0.06, 0.00, 0.03, 2.16, 0.24, 0.30, 2.47, 0.69, 0.00, 0.00, 0.03, 0.00, 0.00, 0.00, 1.00, 0.00, 1.00, 0.00, 0.00, 0.00, 1.00, 1.00, 0.00, 0.00, 1.00, 0.00, 1.00, 0.00, 0.00, 0.00, 0.00
3675, 0, 138.530, 0.98, 1, 0.00, 0.15, 0.00, 0.22, 0.03, 0.00, 0.00, 1.91, 0.18, 0.24, 1.86, 0.57, 0.00, 0.00, 0.00, 0.00, 0.00, 0.00, 1.00, 0.00, 1.00, 0.00, 0.00, 0.00, 1.00, 1.00, 0.00, 0.00, 0.00, 0.00, 1.00, 0.00, 0.00, 0.00, 0.00
3676, 0, 138.568, 0.98, 1, 0.00, 0.14, 0.00, 0.22, 0.02, 0.00, 0.00, 1.86, 0.21, 0.08, 1.37, 0.36, 0.00, 0.00, 0.00, 0.05, 0.00, 0.00, 1.00, 0.00, 1.00, 0.00, 0.00, 0.00, 1.00, 1.00, 0.00, 0.00, 0.00, 0.00, 1.00, 0.00, 0.00, 0.00, 0.00
3677, 0, 138.606, 0.98, 1, 0.01, 0.00, 0.00, 0.10, 0.02, 0.00, 0.00, 2.06, 0.24, 0.09, 0.83, 0.15, 0.00, 0.00, 0.00, 0.22, 0.00, 0.00, 0.00, 0.00, 1.00, 0.00, 0.00, 0.00, 0.00, 1.00, 0.00, 0.00, 0.00, 0.00, 1.00, 0.00, 0.00, 0.00, 0.00
3678, 0, 138.644, 0.98, 1, 0.01, 0.00, 0.00, 0.00, 0.02, 0.00, 0.00, 2.19, 0.33, 0.09, 0.57, 0.14, 0.00, 0.00, 0.00, 0.40, 0.00, 0.00, 0.00, 0.00, 1.00, 0.00, 0.00, 0.00, 0.00, 1.00, 0.00, 0.00, 0.00, 0.00, 1.00, 0.00, 0.00, 0.00, 0.00
3679, 0, 138.681, 0.98, 1, 0.01, 0.00, 0.00, 0.00, 0.00, 0.00, 0.00, 1.93, 0.31, 0.09, 0.26, 0.09, 0.00, 0.00, 0.00, 0.60, 0.00, 0.00, 0.00, 0.00, 1.00, 0.00, 0.00, 0.00, 0.00, 1.00, 0.00, 0.00, 0.00, 0.00, 1.00, 0.00, 0.00, 0.00, 0.00
3680, 0, 138.719, 0.98, 1, 0.04, 0.01, 0.00, 0.00, 0.00, 0.00, 0.00, 1.73, 0.25, 0.02, 0.09, 0.18, 0.00, 0.01, 0.00, 0.58, 0.00, 0.00, 0.00, 0.00, 1.00, 0.00, 0.00, 0.00, 0.00, 1.00, 0.00, 0.00, 0.00, 0.00, 1.00, 0.00, 0.00, 0.00, 0.00
3681, 0, 138.757, 0.98, 1, 0.04, 0.01, 0.00, 0.00, 0.00, 0.00, 0.00, 1.82, 0.21, 0.02, 0.10, 0.40, 0.00, 0.04, 0.00, 0.67, 0.00, 0.00, 1.00, 0.00, 1.00, 0.00, 0.00, 0.00, 1.00, 1.00, 0.00, 1.00, 0.00, 0.00, 1.00, 0.00, 0.00, 0.00, 0.00
3682, 0, 138.794, 0.98, 1, 0.04, 0.01, 0.00, 0.00, 0.02, 0.00, 0.00, 2.13, 0.25, 0.05, 0.24, 0.59, 0.00, 0.13, 0.00, 0.73, 0.00, 0.00, 1.00, 0.00, 1.00, 0.00, 0.00, 0.00, 1.00, 1.00, 0.00, 1.00, 0.00, 0.00, 1.00, 0.00, 0.00, 0.00, 0.00
3683, 0, 138.832, 0.98, 1, 0.00, 0.00, 0.00, 0.00, 0.03, 0.00, 0.00, 2.30, 0.32, 0.09, 0.33, 0.64, 0.00, 0.15, 0.00, 0.78, 0.00, 0.00, 1.00, 0.00, 1.00, 0.00, 0.00, 0.00, 1.00, 1.00, 0.00, 1.00, 0.00, 0.00, 1.00, 0.00, 0.00, 0.00, 0.00
3684, 0, 138.870, 0.98, 1, 0.00, 0.00, 0.00, 0.00, 0.06, 0.00, 0.00, 2.24, 0.31, 0.09, 0.51, 0.72, 0.00, 0.12, 0.00, 0.72, 0.00, 0.00, 1.00, 0.00, 1.00, 0.00, 0.00, 0.00, 1.00, 1.00, 0.00, 1.00, 0.00, 0.00, 1.00, 0.00, 0.00, 0.00, 0.00
3685, 0, 138.908, 0.98, 1, 0.06, 0.06, 0.00, 0.00, 0.04, 0.00, 0.00, 2.05, 0.19, 0.06, 0.92, 0.71, 0.00, 0.03, 0.16, 0.52, 0.04, 0.00, 1.00, 0.00, 1.00, 0.00, 0.00, 0.00, 0.00, 1.00, 0.00, 1.00, 1.00, 0.00, 1.00, 0.00, 0.00, 0.00, 0.00
3686, 0, 138.945, 0.98, 1, 0.06, 0.06, 0.00, 0.10, 0.05, 0.23, 0.00, 1.78, 0.08, 0.00, 1.13, 0.71, 0.00, 0.00, 0.18, 0.48, 0.19, 0.00, 0.00, 0.00, 1.00, 0.00, 0.00, 0.00, 0.00, 0.00, 0.00, 0.00, 1.00, 0.00, 1.00, 0.00, 0.00, 0.00, 0.00
3687, 0, 138.983, 0.98, 1, 0.06, 0.06, 0.00, 0.13, 0.02, 0.23, 0.00, 1.76, 0.00, 0.00, 1.09, 0.65, 0.00, 0.00, 0.18, 0.38, 0.23, 0.00, 0.00, 0.00, 1.00, 0.00, 0.00, 0.00, 0.00, 0.00, 0.00, 0.00, 1.00, 0.00, 1.00, 0.00, 0.00, 0.00, 0.00
3688, 0, 139.021, 0.98, 1, 0.00, 0.00, 0.00, 0.13, 0.02, 0.23, 0.00, 1.80, 0.04, 0.00, 0.70, 0.55, 0.00, 0.00, 0.02, 0.28, 0.27, 0.00, 0.00, 0.00, 1.00, 0.00, 0.00, 0.00, 0.00, 0.00, 0.00, 0.00, 0.00, 0.00, 1.00, 0.00, 0.00, 0.00, 0.00
3689, 0, 139.058, 0.98, 1, 0.01, 0.00, 0.00, 0.07, 0.00, 0.00, 0.05, 1.81, 0.10, 0.05, 0.36, 0.40, 0.00, 0.00, 0.00, 0.22, 0.12, 0.00, 0.00, 0.00, 1.00, 0.00, 0.00, 0.00, 0.00, 0.00, 0.00, 0.00, 0.00, 0.00, 1.00, 0.00, 0.00, 0.00, 0.00
3690, 0, 139.096, 0.98, 1, 0.01, 0.00, 0.00, 0.04, 0.07, 0.00, 0.10, 1.68, 0.17, 0.05, 0.22, 0.42, 0.00, 0.00, 0.00, 0.12, 0.07, 0.00, 0.00, 0.00, 1.00, 0.00, 0.00, 0.00, 0.00, 0.00, 0.00, 0.00, 0.00, 0.00, 1.00, 0.00, 0.00, 0.00, 0.00
3691, 0, 139.134, 0.98, 1, 0.01, 0.00, 0.00, 0.06, 0.07, 0.00, 0.13, 1.57, 0.17, 0.05, 0.13, 0.40, 0.00, 0.00, 0.00, 0.11, 0.00, 0.00, 0.00, 0.00, 1.00, 0.00, 0.00, 0.00, 0.00, 0.00, 0.00, 0.00, 0.00, 0.00, 1.00, 0.00, 0.00, 0.00, 0.00
3692, 0, 139.171, 0.98, 1, 0.00, 0.00, 0.00, 0.06, 0.07, 0.00, 0.08, 1.47, 0.12, 0.00, 0.32, 0.37, 0.00, 0.00, 0.00, 0.09, 0.00, 0.00, 0.00, 0.00, 1.00, 0.00, 0.00, 0.00, 0.00, 1.00, 0.00, 0.00, 0.00, 0.00, 1.00, 0.00, 0.00, 0.00, 0.00
3693, 0, 139.209, 0.98, 1, 0.02, 0.00, 0.00, 0.10, 0.00, 0.00, 0.11, 1.84, 0.16, 0.00, 0.33, 0.50, 0.12, 0.00, 0.00, 0.36, 0.00, 0.00, 0.00, 0.00, 1.00, 0.00, 0.00, 0.00, 0.00, 1.00, 0.00, 0.00, 0.00, 0.00, 1.00, 0.00, 0.00, 0.00, 0.00
3694, 0, 139.247, 0.98, 1, 0.03, 0.00, 0.00, 0.15, 0.00, 0.00, 0.16, 2.27, 0.25, 0.00, 0.46, 0.78, 0.16, 0.00, 0.00, 0.60, 0.00, 0.00, 0.00, 0.00, 1.00, 0.00, 0.00, 0.00, 0.00, 1.00, 0.00, 0.00, 0.00, 0.00, 1.00, 0.00, 0.00, 0.00, 0.00
3695, 0, 139.285, 0.98, 1, 0.03, 0.00, 0.00, 0.12, 0.00, 0.00, 0.16, 2.18, 0.35, 0.00, 0.56, 0.78, 0.18, 0.00, 0.00, 1.00, 0.00, 0.00, 0.00, 0.00, 1.00, 0.00, 0.00, 0.00, 0.00, 1.00, 0.00, 0.00, 0.00, 0.00, 1.00, 0.00, 0.00, 0.00, 0.00
3696, 0, 139.322, 0.98, 1, 0.01, 0.00, 0.00, 0.18, 0.00, 0.00, 0.07, 1.64, 0.36, 0.17, 0.48, 0.42, 0.25, 0.00, 0.05, 1.13, 0.00, 0.00, 0.00, 0.00, 1.00, 0.00, 0.00, 0.00, 0.00, 1.00, 0.00, 0.00, 0.00, 0.00, 1.00, 0.00, 0.00, 0.00, 0.00
3697, 0, 139.360, 0.98, 1, 0.00, 0.00, 0.00, 0.13, 0.00, 0.00, 0.00, 1.07, 0.40, 0.23, 0.28, 0.07, 0.28, 0.00, 0.11, 1.19, 0.00, 0.00, 0.00, 0.00, 1.00, 0.00, 0.00, 0.00, 0.00, 1.00, 0.00, 0.00, 0.00, 0.00, 1.00, 0.00, 0.00, 0.00, 0.00
3698, 0, 139.398, 0.98, 1, 0.00, 0.00, 0.00, 0.13, 0.00, 0.00, 0.00, 1.08, 0.43, 0.35, 0.00, 0.03, 0.26, 0.00, 0.24, 0.93, 0.00, 0.00, 0.00, 0.00, 1.00, 0.00, 0.00, 0.00, 0.00, 1.00, 0.00, 0.00, 0.00, 0.00, 1.00, 0.00, 0.00, 0.00, 0.00
3699, 0, 139.435, 0.98, 1, 0.00, 0.00, 0.00, 0.03, 0.00, 0.00, 0.04, 1.02, 0.41, 0.39, 0.00, 0.00, 0.07, 0.00, 0.30, 0.67, 0.00, 0.00, 0.00, 0.00, 1.00, 0.00, 0.00, 0.00, 0.00, 1.00, 0.00, 0.00, 0.00, 0.00, 0.00, 0.00, 0.00, 0.00, 0.00
3700, 0, 139.473, 0.98, 1, 0.02, 0.08, 0.00, 0.04, 0.00, 0.00, 0.04, 1.18, 0.26, 0.39, 0.13, 0.19, 0.00, 0.00, 0.25, 0.43, 0.00, 0.00, 0.00, 0.00, 1.00, 0.00, 0.00, 0.00, 0.00, 1.00, 0.00, 0.00, 0.00, 0.00, 0.00, 0.00, 0.00, 0.00, 0.00
3701, 0, 139.511, 0.98, 1, 0.02, 0.08, 0.00, 0.06, 0.00, 0.00, 0.04, 1.23, 0.13, 0.38, 0.24, 0.39, 0.03, 0.00, 0.11, 0.34, 0.00, 0.00, 0.00, 0.00, 1.00, 0.00, 0.00, 0.00, 0.00, 1.00, 0.00, 0.00, 0.00, 0.00, 0.00, 0.00, 0.00, 0.00, 0.00
3702, 0, 139.549, 0.88, 1, 0.02, 0.08, 0.00, 0.06, 0.00, 0.00, 0.00, 1.36, 0.06, 0.23, 0.39, 0.40, 0.03, 0.00, 0.00, 0.28, 0.00, 0.00, 0.00, 0.00, 1.00, 0.00, 0.00, 0.00, 0.00, 1.00, 0.00, 0.00, 0.00, 0.00, 0.00, 0.00, 0.00, 0.00, 0.00
3703, 0, 139.586, 0.88, 1, 0.04, 0.00, 0.00, 0.02, 0.00, 0.00, 0.01, 1.30, 0.09, 0.21, 0.37, 0.44, 0.03, 0.00, 0.00, 0.31, 0.11, 0.00, 0.00, 0.00, 1.00, 0.00, 0.00, 0.00, 0.00, 1.00, 0.00, 0.00, 0.00, 0.00, 0.00, 0.00, 0.00, 0.00, 0.00
3704, 0, 139.624, 0.88, 1, 0.15, 0.00, 0.00, 0.00, 0.00, 0.00, 0.01, 1.28, 0.14, 0.14, 0.40, 0.44, 0.00, 0.00, 0.00, 0.36, 0.18, 0.00, 0.00, 0.00, 1.00, 0.00, 0.00, 0.00, 0.00, 1.00, 0.00, 0.00, 0.00, 0.00, 0.00, 0.00, 0.00, 0.00, 0.00
3705, 0, 139.662, 0.88, 1, 0.15, 0.00, 0.00, 0.02, 0.00, 0.00, 0.11, 1.40, 0.09, 0.14, 0.25, 0.58, 0.00, 0.00, 0.00, 0.29, 0.18, 0.00, 0.00, 0.00, 1.00, 0.00, 0.00, 0.00, 0.00, 1.00, 0.00, 0.00, 0.00, 0.00, 0.00, 0.00, 0.00, 0.00, 0.00
3706, 0, 139.699, 0.88, 1, 0.15, 0.00, 0.00, 0.06, 0.00, 0.00, 0.23, 1.58, 0.06, 0.23, 0.14, 0.55, 0.00, 0.00, 0.00, 0.19, 0.08, 0.00, 0.00, 0.00, 1.00, 0.00, 0.00, 0.00, 0.00, 1.00, 0.00, 0.00, 0.00, 0.00, 0.00, 0.00, 0.00, 0.00, 0.00
3707, 0, 139.737, 0.88, 1, 0.03, 0.00, 0.00, 0.08, 0.00, 0.00, 0.31, 1.78, 0.00, 0.24, 0.00, 0.55, 0.00, 0.00, 0.00, 0.00, 0.00, 0.00, 0.00, 0.00, 1.00, 0.00, 0.00, 0.00, 0.00, 1.00, 0.00, 0.00, 0.00, 0.00, 1.00, 0.00, 0.00, 0.00, 0.00
3708, 0, 139.775, 0.93, 1, 0.05, 0.00, 0.00, 0.07, 0.00, 0.00, 0.27, 1.83, 0.03, 0.24, 0.01, 0.64, 0.00, 0.00, 0.00, 0.06, 0.01, 0.00, 0.00, 0.00, 1.00, 0.00, 0.00, 0.00, 0.00, 1.00, 0.00, 0.00, 0.00, 0.00, 1.00, 0.00, 0.00, 0.00, 0.00
3709, 0, 139.812, 0.98, 1, 0.05, 0.00, 0.00, 0.03, 0.00, 0.00, 0.27, 1.88, 0.08, 0.31, 0.01, 0.67, 0.00, 0.00, 0.00, 0.20, 0.01, 0.00, 0.00, 0.00, 1.00, 0.00, 0.00, 0.00, 0.00, 1.00, 0.00, 0.00, 0.00, 0.00, 1.00, 0.00, 0.00, 0.00, 0.00
3710, 0, 139.850, 0.98, 1, 0.20, 0.02, 0.00, 0.00, 0.00, 0.00, 0.25, 1.73, 0.08, 0.26, 0.11, 0.47, 0.19, 0.00, 0.00, 0.20, 0.01, 0.00, 0.00, 0.00, 1.00, 0.00, 0.00, 0.00, 0.00, 1.00, 0.00, 0.00, 0.00, 0.00, 1.00, 0.00, 0.00, 0.00, 0.00
3711, 0, 139.888, 0.98, 1, 0.41, 0.02, 0.00, 0.00, 0.00, 0.00, 0.23, 1.30, 0.05, 0.20, 0.10, 0.22, 0.25, 0.00, 0.00, 0.14, 0.00, 0.00, 0.00, 0.00, 1.00, 0.00, 0.00, 0.00, 0.00, 1.00, 0.00, 0.00, 0.00, 1.00, 0.00, 0.00, 0.00, 0.00, 0.00
3712, 0, 139.926, 0.98, 1, 0.62, 0.02, 0.00, 0.00, 0.00, 0.00, 0.15, 0.82, 0.01, 0.00, 0.10, 0.00, 0.30, 0.00, 0.00, 0.00, 0.00, 0.00, 0.00, 0.00, 1.00, 0.00, 0.00, 0.00, 0.00, 1.00, 0.00, 0.00, 0.00, 1.00, 0.00, 0.00, 0.00, 0.00, 0.00
3713, 0, 139.963, 0.98, 1, 0.60, 0.00, 0.00, 0.00, 0.00, 0.00, 0.11, 0.73, 0.03, 0.00, 0.00, 0.00, 0.11, 0.00, 0.00, 0.00, 0.01, 0.00, 0.00, 0.00, 1.00, 0.00, 0.00, 0.00, 0.00, 1.00, 0.00, 0.00, 0.00, 1.00, 0.00, 0.00, 0.00, 0.00, 0.00
3714, 0, 140.001, 0.98, 1, 0.41, 0.00, 0.00, 0.00, 0.00, 0.00, 0.07, 0.94, 0.05, 0.01, 0.03, 0.00, 0.12, 0.00, 0.00, 0.00, 0.01, 0.00, 0.00, 0.00, 1.00, 0.00, 0.00, 0.00, 0.00, 1.00, 0.00, 0.00, 0.00, 1.00, 0.00, 0.00, 0.00, 0.00, 0.00
3715, 0, 140.039, 0.98, 1, 0.27, 0.00, 0.00, 0.00, 0.00, 0.00, 0.08, 0.99, 0.05, 0.08, 0.03, 0.05, 0.07, 0.02, 0.00, 0.24, 0.01, 0.00, 0.00, 0.00, 1.00, 0.00, 0.00, 0.00, 0.00, 1.00, 0.00, 0.00, 0.00, 0.00, 0.00, 0.00, 0.00, 0.00, 0.00
3716, 0, 140.076, 0.98, 1, 0.28, 0.00, 0.00, 0.00, 0.00, 0.00, 0.11, 1.02, 0.07, 0.35, 0.02, 0.05, 0.07, 0.02, 0.00, 0.47, 0.00, 0.00, 0.00, 0.00, 1.00, 0.00, 0.00, 0.00, 0.00, 1.00, 0.00, 0.00, 0.00, 0.00, 0.00, 0.00, 0.00, 0.00, 0.00
3717, 0, 140.114, 0.98, 1, 0.23, 0.00, 0.00, 0.00, 0.00, 0.00, 0.25, 0.76, 0.09, 0.44, 0.00, 0.05, 0.00, 0.02, 0.00, 0.62, 0.10, 0.00, 0.00, 0.00, 1.00, 0.00, 0.00, 0.00, 0.00, 1.00, 0.00, 0.00, 0.00, 0.00, 0.00, 0.00, 0.00, 0.00, 0.00
3718, 0, 140.152, 0.98, 1, 0.19, 0.00, 0.00, 0.00, 0.00, 0.00, 0.29, 0.74, 0.13, 0.54, 0.00, 0.04, 0.00, 0.00, 0.00, 0.52, 0.10, 0.00, 0.00, 0.00, 1.00, 0.00, 0.00, 0.00, 0.00, 1.00, 0.00, 0.00, 0.00, 0.00, 0.00, 0.00, 0.00, 0.00, 0.00
3719, 0, 140.190, 0.98, 1, 0.12, 0.00, 0.00, 0.00, 0.00, 0.00, 0.35, 0.57, 0.09, 0.50, 0.00, 0.04, 0.00, 0.00, 0.00, 0.35, 0.10, 0.00, 0.00, 0.00, 1.00, 0.00, 0.00, 0.00, 0.00, 1.00, 0.00, 0.00, 0.00, 0.00, 0.00, 0.00, 0.00, 0.00, 0.00
3720, 0, 140.227, 0.98, 1, 0.39, 0.00, 0.00, 0.00, 0.00, 0.00, 0.21, 0.99, 0.04, 0.49, 0.00, 0.15, 0.00, 0.00, 0.00, 0.32, 0.06, 0.00, 0.00, 0.00, 1.00, 0.00, 0.00, 0.00, 0.00, 1.00, 0.00, 0.00, 0.00, 0.00, 0.00, 0.00, 0.00, 0.00, 0.00
3721, 0, 140.265, 0.98, 1, 0.54, 0.05, 0.00, 0.02, 0.00, 0.00, 0.12, 1.31, 0.01, 0.45, 0.00, 0.17, 0.00, 0.00, 0.00, 0.32, 0.09, 0.00, 0.00, 0.00, 1.00, 0.00, 0.00, 0.00, 0.00, 0.00, 0.00, 0.00, 0.00, 0.00, 0.00, 0.00, 0.00, 0.00, 0.00
3722, 0, 140.303, 0.88, 1, 0.69, 0.14, 0.00, 0.04, 0.00, 0.00, 0.00, 1.69, 0.00, 0.31, 0.00, 0.20, 0.00, 0.00, 0.00, 0.34, 0.09, 0.00, 0.00, 0.00, 1.00, 0.00, 0.00, 0.00, 0.00, 0.00, 0.00, 0.00, 0.00, 0.00, 0.00, 0.00, 0.00, 0.00, 0.00
3723, 0, 140.340, 0.88, 1, 0.75, 0.19, 0.00, 0.04, 0.00, 0.00, 0.09, 1.85, 0.00, 0.37, 0.00, 0.10, 0.00, 0.00, 0.00, 0.46, 0.04, 0.00, 0.00, 0.00, 1.00, 0.00, 0.00, 0.00, 0.00, 0.00, 0.00, 0.00, 0.00, 0.00, 0.00, 0.00, 0.00, 0.00, 0.00
3724, 0, 140.378, 0.93, 1, 0.79, 0.14, 0.00, 0.02, 0.00, 0.00, 0.23, 2.10, 0.00, 0.40, 0.00, 0.05, 0.00, 0.00, 0.00, 0.51, 0.00, 0.00, 0.00, 0.00, 1.00, 0.00, 0.00, 0.00, 0.00, 0.00, 0.00, 0.00, 0.00, 0.00, 0.00, 0.00, 0.00, 0.00, 0.00
3725, 0, 140.416, 0.93, 1, 0.61, 0.05, 0.00, 0.00, 0.00, 0.00, 0.41, 2.19, 0.00, 0.45, 0.00, 0.01, 0.00, 0.00, 0.00, 0.54, 0.00, 0.00, 0.00, 0.00, 1.00, 0.00, 0.00, 0.00, 0.00, 0.00, 0.00, 0.00, 0.00, 0.00, 0.00, 0.00, 0.00, 0.00, 0.00
3726, 0, 140.453, 0.93, 1, 0.28, 0.00, 0.00, 0.00, 0.00, 0.00, 0.47, 2.10, 0.00, 0.49, 0.00, 0.01, 0.00, 0.00, 0.00, 0.58, 0.00, 0.00, 0.00, 0.00, 1.00, 0.00, 0.00, 0.00, 0.00, 0.00, 0.00, 0.00, 0.00, 0.00, 0.00, 0.00, 0.00, 0.00, 0.00
3727, 0, 140.491, 0.93, 1, 0.04, 0.00, 0.00, 0.00, 0.00, 0.00, 0.50, 1.94, 0.00, 0.47, 0.00, 0.00, 0.00, 0.00, 0.00, 0.64, 0.00, 0.00, 0.00, 0.00, 1.00, 0.00, 0.00, 0.00, 0.00, 0.00, 0.00, 0.00, 0.00, 0.00, 0.00, 0.00, 0.00, 0.00, 0.00
3728, 0, 140.529, 0.93, 1, 0.00, 0.00, 0.00, 0.00, 0.01, 0.00, 0.49, 1.96, 0.00, 0.53, 0.00, 0.00, 0.00, 0.00, 0.00, 0.83, 0.07, 0.00, 0.00, 0.00, 1.00, 0.00, 0.00, 0.00, 1.00, 0.00, 0.00, 0.00, 0.00, 0.00, 0.00, 0.00, 0.00, 0.00, 0.00
3729, 0, 140.567, 0.88, 1, 0.09, 0.00, 0.00, 0.00, 0.01, 0.00, 0.42, 1.97, 0.00, 0.52, 0.00, 0.00, 0.00, 0.00, 0.19, 0.84, 0.12, 0.00, 0.00, 0.00, 1.00, 0.00, 0.00, 0.00, 1.00, 0.00, 0.00, 0.00, 0.00, 0.00, 0.00, 0.00, 0.00, 0.00, 0.00
3730, 0, 140.604, 0.88, 1, 0.21, 0.00, 0.00, 0.00, 0.01, 0.00, 0.27, 2.11, 0.00, 0.36, 0.09, 0.00, 0.00, 0.00, 0.30, 0.75, 0.12, 0.00, 0.00, 0.00, 1.00, 0.00, 0.00, 0.00, 1.00, 0.00, 0.00, 0.00, 0.00, 0.00, 0.00, 0.00, 0.00, 0.00, 0.00
3731, 0, 140.642, 0.93, 1, 0.30, 0.00, 0.00, 0.00, 0.00, 0.00, 0.10, 2.19, 0.00, 0.16, 0.16, 0.00, 0.05, 0.00, 0.43, 0.59, 0.05, 0.00, 0.00, 0.00, 1.00, 0.00, 0.00, 0.00, 1.00, 0.00, 0.00, 0.00, 0.00, 0.00, 0.00, 0.00, 0.00, 0.00, 0.00
3732, 0, 140.680, 0.93, 1, 0.24, 0.00, 0.00, 0.00, 0.04, 0.00, 0.07, 2.32, 0.00, 0.00, 0.16, 0.00, 0.23, 0.00, 0.36, 0.46, 0.00, 0.00, 0.00, 0.00, 1.00, 0.00, 0.00, 0.00, 1.00, 0.00, 0.00, 0.00, 0.00, 0.00, 0.00, 0.00, 0.00, 0.00, 0.00
3733, 0, 140.717, 0.98, 1, 0.27, 0.00, 0.00, 0.00, 0.04, 0.00, 0.21, 2.21, 0.00, 0.00, 0.07, 0.00, 0.23, 0.00, 0.26, 0.46, 0.00, 0.00, 0.00, 0.00, 1.00, 0.00, 0.00, 0.00, 1.00, 0.00, 0.00, 0.00, 0.00, 0.00, 0.00, 0.00, 0.00, 0.00, 0.00
3734, 0, 140.755, 0.98, 1, 0.30, 0.00, 0.00, 0.07, 0.04, 0.00, 0.30, 2.06, 0.00, 0.00, 0.09, 0.00, 0.18, 0.00, 0.13, 0.33, 0.00, 0.00, 0.00, 0.00, 1.00, 0.00, 0.00, 0.00, 1.00, 0.00, 0.00, 0.00, 0.00, 0.00, 0.00, 0.00, 0.00, 0.00, 0.00
3735, 0, 140.793, 0.98, 1, 0.37, 0.00, 0.00, 0.07, 0.00, 0.00, 0.33, 1.99, 0.00, 0.25, 0.09, 0.00, 0.02, 0.00, 0.08, 0.39, 0.00, 0.00, 0.00, 0.00, 1.00, 0.00, 0.00, 0.00, 1.00, 0.00, 0.00, 0.00, 0.00, 0.00, 0.00, 0.00, 0.00, 0.00, 0.00
3736, 0, 140.831, 0.93, 1, 0.26, 0.00, 0.00, 0.07, 0.00, 0.00, 0.32, 2.02, 0.00, 0.43, 0.09, 0.00, 0.02, 0.00, 0.08, 0.56, 0.00, 0.00, 0.00, 0.00, 1.00, 0.00, 0.00, 0.00, 1.00, 0.00, 0.00, 0.00, 0.00, 0.00, 0.00, 0.00, 0.00, 0.00, 0.00
3737, 0, 140.868, 0.93, 1, 0.19, 0.00, 0.00, 0.00, 0.00, 0.00, 0.23, 2.02, 0.00, 0.44, 0.00, 0.00, 0.02, 0.00, 0.13, 0.80, 0.00, 0.00, 0.00, 0.00, 1.00, 0.00, 0.00, 0.00, 1.00, 0.00, 0.00, 0.00, 0.00, 0.00, 0.00, 0.00, 0.00, 0.00, 0.00
3738, 0, 140.906, 0.93, 1, 0.12, 0.00, 0.00, 0.01, 0.00, 0.00, 0.17, 1.85, 0.00, 0.34, 0.00, 0.00, 0.00, 0.00, 0.05, 0.68, 0.00, 0.00, 0.00, 0.00, 1.00, 0.00, 0.00, 0.00, 1.00, 0.00, 0.00, 0.00, 0.00, 0.00, 0.00, 0.00, 0.00, 0.00, 0.00
3739, 0, 140.944, 0.88, 1, 0.13, 0.00, 0.00, 0.13, 0.00, 0.00, 0.09, 1.62, 0.09, 0.36, 0.00, 0.00, 0.02, 0.00, 0.05, 0.41, 0.01, 0.00, 0.00, 0.00, 1.00, 0.00, 0.00, 0.00, 1.00, 0.00, 0.00, 0.00, 0.00, 0.00, 0.00, 0.00, 0.00, 0.00, 0.00
3740, 0, 140.981, 0.88, 1, 0.30, 0.00, 0.00, 0.13, 0.00, 0.00, 0.17, 1.44, 0.09, 0.58, 0.00, 0.04, 0.02, 0.00, 0.00, 0.36, 0.04, 0.00, 0.00, 0.00, 1.00, 0.00, 0.00, 0.00, 0.00, 1.00, 0.00, 0.00, 0.00, 0.00, 0.00, 0.00, 0.00, 0.00, 0.00
3741, 0, 141.019, 0.88, 1, 0.40, 0.00, 0.00, 0.12, 0.00, 0.00, 0.22, 1.29, 0.16, 0.77, 0.00, 0.05, 0.02, 0.00, 0.00, 0.61, 0.16, 0.00, 0.00, 0.00, 1.00, 0.00, 0.00, 0.00, 0.00, 1.00, 0.00, 0.00, 0.00, 0.00, 1.00, 0.00, 0.00, 0.00, 0.00
3742, 0, 141.057, 0.88, 1, 0.43, 0.00, 0.00, 0.00, 0.00, 0.00, 0.20, 1.11, 0.17, 0.87, 0.00, 0.06, 0.00, 0.00, 0.00, 0.84, 0.24, 0.00, 0.00, 0.00, 1.00, 0.00, 0.00, 0.00, 0.00, 1.00, 0.00, 0.00, 0.00, 0.00, 1.00, 0.00, 0.00, 0.00, 0.00
3743, 0, 141.094, 0.88, 1, 0.27, 0.00, 0.00, 0.00, 0.00, 0.00, 0.11, 1.17, 0.37, 0.88, 0.00, 0.03, 0.00, 0.00, 0.16, 0.98, 0.22, 0.00, 0.00, 0.00, 1.00, 0.00, 0.00, 0.00, 0.00, 1.00, 0.00, 0.00, 0.00, 0.00, 1.00, 0.00, 0.00, 0.00, 0.00
3744, 0, 141.132, 0.88, 1, 0.16, 0.00, 0.00, 0.00, 0.00, 0.00, 0.07, 1.19, 0.49, 0.66, 0.00, 0.02, 0.00, 0.00, 0.30, 0.83, 0.13, 0.00, 0.00, 0.00, 1.00, 0.00, 0.00, 0.00, 0.00, 1.00, 0.00, 0.00, 0.00, 0.00, 1.00, 0.00, 0.00, 0.00, 0.00
3745, 0, 141.170, 0.88, 1, 0.18, 0.00, 0.00, 0.00, 0.00, 0.00, 0.05, 1.58, 0.53, 0.85, 0.04, 0.15, 0.00, 0.00, 0.52, 0.80, 0.19, 0.00, 0.00, 0.00, 1.00, 0.00, 0.00, 0.00, 1.00, 1.00, 1.00, 0.00, 0.00, 0.00, 1.00, 0.00, 0.00, 0.00, 0.00
3746, 0, 141.208, 0.93, 1, 0.22, 0.06, 0.00, 0.00, 0.00, 0.00, 0.04, 1.63, 0.42, 1.13, 0.04, 0.23, 0.00, 0.00, 0.50, 0.66, 0.19, 0.00, 0.00, 0.00, 1.00, 0.00, 0.00, 0.00, 1.00, 1.00, 1.00, 0.00, 0.00, 0.00, 1.00, 0.00, 0.00, 0.00, 0.00
3747, 0, 141.245, 0.93, 1, 0.33, 0.10, 0.00, 0.00, 0.00, 0.00, 0.00, 1.76, 0.34, 1.51, 0.04, 0.34, 0.00, 0.02, 0.52, 0.73, 0.15, 0.00, 0.00, 0.00, 1.00, 0.00, 0.00, 0.00, 1.00, 1.00, 1.00, 0.00, 0.00, 0.00, 1.00, 0.00, 0.00, 0.00, 0.00
3748, 0, 141.283, 0.93, 1, 0.23, 0.10, 0.00, 0.00, 0.00, 0.00, 0.09, 1.55, 0.32, 1.58, 0.00, 0.21, 0.00, 0.02, 0.44, 0.80, 0.02, 0.00, 0.00, 0.00, 1.00, 0.00, 0.00, 0.00, 1.00, 1.00, 1.00, 0.00, 0.00, 0.00, 1.00, 0.00, 0.00, 0.00, 0.00
3749, 0, 141.321, 0.93, 1, 0.13, 0.04, 0.00, 0.00, 0.00, 0.00, 0.11, 1.64, 0.38, 1.35, 0.00, 0.11, 0.00, 0.02, 0.30, 0.84, 0.08, 1.00, 0.00, 0.00, 1.00, 0.00, 0.00, 0.00, 1.00, 1.00, 1.00, 0.00, 0.00, 0.00, 1.00, 0.00, 0.00, 0.00, 0.00
3750, 0, 141.358, 0.93, 1, 0.13, 0.00, 0.00, 0.00, 0.00, 0.00, 0.11, 1.47, 0.32, 0.84, 0.00, 0.00, 0.00, 0.00, 0.31, 0.81, 0.08, 1.00, 0.00, 0.00, 1.00, 0.00, 0.00, 0.00, 1.00, 1.00, 1.00, 0.00, 0.00, 0.00, 1.00, 0.00, 0.00, 0.00, 0.00
3751, 0, 141.396, 0.93, 1, 0.17, 0.00, 0.00, 0.00, 0.00, 0.00, 0.03, 1.40, 0.21, 0.29, 0.00, 0.00, 0.00, 0.07, 0.34, 0.76, 0.06, 1.00, 0.00, 0.00, 1.00, 0.00, 0.00, 0.00, 0.00, 1.00, 0.00, 0.00, 0.00, 0.00, 1.00, 0.00, 0.00, 0.00, 0.00
3752, 0, 141.434, 0.93, 1, 0.31, 0.00, 0.04, 0.00, 0.00, 0.00, 0.04, 1.20, 0.05, 0.00, 0.00, 0.00, 0.12, 0.16, 0.37, 0.71, 0.00, 0.00, 0.00, 1.00, 1.00, 0.00, 0.00, 0.00, 0.00, 1.00, 0.00, 0.00, 0.00, 0.00, 1.00, 0.00, 0.00, 0.00, 0.00
3753, 0, 141.472, 0.93, 1, 0.22, 0.00, 0.04, 0.00, 0.00, 0.00, 0.04, 1.45, 0.10, 0.00, 0.02, 0.17, 0.27, 0.26, 0.20, 0.76, 0.00, 1.00, 0.00, 1.00, 1.00, 0.00, 0.00, 0.00, 0.00, 1.00, 0.00, 0.00, 0.00, 0.00, 1.00, 0.00, 0.00, 0.00, 0.00
3754, 0, 141.509, 0.88, 1, 0.27, 0.00, 0.04, 0.00, 0.00, 0.00, 0.04, 1.64, 0.17, 0.00, 0.05, 0.33, 0.42, 0.28, 0.11, 0.74, 0.00, 1.00, 0.00, 1.00, 1.00, 0.00, 0.00, 0.00, 0.00, 1.00, 0.00, 0.00, 0.00, 0.00, 1.00, 0.00, 0.00, 0.00, 0.00
3755, 0, 141.547, 0.88, 1, 0.22, 0.00, 0.00, 0.11, 0.00, 0.00, 0.00, 1.68, 0.22, 0.44, 0.05, 0.46, 0.30, 0.24, 0.13, 0.65, 0.00, 1.00, 0.00, 1.00, 1.00, 0.00, 0.00, 0.00, 0.00, 1.00, 0.00, 0.00, 0.00, 0.00, 1.00, 0.00, 0.00, 0.00, 0.00
3756, 0, 141.585, 0.93, 1, 0.17, 0.00, 0.00, 0.11, 0.00, 0.00, 0.00, 1.48, 0.21, 0.87, 0.03, 0.42, 0.15, 0.22, 0.12, 0.62, 0.02, 1.00, 0.00, 1.00, 1.00, 0.00, 0.00, 0.00, 1.00, 1.00, 1.00, 0.00, 0.00, 0.00, 1.00, 0.00, 0.00, 0.00, 0.00
3757, 0, 141.622, 0.93, 1, 0.19, 0.00, 0.00, 0.11, 0.00, 0.00, 0.00, 1.24, 0.25, 1.48, 0.00, 0.28, 0.00, 0.19, 0.27, 0.66, 0.12, 1.00, 0.00, 1.00, 1.00, 0.00, 0.00, 0.00, 1.00, 1.00, 1.00, 0.00, 0.00, 0.00, 1.00, 0.00, 0.00, 0.00, 0.00
3758, 0, 141.660, 0.88, 1, 0.14, 0.00, 0.00, 0.00, 0.00, 0.00, 0.00, 1.11, 0.22, 1.42, 0.00, 0.14, 0.14, 0.13, 0.66, 0.82, 0.12, 1.00, 0.00, 1.00, 1.00, 0.00, 0.00, 0.00, 1.00, 1.00, 1.00, 0.00, 0.00, 0.00, 1.00, 0.00, 0.00, 0.00, 0.00
3759, 0, 141.698, 0.93, 1, 0.30, 0.00, 0.00, 0.00, 0.00, 0.00, 0.00, 1.13, 0.20, 1.45, 0.00, 0.01, 0.14, 0.07, 0.86, 0.95, 0.10, 1.00, 0.00, 1.00, 1.00, 0.00, 0.00, 0.00, 1.00, 1.00, 1.00, 0.00, 0.00, 0.00, 1.00, 0.00, 0.00, 0.00, 0.00
3760, 0, 141.735, 0.88, 1, 0.36, 0.00, 0.00, 0.00, 0.00, 0.00, 0.00, 1.50, 0.27, 1.06, 0.00, 0.35, 0.14, 0.10, 0.71, 0.86, 0.00, 1.00, 0.00, 1.00, 1.00, 0.00, 0.00, 0.00, 1.00, 1.00, 1.00, 0.00, 0.00, 0.00, 1.00, 0.00, 0.00, 0.00, 0.00
3761, 0, 141.773, 0.88, 1, 0.39, 0.00, 0.00, 0.00, 0.00, 0.00, 0.04, 2.00, 0.48, 0.79, 0.04, 0.85, 0.00, 0.18, 0.28, 0.76, 0.09, 1.00, 0.00, 1.00, 1.00, 0.00, 0.00, 0.00, 1.00, 1.00, 0.00, 1.00, 0.00, 0.00, 1.00, 0.00, 0.00, 0.00, 0.00
3762, 0, 141.811, 0.98, 1, 0.31, 0.00, 0.00, 0.00, 0.00, 0.00, 0.16, 2.34, 0.69, 0.44, 0.04, 1.12, 0.00, 0.24, 0.21, 0.53, 0.18, 1.00, 0.00, 0.00, 1.00, 0.00, 0.00, 0.00, 1.00, 1.00, 0.00, 1.00, 0.00, 0.00, 1.00, 0.00, 0.00, 0.00, 0.00
3763, 0, 141.849, 0.93, 1, 0.30, 0.00, 0.00, 0.00, 0.00, 0.00, 0.16, 2.47, 0.68, 0.40, 0.04, 1.15, 0.00, 0.19, 0.23, 0.43, 0.34, 1.00, 0.00, 0.00, 1.00, 0.00, 0.00, 0.00, 1.00, 1.00, 0.00, 1.00, 0.00, 0.00, 1.00, 0.00, 0.00, 0.00, 0.00
3764, 0, 141.886, 0.93, 1, 0.28, 0.00, 0.00, 0.00, 0.00, 0.00, 0.11, 2.29, 0.59, 0.29, 0.12, 1.14, 0.00, 0.17, 0.48, 0.39, 0.41, 0.00, 0.00, 1.00, 1.00, 0.00, 0.00, 0.00, 1.00, 1.00, 0.00, 1.00, 0.00, 0.00, 1.00, 0.00, 0.00, 0.00, 0.00
3765, 0, 141.924, 0.93, 1, 0.25, 0.00, 0.00, 0.00, 0.00, 0.00, 0.00, 2.06, 0.42, 0.20, 0.12, 0.99, 0.00, 0.23, 0.42, 0.46, 0.32, 0.00, 0.00, 1.00, 1.00, 0.00, 0.00, 0.00, 1.00, 1.00, 0.00, 1.00, 0.00, 0.00, 1.00, 0.00, 0.00, 0.00, 0.00
3766, 0, 141.962, 0.93, 1, 0.17, 0.00, 0.00, 0.00, 0.00, 0.00, 0.00, 1.76, 0.31, 0.06, 0.12, 0.71, 0.00, 0.33, 0.37, 0.54, 0.17, 0.00, 0.00, 0.00, 1.00, 0.00, 0.00, 0.00, 1.00, 1.00, 0.00, 1.00, 0.00, 0.00, 1.00, 0.00, 0.00, 0.00, 0.00
3767, 0, 141.999, 0.93, 1, 0.22, 0.00, 0.00, 0.00, 0.00, 0.00, 0.00, 1.72, 0.34, 0.06, 0.00, 0.51, 0.00, 0.34, 0.23, 0.40, 0.00, 1.00, 0.00, 1.00, 1.00, 0.00, 0.00, 0.00, 1.00, 1.00, 0.00, 1.00, 0.00, 0.00, 1.00, 0.00, 0.00, 0.00, 0.00
3768, 0, 142.037, 0.93, 1, 0.17, 0.00, 0.00, 0.00, 0.00, 0.00, 0.03, 1.71, 0.35, 0.09, 0.00, 0.53, 0.00, 0.30, 0.17, 0.31, 0.04, 0.00, 0.00, 1.00, 1.00, 0.00, 0.00, 0.00, 1.00, 1.00, 0.00, 1.00, 0.00, 0.00, 1.00, 0.00, 0.00, 0.00, 0.00
3769, 0, 142.075, 0.93, 1, 0.34, 0.00, 0.00, 0.00, 0.02, 0.00, 0.14, 1.67, 0.34, 0.40, 0.00, 0.63, 0.00, 0.25, 0.12, 0.12, 0.04, 0.00, 0.00, 1.00, 1.00, 0.00, 0.00, 0.00, 1.00, 1.00, 0.00, 1.00, 0.00, 0.00, 1.00, 0.00, 0.00, 0.00, 0.00
3770, 0, 142.113, 0.93, 1, 0.34, 0.00, 0.00, 0.00, 0.02, 0.00, 0.14, 1.54, 0.30, 0.46, 0.01, 0.34, 0.00, 0.31, 0.06, 0.27, 0.16, 0.00, 0.00, 0.00, 1.00, 0.00, 0.00, 0.00, 1.00, 1.00, 0.00, 1.00, 0.00, 0.00, 1.00, 0.00, 0.00, 0.00, 0.00
3771, 0, 142.150, 0.88, 1, 0.48, 0.00, 0.00, 0.00, 0.02, 0.00, 0.11, 1.51, 0.34, 0.46, 0.01, 0.22, 0.00, 0.35, 0.09, 0.30, 0.18, 0.00, 0.00, 0.00, 1.00, 0.00, 0.00, 0.00, 1.00, 1.00, 0.00, 1.00, 0.00, 0.00, 1.00, 0.00, 0.00, 0.00, 0.00
3772, 0, 142.188, 0.88, 1, 0.31, 0.00, 0.00, 0.00, 0.00, 0.00, 0.00, 1.50, 0.34, 0.11, 0.01, 0.13, 0.00, 0.26, 0.19, 0.51, 0.29, 0.00, 0.00, 0.00, 1.00, 0.00, 0.00, 0.00, 0.00, 1.00, 0.00, 1.00, 0.00, 0.00, 1.00, 0.00, 0.00, 0.00, 0.00
3773, 0, 142.226, 0.88, 1, 0.22, 0.00, 0.00, 0.00, 0.00, 0.00, 0.09, 1.36, 0.30, 0.21, 0.00, 0.33, 0.00, 0.13, 0.14, 0.69, 0.24, 0.00, 0.00, 0.00, 1.00, 0.00, 0.00, 0.00, 0.00, 1.00, 0.00, 1.00, 0.00, 0.00, 1.00, 0.00, 0.00, 0.00, 0.00
3774, 0, 142.263, 0.93, 1, 0.08, 0.00, 0.00, 0.00, 0.00, 0.00, 0.09, 1.13, 0.23, 0.16, 0.00, 0.58, 0.00, 0.00, 0.20, 0.88, 0.33, 0.00, 0.00, 0.00, 1.00, 0.00, 0.00, 0.00, 0.00, 1.00, 0.00, 0.00, 0.00, 0.00, 1.00, 0.00, 0.00, 0.00, 0.00
3775, 0, 142.301, 0.98, 1, 0.04, 0.14, 0.00, 0.00, 0.00, 0.00, 0.09, 0.88, 0.25, 0.27, 0.00, 0.47, 0.00, 0.00, 0.38, 0.85, 0.32, 0.00, 0.00, 0.00, 1.00, 0.00, 0.00, 0.00, 0.00, 1.00, 0.00, 0.00, 1.00, 0.00, 1.00, 0.00, 0.00, 0.00, 0.00
3776, 0, 142.339, 0.98, 1, 0.02, 0.32, 0.00, 0.00, 0.00, 0.00, 0.00, 0.76, 0.28, 0.14, 0.07, 0.44, 0.00, 0.00, 0.56, 0.70, 0.37, 0.00, 0.00, 0.00, 1.00, 0.00, 0.00, 0.00, 0.00, 1.00, 0.00, 0.00, 1.00, 0.00, 1.00, 0.00, 0.00, 0.00, 0.00
3777, 0, 142.376, 0.98, 1, 0.02, 0.42, 0.00, 0.00, 0.00, 0.00, 0.01, 0.72, 0.34, 0.18, 0.07, 0.31, 0.00, 0.00, 0.60, 0.56, 0.33, 0.00, 0.00, 0.00, 1.00, 0.00, 0.00, 0.00, 0.00, 1.00, 0.00, 0.00, 1.00, 0.00, 1.00, 0.00, 0.00, 0.00, 0.00
3778, 0, 142.414, 0.98, 1, 0.05, 0.28, 0.00, 0.01, 0.00, 0.00, 0.02, 0.68, 0.42, 0.12, 0.07, 0.42, 0.00, 0.00, 0.38, 0.60, 0.34, 0.00, 0.00, 0.00, 1.00, 0.00, 0.00, 0.00, 0.00, 1.00, 0.00, 0.00, 1.00, 0.00, 1.00, 0.00, 0.00, 0.00, 0.00
3779, 0, 142.452, 0.98, 1, 0.09, 0.09, 0.00, 0.02, 0.00, 0.00, 0.02, 0.65, 0.49, 0.08, 0.00, 0.36, 0.00, 0.00, 0.35, 0.72, 0.36, 0.00, 0.00, 0.00, 1.00, 0.00, 0.00, 0.00, 0.00, 1.00, 0.00, 0.00, 0.00, 0.00, 1.00, 1.00, 0.00, 0.00, 0.00
3780, 0, 142.490, 0.93, 1, 0.09, 0.00, 0.00, 0.02, 0.00, 0.00, 0.02, 0.44, 0.46, 0.04, 0.22, 0.22, 0.00, 0.00, 0.72, 0.79, 0.32, 0.00, 0.00, 0.00, 1.00, 0.00, 0.00, 0.00, 0.00, 1.00, 0.00, 0.00, 0.00, 0.00, 1.00, 1.00, 0.00, 0.00, 0.00
3781, 0, 142.527, 0.88, 1, 0.06, 0.00, 0.00, 0.02, 0.00, 0.00, 0.00, 0.25, 0.40, 0.00, 0.22, 0.11, 0.00, 0.00, 1.03, 0.93, 0.34, 0.00, 0.00, 0.00, 1.00, 0.00, 0.00, 0.00, 0.00, 0.00, 0.00, 0.00, 0.00, 0.00, 0.00, 1.00, 0.00, 0.00, 0.00
3782, 0, 142.565, 0.88, 1, 0.00, 0.00, 0.00, 0.07, 0.00, 0.00, 0.00, 0.18, 0.33, 0.00, 0.22, 0.01, 0.00, 0.00, 1.24, 0.89, 0.21, 0.00, 0.00, 0.00, 1.00, 0.00, 0.00, 0.00, 0.00, 0.00, 0.00, 0.00, 0.00, 0.00, 0.00, 1.00, 0.00, 0.00, 0.00
3783, 0, 142.603, 0.98, 1, 0.00, 0.00, 0.00, 0.07, 0.00, 0.00, 0.00, 0.25, 0.36, 0.00, 0.00, 0.00, 0.00, 0.00, 1.01, 0.98, 0.25, 0.00, 0.00, 0.00, 1.00, 0.00, 0.00, 0.00, 0.00, 0.00, 0.00, 0.00, 0.00, 0.00, 0.00, 1.00, 0.00, 0.00, 0.00
3784, 0, 142.640, 0.98, 1, 0.00, 0.00, 0.00, 0.14, 0.00, 0.00, 0.00, 0.38, 0.36, 0.00, 0.00, 0.00, 0.00, 0.00, 0.79, 0.95, 0.14, 0.00, 0.00, 0.00, 1.00, 0.00, 0.00, 0.00, 0.00, 0.00, 0.00, 0.00, 0.00, 0.00, 0.00, 1.00, 0.00, 0.00, 0.00
3785, 0, 142.678, 0.98, 1, 0.03, 0.02, 0.00, 0.06, 0.00, 0.00, 0.00, 0.47, 0.33, 0.00, 0.05, 0.28, 0.00, 0.02, 0.43, 0.71, 0.14, 0.00, 0.00, 0.00, 1.00, 0.00, 0.00, 0.00, 0.00, 0.00, 0.00, 0.00, 0.00, 0.00, 0.00, 0.00, 0.00, 0.00, 0.00
3786, 0, 142.716, 0.98, 1, 0.03, 0.02, 0.00, 0.06, 0.00, 0.00, 0.00, 0.65, 0.28, 0.00, 0.11, 0.55, 0.00, 0.04, 0.21, 0.35, 0.04, 0.00, 0.00, 0.00, 1.00, 0.00, 0.00, 0.00, 0.00, 0.00, 0.00, 0.00, 0.00, 0.00, 0.00, 0.00, 0.00, 0.00, 0.00
3787, 0, 142.754, 0.98, 1, 0.03, 0.02, 0.00, 0.00, 0.00, 0.00, 0.00, 0.83, 0.21, 0.00, 0.20, 0.82, 0.00, 0.04, 0.10, 0.13, 0.00, 0.00, 0.00, 0.00, 1.00, 0.00, 0.00, 0.00, 0.00, 0.00, 0.00, 0.00, 0.00, 0.00, 0.00, 0.00, 0.00, 0.00, 0.00
3788, 0, 142.791, 0.98, 1, 0.00, 0.00, 0.00, 0.02, 0.00, 0.00, 0.00, 0.81, 0.23, 0.04, 0.15, 0.66, 0.00, 0.02, 0.10, 0.17, 0.01, 0.00, 0.00, 0.00, 1.00, 0.00, 0.00, 0.00, 0.00, 0.00, 0.00, 0.00, 0.00, 0.00, 0.00, 0.00, 0.00, 0.00, 0.00
3789, 0, 142.829, 0.98, 1, 0.00, 0.00, 0.00, 0.02, 0.00, 0.00, 0.02, 0.86, 0.24, 0.04, 0.09, 0.39, 0.00, 0.00, 0.11, 0.21, 0.03, 0.00, 0.00, 0.00, 1.00, 0.00, 0.00, 0.00, 0.00, 0.00, 0.00, 0.00, 0.00, 0.00, 1.00, 0.00, 0.00, 0.00, 0.00
3790, 0, 142.867, 0.98, 1, 0.05, 0.05, 0.00, 0.12, 0.00, 0.00, 0.02, 0.91, 0.25, 0.04, 0.14, 0.38, 0.00, 0.00, 0.10, 0.16, 0.08, 0.00, 0.00, 0.00, 1.00, 0.00, 0.00, 0.00, 0.00, 0.00, 0.00, 0.00, 0.00, 0.00, 1.00, 0.00, 0.00, 0.00, 0.00
3791, 0, 142.904, 0.98, 1, 0.18, 0.27, 0.00, 0.25, 0.00, 0.00, 0.03, 1.10, 0.22, 0.05, 0.14, 0.39, 0.00, 0.00, 0.10, 0.10, 0.14, 0.00, 0.00, 0.00, 1.00, 0.00, 0.00, 0.00, 0.00, 0.00, 0.00, 0.00, 0.00, 0.00, 1.00, 0.00, 0.00, 0.00, 0.00
3792, 0, 142.942, 0.98, 1, 0.19, 0.40, 0.00, 0.42, 0.00, 0.00, 0.11, 1.07, 0.17, 0.21, 0.14, 0.46, 0.00, 0.00, 0.05, 0.07, 0.25, 0.00, 1.00, 0.00, 1.00, 0.00, 0.00, 0.00, 0.00, 0.00, 0.00, 0.00, 0.00, 0.00, 0.00, 0.00, 0.00, 0.00, 0.00
3793, 0, 142.980, 0.98, 1, 0.14, 0.58, 0.00, 0.46, 0.00, 0.00, 0.15, 1.07, 0.11, 0.21, 0.02, 0.37, 0.00, 0.00, 0.00, 0.00, 0.35, 0.00, 1.00, 0.00, 1.00, 0.00, 0.00, 0.00, 0.00, 0.00, 0.00, 0.00, 0.00, 0.00, 0.00, 0.00, 0.00, 0.00, 0.00
3794, 0, 143.017, 0.98, 1, 0.01, 0.64, 0.00, 0.49, 0.00, 0.00, 0.20, 1.04, 0.05, 0.16, 0.02, 0.40, 0.00, 0.00, 0.00, 0.00, 0.39, 0.00, 1.00, 0.00, 1.00, 0.00, 0.00, 0.00, 0.00, 0.00, 0.00, 0.00, 0.00, 0.00, 0.00, 0.00, 0.00, 0.00, 0.00
3795, 0, 143.055, 0.98, 1, 0.00, 0.51, 0.00, 0.54, 0.00, 0.00, 0.10, 1.10, 0.15, 0.00, 0.04, 0.38, 0.00, 0.00, 0.00, 0.00, 0.41, 0.00, 0.00, 0.00, 1.00, 0.00, 0.00, 0.00, 0.00, 0.00, 0.00, 0.00, 0.00, 0.00, 0.00, 0.00, 0.00, 0.00, 0.00
3796, 0, 143.093, 0.98, 1, 0.00, 0.28, 0.00, 0.51, 0.00, 0.00, 0.05, 1.13, 0.24, 0.00, 0.11, 0.26, 0.00, 0.00, 0.00, 0.00, 0.35, 0.00, 0.00, 0.00, 1.00, 0.00, 0.00, 0.00, 0.00, 0.00, 0.00, 0.00, 0.00, 0.00, 0.00, 0.00, 0.00, 0.00, 0.00
3797, 0, 143.131, 0.98, 1, 0.00, 0.00, 0.00, 0.46, 0.00, 0.00, 0.03, 1.17, 0.29, 0.00, 0.13, 0.18, 0.00, 0.00, 0.00, 0.00, 0.24, 0.00, 0.00, 0.00, 1.00, 0.00, 0.00, 0.00, 0.00, 0.00, 0.00, 0.00, 0.00, 0.00, 0.00, 0.00, 0.00, 0.00, 0.00
3798, 0, 143.168, 0.98, 1, 0.00, 0.00, 0.00, 0.32, 0.00, 0.00, 0.03, 1.21, 0.27, 0.00, 0.23, 0.15, 0.00, 0.00, 0.00, 0.00, 0.21, 0.00, 0.00, 0.00, 1.00, 0.00, 0.00, 0.00, 0.00, 0.00, 0.00, 0.00, 0.00, 0.00, 0.00, 0.00, 0.00, 0.00, 0.00
3799, 0, 143.206, 0.98, 1, 0.00, 0.00, 0.00, 0.44, 0.00, 0.00, 0.04, 1.21, 0.21, 0.00, 0.15, 0.09, 0.00, 0.00, 0.00, 0.00, 0.14, 0.00, 0.00, 0.00, 1.00, 0.00, 0.00, 0.00, 0.00, 0.00, 0.00, 0.00, 0.00, 0.00, 0.00, 0.00, 0.00, 0.00, 0.00
3800, 0, 143.244, 0.98, 1, 0.02, 0.00, 0.00, 0.35, 0.00, 0.00, 0.01, 1.18, 0.24, 0.23, 0.12, 0.14, 0.00, 0.00, 0.00, 0.00, 0.14, 0.00, 0.00, 0.00, 1.00, 0.00, 0.00, 0.00, 0.00, 0.00, 0.00, 0.00, 0.00, 0.00, 0.00, 0.00, 0.00, 0.00, 0.00
3801, 0, 143.281, 0.98, 1, 0.02, 0.00, 0.00, 0.28, 0.00, 0.00, 0.04, 1.26, 0.25, 0.51, 0.00, 0.32, 0.00, 0.00, 0.00, 0.12, 0.02, 0.00, 0.00, 0.00, 1.00, 0.00, 0.00, 0.00, 0.00, 0.00, 0.00, 0.00, 1.00, 0.00, 0.00, 0.00, 0.00, 0.00, 0.00
3802, 0, 143.319, 0.98, 1, 0.02, 0.00, 0.00, 0.06, 0.00, 0.00, 0.04, 1.36, 0.26, 0.68, 0.00, 0.53, 0.10, 0.00, 0.00, 0.23, 0.00, 0.00, 0.00, 0.00, 1.00, 0.00, 0.00, 0.00, 0.00, 0.00, 0.00, 0.00, 1.00, 0.00, 1.00, 0.00, 0.00, 0.00, 0.00
3803, 0, 143.357, 0.98, 1, 0.00, 0.00, 0.00, 0.00, 0.00, 0.00, 0.10, 1.38, 0.24, 0.66, 0.00, 0.57, 0.10, 0.00, 0.00, 0.31, 0.01, 0.00, 0.00, 0.00, 1.00, 0.00, 0.00, 0.00, 0.00, 0.00, 0.00, 0.00, 1.00, 0.00, 1.00, 0.00, 0.00, 0.00, 0.00
3804, 0, 143.395, 0.98, 1, 0.00, 0.00, 0.00, 0.09, 0.00, 0.00, 0.14, 1.34, 0.18, 0.66, 0.00, 0.46, 0.10, 0.00, 0.00, 0.20, 0.01, 0.00, 0.00, 0.00, 1.00, 0.00, 0.00, 0.00, 0.00, 0.00, 0.00, 0.00, 1.00, 0.00, 1.00, 0.00, 0.00, 0.00, 0.00
3805, 0, 143.432, 0.98, 1, 0.00, 0.19, 0.00, 0.09, 0.00, 0.00, 0.14, 1.30, 0.25, 0.49, 0.20, 0.35, 0.00, 0.00, 0.18, 0.19, 0.06, 0.00, 0.00, 0.00, 1.00, 0.00, 0.00, 0.00, 0.00, 1.00, 0.00, 0.00, 1.00, 0.00, 1.00, 0.00, 0.00, 0.00, 0.00
3806, 0, 143.470, 0.98, 1, 0.00, 0.34, 0.00, 0.09, 0.00, 0.00, 0.11, 1.30, 0.29, 0.29, 0.45, 0.28, 0.00, 0.00, 0.39, 0.23, 0.06, 0.00, 0.00, 0.00, 1.00, 0.00, 0.00, 0.00, 0.00, 1.00, 0.00, 0.00, 0.00, 0.00, 0.00, 0.00, 0.00, 0.00, 0.00
3807, 0, 143.508, 0.98, 1, 0.05, 0.48, 0.00, 0.12, 0.01, 0.00, 0.06, 1.27, 0.37, 0.04, 0.66, 0.45, 0.00, 0.00, 0.49, 0.35, 0.14, 0.00, 1.00, 0.00, 1.00, 0.00, 0.00, 0.00, 0.00, 1.00, 0.00, 0.00, 0.00, 0.00, 0.00, 0.00, 0.00, 0.00, 0.00
3808, 0, 143.545, 0.98, 1, 0.05, 0.36, 0.00, 0.21, 0.01, 0.00, 0.06, 1.17, 0.42, 0.05, 0.46, 0.45, 0.00, 0.00, 0.36, 0.43, 0.14, 0.00, 1.00, 0.00, 1.00, 0.00, 0.00, 0.00, 0.00, 1.00, 0.00, 0.00, 0.00, 0.00, 0.00, 0.00, 0.00, 0.00, 0.00
3809, 0, 143.583, 0.98, 1, 0.05, 0.26, 0.00, 0.29, 0.03, 0.00, 0.10, 1.10, 0.47, 0.09, 0.21, 0.40, 0.00, 0.00, 0.15, 0.36, 0.14, 0.00, 0.00, 0.00, 1.00, 0.00, 0.00, 0.00, 0.00, 1.00, 0.00, 0.00, 0.00, 0.00, 0.00, 0.00, 0.00, 0.00, 0.00
3810, 0, 143.621, 0.98, 1, 0.00, 0.12, 0.00, 0.17, 0.02, 0.00, 0.18, 1.00, 0.49, 0.12, 0.00, 0.41, 0.00, 0.03, 0.06, 0.26, 0.21, 0.00, 0.00, 0.00, 1.00, 0.00, 0.00, 0.00, 0.00, 1.00, 0.00, 0.00, 0.00, 0.00, 0.00, 0.00, 0.00, 0.00, 0.00
3811, 0, 143.658, 0.98, 1, 0.00, 0.04, 0.00, 0.11, 0.05, 0.00, 0.23, 1.04, 0.36, 0.21, 0.15, 0.40, 0.00, 0.03, 0.00, 0.14, 0.17, 0.00, 0.00, 0.00, 1.00, 0.00, 0.00, 0.00, 0.00, 1.00, 0.00, 0.00, 1.00, 0.00, 0.00, 0.00, 0.00, 0.00, 0.00
3812, 0, 143.696, 0.98, 1, 0.00, 0.00, 0.00, 0.03, 0.09, 0.00, 0.22, 1.08, 0.25, 0.23, 0.26, 0.41, 0.00, 0.03, 0.00, 0.18, 0.23, 0.00, 0.00, 0.00, 1.00, 0.00, 0.00, 0.00, 0.00, 0.00, 0.00, 0.00, 0.00, 0.00, 0.00, 0.00, 0.00, 0.00, 0.00
3813, 0, 143.734, 0.98, 1, 0.04, 0.07, 0.00, 0.04, 0.11, 0.01, 0.23, 1.16, 0.13, 0.18, 0.26, 0.17, 0.00, 0.00, 0.00, 0.26, 0.09, 0.00, 0.00, 0.00, 1.00, 0.00, 0.00, 0.00, 0.00, 0.00, 0.00, 0.00, 0.00, 0.00, 0.00, 0.00, 0.00, 0.00, 0.00
3814, 0, 143.772, 0.98, 1, 0.05, 0.18, 0.00, 0.01, 0.08, 0.01, 0.19, 1.05, 0.15, 0.17, 0.13, 0.16, 0.00, 0.00, 0.11, 0.35, 0.06, 0.00, 0.00, 0.00, 1.00, 0.00, 0.00, 0.00, 0.00, 0.00, 0.00, 0.00, 0.00, 0.00, 0.00, 0.00, 0.00, 0.00, 0.00
3815, 0, 143.809, 0.98, 1, 0.05, 0.18, 0.02, 0.21, 0.02, 0.01, 0.28, 1.12, 0.26, 0.11, 0.02, 0.19, 0.00, 0.00, 0.15, 0.24, 0.00, 0.00, 0.00, 0.00, 1.00, 0.00, 0.00, 0.00, 0.00, 0.00, 0.00, 0.00, 0.00, 0.00, 0.00, 0.00, 0.00, 0.00, 0.00
3816, 0, 143.847, 0.98, 1, 0.00, 0.21, 0.02, 0.35, 0.00, 0.02, 0.30, 1.14, 0.36, 0.08, 0.02, 0.19, 0.00, 0.00, 0.17, 0.14, 0.00, 0.00, 1.00, 0.00, 1.00, 0.00, 0.00, 0.00, 0.00, 1.00, 0.00, 0.00, 0.00, 0.00, 0.00, 0.00, 0.00, 0.00, 0.00
3817, 0, 143.885, 0.98, 1, 0.03, 0.16, 0.02, 0.43, 0.00, 0.16, 0.43, 1.36, 0.40, 0.08, 0.00, 0.31, 0.00, 0.00, 0.05, 0.00, 0.00, 0.00, 1.00, 0.00, 1.00, 0.00, 0.00, 0.00, 0.00, 1.00, 0.00, 0.00, 0.00, 0.00, 0.00, 0.00, 0.00, 0.00, 0.00
3818, 0, 143.922, 0.98, 1, 0.03, 0.28, 0.00, 0.29, 0.00, 0.16, 0.42, 1.40, 0.33, 0.08, 0.00, 0.36, 0.00, 0.00, 0.03, 0.00, 0.00, 0.00, 1.00, 0.00, 1.00, 0.00, 0.00, 0.00, 0.00, 1.00, 0.00, 0.00, 0.00, 0.00, 0.00, 0.00, 0.00, 0.00, 0.00
3819, 0, 143.960, 0.98, 1, 0.03, 0.47, 0.00, 0.30, 0.00, 0.14, 0.43, 1.49, 0.24, 0.08, 0.00, 0.40, 0.00, 0.00, 0.11, 0.00, 0.00, 0.00, 1.00, 0.00, 1.00, 0.00, 0.00, 0.00, 0.00, 1.00, 0.00, 0.00, 0.00, 0.00, 0.00, 0.00, 0.00, 0.00, 0.00
3820, 0, 143.998, 0.98, 1, 0.00, 0.40, 0.00, 0.44, 0.00, 0.00, 0.30, 1.44, 0.23, 0.19, 0.36, 0.52, 0.00, 0.00, 0.13, 0.07, 0.00, 0.00, 0.00, 0.00, 1.00, 0.00, 0.00, 0.00, 0.00, 1.00, 0.00, 0.00, 0.00, 0.00, 0.00, 0.00, 0.00, 0.00, 0.00
3821, 0, 144.036, 0.98, 1, 0.00, 0.28, 0.00, 0.59, 0.00, 0.00, 0.27, 1.39, 0.26, 0.39, 0.76, 0.55, 0.00, 0.00, 0.12, 0.07, 0.00, 0.00, 0.00, 0.00, 1.00, 0.00, 0.00, 0.00, 0.00, 1.00, 0.00, 0.00, 0.00, 0.00, 0.00, 0.00, 0.00, 0.00, 0.00
3822, 0, 144.073, 0.98, 1, 0.00, 0.00, 0.00, 0.72, 0.00, 0.00, 0.23, 1.30, 0.37, 0.64, 1.08, 0.56, 0.00, 0.00, 0.02, 0.07, 0.00, 0.00, 0.00, 0.00, 1.00, 0.00, 0.00, 0.00, 0.00, 1.00, 0.00, 0.00, 0.00, 0.00, 0.00, 0.00, 0.00, 0.00, 0.00
3823, 0, 144.111, 0.98, 1, 0.00, 0.00, 0.00, 0.68, 0.00, 0.00, 0.29, 1.29, 0.35, 0.63, 1.10, 0.26, 0.00, 0.00, 0.00, 0.00, 0.00, 0.00, 0.00, 0.00, 1.00, 0.00, 0.00, 0.00, 0.00, 1.00, 0.00, 0.00, 0.00, 0.00, 0.00, 0.00, 0.00, 0.00, 0.00
3824, 0, 144.149, 0.98, 1, 0.00, 0.05, 0.00, 0.62, 0.00, 0.00, 0.32, 1.22, 0.29, 0.67, 0.70, 0.08, 0.00, 0.00, 0.00, 0.00, 0.00, 0.00, 0.00, 0.00, 1.00, 0.00, 0.00, 0.00, 0.00, 1.00, 0.00, 0.00, 0.00, 0.00, 1.00, 0.00, 0.00, 0.00, 0.00
3825, 0, 144.186, 0.98, 1, 0.00, 0.05, 0.00, 0.32, 0.00, 0.00, 0.22, 1.24, 0.26, 0.57, 0.46, 0.14, 0.00, 0.01, 0.02, 0.00, 0.01, 0.00, 0.00, 0.00, 1.00, 0.00, 0.00, 0.00, 0.00, 1.00, 0.00, 0.00, 0.00, 0.00, 1.00, 0.00, 0.00, 0.00, 0.00
3826, 0, 144.224, 0.98, 1, 0.00, 0.05, 0.00, 0.14, 0.00, 0.00, 0.14, 1.28, 0.33, 0.48, 0.16, 0.21, 0.00, 0.01, 0.05, 0.01, 0.01, 0.00, 0.00, 0.00, 1.00, 0.00, 0.00, 0.00, 0.00, 0.00, 0.00, 0.00, 0.00, 0.00, 1.00, 0.00, 0.00, 0.00, 0.00
3827, 0, 144.262, 0.98, 1, 0.00, 0.00, 0.00, 0.00, 0.00, 0.00, 0.00, 1.38, 0.42, 0.28, 0.59, 0.30, 0.00, 0.04, 0.05, 0.10, 0.01, 0.00, 0.00, 0.00, 1.00, 0.00, 0.00, 0.00, 0.00, 0.00, 0.00, 0.00, 0.00, 0.00, 0.00, 0.00, 0.00, 0.00, 0.00
3828, 0, 144.299, 0.98, 1, 0.00, 0.00, 0.00, 0.00, 0.00, 0.00, 0.06, 1.33, 0.50, 0.24, 0.63, 0.25, 0.00, 0.09, 0.09, 0.21, 0.03, 0.00, 0.00, 0.00, 1.00, 0.00, 0.00, 0.00, 0.00, 0.00, 0.00, 0.00, 0.00, 0.00, 0.00, 0.00, 0.00, 0.00, 0.00
3829, 0, 144.337, 0.98, 1, 0.00, 0.00, 0.00, 0.00, 0.00, 0.00, 0.10, 1.18, 0.56, 0.22, 0.55, 0.40, 0.00, 0.15, 0.19, 0.39, 0.03, 0.00, 0.00, 0.00, 1.00, 0.00, 0.00, 0.00, 0.00, 0.00, 0.00, 0.00, 0.00, 0.00, 0.00, 0.00, 0.00, 0.00, 0.00
3830, 0, 144.375, 0.98, 1, 0.00, 0.00, 0.00, 0.00, 0.00, 0.00, 0.15, 1.10, 0.62, 0.24, 0.22, 0.40, 0.00, 0.11, 0.21, 0.42, 0.03, 0.00, 0.00, 0.00, 1.00, 0.00, 0.00, 0.00, 0.00, 1.00, 0.00, 0.00, 0.00, 0.00, 0.00, 0.00, 0.00, 0.00, 0.00
3831, 0, 144.413, 0.98, 1, 0.00, 0.00, 0.00, 0.00, 0.02, 0.00, 0.14, 1.07, 0.66, 0.28, 0.11, 0.33, 0.00, 0.06, 0.28, 0.48, 0.00, 0.00, 0.00, 0.00, 1.00, 0.00, 0.00, 0.00, 0.00, 1.00, 0.00, 0.00, 0.00, 0.00, 0.00, 0.00, 0.00, 0.00, 0.00
3832, 0, 144.450, 0.98, 1, 0.00, 0.00, 0.00, 0.00, 0.10, 0.00, 0.14, 1.20, 0.68, 0.21, 0.21, 0.13, 0.00, 0.00, 0.27, 0.50, 0.00, 0.00, 0.00, 0.00, 1.00, 0.00, 0.00, 0.00, 0.00, 1.00, 0.00, 0.00, 0.00, 0.00, 0.00, 0.00, 0.00, 0.00, 0.00
3833, 0, 144.488, 0.98, 1, 0.00, 0.00, 0.00, 0.00, 0.12, 0.00, 0.15, 1.26, 0.67, 0.17, 0.33, 0.14, 0.00, 0.00, 0.24, 0.53, 0.00, 0.00, 0.00, 0.00, 1.00, 0.00, 0.00, 0.00, 0.00, 1.00, 0.00, 0.00, 0.00, 0.00, 0.00, 0.00, 0.00, 0.00, 0.00
3834, 0, 144.526, 0.98, 1, 0.00, 0.00, 0.00, 0.00, 0.10, 0.00, 0.20, 1.34, 0.58, 0.13, 0.35, 0.17, 0.00, 0.00, 0.12, 0.50, 0.00, 0.00, 0.00, 0.00, 1.00, 0.00, 0.00, 0.00, 1.00, 1.00, 0.00, 0.00, 0.00, 0.00, 0.00, 0.00, 0.00, 0.00, 0.00
3835, 0, 144.563, 0.98, 1, 0.00, 0.00, 0.00, 0.01, 0.06, 0.00, 0.16, 1.67, 0.57, 0.18, 0.32, 0.57, 0.00, 0.00, 0.00, 0.46, 0.04, 0.00, 0.00, 0.00, 1.00, 0.00, 0.00, 0.00, 1.00, 1.00, 0.00, 0.00, 0.00, 0.00, 1.00, 0.00, 0.00, 0.00, 0.00
3836, 0, 144.601, 0.98, 1, 0.00, 0.00, 0.00, 0.02, 0.08, 0.00, 0.10, 2.00, 0.56, 0.20, 0.31, 0.93, 0.00, 0.00, 0.00, 0.47, 0.05, 0.00, 0.00, 0.00, 1.00, 0.00, 0.00, 0.00, 1.00, 1.00, 0.00, 0.00, 1.00, 0.00, 1.00, 0.00, 0.00, 0.00, 0.00
3837, 0, 144.639, 0.98, 1, 0.00, 0.00, 0.00, 0.08, 0.16, 0.00, 0.00, 2.23, 0.71, 0.28, 0.29, 1.21, 0.00, 0.00, 0.10, 0.33, 0.05, 0.00, 0.00, 0.00, 1.00, 0.00, 0.00, 0.00, 1.00, 1.00, 0.00, 0.00, 1.00, 0.00, 1.00, 0.00, 0.00, 0.00, 0.00
3838, 0, 144.677, 0.88, 1, 0.00, 0.00, 0.00, 0.10, 0.12, 0.00, 0.00, 2.14, 0.71, 0.46, 0.54, 1.10, 0.00, 0.00, 0.32, 0.17, 0.06, 0.00, 0.00, 0.00, 1.00, 0.00, 0.00, 0.00, 1.00, 1.00, 0.00, 0.00, 1.00, 0.00, 1.00, 0.00, 0.00, 0.00, 0.00
3839, 0, 144.714, 0.88, 1, 0.00, 0.00, 0.00, 0.08, 0.09, 0.00, 0.04, 2.06, 0.68, 0.83, 0.34, 0.83, 0.06, 0.02, 0.35, 0.02, 0.19, 0.00, 0.00, 0.00, 1.00, 0.00, 0.00, 0.00, 1.00, 1.00, 0.00, 0.00, 1.00, 0.00, 1.00, 0.00, 0.00, 0.00, 0.00
3840, 0, 144.752, 0.88, 1, 0.04, 0.17, 0.00, 0.02, 0.00, 0.00, 0.04, 1.91, 0.65, 0.67, 0.39, 0.63, 0.06, 0.02, 0.26, 0.14, 0.19, 0.00, 0.00, 0.00, 1.00, 0.00, 0.00, 0.00, 1.00, 1.00, 0.00, 0.00, 1.00, 0.00, 1.00, 0.00, 0.00, 0.00, 0.00
3841, 0, 144.790, 0.88, 1, 0.04, 0.33, 0.00, 0.00, 0.00, 0.00, 0.04, 1.60, 0.66, 0.45, 0.36, 0.52, 0.06, 0.02, 0.03, 0.14, 0.14, 0.00, 0.00, 0.00, 1.00, 0.00, 0.00, 0.00, 1.00, 1.00, 0.00, 0.00, 1.00, 0.00, 1.00, 0.00, 0.00, 0.00, 0.00
3842, 0, 144.827, 0.88, 1, 0.04, 0.42, 0.00, 0.00, 0.00, 0.00, 0.00, 1.24, 0.74, 0.09, 0.37, 0.44, 0.00, 0.00, 0.00, 0.15, 0.00, 0.00, 0.00, 0.00, 1.00, 0.00, 0.00, 0.00, 0.00, 1.00, 0.00, 0.00, 1.00, 0.00, 1.00, 0.00, 0.00, 0.00, 0.00
3843, 0, 144.865, 0.88, 1, 0.00, 0.32, 0.00, 0.00, 0.00, 0.00, 0.02, 0.95, 0.71, 0.06, 0.41, 0.38, 0.00, 0.00, 0.00, 0.06, 0.10, 0.00, 1.00, 0.00, 1.00, 0.00, 0.00, 0.00, 0.00, 1.00, 0.00, 0.00, 0.00, 0.00, 1.00, 0.00, 0.00, 0.00, 0.00
3844, 0, 144.903, 0.88, 1, 0.02, 0.16, 0.00, 0.00, 0.00, 0.00, 0.10, 0.88, 0.69, 0.05, 0.12, 0.28, 0.00, 0.00, 0.00, 0.11, 0.10, 0.00, 1.00, 0.00, 1.00, 0.00, 0.00, 0.00, 0.00, 1.00, 0.00, 0.00, 0.00, 0.00, 1.00, 0.00, 0.00, 0.00, 0.00
3845, 0, 144.940, 0.88, 1, 0.08, 0.07, 0.00, 0.10, 0.00, 0.06, 0.10, 1.06, 0.65, 0.00, 0.11, 0.29, 0.00, 0.00, 0.00, 0.08, 0.21, 0.00, 1.00, 0.00, 1.00, 0.00, 0.00, 0.00, 0.00, 1.00, 0.00, 0.00, 0.00, 0.00, 1.00, 0.00, 0.00, 0.00, 0.00
3846, 0, 144.978, 0.98, 1, 0.22, 0.02, 0.00, 0.10, 0.00, 0.06, 0.08, 1.35, 0.60, 0.00, 0.07, 0.32, 0.00, 0.00, 0.00, 0.05, 0.36, 0.00, 1.00, 0.00, 1.00, 0.00, 0.00, 0.00, 0.00, 1.00, 0.00, 0.00, 0.00, 0.00, 0.00, 0.00, 0.00, 0.00, 0.00
3847, 0, 145.016, 0.98, 1, 0.24, 0.02, 0.00, 0.10, 0.01, 0.08, 0.00, 1.57, 0.61, 0.00, 0.05, 0.31, 0.00, 0.00, 0.00, 0.00, 0.51, 0.00, 1.00, 0.00, 1.00, 0.00, 0.00, 0.00, 0.00, 1.00, 0.00, 0.00, 0.00, 0.00, 1.00, 0.00, 0.00, 0.00, 0.00
3848, 0, 145.054, 0.98, 1, 0.22, 0.02, 0.01, 0.00, 0.01, 0.04, 0.00, 1.66, 0.65, 0.10, 0.26, 0.23, 0.00, 0.00, 0.00, 0.00, 0.48, 0.00, 1.00, 0.00, 1.00, 0.00, 0.00, 0.00, 1.00, 1.00, 0.00, 0.00, 0.00, 0.00, 1.00, 0.00, 0.00, 0.00, 0.00
3849, 0, 145.091, 0.98, 1, 0.09, 0.00, 0.01, 0.00, 0.01, 0.04, 0.00, 1.66, 0.75, 0.22, 0.23, 0.24, 0.00, 0.00, 0.00, 0.00, 0.23, 0.00, 1.00, 0.00, 1.00, 0.00, 0.00, 0.00, 1.00, 1.00, 0.00, 0.00, 0.00, 0.00, 1.00, 0.00, 0.00, 0.00, 0.00
3850, 0, 145.129, 0.98, 1, 0.05, 0.04, 0.01, 0.00, 0.05, 0.02, 0.07, 1.74, 0.76, 0.57, 0.28, 0.17, 0.00, 0.00, 0.00, 0.00, 0.08, 0.00, 1.00, 0.00, 1.00, 0.00, 0.00, 0.00, 1.00, 1.00, 0.00, 0.00, 0.00, 0.00, 1.00, 0.00, 0.00, 0.00, 0.00
3851, 0, 145.167, 0.98, 1, 0.00, 0.04, 0.00, 0.00, 0.05, 0.00, 0.11, 1.76, 0.75, 0.78, 0.34, 0.11, 0.00, 0.00, 0.00, 0.00, 0.00, 0.00, 1.00, 0.00, 1.00, 0.00, 0.00, 0.00, 1.00, 1.00, 0.00, 0.00, 0.00, 0.00, 1.00, 0.00, 0.00, 0.00, 0.00
3852, 0, 145.204, 0.98, 1, 0.00, 0.04, 0.00, 0.00, 0.10, 0.00, 0.22, 1.72, 0.69, 0.95, 0.33, 0.03, 0.00, 0.00, 0.00, 0.00, 0.00, 0.00, 1.00, 0.00, 1.00, 0.00, 0.00, 0.00, 1.00, 1.00, 0.00, 0.00, 0.00, 0.00, 1.00, 0.00, 0.00, 0.00, 0.00
3853, 0, 145.242, 0.98, 1, 0.09, 0.12, 0.00, 0.00, 0.05, 0.00, 0.23, 1.73, 0.66, 0.88, 0.34, 0.00, 0.00, 0.00, 0.00, 0.00, 0.00, 0.00, 0.00, 0.00, 1.00, 0.00, 0.00, 0.00, 0.00, 1.00, 0.00, 0.00, 0.00, 0.00, 1.00, 0.00, 0.00, 0.00, 0.00
3854, 0, 145.280, 0.98, 1, 0.20, 0.29, 0.00, 0.00, 0.05, 0.00, 0.27, 1.76, 0.64, 0.83, 0.17, 0.00, 0.00, 0.00, 0.00, 0.00, 0.00, 0.00, 0.00, 0.00, 1.00, 0.00, 0.00, 0.00, 0.00, 1.00, 0.00, 0.00, 0.00, 0.00, 1.00, 0.00, 0.00, 0.00, 0.00
3855, 0, 145.318, 0.98, 1, 0.20, 0.44, 0.00, 0.00, 0.00, 0.00, 0.16, 1.73, 0.53, 0.54, 0.24, 0.26, 0.00, 0.00, 0.04, 0.00, 0.00, 0.00, 0.00, 0.00, 1.00, 0.00, 0.00, 0.00, 0.00, 1.00, 0.00, 0.00, 0.00, 0.00, 1.00, 0.00, 0.00, 0.00, 0.00
3856, 0, 145.355, 0.98, 1, 0.11, 0.57, 0.00, 0.00, 0.05, 0.00, 0.08, 1.61, 0.47, 0.27, 0.30, 0.40, 0.00, 0.00, 0.09, 0.00, 0.01, 0.00, 0.00, 0.00, 1.00, 0.00, 0.00, 0.00, 0.00, 1.00, 0.00, 0.00, 1.00, 0.00, 0.00, 0.00, 0.00, 0.00, 0.00
3857, 0, 145.393, 0.98, 1, 0.01, 0.44, 0.00, 0.00, 0.06, 0.00, 0.00, 1.29, 0.42, 0.06, 0.21, 0.47, 0.00, 0.00, 0.10, 0.00, 0.02, 0.00, 0.00, 0.00, 1.00, 0.00, 0.00, 0.00, 0.00, 1.00, 0.00, 0.00, 1.00, 0.00, 0.00, 0.00, 0.00, 0.00, 0.00
3858, 0, 145.431, 0.98, 1, 0.01, 0.29, 0.00, 0.00, 0.06, 0.00, 0.00, 1.13, 0.45, 0.06, 0.13, 0.25, 0.00, 0.00, 0.06, 0.00, 0.15, 0.00, 0.00, 0.00, 1.00, 0.00, 0.00, 0.00, 0.00, 1.00, 0.00, 0.00, 1.00, 0.00, 0.00, 0.00, 0.00, 0.00, 0.00
3859, 0, 145.468, 0.98, 1, 0.00, 0.03, 0.00, 0.00, 0.01, 0.00, 0.00, 1.03, 0.44, 0.06, 0.01, 0.11, 0.00, 0.00, 0.01, 0.20, 0.23, 0.00, 0.00, 0.00, 1.00, 0.00, 0.00, 0.00, 0.00, 1.00, 0.00, 0.00, 1.00, 0.00, 0.00, 0.00, 0.00, 0.00, 0.00
3860, 0, 145.506, 0.98, 1, 0.00, 0.00, 0.00, 0.24, 0.00, 0.00, 0.07, 0.98, 0.35, 0.05, 0.01, 0.04, 0.00, 0.00, 0.13, 0.32, 0.22, 0.00, 0.00, 0.00, 1.00, 0.00, 0.00, 0.00, 0.00, 1.00, 0.00, 0.00, 1.00, 0.00, 0.00, 0.00, 0.00, 0.00, 0.00
3861, 0, 145.544, 0.98, 1, 0.00, 0.00, 0.00, 0.43, 0.00, 0.00, 0.16, 0.95, 0.35, 0.05, 0.00, 0.06, 0.00, 0.00, 0.30, 0.48, 0.18, 0.00, 0.00, 0.00, 1.00, 0.00, 0.00, 0.00, 0.00, 1.00, 0.00, 0.00, 0.00, 0.00, 0.00, 0.00, 0.00, 0.00, 0.00
3862, 0, 145.581, 0.98, 1, 0.00, 0.00, 0.00, 0.55, 0.00, 0.00, 0.19, 0.89, 0.34, 0.04, 0.00, 0.06, 0.00, 0.00, 0.42, 0.44, 0.14, 0.00, 0.00, 0.00, 1.00, 0.00, 0.00, 0.00, 0.00, 1.00, 0.00, 0.00, 0.00, 0.00, 0.00, 0.00, 0.00, 0.00, 0.00
3863, 0, 145.619, 0.98, 1, 0.00, 0.00, 0.00, 0.56, 0.00, 0.00, 0.21, 0.93, 0.41, 0.10, 0.00, 0.06, 0.00, 0.00, 0.34, 0.58, 0.14, 0.00, 0.00, 0.00, 1.00, 0.00, 0.00, 0.00, 0.00, 1.00, 0.00, 0.00, 0.00, 0.00, 0.00, 0.00, 0.00, 0.00, 0.00
3864, 0, 145.657, 0.98, 1, 0.00, 0.00, 0.00, 0.65, 0.00, 0.00, 0.24, 0.92, 0.42, 0.20, 0.00, 0.00, 0.00, 0.00, 0.24, 0.69, 0.05, 0.00, 0.00, 0.00, 1.00, 0.00, 0.00, 0.00, 0.00, 1.00, 0.00, 0.00, 0.00, 0.00, 0.00, 0.00, 0.00, 0.00, 0.00
3865, 0, 145.695, 0.98, 1, 0.01, 0.00, 0.00, 0.63, 0.01, 0.00, 0.25, 0.88, 0.47, 0.43, 0.00, 0.28, 0.00, 0.05, 0.12, 0.65, 0.00, 0.00, 0.00, 0.00, 1.00, 0.00, 0.00, 0.00, 0.00, 1.00, 0.00, 0.00, 1.00, 0.00, 0.00, 0.00, 0.00, 0.00, 0.00
3866, 0, 145.732, 0.98, 1, 0.05, 0.01, 0.00, 0.45, 0.01, 0.00, 0.26, 0.94, 0.50, 0.64, 0.00, 0.55, 0.00, 0.09, 0.07, 0.66, 0.00, 0.00, 0.00, 0.00, 1.00, 0.00, 0.00, 0.00, 0.00, 1.00, 0.00, 0.00, 0.00, 0.00, 0.00, 0.00, 0.00, 0.00, 0.00
3867, 0, 145.770, 0.98, 1, 0.08, 0.01, 0.00, 0.24, 0.01, 0.00, 0.22, 1.02, 0.53, 0.83, 0.00, 0.91, 0.00, 0.09, 0.00, 0.64, 0.00, 0.00, 0.00, 0.00, 1.00, 0.00, 0.00, 0.00, 0.00, 1.00, 0.00, 0.00, 0.00, 0.00, 0.00, 0.00, 0.00, 0.00, 0.00
3868, 0, 145.808, 0.98, 1, 0.06, 0.01, 0.00, 0.18, 0.00, 0.00, 0.24, 1.06, 0.49, 0.78, 0.00, 0.79, 0.00, 0.03, 0.00, 0.82, 0.00, 0.00, 0.00, 0.00, 1.00, 0.00, 0.00, 0.00, 0.00, 1.00, 0.00, 0.00, 1.00, 0.00, 0.00, 0.00, 0.00, 0.00, 0.00
3869, 0, 145.845, 0.98, 1, 0.02, 0.02, 0.00, 0.12, 0.00, 0.00, 0.14, 1.02, 0.41, 0.47, 0.06, 0.73, 0.00, 0.00, 0.00, 0.75, 0.15, 0.00, 0.00, 0.00, 1.00, 0.00, 0.00, 0.00, 0.00, 1.00, 0.00, 0.00, 1.00, 0.00, 0.00, 0.00, 0.00, 0.00, 0.00
3870, 0, 145.883, 0.98, 1, 0.00, 0.02, 0.00, 0.05, 0.00, 0.00, 0.10, 1.02, 0.35, 0.36, 0.06, 0.53, 0.00, 0.00, 0.00, 0.65, 0.35, 0.00, 0.00, 0.00, 1.00, 0.00, 0.00, 0.00, 0.00, 1.00, 0.00, 0.00, 1.00, 0.00, 0.00, 0.00, 0.00, 0.00, 0.00
3871, 0, 145.921, 0.98, 1, 0.00, 0.02, 0.00, 0.00, 0.00, 0.00, 0.11, 1.12, 0.31, 0.54, 0.06, 0.51, 0.00, 0.00, 0.00, 0.50, 0.42, 0.00, 0.00, 0.00, 1.00, 0.00, 0.00, 0.00, 0.00, 1.00, 0.00, 0.00, 0.00, 0.00, 0.00, 0.00, 0.00, 0.00, 0.00
3872, 0, 145.959, 0.98, 1, 0.00, 0.00, 0.00, 0.00, 0.00, 0.00, 0.16, 1.21, 0.31, 0.96, 0.09, 0.53, 0.00, 0.01, 0.00, 0.33, 0.27, 0.00, 0.00, 0.00, 1.00, 0.00, 0.00, 0.00, 0.00, 1.00, 0.00, 0.00, 0.00, 0.00, 0.00, 0.00, 0.00, 0.00, 0.00
3873, 0, 145.996, 0.98, 1, 0.00, 0.04, 0.00, 0.04, 0.00, 0.00, 0.21, 1.31, 0.31, 0.96, 0.09, 0.44, 0.00, 0.01, 0.00, 0.19, 0.08, 0.00, 0.00, 0.00, 1.00, 0.00, 0.00, 0.00, 0.00, 1.00, 0.00, 0.00, 0.00, 0.00, 0.00, 0.00, 0.00, 0.00, 0.00
3874, 0, 146.034, 0.98, 1, 0.00, 0.07, 0.00, 0.08, 0.00, 0.00, 0.23, 1.33, 0.31, 0.81, 0.11, 0.38, 0.00, 0.01, 0.00, 0.05, 0.00, 0.00, 0.00, 0.00, 1.00, 0.00, 0.00, 0.00, 0.00, 1.00, 0.00, 0.00, 0.00, 0.00, 0.00, 0.00, 0.00, 0.00, 0.00
3875, 0, 146.072, 0.98, 1, 0.00, 0.07, 0.00, 0.24, 0.06, 0.00, 0.17, 1.22, 0.39, 0.39, 0.03, 0.22, 0.00, 0.00, 0.06, 0.28, 0.00, 0.00, 0.00, 0.00, 1.00, 0.00, 0.00, 0.00, 0.00, 1.00, 0.00, 0.00, 0.00, 0.00, 0.00, 0.00, 0.00, 0.00, 0.00
3876, 0, 146.109, 0.98, 1, 0.00, 0.03, 0.00, 0.21, 0.10, 0.00, 0.08, 1.23, 0.50, 0.21, 0.08, 0.18, 0.00, 0.00, 0.06, 0.40, 0.08, 0.00, 0.00, 0.00, 1.00, 0.00, 0.00, 0.00, 0.00, 1.00, 0.00, 0.00, 0.00, 0.00, 0.00, 0.00, 0.00, 0.00, 0.00
3877, 0, 146.147, 0.98, 1, 0.00, 0.00, 0.00, 0.33, 0.10, 0.00, 0.00, 1.36, 0.60, 0.03, 0.08, 0.21, 0.00, 0.00, 0.06, 0.54, 0.13, 0.00, 0.00, 0.00, 1.00, 0.00, 0.00, 0.00, 0.00, 1.00, 0.00, 0.00, 0.00, 0.00, 0.00, 0.00, 0.00, 0.00, 0.00
3878, 0, 146.185, 0.98, 1, 0.00, 0.00, 0.00, 0.19, 0.05, 0.00, 0.05, 1.60, 0.66, 0.27, 0.08, 0.14, 0.00, 0.00, 0.00, 0.32, 0.13, 0.00, 0.00, 0.00, 1.00, 0.00, 0.00, 0.00, 0.00, 1.00, 0.00, 0.00, 0.00, 0.00, 0.00, 0.00, 0.00, 0.00, 0.00
3879, 0, 146.222, 0.88, 1, 0.00, 0.00, 0.00, 0.18, 0.00, 0.00, 0.19, 1.69, 0.72, 0.44, 0.03, 0.11, 0.00, 0.00, 0.00, 0.18, 0.16, 0.00, 0.00, 0.00, 1.00, 0.00, 0.00, 0.00, 0.00, 1.00, 0.00, 0.00, 0.00, 0.00, 0.00, 0.00, 0.00, 0.00, 0.00
3880, 0, 146.260, 0.88, 1, 0.00, 0.00, 0.00, 0.03, 0.00, 0.00, 0.23, 1.39, 0.70, 0.41, 0.00, 0.08, 0.08, 0.01, 0.00, 0.17, 0.12, 0.00, 0.00, 0.00, 1.00, 0.00, 0.00, 0.00, 0.00, 1.00, 0.00, 0.00, 0.00, 0.00, 0.00, 0.00, 0.00, 0.00, 0.00
3881, 0, 146.298, 0.88, 1, 0.00, 0.00, 0.00, 0.00, 0.00, 0.00, 0.18, 1.36, 0.64, 0.24, 0.06, 0.15, 0.15, 0.01, 0.00, 0.26, 0.13, 0.00, 0.00, 0.00, 1.00, 0.00, 0.00, 0.00, 0.00, 1.00, 0.00, 0.00, 0.00, 0.00, 0.00, 0.00, 0.00, 0.00, 0.00
3882, 0, 146.336, 0.98, 1, 0.06, 0.01, 0.00, 0.04, 0.00, 0.00, 0.03, 1.40, 0.48, 0.19, 0.12, 0.18, 0.19, 0.01, 0.00, 0.43, 0.01, 0.00, 0.00, 0.00, 1.00, 0.00, 0.00, 0.00, 0.00, 1.00, 0.00, 0.00, 0.00, 0.00, 0.00, 0.00, 0.00, 0.00, 0.00
3883, 0, 146.373, 0.98, 1, 0.14, 0.01, 0.00, 0.04, 0.00, 0.00, 0.00, 1.50, 0.37, 0.21, 0.12, 0.10, 0.11, 0.05, 0.00, 0.30, 0.01, 0.00, 0.00, 0.00, 1.00, 0.00, 0.00, 0.00, 0.00, 1.00, 0.00, 0.00, 0.00, 0.00, 0.00, 0.00, 0.00, 0.00, 0.00
3884, 0, 146.411, 0.98, 1, 0.23, 0.01, 0.00, 0.04, 0.00, 0.00, 0.00, 1.37, 0.28, 0.21, 0.05, 0.03, 0.03, 0.09, 0.00, 0.16, 0.00, 0.00, 0.00, 0.00, 1.00, 0.00, 0.00, 0.00, 0.00, 1.00, 0.00, 0.00, 0.00, 0.00, 0.00, 0.00, 0.00, 0.00, 0.00
3885, 0, 146.449, 0.98, 1, 0.28, 0.01, 0.00, 0.00, 0.00, 0.00, 0.05, 1.33, 0.24, 0.26, 0.14, 0.10, 0.00, 0.09, 0.00, 0.14, 0.00, 0.00, 0.00, 0.00, 1.00, 0.00, 0.00, 0.00, 0.00, 1.00, 0.00, 0.00, 0.00, 0.00, 0.00, 0.00, 0.00, 0.00, 0.00
3886, 0, 146.486, 0.98, 1, 0.29, 0.05, 0.00, 0.00, 0.00, 0.00, 0.14, 1.44, 0.21, 0.64, 0.14, 0.23, 0.00, 0.04, 0.00, 0.20, 0.00, 0.00, 0.00, 0.00, 1.00, 0.00, 0.00, 0.00, 0.00, 0.00, 0.00, 0.00, 0.00, 0.00, 0.00, 0.00, 0.00, 0.00, 0.00
3887, 0, 146.524, 0.98, 1, 0.22, 0.05, 0.00, 0.00, 0.00, 0.00, 0.25, 1.52, 0.13, 1.00, 0.14, 0.25, 0.00, 0.00, 0.00, 0.20, 0.08, 0.00, 0.00, 0.00, 1.00, 0.00, 0.00, 0.00, 0.00, 0.00, 0.00, 0.00, 0.00, 0.00, 0.00, 0.00, 0.00, 0.00, 0.00
3888, 0, 146.562, 0.98, 1, 0.20, 0.04, 0.00, 0.00, 0.00, 0.00, 0.24, 1.38, 0.06, 1.20, 0.00, 0.14, 0.00, 0.01, 0.00, 0.10, 0.19, 0.00, 0.00, 0.00, 1.00, 0.00, 0.00, 0.00, 0.00, 0.00, 0.00, 0.00, 0.00, 0.00, 0.00, 0.00, 0.00, 0.00, 0.00
3889, 0, 146.599, 0.98, 1, 0.21, 0.00, 0.00, 0.00, 0.00, 0.00, 0.20, 1.24, 0.05, 0.98, 0.00, 0.02, 0.00, 0.01, 0.00, 0.10, 0.19, 0.00, 0.00, 0.00, 1.00, 0.00, 0.00, 0.00, 0.00, 0.00, 0.00, 0.00, 0.00, 0.00, 0.00, 0.00, 0.00, 0.00, 0.00
3890, 0, 146.637, 0.98, 1, 0.20, 0.00, 0.00, 0.01, 0.00, 0.00, 0.23, 0.85, 0.04, 0.62, 0.00, 0.00, 0.00, 0.01, 0.00, 0.10, 0.17, 0.00, 0.00, 0.00, 1.00, 0.00, 0.00, 0.00, 0.00, 0.00, 0.00, 0.00, 0.00, 0.00, 0.00, 0.00, 0.00, 0.00, 0.00
3891, 0, 146.675, 0.98, 1, 0.13, 0.00, 0.00, 0.01, 0.00, 0.00, 0.33, 0.61, 0.04, 0.25, 0.00, 0.00, 0.00, 0.00, 0.00, 0.05, 0.07, 0.00, 0.00, 0.00, 1.00, 0.00, 0.00, 0.00, 0.00, 0.00, 0.00, 0.00, 0.00, 0.00, 0.00, 0.00, 0.00, 0.00, 0.00
3892, 0, 146.713, 0.98, 1, 0.06, 0.00, 0.00, 0.01, 0.00, 0.00, 0.41, 0.48, 0.00, 0.10, 0.00, 0.00, 0.00, 0.00, 0.00, 0.00, 0.09, 0.00, 0.00, 0.00, 1.00, 0.00, 0.00, 0.00, 0.00, 0.00, 0.00, 0.00, 0.00, 0.00, 0.00, 0.00, 0.00, 0.00, 0.00
3893, 0, 146.750, 0.98, 1, 0.07, 0.00, 0.00, 0.11, 0.00, 0.00, 0.27, 0.66, 0.00, 0.07, 0.10, 0.01, 0.00, 0.00, 0.00, 0.00, 0.04, 0.00, 0.00, 0.00, 1.00, 0.00, 0.00, 0.00, 0.00, 0.00, 0.00, 0.00, 0.00, 0.00, 0.00, 0.00, 0.00, 0.00, 0.00
3894, 0, 146.788, 0.93, 1, 0.23, 0.00, 0.00, 0.23, 0.00, 0.00, 0.18, 0.71, 0.00, 0.15, 0.16, 0.03, 0.00, 0.00, 0.00, 0.00, 0.16, 0.00, 0.00, 0.00, 1.00, 0.00, 0.00, 0.00, 0.00, 0.00, 0.00, 0.00, 0.00, 0.00, 0.00, 0.00, 0.00, 0.00, 0.00
3895, 0, 146.826, 0.88, 1, 0.19, 0.00, 0.00, 0.26, 0.00, 0.00, 0.05, 0.82, 0.11, 0.39, 0.29, 0.26, 0.00, 0.02, 0.00, 0.09, 0.13, 0.00, 0.00, 0.00, 1.00, 0.00, 0.00, 0.00, 0.00, 0.00, 0.00, 0.00, 0.00, 0.00, 0.00, 0.00, 0.00, 0.00, 0.00
3896, 0, 146.863, 0.98, 1, 0.19, 0.00, 0.00, 0.15, 0.00, 0.00, 0.04, 0.94, 0.23, 0.56, 0.41, 0.48, 0.00, 0.08, 0.00, 0.17, 0.13, 0.00, 0.00, 0.00, 1.00, 0.00, 0.00, 0.00, 0.00, 0.00, 0.00, 0.00, 0.00, 0.00, 0.00, 0.00, 0.00, 0.00, 0.00
3897, 0, 146.901, 0.98, 1, 0.00, 0.00, 0.00, 0.02, 0.00, 0.00, 0.08, 0.99, 0.29, 0.73, 0.63, 0.61, 0.00, 0.16, 0.00, 0.19, 0.00, 0.00, 0.00, 0.00, 1.00, 0.00, 0.00, 0.00, 0.00, 0.00, 0.00, 0.00, 0.00, 0.00, 0.00, 0.00, 0.00, 0.00, 0.00
3898, 0, 146.939, 0.98, 1, 0.01, 0.00, 0.00, 0.02, 0.00, 0.00, 0.17, 1.11, 0.22, 0.65, 0.62, 0.52, 0.00, 0.21, 0.00, 0.10, 0.00, 0.00, 0.00, 0.00, 1.00, 0.00, 0.00, 0.00, 0.00, 0.00, 0.00, 0.00, 0.00, 0.00, 0.00, 0.00, 0.00, 0.00, 0.00
3899, 0, 146.977, 0.98, 1, 0.01, 0.00, 0.00, 0.15, 0.00, 0.00, 0.23, 1.08, 0.18, 0.44, 0.40, 0.47, 0.00, 0.20, 0.00, 0.02, 0.04, 0.00, 0.00, 0.00, 1.00, 0.00, 0.00, 0.00, 0.00, 0.00, 0.00, 0.00, 0.00, 0.00, 0.00, 0.00, 0.00, 0.00, 0.00
3900, 0, 147.014, 0.98, 1, 0.13, 0.00, 0.07, 0.15, 0.00, 0.00, 0.19, 1.31, 0.12, 0.19, 0.57, 0.56, 0.00, 0.12, 0.00, 0.00, 0.04, 0.00, 0.00, 0.00, 1.00, 0.00, 0.00, 0.00, 0.00, 0.00, 0.00, 0.00, 0.00, 0.00, 0.00, 0.00, 0.00, 0.00, 0.00
3901, 0, 147.052, 0.98, 1, 0.29, 0.00, 0.07, 0.16, 0.00, 0.00, 0.19, 1.36, 0.14, 0.15, 0.69, 0.55, 0.00, 0.05, 0.00, 0.00, 0.22, 0.00, 0.00, 0.00, 1.00, 0.00, 0.00, 0.00, 0.00, 0.00, 0.00, 0.00, 0.00, 0.00, 0.00, 0.00, 0.00, 0.00, 0.00
3902, 0, 147.090, 0.93, 1, 0.43, 0.00, 0.07, 0.03, 0.00, 0.00, 0.27, 1.61, 0.11, 0.29, 0.91, 0.52, 0.00, 0.00, 0.00, 0.00, 0.31, 0.00, 0.00, 0.00, 1.00, 0.00, 0.00, 0.00, 0.00, 1.00, 0.00, 0.00, 0.00, 0.00, 0.00, 0.00, 0.00, 0.00, 0.00
3903, 0, 147.127, 0.93, 1, 0.42, 0.00, 0.00, 0.03, 0.00, 0.00, 0.31, 1.55, 0.17, 0.57, 0.46, 0.45, 0.00, 0.00, 0.00, 0.00, 0.48, 0.00, 0.00, 0.00, 1.00, 0.00, 0.00, 0.00, 0.00, 1.00, 0.00, 0.00, 0.00, 0.00, 0.00, 0.00, 0.00, 0.00, 0.00
3904, 0, 147.165, 0.93, 1, 0.32, 0.00, 0.00, 0.00, 0.00, 0.00, 0.29, 1.35, 0.18, 0.70, 0.22, 0.48, 0.00, 0.00, 0.00, 0.00, 0.40, 0.00, 0.00, 0.00, 1.00, 0.00, 0.00, 0.00, 0.00, 0.00, 0.00, 0.00, 0.00, 0.00, 0.00, 0.00, 0.00, 0.00, 0.00
3905, 0, 147.203, 0.93, 1, 0.24, 0.00, 0.00, 0.00, 0.00, 0.00, 0.17, 1.17, 0.12, 0.96, 0.13, 0.48, 0.02, 0.04, 0.00, 0.00, 0.43, 0.00, 0.00, 0.00, 1.00, 0.00, 0.00, 0.00, 0.00, 0.00, 1.00, 0.00, 0.00, 1.00, 0.00, 0.00, 0.00, 0.00, 0.00
3906, 0, 147.240, 0.98, 1, 0.22, 0.00, 0.00, 0.20, 0.00, 0.00, 0.09, 1.21, 0.06, 0.92, 0.44, 0.47, 0.15, 0.04, 0.00, 0.20, 0.26, 0.00, 0.00, 0.00, 1.00, 0.00, 0.00, 0.00, 0.00, 0.00, 1.00, 0.00, 0.00, 1.00, 1.00, 0.00, 0.00, 0.00, 0.00
3907, 0, 147.278, 0.98, 1, 0.22, 0.00, 0.00, 0.22, 0.00, 0.00, 0.02, 1.37, 0.02, 0.92, 0.56, 0.46, 0.24, 0.05, 0.00, 0.37, 0.16, 0.00, 0.00, 0.00, 1.00, 0.00, 0.00, 0.00, 0.00, 0.00, 1.00, 0.00, 0.00, 1.00, 1.00, 0.00, 0.00, 0.00, 0.00
3908, 0, 147.316, 0.98, 1, 0.17, 0.00, 0.00, 0.22, 0.00, 0.00, 0.00, 1.43, 0.04, 0.58, 0.67, 0.41, 0.22, 0.01, 0.00, 0.50, 0.00, 0.00, 0.00, 0.00, 1.00, 0.00, 0.00, 0.00, 0.00, 0.00, 0.00, 0.00, 0.00, 1.00, 1.00, 0.00, 0.00, 0.00, 0.00
3909, 0, 147.354, 0.98, 1, 0.07, 0.00, 0.00, 0.02, 0.00, 0.00, 0.00, 1.24, 0.06, 0.38, 0.61, 0.39, 0.09, 0.01, 0.00, 0.50, 0.00, 0.00, 0.00, 0.00, 1.00, 0.00, 0.00, 0.00, 0.00, 0.00, 0.00, 0.00, 0.00, 0.00, 1.00, 0.00, 0.00, 0.00, 0.00
3910, 0, 147.391, 0.98, 1, 0.02, 0.00, 0.00, 0.00, 0.00, 0.00, 0.00, 1.27, 0.03, 0.29, 0.66, 0.35, 0.00, 0.00, 0.00, 0.33, 0.14, 0.00, 0.00, 0.00, 1.00, 0.00, 0.00, 0.00, 0.00, 0.00, 0.00, 0.00, 0.00, 0.00, 1.00, 0.00, 0.00, 0.00, 0.00
3911, 0, 147.429, 0.98, 1, 0.01, 0.00, 0.00, 0.00, 0.00, 0.00, 0.00, 1.31, 0.02, 0.54, 0.56, 0.32, 0.00, 0.00, 0.00, 0.22, 0.34, 0.00, 0.00, 0.00, 1.00, 0.00, 0.00, 0.00, 0.00, 0.00, 0.00, 0.00, 0.00, 0.00, 1.00, 0.00, 0.00, 0.00, 0.00
3912, 0, 147.467, 0.98, 1, 0.07, 0.00, 0.00, 0.11, 0.00, 0.00, 0.03, 1.48, 0.00, 0.75, 0.60, 0.32, 0.00, 0.00, 0.00, 0.09, 0.41, 0.00, 0.00, 0.00, 1.00, 0.00, 0.00, 0.00, 0.00, 0.00, 0.00, 0.00, 0.00, 0.00, 1.00, 0.00, 0.00, 0.00, 0.00
3913, 0, 147.504, 0.98, 1, 0.10, 0.00, 0.00, 0.21, 0.00, 0.00, 0.10, 1.38, 0.00, 0.75, 0.78, 0.34, 0.00, 0.03, 0.00, 0.16, 0.34, 0.00, 0.00, 0.00, 1.00, 0.00, 0.00, 0.00, 0.00, 0.00, 0.00, 0.00, 0.00, 0.00, 1.00, 0.00, 0.00, 0.00, 0.00
3914, 0, 147.542, 0.98, 1, 0.15, 0.00, 0.00, 0.22, 0.00, 0.00, 0.14, 1.45, 0.00, 0.56, 1.12, 0.60, 0.00, 0.09, 0.00, 0.38, 0.16, 0.00, 0.00, 0.00, 1.00, 0.00, 0.00, 0.00, 0.00, 0.00, 0.00, 0.00, 0.00, 0.00, 1.00, 0.00, 0.00, 0.00, 0.00
3915, 0, 147.580, 0.98, 1, 0.09, 0.00, 0.00, 0.12, 0.00, 0.00, 0.11, 1.26, 0.02, 0.52, 1.31, 0.45, 0.00, 0.13, 0.00, 0.45, 0.09, 0.00, 0.00, 0.00, 1.00, 0.00, 0.00, 0.00, 0.00, 0.00, 0.00, 0.00, 0.00, 0.00, 1.00, 0.00, 0.00, 0.00, 0.00
3916, 0, 147.618, 0.98, 1, 0.06, 0.00, 0.00, 0.14, 0.00, 0.00, 0.05, 1.31, 0.10, 0.61, 1.09, 0.33, 0.00, 0.10, 0.12, 0.50, 0.02, 0.00, 0.00, 0.00, 1.00, 0.00, 0.00, 0.00, 0.00, 0.00, 0.00, 0.00, 0.00, 0.00, 1.00, 0.00, 0.00, 0.00, 0.00
3917, 0, 147.655, 0.98, 1, 0.00, 0.00, 0.00, 0.27, 0.00, 0.00, 0.00, 1.21, 0.18, 0.70, 0.80, 0.00, 0.00, 0.04, 0.25, 0.35, 0.00, 0.00, 0.00, 0.00, 1.00, 0.00, 0.00, 0.00, 0.00, 0.00, 0.00, 0.00, 0.00, 0.00, 1.00, 0.00, 0.00, 0.00, 0.00
3918, 0, 147.693, 0.98, 1, 0.00, 0.00, 0.00, 0.31, 0.00, 0.00, 0.00, 1.15, 0.20, 0.65, 0.33, 0.00, 0.00, 0.00, 0.33, 0.42, 0.01, 0.00, 0.00, 0.00, 1.00, 0.00, 0.00, 0.00, 0.00, 0.00, 0.00, 0.00, 0.00, 0.00, 1.00, 0.00, 0.00, 0.00, 0.00
3919, 0, 147.731, 0.98, 1, 0.03, 0.00, 0.00, 0.19, 0.00, 0.00, 0.00, 0.90, 0.18, 0.49, 0.19, 0.00, 0.00, 0.00, 0.32, 0.50, 0.01, 0.00, 0.00, 0.00, 1.00, 0.00, 0.00, 0.00, 0.00, 0.00, 0.00, 0.00, 0.00, 0.00, 0.00, 0.00, 0.00, 0.00, 0.00
3920, 0, 147.768, 0.98, 1, 0.21, 0.00, 0.00, 0.15, 0.00, 0.00, 0.00, 0.67, 0.10, 0.49, 0.23, 0.00, 0.00, 0.00, 0.18, 0.44, 0.09, 0.00, 0.00, 0.00, 1.00, 0.00, 0.00, 0.00, 0.00, 0.00, 0.00, 0.00, 0.00, 0.00, 0.00, 0.00, 0.00, 0.00, 0.00
3921, 0, 147.806, 0.93, 1, 0.39, 0.00, 0.00, 0.11, 0.00, 0.00, 0.01, 0.68, 0.06, 0.45, 0.39, 0.00, 0.00, 0.00, 0.11, 0.29, 0.25, 0.00, 0.00, 0.00, 1.00, 0.00, 0.00, 0.00, 0.00, 0.00, 0.00, 0.00, 0.00, 0.00, 0.00, 0.00, 0.00, 0.00, 0.00
3922, 0, 147.844, 0.93, 1, 0.45, 0.00, 0.00, 0.11, 0.00, 0.00, 0.02, 0.78, 0.00, 0.44, 0.48, 0.05, 0.00, 0.00, 0.00, 0.25, 0.41, 0.00, 0.00, 0.00, 1.00, 0.00, 0.00, 0.00, 0.00, 0.00, 0.00, 0.00, 0.00, 0.00, 0.00, 0.00, 0.00, 0.00, 0.00
3923, 0, 147.881, 0.93, 1, 0.41, 0.00, 0.00, 0.01, 0.00, 0.00, 0.05, 0.78, 0.00, 0.34, 0.39, 0.10, 0.00, 0.00, 0.00, 0.36, 0.33, 0.00, 0.00, 0.00, 1.00, 0.00, 0.00, 0.00, 0.00, 0.00, 0.00, 0.00, 0.00, 0.00, 0.00, 0.00, 0.00, 0.00, 0.00
3924, 0, 147.919, 0.93, 1, 0.44, 0.00, 0.00, 0.00, 0.00, 0.00, 0.08, 0.84, 0.00, 0.24, 0.22, 0.10, 0.12, 0.00, 0.00, 0.32, 0.16, 0.00, 0.00, 0.00, 1.00, 0.00, 0.00, 0.00, 0.00, 0.00, 0.00, 0.00, 0.00, 0.00, 0.00, 0.00, 0.00, 0.00, 0.00
3925, 0, 147.957, 0.88, 1, 0.53, 0.00, 0.00, 0.04, 0.00, 0.00, 0.17, 1.33, 0.00, 0.17, 0.28, 0.19, 0.12, 0.00, 0.00, 0.25, 0.00, 0.00, 0.00, 0.00, 1.00, 0.00, 0.00, 0.00, 0.00, 0.00, 0.00, 0.00, 0.00, 0.00, 0.00, 0.00, 0.00, 0.00, 0.00
3926, 0, 147.995, 0.93, 1, 0.57, 0.02, 0.00, 0.04, 0.00, 0.00, 0.14, 1.95, 0.00, 0.06, 0.64, 0.40, 0.12, 0.00, 0.00, 0.27, 0.00, 0.00, 0.00, 0.00, 1.00, 0.00, 0.00, 0.00, 1.00, 0.00, 0.00, 0.00, 0.00, 0.00, 0.00, 0.00, 0.00, 0.00, 0.00
3927, 0, 148.032, 0.93, 1, 0.44, 0.02, 0.00, 0.04, 0.00, 0.00, 0.10, 2.41, 0.00, 0.06, 1.12, 0.62, 0.00, 0.00, 0.00, 0.33, 0.00, 0.00, 0.00, 0.00, 1.00, 0.00, 0.00, 0.00, 1.00, 0.00, 0.00, 0.00, 0.00, 0.00, 0.00, 0.00, 0.00, 0.00, 0.00
3928, 0, 148.070, 0.93, 1, 0.45, 0.02, 0.00, 0.00, 0.00, 0.00, 0.02, 2.39, 0.00, 0.00, 1.20, 0.62, 0.00, 0.00, 0.00, 0.37, 0.00, 0.00, 0.00, 0.00, 1.00, 0.00, 0.00, 0.00, 1.00, 0.00, 0.00, 0.00, 0.00, 0.00, 0.00, 0.00, 0.00, 0.00, 0.00
3929, 0, 148.108, 0.93, 1, 0.56, 0.00, 0.00, 0.00, 0.00, 0.00, 0.07, 2.31, 0.00, 0.00, 0.85, 0.56, 0.00, 0.00, 0.00, 0.37, 0.00, 0.00, 0.00, 0.00, 1.00, 0.00, 0.00, 0.00, 1.00, 0.00, 0.00, 0.00, 0.00, 0.00, 0.00, 0.00, 0.00, 0.00, 0.00
3930, 0, 148.145, 0.93, 1, 0.72, 0.08, 0.00, 0.00, 0.00, 0.00, 0.20, 2.18, 0.00, 0.00, 0.37, 0.38, 0.00, 0.00, 0.00, 0.37, 0.00, 0.00, 0.00, 0.00, 1.00, 0.00, 0.00, 0.00, 1.00, 0.00, 0.00, 0.00, 0.00, 0.00, 0.00, 0.00, 0.00, 0.00, 0.00
3931, 0, 148.183, 0.93, 1, 0.75, 0.12, 0.00, 0.00, 0.00, 0.00, 0.30, 2.06, 0.00, 0.04, 0.15, 0.29, 0.00, 0.00, 0.00, 0.34, 0.00, 0.00, 0.00, 0.00, 1.00, 0.00, 0.00, 0.00, 1.00, 0.00, 0.00, 0.00, 0.00, 0.00, 0.00, 0.00, 0.00, 0.00, 0.00
3932, 0, 148.221, 0.93, 1, 0.73, 0.12, 0.00, 0.00, 0.00, 0.00, 0.25, 1.95, 0.00, 0.04, 0.02, 0.27, 0.00, 0.00, 0.00, 0.20, 0.12, 0.00, 0.00, 0.00, 1.00, 0.00, 0.00, 0.00, 1.00, 0.00, 0.00, 0.00, 0.00, 0.00, 0.00, 0.00, 0.00, 0.00, 0.00
3933, 0, 148.259, 0.93, 1, 0.74, 0.04, 0.00, 0.00, 0.00, 0.00, 0.16, 1.88, 0.00, 0.04, 0.02, 0.31, 0.00, 0.00, 0.00, 0.10, 0.20, 0.00, 0.00, 0.00, 1.00, 0.00, 0.00, 0.00, 0.00, 0.00, 0.00, 0.00, 0.00, 0.00, 0.00, 0.00, 0.00, 0.00, 0.00
3934, 0, 148.296, 0.93, 1, 0.69, 0.06, 0.00, 0.00, 0.00, 0.00, 0.04, 1.80, 0.00, 0.00, 0.02, 0.38, 0.00, 0.00, 0.00, 0.00, 0.31, 0.00, 0.00, 0.00, 1.00, 0.00, 0.00, 0.00, 0.00, 0.00, 0.00, 0.00, 0.00, 0.00, 0.00, 0.00, 0.00, 0.00, 0.00
3935, 0, 148.334, 0.93, 1, 0.45, 0.06, 0.00, 0.00, 0.00, 0.00, 0.04, 1.60, 0.07, 0.12, 0.00, 0.21, 0.10, 0.00, 0.00, 0.00, 0.37, 0.00, 0.00, 0.00, 1.00, 0.00, 0.00, 0.00, 0.00, 0.00, 0.00, 0.00, 0.00, 0.00, 0.00, 0.00, 0.00, 0.00, 0.00
3936, 0, 148.372, 0.93, 1, 0.24, 0.06, 0.00, 0.00, 0.00, 0.00, 0.00, 1.65, 0.12, 0.33, 0.00, 0.20, 0.10, 0.00, 0.00, 0.00, 0.39, 0.00, 0.00, 0.00, 1.00, 0.00, 0.00, 0.00, 0.00, 0.00, 0.00, 0.00, 0.00, 0.00, 0.00, 0.00, 0.00, 0.00, 0.00
3937, 0, 148.409, 0.93, 1, 0.10, 0.00, 0.00, 0.00, 0.00, 0.00, 0.00, 1.70, 0.18, 0.55, 0.00, 0.12, 0.10, 0.00, 0.00, 0.00, 0.40, 0.00, 0.00, 0.00, 1.00, 0.00, 0.00, 0.00, 0.00, 0.00, 0.00, 0.00, 0.00, 0.00, 0.00, 0.00, 0.00, 0.00, 0.00
3938, 0, 148.447, 0.93, 1, 0.16, 0.00, 0.00, 0.07, 0.00, 0.00, 0.00, 1.75, 0.15, 0.61, 0.00, 0.22, 0.00, 0.00, 0.00, 0.00, 0.39, 0.00, 0.00, 0.00, 1.00, 0.00, 0.00, 0.00, 0.00, 0.00, 0.00, 0.00, 0.00, 0.00, 0.00, 0.00, 0.00, 0.00, 0.00
3939, 0, 148.485, 0.93, 1, 0.13, 0.00, 0.00, 0.12, 0.00, 0.00, 0.00, 1.54, 0.16, 0.50, 0.00, 0.28, 0.01, 0.00, 0.00, 0.01, 0.50, 0.00, 0.00, 0.00, 1.00, 0.00, 0.00, 0.00, 0.00, 0.00, 0.00, 0.00, 0.00, 0.00, 0.00, 0.00, 0.00, 0.00, 0.00
3940, 0, 148.522, 0.88, 1, 0.34, 0.00, 0.00, 0.12, 0.00, 0.00, 0.08, 1.61, 0.11, 0.70, 0.00, 0.24, 0.01, 0.00, 0.00, 0.01, 0.38, 0.00, 0.00, 0.00, 1.00, 0.00, 0.00, 0.00, 0.00, 0.00, 0.00, 0.00, 0.00, 0.00, 0.00, 0.00, 0.00, 0.00, 0.00
3941, 0, 148.560, 0.88, 1, 0.57, 0.00, 0.00, 0.04, 0.00, 0.00, 0.19, 1.76, 0.10, 1.11, 0.00, 0.18, 0.01, 0.00, 0.00, 0.09, 0.23, 0.00, 0.00, 0.00, 1.00, 0.00, 0.00, 0.00, 1.00, 0.00, 1.00, 0.00, 0.00, 0.00, 1.00, 0.00, 0.00, 0.00, 0.00
3942, 0, 148.598, 0.93, 1, 0.77, 0.00, 0.00, 0.00, 0.00, 0.00, 0.21, 2.05, 0.06, 1.55, 0.00, 0.12, 0.10, 0.00, 0.00, 0.33, 0.02, 0.00, 0.00, 0.00, 1.00, 0.00, 0.00, 0.00, 1.00, 0.00, 1.00, 0.00, 0.00, 0.00, 1.00, 0.00, 0.00, 0.00, 0.00
3943, 0, 148.636, 0.88, 1, 0.72, 0.00, 0.00, 0.00, 0.00, 0.00, 0.13, 2.04, 0.08, 1.76, 0.05, 0.20, 0.10, 0.00, 0.06, 0.53, 0.06, 0.00, 0.00, 0.00, 1.00, 0.00, 0.00, 0.00, 1.00, 0.00, 1.00, 0.00, 0.00, 0.00, 1.00, 0.00, 0.00, 0.00, 0.00
3944, 0, 148.673, 0.88, 1, 0.53, 0.00, 0.00, 0.00, 0.00, 0.00, 0.03, 2.01, 0.12, 1.65, 0.40, 0.30, 0.10, 0.00, 0.31, 0.60, 0.04, 0.00, 0.00, 0.00, 1.00, 0.00, 0.00, 0.00, 1.00, 0.00, 1.00, 0.00, 0.00, 0.00, 1.00, 0.00, 0.00, 0.00, 0.00
3945, 0, 148.711, 0.93, 1, 0.42, 0.00, 0.00, 0.06, 0.00, 0.00, 0.06, 1.60, 0.23, 1.54, 0.40, 0.24, 0.02, 0.00, 0.39, 0.35, 0.10, 0.00, 0.00, 0.00, 1.00, 0.00, 0.00, 0.00, 1.00, 0.00, 1.00, 0.00, 0.00, 0.00, 1.00, 0.00, 0.00, 0.00, 0.00
3946, 0, 148.749, 0.88, 1, 0.27, 0.00, 0.00, 0.06, 0.00, 0.00, 0.10, 1.25, 0.39, 1.48, 0.35, 0.15, 0.02, 0.00, 0.36, 0.15, 0.14, 0.00, 0.00, 0.00, 1.00, 0.00, 0.00, 0.00, 0.00, 0.00, 1.00, 0.00, 0.00, 0.00, 0.00, 0.00, 0.00, 0.00, 0.00
3947, 0, 148.786, 0.93, 1, 0.23, 0.14, 0.00, 0.06, 0.00, 0.00, 0.15, 1.04, 0.47, 1.59, 0.00, 0.00, 0.02, 0.00, 0.18, 0.15, 0.20, 0.00, 0.00, 0.00, 1.00, 0.00, 0.00, 0.00, 0.00, 1.00, 1.00, 0.00, 0.00, 0.00, 0.00, 0.00, 0.00, 0.00, 0.00
3948, 0, 148.824, 0.93, 1, 0.13, 0.24, 0.00, 0.00, 0.00, 0.00, 0.16, 1.13, 0.59, 1.82, 0.00, 0.08, 0.00, 0.00, 0.31, 0.36, 0.14, 0.00, 0.00, 0.00, 1.00, 0.00, 0.00, 0.00, 0.00, 1.00, 1.00, 0.00, 0.00, 0.00, 0.00, 0.00, 0.00, 0.00, 0.00
3949, 0, 148.862, 0.93, 1, 0.08, 0.29, 0.00, 0.00, 0.00, 0.00, 0.18, 1.21, 0.66, 1.92, 0.00, 0.13, 0.00, 0.00, 0.48, 0.59, 0.06, 0.00, 0.00, 0.00, 1.00, 0.00, 0.00, 0.00, 0.00, 1.00, 1.00, 0.00, 0.00, 0.00, 0.00, 1.00, 0.00, 0.00, 0.00
3950, 0, 148.900, 0.93, 1, 0.00, 0.14, 0.00, 0.00, 0.00, 0.00, 0.13, 1.12, 0.83, 1.63, 0.00, 0.30, 0.00, 0.00, 0.75, 0.65, 0.00, 0.00, 0.00, 0.00, 1.00, 0.00, 0.00, 0.00, 0.00, 1.00, 1.00, 0.00, 0.00, 0.00, 0.00, 1.00, 0.00, 0.00, 0.00
3951, 0, 148.937, 0.93, 1, 0.00, 0.05, 0.00, 0.00, 0.00, 0.00, 0.05, 1.06, 0.92, 1.55, 0.00, 0.24, 0.00, 0.00, 1.00, 0.61, 0.13, 0.00, 0.00, 0.00, 1.00, 0.00, 0.00, 0.00, 0.00, 1.00, 1.00, 0.00, 0.00, 0.00, 1.00, 1.00, 0.00, 0.00, 0.00
3952, 0, 148.975, 0.93, 1, 0.00, 0.00, 0.00, 0.00, 0.00, 0.00, 0.00, 1.20, 1.02, 1.52, 0.00, 0.23, 0.00, 0.00, 1.23, 0.62, 0.38, 0.00, 0.00, 0.00, 1.00, 0.00, 0.00, 0.00, 0.00, 1.00, 1.00, 0.00, 0.00, 0.00, 1.00, 1.00, 0.00, 0.00, 0.00
3953, 0, 149.013, 0.88, 1, 0.00, 0.00, 0.00, 0.00, 0.00, 0.00, 0.00, 1.47, 1.09, 1.71, 0.00, 0.08, 0.00, 0.00, 1.30, 0.70, 0.49, 0.00, 0.00, 0.00, 1.00, 0.00, 0.00, 0.00, 0.00, 1.00, 1.00, 0.00, 0.00, 0.00, 1.00, 1.00, 0.00, 0.00, 0.00
3954, 0, 149.050, 0.88, 1, 0.00, 0.00, 0.00, 0.03, 0.00, 0.00, 0.00, 1.58, 1.13, 1.73, 0.00, 0.14, 0.00, 0.00, 1.36, 0.72, 0.62, 0.00, 0.00, 0.00, 1.00, 0.00, 0.00, 0.00, 0.00, 1.00, 1.00, 0.00, 0.00, 0.00, 1.00, 1.00, 0.00, 0.00, 0.00
3955, 0, 149.088, 0.88, 1, 0.05, 0.29, 0.00, 0.03, 0.00, 0.00, 0.00, 1.34, 1.12, 1.29, 0.00, 0.15, 0.00, 0.00, 1.60, 0.62, 0.48, 0.00, 0.00, 0.00, 1.00, 0.00, 0.00, 0.00, 0.00, 1.00, 1.00, 0.00, 0.00, 0.00, 1.00, 1.00, 0.00, 0.00, 0.00
3956, 0, 149.126, 0.88, 1, 0.15, 0.61, 0.00, 0.03, 0.00, 0.00, 0.00, 1.12, 1.05, 1.25, 0.00, 0.20, 0.00, 0.00, 1.91, 0.78, 0.51, 0.00, 0.00, 0.00, 1.00, 0.00, 0.00, 0.00, 1.00, 1.00, 1.00, 0.00, 0.00, 0.00, 1.00, 1.00, 1.00, 0.00, 0.00
3957, 0, 149.163, 0.88, 1, 0.31, 0.91, 0.00, 0.00, 0.00, 0.00, 0.00, 0.97, 0.95, 0.92, 0.00, 0.26, 0.00, 0.00, 2.13, 1.18, 0.29, 0.00, 0.00, 0.00, 1.00, 0.00, 0.00, 0.00, 1.00, 1.00, 1.00, 0.00, 0.00, 0.00, 1.00, 1.00, 1.00, 0.00, 1.00
3958, 0, 149.201, 0.88, 1, 0.37, 0.85, 0.00, 0.00, 0.00, 0.00, 0.00, 1.08, 0.90, 1.14, 0.00, 0.36, 0.00, 0.00, 2.18, 1.54, 0.19, 0.00, 0.00, 0.00, 1.00, 0.00, 0.00, 0.00, 1.00, 1.00, 1.00, 0.00, 0.00, 0.00, 1.00, 1.00, 1.00, 0.00, 1.00
3959, 0, 149.239, 0.88, 1, 0.28, 0.64, 0.00, 0.00, 0.03, 0.00, 0.00, 1.11, 0.90, 1.02, 0.00, 0.42, 0.00, 0.00, 2.20, 1.47, 0.11, 0.00, 0.00, 0.00, 1.00, 0.00, 0.00, 0.00, 1.00, 1.00, 1.00, 0.00, 0.00, 0.00, 1.00, 1.00, 1.00, 0.00, 1.00
3960, 0, 149.277, 0.88, 1, 0.29, 0.34, 0.00, 0.00, 0.03, 0.00, 0.00, 1.25, 0.79, 0.94, 0.18, 0.44, 0.00, 0.00, 1.93, 1.00, 0.07, 0.00, 0.00, 0.00, 1.00, 0.00, 0.00, 0.00, 1.00, 1.00, 1.00, 0.00, 0.00, 0.00, 1.00, 1.00, 1.00, 0.00, 1.00
3961, 0, 149.314, 0.88, 1, 0.35, 0.11, 0.00, 0.00, 0.03, 0.00, 0.00, 1.23, 0.69, 0.78, 0.29, 0.44, 0.00, 0.00, 1.59, 0.64, 0.07, 0.00, 0.00, 0.00, 1.00, 0.00, 0.00, 0.00, 1.00, 1.00, 0.00, 0.00, 0.00, 0.00, 1.00, 1.00, 1.00, 0.00, 0.00
3962, 0, 149.352, 0.88, 1, 0.43, 0.08, 0.00, 0.00, 0.00, 0.00, 0.00, 1.17, 0.59, 0.86, 0.29, 0.37, 0.00, 0.00, 1.40, 0.54, 0.00, 0.00, 0.00, 0.00, 1.00, 0.00, 0.00, 0.00, 1.00, 1.00, 0.00, 0.00, 0.00, 0.00, 1.00, 1.00, 1.00, 0.00, 0.00
3963, 0, 149.390, 0.88, 1, 0.41, 0.19, 0.00, 0.00, 0.00, 0.00, 0.00, 0.93, 0.53, 1.01, 0.12, 0.31, 0.00, 0.00, 1.46, 0.76, 0.00, 0.00, 0.00, 0.00, 1.00, 0.00, 0.00, 0.00, 1.00, 1.00, 0.00, 0.00, 0.00, 0.00, 1.00, 1.00, 1.00, 0.00, 0.00
3964, 0, 149.427, 0.88, 1, 0.30, 0.22, 0.00, 0.00, 0.00, 0.00, 0.00, 0.72, 0.54, 1.09, 0.00, 0.28, 0.00, 0.00, 1.66, 1.15, 0.00, 0.00, 0.00, 0.00, 1.00, 0.00, 0.00, 0.00, 1.00, 1.00, 0.00, 0.00, 0.00, 0.00, 1.00, 1.00, 0.00, 0.00, 0.00
3965, 0, 149.465, 0.88, 1, 0.38, 0.14, 0.00, 0.00, 0.00, 0.00, 0.00, 0.86, 0.67, 1.10, 0.00, 0.35, 0.13, 0.00, 1.76, 1.33, 0.00, 0.00, 0.00, 0.00, 1.00, 0.00, 0.00, 0.00, 1.00, 1.00, 0.00, 0.00, 0.00, 0.00, 1.00, 1.00, 0.00, 0.00, 0.00
3966, 0, 149.503, 0.88, 1, 0.29, 0.03, 0.00, 0.00, 0.00, 0.00, 0.00, 1.01, 0.85, 1.22, 0.00, 0.47, 0.24, 0.00, 1.67, 1.21, 0.03, 0.00, 0.00, 0.00, 1.00, 0.00, 0.00, 0.00, 1.00, 1.00, 1.00, 0.00, 0.00, 0.00, 1.00, 1.00, 0.00, 0.00, 0.00
3967, 0, 149.541, 0.88, 1, 0.31, 0.00, 0.00, 0.00, 0.00, 0.00, 0.00, 1.15, 0.98, 1.38, 0.00, 0.58, 0.35, 0.00, 1.54, 0.91, 0.04, 0.00, 0.00, 0.00, 1.00, 0.00, 0.00, 0.00, 1.00, 1.00, 1.00, 0.00, 0.00, 0.00, 1.00, 1.00, 0.00, 0.00, 0.00
3968, 0, 149.578, 0.88, 1, 0.19, 0.00, 0.00, 0.00, 0.00, 0.00, 0.00, 0.98, 0.96, 1.42, 0.00, 0.55, 0.41, 0.00, 1.42, 0.69, 0.04, 0.00, 0.00, 0.00, 1.00, 0.00, 0.00, 0.00, 1.00, 1.00, 1.00, 0.00, 0.00, 0.00, 1.00, 1.00, 0.00, 0.00, 0.00
3969, 0, 149.616, 0.88, 1, 0.23, 0.17, 0.00, 0.00, 0.00, 0.00, 0.00, 1.05, 0.93, 1.23, 0.00, 0.49, 0.35, 0.00, 1.51, 0.66, 0.01, 0.00, 0.00, 0.00, 1.00, 0.00, 0.00, 0.00, 1.00, 1.00, 1.00, 0.00, 0.00, 0.00, 1.00, 1.00, 0.00, 0.00, 0.00
3970, 0, 149.654, 0.88, 1, 0.22, 0.18, 0.00, 0.00, 0.00, 0.00, 0.00, 1.07, 0.97, 1.01, 0.00, 0.38, 0.24, 0.00, 1.55, 0.64, 0.12, 0.00, 0.00, 0.00, 1.00, 0.00, 0.00, 0.00, 1.00, 1.00, 0.00, 0.00, 0.00, 0.00, 1.00, 1.00, 0.00, 0.00, 0.00
3971, 0, 149.691, 0.88, 1, 0.16, 0.18, 0.00, 0.00, 0.00, 0.00, 0.00, 1.06, 0.95, 0.82, 0.00, 0.31, 0.06, 0.00, 1.43, 0.55, 0.29, 0.00, 0.00, 0.00, 1.00, 0.00, 0.00, 0.00, 1.00, 1.00, 0.00, 0.00, 0.00, 0.00, 0.00, 1.00, 0.00, 0.00, 0.00
3972, 0, 149.729, 0.88, 1, 0.06, 0.01, 0.00, 0.00, 0.00, 0.00, 0.00, 0.96, 0.93, 0.79, 0.00, 0.18, 0.00, 0.00, 1.25, 0.39, 0.33, 0.00, 0.00, 0.00, 1.00, 0.00, 0.00, 0.00, 1.00, 1.00, 0.00, 0.00, 0.00, 0.00, 0.00, 1.00, 0.00, 0.00, 0.00
3973, 0, 149.767, 0.88, 1, 0.00, 0.00, 0.00, 0.00, 0.00, 0.00, 0.00, 0.93, 0.87, 0.94, 0.00, 0.16, 0.00, 0.00, 1.15, 0.19, 0.34, 0.00, 0.00, 0.00, 1.00, 0.00, 0.00, 0.00, 1.00, 1.00, 0.00, 0.00, 0.00, 0.00, 0.00, 1.00, 0.00, 0.00, 0.00
3974, 0, 149.804, 0.88, 1, 0.00, 0.00, 0.00, 0.00, 0.01, 0.00, 0.00, 1.00, 0.92, 1.02, 0.00, 0.26, 0.00, 0.01, 1.05, 0.17, 0.17, 0.00, 0.00, 0.00, 1.00, 0.00, 0.00, 0.00, 1.00, 1.00, 1.00, 0.00, 0.00, 0.00, 0.00, 1.00, 0.00, 0.00, 0.00
3975, 0, 149.842, 0.88, 1, 0.00, 0.00, 0.00, 0.00, 0.09, 0.00, 0.00, 1.34, 0.94, 1.14, 0.00, 0.54, 0.02, 0.08, 1.02, 0.16, 0.19, 0.00, 0.00, 0.00, 1.00, 0.00, 0.00, 0.00, 1.00, 1.00, 1.00, 0.00, 1.00, 0.00, 0.00, 1.00, 0.00, 0.00, 0.00
3976, 0, 149.880, 0.98, 1, 0.00, 0.00, 0.00, 0.00, 0.14, 0.00, 0.00, 1.35, 0.92, 1.02, 0.00, 0.64, 0.10, 0.15, 0.95, 0.25, 0.05, 0.00, 0.00, 0.00, 1.00, 0.00, 0.00, 0.00, 1.00, 1.00, 1.00, 0.00, 1.00, 0.00, 0.00, 1.00, 0.00, 0.00, 0.00
3977, 0, 149.918, 0.93, 1, 0.00, 0.00, 0.00, 0.00, 0.18, 0.00, 0.00, 1.33, 0.86, 1.02, 0.00, 0.68, 0.10, 0.24, 1.06, 0.29, 0.12, 0.00, 0.00, 0.00, 1.00, 0.00, 0.00, 0.00, 1.00, 0.00, 1.00, 0.00, 1.00, 0.00, 0.00, 1.00, 0.00, 0.00, 0.00
3978, 0, 149.955, 0.93, 1, 0.01, 0.00, 0.00, 0.00, 0.12, 0.00, 0.00, 0.90, 0.79, 1.04, 0.00, 0.42, 0.15, 0.16, 0.98, 0.37, 0.14, 0.00, 0.00, 0.00, 1.00, 0.00, 0.00, 0.00, 1.00, 0.00, 1.00, 0.00, 1.00, 0.00, 0.00, 1.00, 0.00, 0.00, 0.00
3979, 0, 149.993, 0.93, 1, 0.07, 0.00, 0.00, 0.00, 0.11, 0.00, 0.00, 0.78, 0.68, 1.00, 0.00, 0.34, 0.07, 0.09, 0.91, 0.33, 0.30, 0.00, 0.00, 0.00, 1.00, 0.00, 0.00, 0.00, 1.00, 0.00, 1.00, 0.00, 1.00, 0.00, 0.00, 1.00, 0.00, 0.00, 0.00
3980, 0, 150.031, 0.88, 1, 0.17, 0.00, 0.00, 0.00, 0.07, 0.00, 0.00, 0.95, 0.68, 0.92, 0.00, 0.50, 0.23, 0.00, 0.92, 0.40, 0.35, 0.00, 0.00, 0.00, 1.00, 0.00, 0.00, 0.00, 1.00, 1.00, 1.00, 0.00, 1.00, 0.00, 0.00, 1.00, 0.00, 0.00, 0.00
3981, 0, 150.068, 0.93, 1, 0.22, 0.00, 0.00, 0.00, 0.04, 0.00, 0.00, 1.19, 0.74, 0.88, 0.00, 0.74, 0.24, 0.00, 1.00, 0.42, 0.47, 0.00, 0.00, 0.00, 1.00, 0.00, 0.00, 0.00, 1.00, 1.00, 1.00, 0.00, 1.00, 0.00, 0.00, 1.00, 0.00, 0.00, 0.00
3982, 0, 150.106, 0.93, 1, 0.22, 0.00, 0.00, 0.00, 0.00, 0.00, 0.00, 1.58, 0.76, 0.90, 0.00, 0.91, 0.24, 0.00, 1.10, 0.63, 0.48, 0.00, 0.00, 0.00, 1.00, 0.00, 0.00, 0.00, 1.00, 1.00, 1.00, 1.00, 0.00, 0.00, 0.00, 1.00, 0.00, 0.00, 0.00
3983, 0, 150.144, 0.88, 1, 0.15, 0.00, 0.00, 0.00, 0.00, 0.00, 0.00, 1.58, 0.72, 0.87, 0.00, 0.77, 0.08, 0.00, 1.01, 0.64, 0.53, 0.00, 0.00, 0.00, 1.00, 0.00, 0.00, 0.00, 1.00, 1.00, 0.00, 1.00, 0.00, 0.00, 0.00, 1.00, 0.00, 0.00, 0.00
3984, 0, 150.182, 0.88, 1, 0.12, 0.12, 0.00, 0.00, 0.00, 0.00, 0.00, 1.56, 0.74, 0.82, 0.00, 0.71, 0.00, 0.00, 0.98, 0.60, 0.34, 0.00, 0.00, 0.00, 1.00, 0.00, 0.00, 0.00, 1.00, 1.00, 0.00, 1.00, 0.00, 0.00, 1.00, 1.00, 0.00, 0.00, 0.00
3985, 0, 150.219, 0.88, 1, 0.06, 0.12, 0.00, 0.00, 0.00, 0.00, 0.01, 1.55, 0.76, 0.54, 0.12, 0.46, 0.09, 0.00, 0.93, 0.32, 0.24, 0.00, 0.00, 0.00, 1.00, 0.00, 0.00, 0.00, 1.00, 1.00, 0.00, 1.00, 0.00, 0.00, 1.00, 1.00, 0.00, 0.00, 0.00
3986, 0, 150.257, 0.98, 1, 0.08, 0.12, 0.00, 0.00, 0.00, 0.00, 0.01, 1.71, 0.71, 0.29, 0.30, 0.32, 0.09, 0.00, 0.86, 0.09, 0.24, 0.00, 0.00, 0.00, 1.00, 0.00, 0.00, 0.00, 1.00, 1.00, 0.00, 1.00, 0.00, 0.00, 1.00, 0.00, 0.00, 0.00, 0.00
3987, 0, 150.295, 0.93, 1, 0.16, 0.00, 0.00, 0.00, 0.00, 0.00, 0.01, 1.98, 0.67, 0.00, 0.39, 0.12, 0.09, 0.00, 0.77, 0.05, 0.35, 0.00, 0.00, 0.00, 1.00, 0.00, 0.00, 0.00, 1.00, 0.00, 0.00, 1.00, 0.00, 0.00, 0.00, 0.00, 0.00, 0.00, 0.00
3988, 0, 150.332, 0.93, 1, 0.29, 0.00, 0.00, 0.00, 0.00, 0.00, 0.00, 2.07, 0.64, 0.23, 0.29, 0.12, 0.00, 0.00, 0.69, 0.14, 0.37, 0.00, 0.00, 0.00, 1.00, 0.00, 0.00, 0.00, 1.00, 0.00, 0.00, 1.00, 0.00, 0.00, 0.00, 0.00, 0.00, 0.00, 0.00
3989, 0, 150.370, 0.98, 1, 0.37, 0.00, 0.00, 0.00, 0.00, 0.00, 0.06, 2.03, 0.60, 0.35, 0.10, 0.07, 0.00, 0.00, 0.71, 0.14, 0.38, 0.00, 0.00, 0.00, 1.00, 0.00, 0.00, 0.00, 1.00, 0.00, 0.00, 1.00, 0.00, 0.00, 0.00, 0.00, 0.00, 0.00, 0.00
3990, 0, 150.408, 0.98, 1, 0.41, 0.00, 0.00, 0.00, 0.00, 0.00, 0.06, 1.94, 0.39, 0.35, 0.03, 0.35, 0.19, 0.00, 0.50, 0.09, 0.57, 0.00, 0.00, 0.00, 1.00, 0.00, 0.00, 0.00, 1.00, 0.00, 0.00, 1.00, 0.00, 0.00, 0.00, 0.00, 0.00, 0.00, 0.00
3991, 0, 150.445, 0.98, 1, 0.43, 0.00, 0.00, 0.00, 0.00, 0.00, 0.06, 1.73, 0.27, 0.12, 0.01, 0.46, 0.31, 0.00, 0.28, 0.00, 0.70, 0.00, 0.00, 0.00, 1.00, 0.00, 0.00, 0.00, 1.00, 0.00, 0.00, 0.00, 1.00, 0.00, 0.00, 0.00, 0.00, 0.00, 0.00
3992, 0, 150.483, 0.98, 1, 0.46, 0.00, 0.00, 0.00, 0.00, 0.00, 0.00, 1.54, 0.21, 0.03, 0.01, 0.60, 0.31, 0.00, 0.00, 0.19, 0.73, 0.00, 0.00, 0.00, 1.00, 0.00, 0.00, 0.00, 1.00, 0.00, 0.00, 0.00, 1.00, 0.00, 0.00, 0.00, 0.00, 0.00, 0.00
3993, 0, 150.521, 0.93, 1, 0.47, 0.00, 0.00, 0.00, 0.00, 0.00, 0.00, 1.31, 0.29, 0.18, 0.00, 0.49, 0.11, 0.00, 0.07, 0.28, 0.72, 0.00, 0.00, 0.00, 1.00, 0.00, 0.00, 0.00, 0.00, 0.00, 0.00, 1.00, 1.00, 0.00, 0.00, 0.00, 0.00, 0.00, 0.00
3994, 0, 150.559, 0.93, 1, 0.45, 0.00, 0.00, 0.00, 0.00, 0.00, 0.00, 1.20, 0.34, 0.30, 0.00, 0.50, 0.00, 0.00, 0.10, 0.39, 0.84, 0.00, 0.00, 0.00, 1.00, 0.00, 0.00, 0.00, 0.00, 0.00, 0.00, 1.00, 1.00, 0.00, 0.00, 0.00, 0.00, 0.00, 0.00
3995, 0, 150.596, 0.93, 1, 0.40, 0.00, 0.00, 0.01, 0.00, 0.00, 0.06, 1.16, 0.40, 0.63, 0.00, 0.66, 0.00, 0.00, 0.24, 0.51, 0.87, 0.00, 0.00, 0.00, 1.00, 0.00, 0.00, 0.00, 0.00, 0.00, 0.00, 1.00, 1.00, 0.00, 0.00, 0.00, 0.00, 0.00, 0.00
3996, 0, 150.634, 0.88, 1, 0.33, 0.01, 0.00, 0.08, 0.00, 0.00, 0.09, 1.24, 0.42, 0.82, 0.00, 0.86, 0.00, 0.00, 0.17, 0.68, 0.86, 0.00, 0.00, 0.00, 1.00, 0.00, 0.00, 0.00, 1.00, 0.00, 0.00, 1.00, 1.00, 0.00, 0.00, 0.00, 0.00, 0.00, 0.00
3997, 0, 150.672, 0.88, 1, 0.42, 0.07, 0.00, 0.08, 0.00, 0.00, 0.14, 1.22, 0.44, 0.82, 0.00, 1.14, 0.00, 0.00, 0.14, 0.59, 0.70, 0.00, 0.00, 0.00, 1.00, 0.00, 0.00, 0.00, 1.00, 0.00, 0.00, 1.00, 1.00, 0.00, 0.00, 0.00, 0.00, 0.00, 1.00
3998, 0, 150.709, 0.88, 1, 0.41, 0.07, 0.00, 0.08, 0.00, 0.00, 0.08, 1.18, 0.42, 0.78, 0.00, 1.31, 0.00, 0.01, 0.00, 0.46, 0.60, 0.00, 0.00, 0.00, 1.00, 0.00, 0.00, 0.00, 1.00, 0.00, 0.00, 1.00, 1.00, 0.00, 0.00, 0.00, 0.00, 0.00, 0.00
3999, 0, 150.747, 0.93, 1, 0.39, 0.06, 0.00, 0.00, 0.00, 0.00, 0.09, 1.26, 0.45, 0.88, 0.00, 1.34, 0.00, 0.08, 0.00, 0.45, 0.41, 0.00, 0.00, 0.00, 1.00, 0.00, 0.00, 0.00, 1.00, 0.00, 1.00, 1.00, 1.00, 0.00, 0.00, 0.00, 0.00, 0.00, 0.00
4000, 0, 150.785, 0.88, 1, 0.18, 0.00, 0.00, 0.00, 0.00, 0.00, 0.05, 1.19, 0.51, 1.21, 0.00, 1.26, 0.08, 0.08, 0.12, 0.80, 0.28, 0.00, 0.00, 0.00, 1.00, 0.00, 0.00, 0.00, 1.00, 0.00, 1.00, 1.00, 1.00, 0.00, 0.00, 0.00, 0.00, 0.00, 1.00
4001, 0, 150.823, 0.93, 1, 0.07, 0.00, 0.00, 0.00, 0.00, 0.00, 0.05, 1.15, 0.52, 1.26, 0.00, 0.97, 0.13, 0.07, 0.24, 1.05, 0.26, 0.00, 0.00, 0.00, 1.00, 0.00, 0.00, 0.00, 0.00, 0.00, 1.00, 0.00, 1.00, 0.00, 1.00, 0.00, 0.00, 0.00, 1.00
4002, 0, 150.860, 0.93, 1, 0.01, 0.04, 0.00, 0.00, 0.00, 0.00, 0.00, 1.02, 0.51, 1.08, 0.00, 0.70, 0.13, 0.00, 0.54, 1.19, 0.25, 0.00, 0.00, 0.00, 1.00, 0.00, 0.00, 0.00, 0.00, 1.00, 1.00, 0.00, 1.00, 0.00, 1.00, 0.00, 0.00, 0.00, 1.00
4003, 0, 150.898, 0.88, 1, 0.07, 0.15, 0.00, 0.00, 0.00, 0.00, 0.00, 1.03, 0.58, 1.07, 0.00, 0.50, 0.05, 0.00, 0.55, 1.19, 0.18, 0.00, 0.00, 0.00, 1.00, 0.00, 0.00, 0.00, 0.00, 0.00, 1.00, 0.00, 1.00, 0.00, 1.00, 0.00, 0.00, 0.00, 1.00
4004, 0, 150.936, 0.93, 1, 0.16, 0.30, 0.00, 0.00, 0.00, 0.00, 0.00, 1.11, 0.69, 1.21, 0.00, 0.52, 0.00, 0.00, 0.56, 1.13, 0.07, 0.00, 0.00, 0.00, 1.00, 0.00, 0.00, 0.00, 0.00, 1.00, 1.00, 0.00, 1.00, 0.00, 1.00, 0.00, 0.00, 0.00, 1.00
4005, 0, 150.973, 0.88, 1, 0.16, 0.27, 0.00, 0.00, 0.00, 0.00, 0.00, 0.89, 0.83, 1.05, 0.37, 0.63, 0.00, 0.04, 0.27, 0.82, 0.00, 0.00, 0.00, 0.00, 1.00, 0.00, 0.00, 0.00, 0.00, 1.00, 1.00, 0.00, 1.00, 0.00, 1.00, 0.00, 0.00, 0.00, 1.00
4006, 0, 151.011, 0.88, 1, 0.10, 0.15, 0.00, 0.00, 0.00, 0.00, 0.00, 0.80, 0.87, 0.69, 0.53, 0.70, 0.00, 0.08, 0.13, 0.62, 0.00, 0.00, 0.00, 0.00, 1.00, 0.00, 0.00, 0.00, 0.00, 1.00, 0.00, 0.00, 1.00, 0.00, 1.00, 0.00, 0.00, 0.00, 0.00
4007, 0, 151.049, 0.88, 1, 0.00, 0.00, 0.00, 0.00, 0.06, 0.00, 0.00, 0.77, 0.85, 0.21, 0.53, 0.70, 0.00, 0.11, 0.00, 0.45, 0.00, 0.00, 0.00, 0.00, 1.00, 0.00, 0.00, 0.00, 0.00, 1.00, 0.00, 0.00, 1.00, 0.00, 1.00, 0.00, 0.00, 0.00, 0.00
4008, 0, 151.086, 0.88, 1, 0.00, 0.00, 0.00, 0.00, 0.09, 0.00, 0.00, 0.96, 0.89, 0.13, 0.16, 0.50, 0.00, 0.07, 0.10, 0.59, 0.05, 0.00, 0.00, 0.00, 1.00, 0.00, 0.00, 0.00, 0.00, 1.00, 0.00, 0.00, 0.00, 0.00, 1.00, 0.00, 0.00, 0.00, 0.00
4009, 0, 151.124, 0.98, 1, 0.00, 0.00, 0.00, 0.00, 0.12, 0.00, 0.00, 1.07, 0.94, 0.06, 0.00, 0.50, 0.00, 0.10, 0.32, 0.62, 0.13, 0.00, 0.00, 0.00, 1.00, 0.00, 0.00, 0.00, 0.00, 1.00, 0.00, 0.00, 0.00, 0.00, 0.00, 1.00, 0.00, 0.00, 0.00
4010, 0, 151.162, 0.98, 1, 0.00, 0.00, 0.00, 0.00, 0.20, 0.00, 0.00, 1.10, 1.04, 0.39, 0.00, 0.49, 0.10, 0.08, 0.65, 0.78, 0.13, 0.00, 0.00, 0.00, 1.00, 0.00, 0.00, 0.00, 1.00, 1.00, 0.00, 0.00, 0.00, 0.00, 0.00, 1.00, 0.00, 0.00, 0.00
4011, 0, 151.200, 0.98, 1, 0.00, 0.00, 0.00, 0.16, 0.26, 0.00, 0.00, 1.10, 1.09, 0.70, 0.00, 0.72, 0.10, 0.08, 0.95, 1.00, 0.07, 0.00, 0.00, 0.00, 1.00, 0.00, 0.00, 0.00, 1.00, 1.00, 0.00, 0.00, 0.00, 0.00, 1.00, 1.00, 0.00, 0.00, 0.00
4012, 0, 151.237, 0.98, 1, 0.00, 0.00, 0.00, 0.30, 0.29, 0.00, 0.00, 1.17, 1.13, 0.96, 0.00, 0.73, 0.10, 0.01, 1.14, 1.26, 0.00, 0.00, 0.00, 0.00, 1.00, 0.00, 0.00, 0.00, 1.00, 1.00, 0.00, 0.00, 1.00, 0.00, 0.00, 1.00, 0.00, 0.00, 0.00
4013, 0, 151.275, 0.98, 1, 0.00, 0.00, 0.00, 0.36, 0.17, 0.00, 0.00, 1.03, 1.08, 0.98, 0.00, 0.72, 0.00, 0.00, 1.16, 1.19, 0.00, 0.00, 0.00, 0.00, 1.00, 0.00, 0.00, 0.00, 1.00, 1.00, 1.00, 0.00, 1.00, 0.00, 0.00, 1.00, 0.00, 0.00, 0.00
4014, 0, 151.313, 0.98, 1, 0.00, 0.00, 0.00, 0.20, 0.08, 0.00, 0.00, 0.78, 1.04, 1.25, 0.00, 0.59, 0.00, 0.01, 1.21, 1.04, 0.00, 0.00, 0.00, 0.00, 1.00, 0.00, 0.00, 0.00, 1.00, 1.00, 1.00, 0.00, 1.00, 0.00, 0.00, 1.00, 0.00, 0.00, 0.00
4015, 0, 151.350, 0.98, 1, 0.00, 0.00, 0.00, 0.05, 0.01, 0.00, 0.00, 0.48, 1.01, 1.41, 0.00, 0.36, 0.03, 0.01, 1.13, 0.76, 0.00, 0.00, 1.00, 0.00, 1.00, 0.00, 0.00, 0.00, 1.00, 1.00, 0.00, 0.00, 1.00, 0.00, 0.00, 1.00, 0.00, 0.00, 0.00
4016, 0, 151.388, 0.98, 1, 0.04, 0.14, 0.00, 0.03, 0.00, 0.00, 0.00, 0.22, 1.04, 1.37, 0.00, 0.27, 0.03, 0.03, 1.17, 0.99, 0.00, 0.00, 1.00, 0.00, 1.00, 0.00, 0.00, 0.00, 0.00, 1.00, 0.00, 0.00, 0.00, 0.00, 0.00, 1.00, 0.00, 0.00, 0.00
4017, 0, 151.426, 0.98, 1, 0.09, 0.28, 0.00, 0.09, 0.00, 0.00, 0.00, 0.10, 0.97, 1.15, 0.00, 0.17, 0.06, 0.02, 1.02, 1.16, 0.00, 0.00, 1.00, 0.00, 1.00, 0.00, 0.00, 0.00, 0.00, 1.00, 0.00, 0.00, 0.00, 0.00, 0.00, 1.00, 0.00, 0.00, 0.00
4018, 0, 151.464, 0.98, 1, 0.16, 0.28, 0.00, 0.14, 0.00, 0.00, 0.00, 0.10, 0.85, 0.89, 0.00, 0.16, 0.18, 0.02, 0.76, 1.25, 0.00, 0.00, 1.00, 0.00, 1.00, 0.00, 0.00, 0.00, 0.00, 1.00, 0.00, 0.00, 0.00, 0.00, 0.00, 1.00, 0.00, 0.00, 0.00
4019, 0, 151.501, 0.98, 1, 0.21, 0.14, 0.00, 0.11, 0.00, 0.00, 0.00, 0.24, 0.62, 0.58, 0.03, 0.08, 0.18, 0.11, 0.38, 0.92, 0.03, 0.00, 1.00, 0.00, 1.00, 0.00, 0.00, 0.00, 0.00, 1.00, 0.00, 0.00, 0.00, 0.00, 0.00, 1.00, 0.00, 0.00, 0.00
4020, 0, 151.539, 0.98, 1, 0.17, 0.00, 0.00, 0.04, 0.00, 0.00, 0.00, 0.45, 0.54, 0.29, 0.03, 0.12, 0.20, 0.11, 0.24, 0.45, 0.03, 0.00, 1.00, 0.00, 1.00, 0.00, 0.00, 0.00, 0.00, 1.00, 0.00, 0.00, 0.00, 0.00, 0.00, 1.00, 0.00, 0.00, 0.00
4021, 0, 151.577, 0.98, 1, 0.18, 0.00, 0.00, 0.00, 0.00, 0.00, 0.00, 0.64, 0.51, 0.24, 0.03, 0.12, 0.20, 0.11, 0.21, 0.18, 0.11, 0.00, 1.00, 0.00, 1.00, 0.00, 0.00, 0.00, 0.00, 1.00, 0.00, 0.00, 0.00, 0.00, 0.00, 1.00, 0.00, 0.00, 0.00
4022, 0, 151.614, 0.98, 1, 0.25, 0.04, 0.00, 0.00, 0.00, 0.00, 0.00, 0.61, 0.67, 0.41, 0.00, 0.11, 0.20, 0.00, 0.34, 0.00, 0.12, 0.00, 0.00, 0.00, 1.00, 0.00, 0.00, 0.00, 0.00, 1.00, 0.00, 0.00, 0.00, 0.00, 1.00, 1.00, 0.00, 0.00, 0.00
4023, 0, 151.652, 0.98, 1, 0.30, 0.04, 0.00, 0.00, 0.00, 0.00, 0.00, 0.55, 0.76, 0.56, 0.00, 0.00, 0.17, 0.00, 0.34, 0.00, 0.17, 0.00, 0.00, 0.00, 1.00, 0.00, 0.00, 0.00, 0.00, 1.00, 0.00, 0.00, 0.00, 0.00, 1.00, 1.00, 0.00, 0.00, 0.00
4024, 0, 151.690, 0.98, 1, 0.23, 0.04, 0.00, 0.00, 0.00, 0.00, 0.00, 0.64, 0.88, 0.75, 0.00, 0.17, 0.02, 0.00, 0.42, 0.04, 0.20, 0.00, 0.00, 0.00, 1.00, 0.00, 0.00, 0.00, 0.00, 1.00, 0.00, 0.00, 0.00, 0.00, 0.00, 1.00, 0.00, 0.00, 0.00
4025, 0, 151.727, 0.98, 1, 0.13, 0.00, 0.00, 0.00, 0.08, 0.02, 0.00, 0.90, 1.01, 0.86, 0.04, 0.29, 0.02, 0.00, 0.88, 0.32, 0.16, 0.00, 0.00, 0.00, 1.00, 0.00, 0.00, 0.00, 1.00, 1.00, 0.00, 0.00, 0.00, 0.00, 0.00, 1.00, 1.00, 0.00, 0.00
4026, 0, 151.765, 0.98, 1, 0.05, 0.00, 0.00, 0.00, 0.16, 0.02, 0.00, 0.99, 1.08, 1.08, 0.04, 0.38, 0.04, 0.00, 1.38, 0.55, 0.33, 0.00, 0.00, 0.00, 1.00, 0.00, 0.00, 0.00, 1.00, 1.00, 0.00, 0.00, 0.00, 0.00, 1.00, 1.00, 1.00, 0.00, 0.00
4027, 0, 151.803, 0.98, 1, 0.05, 0.00, 0.00, 0.00, 0.19, 0.02, 0.00, 0.84, 1.09, 1.20, 0.04, 0.32, 0.04, 0.00, 2.00, 0.92, 0.33, 0.00, 0.00, 0.00, 1.00, 0.00, 0.00, 0.00, 1.00, 1.00, 0.00, 0.00, 0.00, 0.00, 1.00, 1.00, 1.00, 0.00, 0.00
4028, 0, 151.841, 0.98, 1, 0.00, 0.00, 0.00, 0.00, 0.11, 0.00, 0.00, 0.51, 1.08, 1.13, 0.00, 0.28, 0.09, 0.00, 1.95, 0.92, 0.33, 0.00, 0.00, 0.00, 1.00, 0.00, 0.00, 0.00, 1.00, 1.00, 0.00, 0.00, 0.00, 0.00, 0.00, 1.00, 1.00, 0.00, 0.00
4029, 0, 151.878, 0.98, 1, 0.00, 0.04, 0.00, 0.00, 0.04, 0.00, 0.00, 0.30, 1.10, 0.83, 0.00, 0.31, 0.17, 0.00, 1.84, 0.88, 0.11, 0.00, 1.00, 0.00, 1.00, 0.00, 0.00, 0.00, 1.00, 1.00, 1.00, 0.00, 0.00, 0.00, 0.00, 1.00, 1.00, 0.00, 0.00
4030, 0, 151.916, 0.98, 1, 0.01, 0.08, 0.00, 0.00, 0.06, 0.15, 0.00, 0.46, 1.10, 0.82, 0.00, 0.32, 0.33, 0.00, 1.38, 0.67, 0.00, 0.00, 1.00, 0.00, 1.00, 0.00, 0.00, 0.00, 1.00, 1.00, 1.00, 0.00, 0.00, 0.00, 0.00, 1.00, 1.00, 0.00, 0.00
4031, 0, 151.954, 0.98, 1, 0.05, 0.23, 0.00, 0.03, 0.05, 0.15, 0.00, 0.60, 1.10, 1.04, 0.00, 0.29, 0.41, 0.00, 1.17, 0.43, 0.00, 0.00, 1.00, 0.00, 1.00, 0.00, 0.00, 0.00, 1.00, 1.00, 1.00, 0.00, 0.00, 0.00, 0.00, 1.00, 1.00, 0.00, 0.00
4032, 0, 151.991, 0.98, 1, 0.18, 0.21, 0.00, 0.03, 0.09, 0.18, 0.00, 0.68, 1.09, 1.27, 0.03, 0.17, 0.32, 0.00, 1.04, 0.25, 0.00, 0.00, 1.00, 0.00, 1.00, 0.00, 0.00, 0.00, 1.00, 1.00, 1.00, 0.00, 1.00, 0.00, 0.00, 1.00, 1.00, 0.00, 0.00
4033, 0, 152.029, 0.98, 1, 0.27, 0.38, 0.00, 0.03, 0.04, 0.03, 0.00, 0.41, 1.10, 1.34, 0.03, 0.11, 0.20, 0.00, 1.14, 0.04, 0.01, 0.00, 1.00, 0.00, 1.00, 0.00, 0.00, 0.00, 1.00, 1.00, 1.00, 0.00, 1.00, 0.00, 0.00, 1.00, 1.00, 0.00, 0.00
4034, 0, 152.067, 0.98, 1, 0.34, 0.40, 0.00, 0.01, 0.04, 0.15, 0.00, 0.34, 1.08, 1.26, 0.03, 0.25, 0.11, 0.00, 1.27, 0.00, 0.02, 0.00, 1.00, 0.00, 1.00, 0.00, 0.00, 0.00, 1.00, 1.00, 1.00, 0.00, 1.00, 0.00, 0.00, 1.00, 0.00, 0.00, 0.00
4035, 0, 152.105, 0.98, 1, 0.22, 0.38, 0.00, 0.01, 0.00, 0.11, 0.00, 0.33, 1.07, 0.92, 0.00, 0.40, 0.07, 0.00, 1.35, 0.06, 0.02, 0.00, 1.00, 0.00, 1.00, 0.00, 0.00, 0.00, 1.00, 1.00, 1.00, 0.00, 0.00, 0.00, 0.00, 1.00, 0.00, 0.00, 0.00
4036, 0, 152.142, 0.98, 1, 0.12, 0.18, 0.00, 0.01, 0.02, 0.11, 0.00, 0.45, 1.11, 0.50, 0.00, 0.50, 0.04, 0.00, 1.54, 0.15, 0.01, 0.00, 0.00, 0.00, 1.00, 0.00, 0.00, 0.00, 1.00, 1.00, 1.00, 0.00, 0.00, 0.00, 1.00, 1.00, 0.00, 0.00, 0.00
4037, 0, 152.180, 0.98, 1, 0.00, 0.17, 0.00, 0.00, 0.11, 0.00, 0.00, 0.64, 1.15, 0.35, 0.00, 0.43, 0.00, 0.00, 1.70, 0.26, 0.00, 0.00, 0.00, 0.00, 1.00, 0.00, 0.00, 0.00, 1.00, 1.00, 0.00, 0.00, 0.00, 0.00, 1.00, 1.00, 0.00, 0.00, 0.00
4038, 0, 152.218, 0.93, 1, 0.08, 0.44, 0.00, 0.00, 0.11, 0.00, 0.00, 0.72, 1.12, 0.46, 0.00, 0.39, 0.00, 0.00, 1.67, 0.36, 0.03, 0.00, 0.00, 0.00, 1.00, 0.00, 0.00, 0.00, 0.00, 1.00, 0.00, 0.00, 0.00, 0.00, 1.00, 1.00, 0.00, 0.00, 0.00
4039, 0, 152.255, 0.88, 1, 0.35, 0.83, 0.00, 0.00, 0.10, 0.00, 0.00, 0.63, 1.00, 0.47, 0.14, 0.31, 0.00, 0.00, 1.45, 0.26, 0.03, 0.00, 0.00, 0.00, 1.00, 0.00, 0.00, 0.00, 0.00, 1.00, 0.00, 0.00, 0.00, 0.00, 1.00, 1.00, 0.00, 0.00, 0.00
4040, 0, 152.293, 0.88, 1, 0.45, 0.66, 0.00, 0.00, 0.00, 0.00, 0.00, 0.47, 1.02, 0.41, 0.14, 0.20, 0.08, 0.00, 1.17, 0.23, 0.11, 0.00, 0.00, 0.00, 1.00, 0.00, 0.00, 0.00, 0.00, 1.00, 0.00, 0.00, 0.00, 0.00, 0.00, 1.00, 0.00, 0.00, 0.00
4041, 0, 152.331, 0.88, 1, 0.46, 0.39, 0.00, 0.00, 0.00, 0.00, 0.00, 0.39, 1.05, 0.30, 0.14, 0.08, 0.11, 0.00, 1.05, 0.14, 0.21, 0.00, 0.00, 0.00, 1.00, 0.00, 0.00, 0.00, 0.00, 1.00, 0.00, 0.00, 0.00, 0.00, 0.00, 1.00, 0.00, 0.00, 0.00
4042, 0, 152.368, 0.88, 1, 0.19, 0.00, 0.00, 0.00, 0.00, 0.00, 0.04, 0.66, 1.13, 0.35, 0.00, 0.04, 0.11, 0.00, 1.05, 0.24, 0.25, 0.00, 0.00, 0.00, 1.00, 0.00, 0.00, 0.00, 0.00, 1.00, 0.00, 0.00, 0.00, 0.00, 0.00, 1.00, 0.00, 0.00, 0.00
4043, 0, 152.406, 0.88, 1, 0.10, 0.00, 0.00, 0.00, 0.00, 0.00, 0.05, 0.72, 1.07, 0.57, 0.00, 0.04, 0.03, 0.00, 0.88, 0.23, 0.22, 0.00, 0.00, 0.00, 1.00, 0.00, 0.00, 0.00, 0.00, 1.00, 0.00, 0.00, 0.00, 0.00, 0.00, 1.00, 0.00, 0.00, 0.00
4044, 0, 152.444, 0.88, 1, 0.00, 0.00, 0.00, 0.00, 0.00, 0.00, 0.05, 0.88, 1.03, 0.91, 0.00, 0.03, 0.02, 0.00, 0.60, 0.16, 0.15, 0.00, 0.00, 0.00, 1.00, 0.00, 0.00, 0.00, 1.00, 1.00, 0.00, 0.00, 0.00, 0.00, 0.00, 1.00, 0.00, 0.00, 0.00
4045, 0, 152.482, 0.88, 1, 0.01, 0.00, 0.00, 0.00, 0.01, 0.00, 0.01, 0.90, 0.93, 0.81, 0.09, 0.06, 0.15, 0.00, 0.38, 0.07, 0.23, 0.00, 0.00, 0.00, 1.00, 0.00, 0.00, 0.00, 1.00, 1.00, 0.00, 0.00, 0.00, 0.00, 0.00, 1.00, 0.00, 0.00, 0.00
4046, 0, 152.519, 0.88, 1, 0.01, 0.00, 0.00, 0.00, 0.01, 0.00, 0.00, 1.09, 0.86, 0.48, 0.11, 0.16, 0.17, 0.00, 0.35, 0.00, 0.24, 0.00, 0.00, 0.00, 1.00, 0.00, 0.00, 0.00, 1.00, 1.00, 0.00, 0.00, 0.00, 0.00, 0.00, 1.00, 0.00, 0.00, 0.00
4047, 0, 152.557, 0.88, 1, 0.06, 0.07, 0.00, 0.00, 0.01, 0.00, 0.00, 0.95, 0.69, 0.17, 0.32, 0.21, 0.32, 0.00, 0.35, 0.00, 0.32, 0.00, 0.00, 0.00, 1.00, 0.00, 0.00, 0.00, 0.00, 1.00, 0.00, 0.00, 0.00, 0.00, 0.00, 1.00, 0.00, 0.00, 0.00
4048, 0, 152.595, 0.93, 1, 0.13, 0.18, 0.00, 0.01, 0.00, 0.00, 0.00, 0.60, 0.58, 0.11, 0.65, 0.23, 0.20, 0.00, 0.38, 0.00, 0.25, 0.00, 0.00, 0.00, 1.00, 0.00, 0.00, 0.00, 0.00, 1.00, 0.00, 1.00, 0.00, 0.00, 0.00, 1.00, 0.00, 0.00, 0.00
4049, 0, 152.632, 0.93, 1, 0.13, 0.19, 0.00, 0.01, 0.00, 0.16, 0.00, 0.36, 0.51, 0.09, 0.84, 0.18, 0.17, 0.00, 0.43, 0.00, 0.19, 0.00, 0.00, 0.00, 1.00, 0.00, 0.00, 0.00, 0.00, 1.00, 0.00, 1.00, 0.00, 0.00, 0.00, 1.00, 0.00, 0.00, 0.00
4050, 0, 152.670, 0.93, 1, 0.15, 0.38, 0.00, 0.01, 0.00, 0.16, 0.00, 0.49, 0.55, 0.00, 0.67, 0.42, 0.00, 0.00, 0.36, 0.00, 0.13, 0.00, 0.00, 0.00, 1.00, 0.00, 0.00, 0.00, 0.00, 1.00, 0.00, 1.00, 0.00, 0.00, 1.00, 1.00, 0.00, 0.00, 0.00
4051, 0, 152.708, 0.88, 1, 0.06, 0.37, 0.00, 0.00, 0.00, 0.16, 0.00, 0.65, 0.65, 0.00, 0.26, 0.33, 0.00, 0.00, 0.49, 0.27, 0.24, 0.00, 0.00, 0.00, 1.00, 0.00, 0.00, 0.00, 0.00, 1.00, 0.00, 1.00, 0.00, 0.00, 1.00, 1.00, 0.00, 0.00, 0.00
4052, 0, 152.746, 0.88, 1, 0.06, 0.47, 0.00, 0.00, 0.00, 0.00, 0.00, 0.66, 0.72, 0.09, 0.06, 0.31, 0.00, 0.00, 0.58, 0.56, 0.34, 0.00, 0.00, 0.00, 1.00, 0.00, 0.00, 0.00, 0.00, 1.00, 0.00, 1.00, 0.00, 0.00, 1.00, 1.00, 0.00, 0.00, 0.00
4053, 0, 152.783, 0.88, 1, 0.00, 0.21, 0.00, 0.00, 0.00, 0.00, 0.00, 0.38, 0.84, 0.34, 0.00, 0.13, 0.06, 0.00, 0.85, 0.56, 0.38, 0.00, 0.00, 0.00, 1.00, 0.00, 0.00, 0.00, 0.00, 1.00, 0.00, 1.00, 0.00, 0.00, 1.00, 1.00, 0.00, 0.00, 0.00
4054, 0, 152.821, 0.93, 1, 0.00, 0.11, 0.00, 0.00, 0.00, 0.00, 0.00, 0.18, 0.92, 0.38, 0.00, 0.32, 0.19, 0.00, 0.84, 0.29, 0.29, 0.00, 0.00, 0.00, 1.00, 0.00, 0.00, 0.00, 0.00, 1.00, 0.00, 0.00, 0.00, 0.00, 1.00, 1.00, 0.00, 0.00, 0.00
4055, 0, 152.859, 0.88, 1, 0.02, 0.01, 0.00, 0.00, 0.00, 0.00, 0.00, 0.12, 1.04, 0.56, 0.00, 0.53, 0.41, 0.00, 0.94, 0.00, 0.19, 0.00, 0.00, 0.00, 1.00, 0.00, 0.00, 0.00, 0.00, 1.00, 0.00, 0.00, 0.00, 0.00, 0.00, 1.00, 0.00, 0.00, 0.00
4056, 0, 152.896, 0.88, 1, 0.02, 0.01, 0.00, 0.00, 0.00, 0.00, 0.00, 0.22, 1.07, 0.51, 0.00, 0.66, 0.62, 0.00, 0.86, 0.00, 0.08, 0.00, 0.00, 0.00, 1.00, 0.00, 0.00, 0.00, 0.00, 1.00, 0.00, 0.00, 0.00, 0.00, 0.00, 1.00, 0.00, 0.00, 0.00
4057, 0, 152.934, 0.88, 1, 0.02, 0.01, 0.00, 0.00, 0.00, 0.00, 0.00, 0.29, 1.10, 0.87, 0.00, 0.50, 0.61, 0.00, 0.72, 0.09, 0.00, 0.00, 0.00, 0.00, 1.00, 0.00, 0.00, 0.00, 0.00, 1.00, 0.00, 0.00, 0.00, 1.00, 0.00, 1.00, 0.00, 0.00, 0.00
4058, 0, 152.972, 0.88, 1, 0.00, 0.00, 0.00, 0.00, 0.00, 0.00, 0.00, 0.24, 1.05, 0.94, 0.00, 0.41, 0.39, 0.00, 0.43, 0.17, 0.00, 0.00, 0.00, 0.00, 1.00, 0.00, 0.00, 0.00, 0.00, 1.00, 0.00, 0.00, 0.00, 1.00, 0.00, 1.00, 0.00, 0.00, 0.00
4059, 0, 153.009, 0.88, 1, 0.00, 0.00, 0.00, 0.00, 0.00, 0.00, 0.00, 0.32, 0.96, 0.97, 0.00, 0.32, 0.22, 0.00, 0.31, 0.21, 0.04, 0.00, 0.00, 0.00, 1.00, 0.00, 0.00, 0.00, 0.00, 1.00, 0.00, 0.00, 0.00, 1.00, 0.00, 1.00, 0.00, 0.00, 0.00
4060, 0, 153.047, 0.98, 1, 0.00, 0.00, 0.00, 0.00, 0.00, 0.00, 0.00, 0.25, 0.85, 0.57, 0.00, 0.76, 0.35, 0.00, 0.20, 0.16, 0.04, 0.00, 0.00, 0.00, 1.00, 0.00, 0.00, 0.00, 0.00, 1.00, 0.00, 0.00, 0.00, 1.00, 0.00, 1.00, 0.00, 0.00, 0.00
4061, 0, 153.085, 0.93, 1, 0.00, 0.00, 0.00, 0.00, 0.00, 0.00, 0.00, 0.28, 0.82, 0.27, 0.02, 1.06, 0.68, 0.00, 0.23, 0.14, 0.08, 0.00, 0.00, 0.00, 1.00, 0.00, 0.00, 0.00, 0.00, 1.00, 0.00, 0.00, 0.00, 1.00, 0.00, 1.00, 0.00, 0.00, 0.00
4062, 0, 153.123, 0.93, 1, 0.00, 0.00, 0.00, 0.00, 0.00, 0.00, 0.00, 0.22, 0.83, 0.17, 0.09, 1.46, 0.97, 0.00, 0.27, 0.19, 0.25, 0.00, 0.00, 0.00, 1.00, 0.00, 0.00, 0.00, 0.00, 1.00, 0.00, 0.00, 0.00, 1.00, 0.00, 1.00, 0.00, 0.00, 0.00
4063, 0, 153.160, 0.88, 1, 0.00, 0.00, 0.00, 0.00, 0.00, 0.00, 0.00, 0.25, 0.95, 0.33, 0.09, 1.08, 0.94, 0.00, 0.49, 0.15, 0.28, 0.00, 0.00, 0.00, 1.00, 0.00, 0.00, 0.00, 0.00, 1.00, 0.00, 0.00, 1.00, 1.00, 0.00, 1.00, 0.00, 0.00, 0.00
4064, 0, 153.198, 0.88, 1, 0.00, 0.00, 0.00, 0.00, 0.00, 0.00, 0.00, 0.24, 1.01, 0.45, 0.07, 0.72, 0.79, 0.00, 0.56, 0.08, 0.33, 0.00, 0.00, 0.00, 1.00, 0.00, 0.00, 0.00, 0.00, 1.00, 0.00, 0.00, 1.00, 1.00, 1.00, 1.00, 0.00, 0.00, 0.00
4065, 0, 153.236, 0.88, 1, 0.00, 0.00, 0.00, 0.00, 0.00, 0.00, 0.00, 0.12, 1.03, 0.32, 0.36, 0.28, 0.40, 0.07, 0.80, 0.12, 0.19, 0.00, 0.00, 0.00, 1.00, 0.00, 0.00, 0.00, 0.00, 1.00, 0.00, 0.00, 0.00, 1.00, 1.00, 1.00, 0.00, 0.00, 0.00
4066, 0, 153.273, 0.98, 1, 0.00, 0.00, 0.00, 0.00, 0.00, 0.00, 0.00, 0.09, 1.04, 0.23, 0.41, 0.21, 0.18, 0.11, 1.14, 0.37, 0.26, 0.00, 0.00, 0.00, 1.00, 0.00, 0.00, 0.00, 0.00, 1.00, 0.00, 0.00, 0.00, 0.00, 1.00, 1.00, 0.00, 0.00, 0.00
4067, 0, 153.311, 0.98, 1, 0.00, 0.00, 0.00, 0.05, 0.00, 0.00, 0.00, 0.03, 1.07, 0.15, 0.45, 0.18, 0.00, 0.18, 1.61, 0.62, 0.24, 0.00, 0.00, 0.00, 1.00, 0.00, 0.00, 0.00, 0.00, 1.00, 0.00, 0.00, 0.00, 0.00, 1.00, 1.00, 0.00, 0.00, 0.00
4068, 0, 153.349, 0.88, 1, 0.00, 0.00, 0.00, 0.05, 0.00, 0.00, 0.00, 0.15, 1.20, 0.40, 0.09, 0.13, 0.00, 0.19, 1.74, 0.85, 0.17, 0.00, 0.00, 0.00, 1.00, 0.00, 0.00, 0.00, 0.00, 1.00, 0.00, 0.00, 0.00, 0.00, 1.00, 1.00, 0.00, 0.00, 0.00
4069, 0, 153.387, 0.98, 1, 0.00, 0.00, 0.00, 0.05, 0.09, 0.04, 0.01, 0.32, 1.20, 0.72, 0.05, 0.13, 0.00, 0.17, 1.58, 0.99, 0.06, 0.00, 0.00, 0.00, 1.00, 0.00, 0.00, 0.00, 0.00, 1.00, 0.00, 0.00, 0.00, 0.00, 1.00, 1.00, 0.00, 0.00, 0.00
4070, 0, 153.424, 0.98, 1, 0.00, 0.05, 0.00, 0.00, 0.09, 0.04, 0.01, 0.46, 1.13, 1.15, 0.00, 0.37, 0.03, 0.11, 1.21, 0.89, 0.00, 0.00, 0.00, 0.00, 1.00, 0.00, 0.00, 0.00, 1.00, 1.00, 1.00, 0.00, 0.00, 0.00, 1.00, 1.00, 0.00, 0.00, 0.00
4071, 0, 153.462, 0.88, 1, 0.00, 0.05, 0.00, 0.06, 0.09, 0.04, 0.01, 0.43, 1.04, 1.31, 0.00, 0.52, 0.03, 0.03, 0.94, 0.64, 0.00, 0.00, 0.00, 0.00, 1.00, 0.00, 0.00, 0.00, 1.00, 1.00, 1.00, 0.00, 0.00, 0.00, 1.00, 1.00, 0.00, 0.00, 0.00
4072, 0, 153.500, 0.93, 1, 0.00, 0.14, 0.00, 0.08, 0.00, 0.00, 0.00, 0.52, 0.98, 1.35, 0.00, 0.77, 0.03, 0.01, 0.60, 0.31, 0.00, 0.00, 1.00, 0.00, 1.00, 0.00, 0.00, 0.00, 1.00, 1.00, 1.00, 0.00, 0.00, 0.00, 1.00, 1.00, 0.00, 0.00, 0.00
4073, 0, 153.537, 0.98, 1, 0.00, 0.16, 0.00, 0.08, 0.00, 0.00, 0.00, 0.51, 0.98, 1.18, 0.00, 0.65, 0.00, 0.00, 0.33, 0.29, 0.00, 0.00, 1.00, 0.00, 1.00, 0.00, 0.00, 0.00, 0.00, 1.00, 1.00, 0.00, 1.00, 0.00, 1.00, 0.00, 0.00, 0.00, 0.00
4074, 0, 153.575, 0.98, 1, 0.00, 0.26, 0.00, 0.02, 0.00, 0.00, 0.00, 0.60, 0.92, 1.15, 0.00, 0.65, 0.00, 0.06, 0.10, 0.33, 0.00, 0.00, 1.00, 0.00, 1.00, 0.00, 0.00, 0.00, 0.00, 1.00, 1.00, 0.00, 1.00, 0.00, 1.00, 0.00, 0.00, 0.00, 0.00
4075, 0, 153.613, 0.98, 1, 0.00, 0.18, 0.00, 0.00, 0.00, 0.00, 0.00, 0.49, 0.79, 0.73, 0.00, 0.64, 0.00, 0.10, 0.00, 0.28, 0.00, 0.00, 1.00, 0.00, 1.00, 0.00, 0.00, 0.00, 0.00, 1.00, 1.00, 1.00, 1.00, 0.00, 1.00, 0.00, 0.00, 0.00, 0.00
4076, 0, 153.650, 0.98, 1, 0.00, 0.10, 0.00, 0.00, 0.00, 0.00, 0.00, 0.50, 0.65, 0.39, 0.00, 0.74, 0.00, 0.14, 0.01, 0.19, 0.00, 0.00, 1.00, 0.00, 1.00, 0.00, 0.00, 0.00, 0.00, 1.00, 0.00, 1.00, 1.00, 0.00, 1.00, 0.00, 0.00, 0.00, 0.00
4077, 0, 153.688, 0.98, 1, 0.00, 0.08, 0.00, 0.20, 0.00, 0.00, 0.00, 0.59, 0.50, 0.18, 0.00, 0.57, 0.08, 0.16, 0.03, 0.06, 0.00, 0.00, 0.00, 0.00, 1.00, 0.00, 0.00, 0.00, 0.00, 1.00, 0.00, 1.00, 0.00, 0.00, 1.00, 0.00, 0.00, 0.00, 0.00
4078, 0, 153.726, 0.98, 1, 0.02, 0.08, 0.00, 0.20, 0.00, 0.00, 0.04, 0.73, 0.44, 0.51, 0.00, 0.35, 0.08, 0.13, 0.03, 0.39, 0.00, 0.00, 1.00, 0.00, 1.00, 0.00, 0.00, 0.00, 0.00, 1.00, 0.00, 1.00, 0.00, 0.00, 1.00, 0.00, 0.00, 0.00, 0.00
4079, 0, 153.764, 0.98, 1, 0.03, 0.08, 0.00, 0.20, 0.00, 0.00, 0.05, 0.82, 0.40, 0.82, 0.00, 0.13, 0.08, 0.10, 0.02, 0.63, 0.00, 0.00, 1.00, 0.00, 1.00, 0.00, 0.00, 0.00, 0.00, 1.00, 0.00, 1.00, 0.00, 0.00, 1.00, 0.00, 0.00, 0.00, 0.00
4080, 0, 153.801, 0.98, 1, 0.03, 0.00, 0.00, 0.00, 0.04, 0.06, 0.05, 0.93, 0.46, 0.82, 0.00, 0.20, 0.00, 0.03, 0.12, 0.60, 0.03, 0.00, 0.00, 0.00, 1.00, 0.00, 0.00, 0.00, 0.00, 1.00, 0.00, 1.00, 0.00, 0.00, 1.00, 0.00, 0.00, 0.00, 0.00
4081, 0, 153.839, 0.98, 1, 0.01, 0.00, 0.00, 0.00, 0.07, 0.06, 0.01, 1.08, 0.57, 0.80, 0.15, 0.24, 0.07, 0.02, 0.27, 0.28, 0.09, 0.00, 0.00, 0.00, 1.00, 0.00, 0.00, 0.00, 1.00, 1.00, 0.00, 0.00, 0.00, 0.00, 1.00, 0.00, 0.00, 0.00, 0.00
4082, 0, 153.877, 0.98, 1, 0.00, 0.03, 0.00, 0.10, 0.07, 0.06, 0.00, 1.27, 0.65, 0.65, 0.17, 0.28, 0.08, 0.00, 0.27, 0.00, 0.13, 0.00, 0.00, 0.00, 1.00, 0.00, 0.00, 0.00, 1.00, 1.00, 0.00, 0.00, 0.00, 0.00, 1.00, 0.00, 0.00, 0.00, 0.00
4083, 0, 153.914, 0.98, 1, 0.00, 0.03, 0.00, 0.10, 0.02, 0.00, 0.00, 1.19, 0.59, 0.92, 0.17, 0.25, 0.12, 0.00, 0.15, 0.00, 0.21, 0.00, 1.00, 0.00, 1.00, 0.00, 0.00, 0.00, 1.00, 1.00, 0.00, 0.00, 0.00, 0.00, 1.00, 0.00, 0.00, 0.00, 0.00
4084, 0, 153.952, 0.98, 1, 0.00, 0.10, 0.00, 0.17, 0.00, 0.00, 0.00, 0.96, 0.47, 0.79, 0.03, 0.21, 0.05, 0.03, 0.00, 0.00, 0.15, 0.00, 1.00, 0.00, 1.00, 0.00, 0.00, 0.00, 1.00, 1.00, 0.00, 0.00, 0.00, 0.00, 1.00, 0.00, 0.00, 0.00, 0.00
4085, 0, 153.990, 0.98, 1, 0.00, 0.15, 0.00, 0.08, 0.03, 0.04, 0.00, 0.66, 0.52, 0.99, 0.00, 0.16, 0.04, 0.03, 0.16, 0.17, 0.14, 0.00, 0.00, 0.00, 1.00, 0.00, 0.00, 0.00, 1.00, 1.00, 0.00, 0.00, 0.00, 0.00, 1.00, 0.00, 0.00, 0.00, 0.00
4086, 0, 154.028, 0.98, 1, 0.00, 0.20, 0.00, 0.08, 0.03, 0.04, 0.00, 0.54, 0.61, 0.79, 0.00, 0.09, 0.00, 0.03, 0.33, 0.17, 0.04, 0.00, 0.00, 0.00, 1.00, 0.00, 0.00, 0.00, 0.00, 1.00, 0.00, 0.00, 0.00, 0.00, 1.00, 0.00, 0.00, 0.00, 0.00
4087, 0, 154.065, 0.98, 1, 0.00, 0.12, 0.00, 0.00, 0.03, 0.18, 0.00, 0.47, 0.80, 0.90, 0.00, 0.04, 0.00, 0.01, 0.43, 0.17, 0.09, 0.00, 0.00, 0.00, 1.00, 0.00, 0.00, 0.00, 0.00, 1.00, 0.00, 0.00, 0.00, 0.00, 1.00, 0.00, 0.00, 0.00, 0.00
4088, 0, 154.103, 0.93, 1, 0.01, 0.05, 0.00, 0.00, 0.00, 0.14, 0.00, 0.45, 0.76, 0.68, 0.00, 0.00, 0.00, 0.01, 0.43, 0.00, 0.06, 0.00, 0.00, 0.00, 1.00, 0.00, 0.00, 0.00, 0.00, 1.00, 0.00, 0.00, 0.00, 0.00, 1.00, 0.00, 0.00, 0.00, 0.00
4089, 0, 154.141, 0.98, 1, 0.01, 0.00, 0.00, 0.00, 0.00, 0.14, 0.00, 0.41, 0.72, 0.63, 0.00, 0.08, 0.00, 0.01, 0.37, 0.00, 0.05, 0.00, 0.00, 0.00, 1.00, 0.00, 0.00, 0.00, 0.00, 1.00, 0.00, 0.00, 0.00, 0.00, 1.00, 0.00, 0.00, 0.00, 0.00
4090, 0, 154.178, 0.98, 1, 0.01, 0.00, 0.00, 0.00, 0.00, 0.00, 0.04, 0.33, 0.47, 0.57, 0.15, 0.24, 0.00, 0.03, 0.31, 0.00, 0.00, 0.00, 0.00, 0.00, 1.00, 0.00, 0.00, 0.00, 0.00, 1.00, 0.00, 0.00, 0.00, 0.00, 1.00, 0.00, 0.00, 0.00, 0.00
4091, 0, 154.216, 0.98, 1, 0.00, 0.00, 0.00, 0.00, 0.00, 0.00, 0.06, 0.26, 0.29, 0.67, 0.26, 0.37, 0.00, 0.05, 0.21, 0.00, 0.00, 0.00, 0.00, 0.00, 1.00, 0.00, 0.00, 0.00, 0.00, 0.00, 1.00, 0.00, 0.00, 0.00, 1.00, 0.00, 0.00, 0.00, 0.00
4092, 0, 154.254, 0.98, 1, 0.00, 0.00, 0.00, 0.04, 0.00, 0.00, 0.06, 0.36, 0.22, 0.78, 0.26, 0.48, 0.00, 0.05, 0.15, 0.00, 0.07, 0.00, 0.00, 0.00, 1.00, 0.00, 0.00, 0.00, 0.00, 0.00, 1.00, 0.00, 0.00, 0.00, 1.00, 0.00, 0.00, 0.00, 0.00
4093, 0, 154.291, 0.98, 1, 0.08, 0.00, 0.00, 0.04, 0.00, 0.00, 0.02, 0.37, 0.25, 0.72, 0.12, 0.54, 0.00, 0.03, 0.11, 0.00, 0.14, 0.00, 0.00, 0.00, 1.00, 0.00, 0.00, 0.00, 0.00, 0.00, 1.00, 0.00, 0.00, 0.00, 1.00, 0.00, 0.00, 0.00, 0.00
4094, 0, 154.329, 0.98, 1, 0.08, 0.02, 0.00, 0.04, 0.00, 0.00, 0.03, 0.31, 0.28, 0.82, 0.00, 0.46, 0.12, 0.00, 0.04, 0.00, 0.14, 0.00, 0.00, 0.00, 1.00, 0.00, 0.00, 0.00, 0.00, 0.00, 1.00, 1.00, 0.00, 0.00, 1.00, 0.00, 0.00, 0.00, 0.00
4095, 0, 154.367, 0.98, 1, 0.08, 0.08, 0.03, 0.13, 0.00, 0.00, 0.03, 0.22, 0.32, 0.80, 0.04, 0.60, 0.19, 0.11, 0.10, 0.00, 0.10, 0.00, 0.00, 0.00, 1.00, 0.00, 0.00, 0.00, 0.00, 0.00, 1.00, 1.00, 1.00, 1.00, 1.00, 0.00, 0.00, 0.00, 0.00
4096, 0, 154.405, 0.98, 1, 0.00, 0.08, 0.03, 0.19, 0.00, 0.00, 0.03, 0.34, 0.38, 0.87, 0.05, 0.73, 0.22, 0.16, 0.14, 0.00, 0.06, 0.00, 0.00, 0.00, 1.00, 0.00, 0.00, 0.00, 0.00, 0.00, 1.00, 1.00, 1.00, 1.00, 1.00, 0.00, 0.00, 0.00, 0.00
4097, 0, 154.442, 0.98, 1, 0.00, 0.05, 0.03, 0.24, 0.00, 0.00, 0.00, 0.53, 0.43, 0.55, 0.07, 1.02, 0.13, 0.18, 0.22, 0.00, 0.06, 0.00, 0.00, 0.00, 1.00, 0.00, 0.00, 0.00, 0.00, 0.00, 1.00, 1.00, 1.00, 1.00, 1.00, 0.00, 0.00, 0.00, 0.00
4098, 0, 154.480, 0.98, 1, 0.13, 0.07, 0.00, 0.12, 0.00, 0.00, 0.00, 0.85, 0.28, 0.31, 0.34, 0.91, 0.29, 0.11, 0.20, 0.00, 0.02, 0.00, 0.00, 0.00, 1.00, 0.00, 0.00, 0.00, 0.00, 0.00, 0.00, 1.00, 1.00, 1.00, 1.00, 0.00, 0.00, 0.00, 0.00
4099, 0, 154.518, 0.98, 1, 0.28, 0.20, 0.00, 0.08, 0.00, 0.00, 0.00, 1.09, 0.13, 0.06, 0.53, 0.86, 0.50, 0.09, 0.23, 0.00, 0.00, 0.00, 0.00, 0.00, 1.00, 0.00, 0.00, 0.00, 0.00, 0.00, 0.00, 1.00, 1.00, 0.00, 1.00, 0.00, 0.00, 0.00, 0.00
4100, 0, 154.555, 0.98, 1, 0.29, 0.20, 0.00, 0.02, 0.00, 0.00, 0.00, 1.38, 0.00, 0.06, 0.69, 0.59, 0.46, 0.08, 0.20, 0.08, 0.00, 0.00, 0.00, 0.00, 1.00, 0.00, 0.00, 0.00, 0.00, 0.00, 0.00, 1.00, 1.00, 0.00, 1.00, 0.00, 0.00, 0.00, 0.00
4101, 0, 154.593, 0.98, 1, 0.17, 0.21, 0.00, 0.06, 0.00, 0.00, 0.09, 1.38, 0.00, 0.11, 0.66, 0.35, 0.28, 0.04, 0.19, 0.21, 0.00, 0.00, 0.00, 0.00, 1.00, 0.00, 0.00, 0.00, 0.00, 0.00, 0.00, 1.00, 0.00, 0.00, 1.00, 0.00, 0.00, 0.00, 0.00
4102, 0, 154.631, 0.98, 1, 0.03, 0.08, 0.00, 0.04, 0.00, 0.00, 0.14, 1.44, 0.00, 0.11, 0.65, 0.08, 0.09, 0.00, 0.13, 0.40, 0.00, 0.00, 0.00, 0.00, 1.00, 0.00, 0.00, 0.00, 0.00, 0.00, 0.00, 1.00, 0.00, 0.00, 0.00, 0.00, 0.00, 0.00, 0.00
4103, 0, 154.669, 0.88, 1, 0.07, 0.10, 0.00, 0.04, 0.00, 0.00, 0.15, 1.34, 0.00, 0.29, 0.47, 0.18, 0.14, 0.00, 0.19, 0.62, 0.00, 0.00, 0.00, 0.00, 1.00, 0.00, 0.00, 0.00, 0.00, 0.00, 0.00, 1.00, 0.00, 0.00, 0.00, 0.00, 0.00, 0.00, 0.00
4104, 0, 154.706, 0.93, 1, 0.12, 0.01, 0.00, 0.00, 0.00, 0.00, 0.05, 1.13, 0.00, 0.20, 0.19, 0.49, 0.13, 0.00, 0.24, 0.92, 0.00, 0.00, 0.00, 0.00, 1.00, 0.00, 0.00, 0.00, 0.00, 0.00, 0.00, 1.00, 0.00, 0.00, 0.00, 0.00, 0.00, 0.00, 0.00
4105, 0, 154.744, 0.93, 1, 0.12, 0.01, 0.00, 0.00, 0.00, 0.00, 0.07, 0.80, 0.00, 0.23, 0.00, 0.67, 0.20, 0.03, 0.35, 0.90, 0.00, 0.00, 0.00, 0.00, 1.00, 0.00, 0.00, 0.00, 0.00, 0.00, 0.00, 1.00, 0.00, 0.00, 0.00, 0.00, 0.00, 0.00, 0.00
4106, 0, 154.782, 0.93, 1, 0.16, 0.00, 0.00, 0.00, 0.00, 0.00, 0.06, 0.42, 0.00, 0.03, 0.26, 0.79, 0.29, 0.03, 0.44, 0.87, 0.00, 0.00, 0.00, 0.00, 1.00, 0.00, 0.00, 0.00, 0.00, 0.00, 0.00, 0.00, 0.00, 0.00, 0.00, 0.00, 0.00, 0.00, 0.00
4107, 0, 154.819, 0.88, 1, 0.17, 0.00, 0.00, 0.00, 0.00, 0.00, 0.06, 0.16, 0.00, 0.03, 0.54, 0.77, 0.38, 0.03, 0.52, 0.70, 0.00, 0.00, 0.00, 0.00, 1.00, 0.00, 0.00, 0.00, 0.00, 0.00, 0.00, 0.00, 0.00, 0.00, 0.00, 0.00, 0.00, 0.00, 0.00
4108, 0, 154.857, 0.88, 1, 0.32, 0.04, 0.00, 0.00, 0.00, 0.00, 0.08, 0.00, 0.00, 0.00, 0.70, 0.63, 0.29, 0.00, 0.53, 1.01, 0.14, 0.00, 0.00, 0.00, 1.00, 0.00, 0.00, 0.00, 0.00, 0.00, 0.00, 0.00, 0.00, 0.00, 0.00, 0.00, 0.00, 0.00, 0.00
4109, 0, 154.895, 0.88, 1, 0.41, 0.22, 0.00, 0.00, 0.00, 0.00, 0.22, 0.00, 0.00, 0.00, 0.44, 0.39, 0.18, 0.00, 0.32, 1.04, 0.29, 0.00, 0.00, 0.00, 1.00, 0.00, 0.00, 0.00, 0.00, 0.00, 0.00, 1.00, 0.00, 0.00, 1.00, 0.00, 0.00, 0.00, 0.00
4110, 0, 154.932, 0.88, 1, 0.35, 0.31, 0.00, 0.00, 0.00, 0.00, 0.22, 0.12, 0.00, 0.00, 0.22, 0.13, 0.05, 0.00, 0.12, 0.79, 0.38, 0.00, 0.00, 0.00, 1.00, 0.00, 0.00, 0.00, 0.00, 0.00, 0.00, 1.00, 1.00, 0.00, 1.00, 0.00, 0.00, 0.00, 0.00
4111, 0, 154.970, 0.93, 1, 0.21, 0.27, 0.00, 0.00, 0.00, 0.00, 0.14, 0.28, 0.00, 0.09, 0.06, 0.24, 0.04, 0.00, 0.00, 0.49, 0.43, 0.00, 0.00, 0.00, 1.00, 0.00, 0.00, 0.00, 0.00, 0.00, 0.00, 1.00, 1.00, 0.00, 1.00, 0.00, 0.00, 0.00, 0.00
4112, 0, 155.008, 0.93, 1, 0.06, 0.09, 0.00, 0.00, 0.00, 0.00, 0.00, 0.40, 0.00, 0.20, 0.24, 0.45, 0.00, 0.00, 0.05, 0.42, 0.37, 0.00, 0.00, 0.00, 1.00, 0.00, 0.00, 0.00, 0.00, 0.00, 0.00, 1.00, 1.00, 0.00, 1.00, 0.00, 0.00, 0.00, 0.00
4113, 0, 155.046, 0.93, 1, 0.05, 0.00, 0.00, 0.00, 0.00, 0.00, 0.00, 0.29, 0.09, 0.24, 0.18, 0.58, 0.00, 0.00, 0.22, 0.96, 0.30, 0.00, 0.00, 0.00, 1.00, 0.00, 0.00, 0.00, 0.00, 0.00, 0.00, 1.00, 1.00, 0.00, 1.00, 0.00, 0.00, 0.00, 0.00
4114, 0, 155.083, 0.88, 1, 0.05, 0.00, 0.00, 0.00, 0.00, 0.00, 0.00, 0.13, 0.19, 0.18, 0.22, 0.49, 0.00, 0.00, 0.47, 1.28, 0.19, 0.00, 0.00, 0.00, 1.00, 0.00, 0.00, 0.00, 0.00, 0.00, 0.00, 0.00, 1.00, 0.00, 1.00, 0.00, 0.00, 0.00, 1.00
4115, 0, 155.121, 0.88, 1, 0.00, 0.00, 0.00, 0.00, 0.00, 0.00, 0.00, 0.00, 0.40, 0.41, 0.20, 0.34, 0.00, 0.00, 0.89, 1.48, 0.14, 0.00, 0.00, 0.00, 1.00, 0.00, 0.00, 0.00, 0.00, 0.00, 0.00, 0.00, 1.00, 0.00, 1.00, 0.00, 0.00, 0.00, 1.00
4116, 0, 155.159, 0.93, 1, 0.00, 0.00, 0.00, 0.00, 0.00, 0.00, 0.00, 0.00, 0.41, 0.59, 0.54, 0.30, 0.00, 0.02, 1.03, 1.52, 0.19, 0.00, 0.00, 0.00, 1.00, 0.00, 0.00, 0.00, 0.00, 0.00, 1.00, 0.00, 1.00, 0.00, 1.00, 0.00, 0.00, 0.00, 1.00
4117, 0, 155.196, 0.93, 1, 0.00, 0.00, 0.00, 0.00, 0.00, 0.00, 0.00, 0.00, 0.38, 0.76, 1.19, 0.35, 0.00, 0.06, 0.93, 1.45, 0.20, 0.00, 0.00, 0.00, 1.00, 0.00, 0.00, 0.00, 0.00, 0.00, 1.00, 0.00, 1.00, 0.00, 1.00, 0.00, 0.00, 0.00, 1.00
4118, 0, 155.234, 0.93, 1, 0.00, 0.00, 0.00, 0.00, 0.00, 0.00, 0.00, 0.00, 0.28, 0.75, 1.04, 0.31, 0.04, 0.06, 0.70, 1.51, 0.40, 0.00, 0.00, 0.00, 1.00, 0.00, 0.00, 0.00, 0.00, 0.00, 1.00, 0.00, 1.00, 0.00, 1.00, 0.00, 0.00, 0.00, 1.00
4119, 0, 155.272, 0.93, 1, 0.00, 0.00, 0.00, 0.00, 0.00, 0.00, 0.00, 0.00, 0.27, 0.68, 0.70, 0.35, 0.04, 0.07, 0.58, 1.58, 0.43, 0.00, 0.00, 0.00, 1.00, 0.00, 0.00, 0.00, 0.00, 0.00, 1.00, 0.00, 1.00, 0.00, 1.00, 0.00, 0.00, 0.00, 1.00
4120, 0, 155.309, 0.98, 1, 0.00, 0.00, 0.00, 0.00, 0.00, 0.00, 0.00, 0.00, 0.20, 0.59, 0.00, 0.21, 0.04, 0.03, 0.43, 1.45, 0.62, 0.00, 0.00, 0.00, 1.00, 0.00, 0.00, 0.00, 0.00, 0.00, 1.00, 0.00, 1.00, 0.00, 1.00, 0.00, 0.00, 0.00, 1.00
4121, 0, 155.347, 0.98, 1, 0.00, 0.00, 0.00, 0.00, 0.00, 0.00, 0.00, 0.00, 0.11, 0.26, 0.00, 0.16, 0.00, 0.03, 0.19, 1.25, 0.53, 0.00, 0.00, 0.00, 1.00, 0.00, 0.00, 0.00, 0.00, 0.00, 1.00, 0.00, 1.00, 0.00, 1.00, 0.00, 0.00, 0.00, 1.00
4122, 0, 155.385, 0.98, 1, 0.00, 0.02, 0.00, 0.00, 0.00, 0.00, 0.00, 0.00, 0.08, 0.37, 0.03, 0.01, 0.00, 0.00, 0.09, 0.79, 0.54, 0.00, 0.00, 0.00, 1.00, 0.00, 0.00, 0.00, 0.00, 0.00, 1.00, 0.00, 1.00, 0.00, 1.00, 0.00, 0.00, 0.00, 1.00
4123, 0, 155.423, 0.98, 1, 0.00, 0.02, 0.00, 0.00, 0.00, 0.00, 0.00, 0.08, 0.11, 0.53, 0.03, 0.01, 0.00, 0.00, 0.09, 0.73, 0.31, 0.00, 0.00, 0.00, 1.00, 0.00, 0.00, 0.00, 0.00, 0.00, 0.00, 0.00, 1.00, 0.00, 1.00, 0.00, 0.00, 0.00, 1.00
4124, 0, 155.460, 0.98, 1, 0.00, 0.02, 0.00, 0.00, 0.00, 0.00, 0.00, 0.08, 0.11, 0.53, 0.03, 0.21, 0.00, 0.10, 0.09, 0.77, 0.30, 0.00, 0.00, 0.00, 1.00, 0.00, 0.00, 0.00, 0.00, 0.00, 0.00, 0.00, 1.00, 0.00, 1.00, 0.00, 0.00, 0.00, 1.00
4125, 0, 155.498, 0.98, 1, 0.03, 0.00, 0.00, 0.00, 0.00, 0.00, 0.00, 0.08, 0.14, 0.27, 0.00, 0.67, 0.33, 0.10, 0.00, 0.82, 0.30, 0.00, 0.00, 0.00, 1.00, 0.00, 0.00, 0.00, 0.00, 0.00, 0.00, 0.00, 1.00, 0.00, 1.00, 0.00, 0.00, 0.00, 1.00
4126, 0, 155.536, 0.93, 1, 0.11, 0.00, 0.00, 0.00, 0.00, 0.00, 0.00, 0.00, 0.19, 0.00, 0.00, 1.05, 0.59, 0.10, 0.00, 0.81, 0.39, 0.00, 0.00, 0.00, 1.00, 0.00, 0.00, 0.00, 0.00, 0.00, 0.00, 0.00, 1.00, 0.00, 1.00, 0.00, 0.00, 0.00, 1.00
4127, 0, 155.573, 0.93, 1, 0.11, 0.00, 0.00, 0.00, 0.00, 0.00, 0.00, 0.00, 0.23, 0.00, 0.00, 1.24, 0.67, 0.03, 0.00, 1.03, 0.44, 0.00, 0.00, 0.00, 1.00, 0.00, 0.00, 0.00, 0.00, 1.00, 0.00, 0.00, 1.00, 0.00, 1.00, 0.00, 0.00, 0.00, 1.00
4128, 0, 155.611, 0.88, 1, 0.08, 0.00, 0.00, 0.00, 0.00, 0.00, 0.00, 0.00, 0.26, 0.14, 0.00, 1.09, 0.44, 0.03, 0.07, 1.43, 0.42, 0.00, 0.00, 0.00, 1.00, 0.00, 0.00, 0.00, 0.00, 1.00, 0.00, 0.00, 1.00, 0.00, 1.00, 0.00, 0.00, 0.00, 0.00
4129, 0, 155.649, 0.88, 1, 0.00, 0.06, 0.00, 0.00, 0.00, 0.00, 0.00, 0.00, 0.30, 0.14, 0.00, 1.12, 0.18, 0.17, 0.07, 1.92, 0.36, 0.00, 0.00, 0.00, 1.00, 0.00, 0.00, 0.00, 0.00, 1.00, 0.00, 0.00, 1.00, 0.00, 1.00, 0.00, 0.00, 0.00, 0.00
4130, 0, 155.687, 0.88, 1, 0.00, 0.06, 0.00, 0.00, 0.00, 0.00, 0.00, 0.00, 0.36, 0.14, 0.05, 1.12, 0.46, 0.20, 0.16, 1.98, 0.19, 0.00, 0.00, 0.00, 1.00, 0.00, 0.00, 0.00, 0.00, 1.00, 0.00, 0.00, 1.00, 0.00, 1.00, 0.00, 0.00, 0.00, 0.00
4131, 0, 155.724, 0.98, 1, 0.00, 0.08, 0.00, 0.00, 0.00, 0.00, 0.00, 0.00, 0.27, 0.10, 0.33, 0.94, 0.58, 0.20, 0.32, 1.97, 0.18, 0.00, 0.00, 0.00, 1.00, 0.00, 0.00, 0.00, 0.00, 1.00, 0.00, 0.00, 1.00, 1.00, 1.00, 0.00, 0.00, 0.00, 1.00
4132, 0, 155.762, 0.93, 1, 0.00, 0.04, 0.00, 0.00, 0.00, 0.00, 0.00, 0.00, 0.18, 0.19, 0.62, 0.68, 0.70, 0.07, 0.57, 1.89, 0.16, 0.00, 0.00, 0.00, 1.00, 0.00, 0.00, 0.00, 0.00, 1.00, 0.00, 0.00, 1.00, 1.00, 1.00, 0.00, 1.00, 0.00, 1.00
4133, 0, 155.800, 0.93, 1, 0.00, 0.04, 0.00, 0.00, 0.00, 0.00, 0.00, 0.00, 0.15, 0.40, 0.80, 0.39, 0.35, 0.00, 0.67, 1.78, 0.28, 0.00, 0.00, 0.00, 1.00, 0.00, 0.00, 0.00, 0.00, 1.00, 0.00, 0.00, 1.00, 1.00, 1.00, 0.00, 1.00, 0.00, 1.00
4134, 0, 155.837, 0.93, 1, 0.00, 0.02, 0.00, 0.00, 0.00, 0.00, 0.00, 0.00, 0.23, 0.59, 0.52, 0.49, 0.13, 0.02, 0.56, 1.74, 0.20, 0.00, 0.00, 0.00, 1.00, 0.00, 0.00, 0.00, 0.00, 1.00, 0.00, 0.00, 1.00, 1.00, 1.00, 0.00, 1.00, 0.00, 1.00
4135, 0, 155.875, 0.93, 1, 0.00, 0.00, 0.00, 0.00, 0.00, 0.00, 0.00, 0.03, 0.47, 0.51, 0.23, 0.47, 0.01, 0.08, 0.64, 1.37, 0.11, 0.00, 0.00, 0.00, 1.00, 0.00, 0.00, 0.00, 0.00, 1.00, 0.00, 0.00, 1.00, 0.00, 1.00, 0.00, 1.00, 0.00, 1.00
4136, 0, 155.913, 0.98, 1, 0.00, 0.00, 0.00, 0.00, 0.00, 0.00, 0.00, 0.04, 0.66, 0.38, 0.00, 0.35, 0.00, 0.08, 0.86, 1.02, 0.00, 0.00, 0.00, 0.00, 1.00, 0.00, 0.00, 0.00, 0.00, 1.00, 0.00, 0.00, 1.00, 0.00, 1.00, 0.00, 0.00, 0.00, 1.00
4137, 0, 155.950, 0.98, 1, 0.00, 0.00, 0.00, 0.00, 0.01, 0.00, 0.00, 0.10, 0.84, 0.16, 0.00, 0.13, 0.03, 0.06, 1.17, 0.73, 0.00, 0.00, 0.00, 0.00, 1.00, 0.00, 0.00, 0.00, 0.00, 1.00, 0.00, 0.00, 0.00, 0.00, 1.00, 0.00, 0.00, 0.00, 1.00
4138, 0, 155.988, 0.98, 1, 0.00, 0.00, 0.00, 0.00, 0.01, 0.00, 0.00, 0.07, 0.85, 0.16, 0.00, 0.00, 0.21, 0.00, 1.15, 0.64, 0.00, 0.00, 0.00, 0.00, 1.00, 0.00, 0.00, 0.00, 0.00, 1.00, 0.00, 0.00, 0.00, 0.00, 1.00, 1.00, 0.00, 0.00, 1.00
4139, 0, 156.026, 0.98, 1, 0.00, 0.00, 0.00, 0.00, 0.01, 0.00, 0.00, 0.06, 0.85, 0.09, 0.00, 0.09, 0.47, 0.00, 1.00, 0.75, 0.00, 0.00, 0.00, 0.00, 1.00, 0.00, 0.00, 0.00, 0.00, 1.00, 0.00, 0.00, 0.00, 0.00, 1.00, 1.00, 0.00, 0.00, 1.00
4140, 0, 156.064, 0.93, 1, 0.00, 0.00, 0.00, 0.00, 0.00, 0.00, 0.00, 0.01, 0.89, 0.00, 0.00, 0.24, 0.44, 0.05, 0.92, 0.73, 0.00, 0.00, 0.00, 0.00, 1.00, 0.00, 0.00, 0.00, 0.00, 1.00, 0.00, 0.00, 0.00, 0.00, 1.00, 1.00, 0.00, 0.00, 1.00
4141, 0, 156.101, 0.98, 1, 0.00, 0.00, 0.00, 0.00, 0.02, 0.00, 0.00, 0.12, 0.92, 0.00, 0.00, 0.48, 0.26, 0.10, 0.88, 0.94, 0.02, 0.00, 0.00, 0.00, 1.00, 0.00, 0.00, 0.00, 0.00, 1.00, 0.00, 0.00, 0.00, 0.00, 1.00, 1.00, 1.00, 0.00, 1.00
4142, 0, 156.139, 0.98, 1, 0.00, 0.00, 0.00, 0.00, 0.05, 0.00, 0.00, 0.36, 1.02, 0.00, 0.00, 0.72, 0.00, 0.25, 0.90, 1.00, 0.02, 0.00, 0.00, 0.00, 1.00, 0.00, 0.00, 0.00, 0.00, 1.00, 0.00, 0.00, 0.00, 0.00, 1.00, 1.00, 1.00, 0.00, 1.00
4143, 0, 156.177, 0.98, 1, 0.00, 0.00, 0.00, 0.00, 0.10, 0.00, 0.00, 0.38, 1.00, 0.14, 0.00, 0.71, 0.00, 0.19, 1.06, 1.19, 0.02, 0.00, 0.00, 0.00, 1.00, 0.00, 0.00, 0.00, 0.00, 1.00, 0.00, 0.00, 1.00, 0.00, 1.00, 1.00, 1.00, 0.00, 1.00
4144, 0, 156.214, 0.88, 1, 0.00, 0.00, 0.00, 0.00, 0.15, 0.00, 0.00, 0.27, 1.00, 0.28, 0.00, 0.60, 0.00, 0.15, 1.24, 1.32, 0.00, 0.00, 0.00, 0.00, 1.00, 0.00, 0.00, 0.00, 0.00, 1.00, 0.00, 0.00, 1.00, 0.00, 1.00, 1.00, 1.00, 0.00, 1.00
4145, 0, 156.252, 0.88, 1, 0.00, 0.00, 0.00, 0.00, 0.12, 0.00, 0.00, 0.03, 1.02, 0.49, 0.00, 0.59, 0.00, 0.00, 1.55, 1.40, 0.00, 0.00, 0.00, 0.00, 1.00, 0.00, 0.00, 0.00, 0.00, 1.00, 0.00, 0.00, 1.00, 0.00, 1.00, 1.00, 1.00, 0.00, 1.00
4146, 0, 156.290, 0.88, 1, 0.02, 0.04, 0.00, 0.00, 0.06, 0.00, 0.00, 0.05, 1.17, 0.58, 0.00, 0.98, 0.00, 0.07, 1.62, 1.47, 0.00, 0.00, 0.00, 0.00, 1.00, 0.00, 0.00, 0.00, 0.00, 1.00, 0.00, 0.00, 1.00, 0.00, 1.00, 1.00, 1.00, 0.00, 1.00
4147, 0, 156.328, 0.88, 1, 0.13, 0.16, 0.00, 0.00, 0.00, 0.00, 0.00, 0.27, 1.32, 0.72, 0.00, 1.45, 0.02, 0.11, 1.73, 1.52, 0.00, 0.00, 0.00, 0.00, 1.00, 0.00, 0.00, 0.00, 0.00, 1.00, 0.00, 0.00, 1.00, 0.00, 1.00, 1.00, 1.00, 0.00, 1.00
4148, 0, 156.365, 0.88, 1, 0.13, 0.16, 0.00, 0.00, 0.00, 0.00, 0.00, 0.29, 1.33, 0.68, 0.00, 1.43, 0.02, 0.23, 1.60, 1.56, 0.00, 0.00, 0.00, 0.00, 1.00, 0.00, 0.00, 0.00, 0.00, 1.00, 0.00, 0.00, 1.00, 0.00, 1.00, 1.00, 1.00, 0.00, 1.00
4149, 0, 156.403, 0.98, 1, 0.11, 0.12, 0.00, 0.00, 0.00, 0.00, 0.00, 0.24, 1.26, 0.68, 0.00, 1.18, 0.02, 0.18, 1.44, 1.59, 0.00, 0.00, 0.00, 0.00, 1.00, 0.00, 0.00, 0.00, 0.00, 1.00, 1.00, 0.00, 1.00, 0.00, 1.00, 1.00, 1.00, 0.00, 1.00
4150, 0, 156.441, 0.98, 1, 0.00, 0.00, 0.00, 0.00, 0.03, 0.09, 0.00, 0.01, 1.01, 0.67, 0.12, 0.70, 0.00, 0.14, 0.96, 1.40, 0.00, 0.00, 0.00, 0.00, 1.00, 0.00, 0.00, 0.00, 0.00, 1.00, 1.00, 0.00, 1.00, 0.00, 1.00, 1.00, 1.00, 0.00, 1.00
4151, 0, 156.478, 0.98, 1, 0.00, 0.00, 0.00, 0.00, 0.05, 0.09, 0.00, 0.06, 0.82, 0.94, 0.12, 0.54, 0.00, 0.02, 0.60, 1.37, 0.00, 0.00, 0.00, 0.00, 1.00, 0.00, 0.00, 0.00, 0.00, 1.00, 1.00, 0.00, 1.00, 0.00, 0.00, 1.00, 0.00, 0.00, 1.00
4152, 0, 156.516, 0.98, 1, 0.06, 0.11, 0.00, 0.00, 0.13, 0.18, 0.00, 0.06, 0.61, 0.97, 0.20, 0.30, 0.00, 0.00, 0.23, 1.16, 0.00, 0.00, 0.00, 0.00, 1.00, 0.00, 0.00, 0.00, 0.00, 1.00, 1.00, 0.00, 1.00, 0.00, 0.00, 1.00, 0.00, 0.00, 0.00
4153, 0, 156.554, 0.88, 1, 0.06, 0.15, 0.00, 0.16, 0.10, 0.09, 0.00, 0.10, 0.54, 0.91, 0.08, 0.17, 0.00, 0.01, 0.20, 1.02, 0.00, 0.00, 0.00, 0.00, 1.00, 0.00, 0.00, 0.00, 0.00, 1.00, 1.00, 0.00, 1.00, 0.00, 0.00, 0.00, 0.00, 0.00, 0.00
4154, 0, 156.591, 0.98, 1, 0.06, 0.15, 0.00, 0.21, 0.08, 0.09, 0.00, 0.10, 0.52, 0.87, 0.18, 0.04, 0.00, 0.02, 0.10, 0.80, 0.00, 0.00, 0.00, 0.00, 1.00, 0.00, 0.00, 0.00, 0.00, 1.00, 1.00, 0.00, 1.00, 0.00, 1.00, 0.00, 0.00, 0.00, 0.00
4155, 0, 156.629, 0.98, 1, 0.08, 0.08, 0.00, 0.21, 0.00, 0.00, 0.00, 0.36, 0.50, 0.85, 0.22, 0.25, 0.00, 0.02, 0.07, 0.64, 0.00, 0.00, 0.00, 0.00, 1.00, 0.00, 0.00, 0.00, 0.00, 1.00, 1.00, 0.00, 1.00, 0.00, 1.00, 0.00, 0.00, 0.00, 0.00
4156, 0, 156.667, 0.98, 1, 0.17, 0.09, 0.00, 0.05, 0.00, 0.00, 0.00, 0.59, 0.52, 0.86, 0.31, 0.49, 0.00, 0.01, 0.00, 0.56, 0.00, 0.00, 0.00, 0.00, 1.00, 0.00, 0.00, 0.00, 0.00, 0.00, 0.00, 0.00, 1.00, 0.00, 0.00, 0.00, 0.00, 0.00, 0.00
4157, 0, 156.705, 0.98, 1, 0.21, 0.34, 0.00, 0.18, 0.00, 0.00, 0.00, 0.78, 0.36, 0.54, 0.55, 0.64, 0.00, 0.02, 0.00, 0.55, 0.00, 0.00, 0.00, 0.00, 1.00, 0.00, 0.00, 0.00, 0.00, 0.00, 0.00, 0.00, 1.00, 0.00, 1.00, 0.00, 0.00, 0.00, 0.00
4158, 0, 156.742, 0.98, 1, 0.13, 0.30, 0.00, 0.35, 0.00, 0.00, 0.00, 0.78, 0.24, 0.66, 0.71, 0.62, 0.02, 0.02, 0.13, 0.60, 0.00, 0.00, 0.00, 0.00, 1.00, 0.00, 0.00, 0.00, 0.00, 0.00, 0.00, 0.00, 1.00, 0.00, 1.00, 0.00, 0.00, 0.00, 0.00
4159, 0, 156.780, 0.98, 1, 0.05, 0.24, 0.00, 0.48, 0.00, 0.00, 0.00, 0.71, 0.13, 0.83, 0.84, 0.60, 0.02, 0.02, 0.40, 0.85, 0.00, 0.00, 0.00, 0.00, 1.00, 0.00, 0.00, 0.00, 0.00, 0.00, 0.00, 1.00, 1.00, 0.00, 1.00, 0.00, 0.00, 0.00, 0.00
4160, 0, 156.818, 0.98, 1, 0.01, 0.00, 0.00, 0.30, 0.00, 0.00, 0.00, 0.78, 0.27, 1.03, 0.69, 0.80, 0.02, 0.01, 0.70, 1.21, 0.00, 0.00, 0.00, 0.00, 1.00, 0.00, 0.00, 0.00, 0.00, 0.00, 0.00, 0.00, 1.00, 0.00, 1.00, 0.00, 0.00, 0.00, 0.00
4161, 0, 156.855, 0.98, 1, 0.01, 0.00, 0.00, 0.12, 0.02, 0.01, 0.00, 0.85, 0.44, 0.78, 0.40, 0.63, 0.00, 0.02, 0.84, 1.63, 0.00, 0.00, 0.00, 0.00, 1.00, 0.00, 0.00, 0.00, 0.00, 1.00, 0.00, 0.00, 1.00, 0.00, 0.00, 1.00, 1.00, 0.00, 0.00
4162, 0, 156.893, 0.98, 1, 0.04, 0.24, 0.00, 0.01, 0.05, 0.01, 0.00, 1.04, 0.60, 0.57, 0.19, 0.65, 0.00, 0.02, 0.83, 1.97, 0.00, 0.00, 0.00, 0.00, 1.00, 0.00, 0.00, 0.00, 0.00, 1.00, 0.00, 0.00, 1.00, 0.00, 0.00, 1.00, 1.00, 0.00, 0.00
4163, 0, 156.931, 0.98, 1, 0.16, 0.27, 0.00, 0.01, 0.05, 0.01, 0.00, 1.03, 0.65, 0.70, 0.00, 0.37, 0.00, 0.02, 0.71, 2.14, 0.00, 0.00, 0.00, 0.00, 1.00, 0.00, 0.00, 0.00, 0.00, 1.00, 0.00, 0.00, 1.00, 0.00, 0.00, 1.00, 1.00, 0.00, 0.00
4164, 0, 156.969, 0.88, 1, 0.23, 0.27, 0.00, 0.03, 0.03, 0.00, 0.00, 1.06, 0.63, 0.89, 0.00, 0.36, 0.00, 0.00, 0.72, 2.12, 0.00, 0.00, 0.00, 0.00, 1.00, 0.00, 0.00, 0.00, 0.00, 1.00, 0.00, 0.00, 1.00, 0.00, 0.00, 1.00, 1.00, 0.00, 0.00
4165, 0, 157.006, 0.88, 1, 0.37, 0.23, 0.00, 0.02, 0.00, 0.00, 0.00, 0.71, 0.65, 0.73, 0.00, 0.25, 0.00, 0.00, 0.59, 1.57, 0.00, 0.00, 0.00, 0.00, 1.00, 0.00, 0.00, 0.00, 0.00, 1.00, 0.00, 0.00, 0.00, 0.00, 0.00, 1.00, 1.00, 0.00, 0.00
4166, 0, 157.044, 0.88, 1, 0.43, 0.41, 0.00, 0.02, 0.00, 0.00, 0.00, 0.41, 0.67, 0.35, 0.00, 0.30, 0.00, 0.00, 0.62, 1.13, 0.00, 0.00, 0.00, 0.00, 1.00, 0.00, 0.00, 0.00, 0.00, 1.00, 0.00, 0.00, 0.00, 0.00, 0.00, 1.00, 0.00, 0.00, 0.00
4167, 0, 157.082, 0.88, 1, 0.39, 0.49, 0.00, 0.06, 0.00, 0.00, 0.00, 0.25, 0.69, 0.14, 0.00, 0.25, 0.07, 0.00, 0.47, 0.77, 0.00, 0.00, 0.00, 0.00, 1.00, 0.00, 0.00, 0.00, 0.00, 1.00, 0.00, 0.00, 0.00, 0.00, 0.00, 1.00, 0.00, 0.00, 1.00
4168, 0, 157.119, 0.88, 1, 0.24, 0.29, 0.00, 0.06, 0.00, 0.00, 0.00, 0.28, 0.63, 0.36, 0.00, 0.12, 0.07, 0.00, 0.46, 0.86, 0.10, 0.00, 0.00, 0.00, 1.00, 0.00, 0.00, 0.00, 0.00, 1.00, 0.00, 0.00, 0.00, 0.00, 0.00, 0.00, 0.00, 0.00, 1.00
4169, 0, 157.157, 0.88, 1, 0.06, 0.08, 0.00, 0.06, 0.00, 0.00, 0.00, 0.32, 0.49, 0.49, 0.00, 0.19, 0.07, 0.00, 0.41, 1.01, 0.10, 0.00, 0.00, 0.00, 1.00, 0.00, 0.00, 0.00, 0.00, 1.00, 0.00, 0.00, 0.00, 0.00, 0.00, 0.00, 0.00, 0.00, 1.00
4170, 0, 157.195, 0.88, 1, 0.12, 0.37, 0.00, 0.00, 0.00, 0.00, 0.00, 0.19, 0.35, 0.45, 0.00, 0.25, 0.00, 0.00, 0.36, 0.99, 0.10, 0.00, 0.00, 0.00, 1.00, 0.00, 0.00, 0.00, 0.00, 1.00, 0.00, 0.00, 0.00, 0.00, 1.00, 0.00, 0.00, 0.00, 0.00
4171, 0, 157.232, 0.88, 1, 0.23, 0.70, 0.00, 0.00, 0.00, 0.00, 0.00, 0.11, 0.27, 0.27, 0.00, 0.32, 0.00, 0.00, 0.29, 0.79, 0.00, 0.00, 1.00, 0.00, 1.00, 0.00, 0.00, 0.00, 0.00, 1.00, 0.00, 0.00, 0.00, 0.00, 0.00, 0.00, 0.00, 0.00, 0.00
4172, 0, 157.270, 0.88, 1, 0.35, 0.93, 0.00, 0.00, 0.00, 0.00, 0.00, 0.08, 0.34, 0.12, 0.00, 0.12, 0.00, 0.00, 0.21, 0.58, 0.00, 0.00, 1.00, 0.00, 1.00, 0.00, 0.00, 0.00, 0.00, 1.00, 0.00, 0.00, 0.00, 0.00, 0.00, 0.00, 0.00, 0.00, 0.00
4173, 0, 157.308, 0.88, 1, 0.44, 0.81, 0.00, 0.00, 0.00, 0.00, 0.00, 0.02, 0.39, 0.36, 0.00, 0.13, 0.00, 0.01, 0.38, 0.83, 0.00, 0.00, 1.00, 0.00, 1.00, 0.00, 0.00, 0.00, 0.00, 1.00, 0.00, 0.00, 1.00, 0.00, 0.00, 0.00, 0.00, 0.00, 0.00
4174, 0, 157.346, 0.88, 1, 0.43, 0.65, 0.00, 0.00, 0.00, 0.00, 0.00, 0.02, 0.41, 0.33, 0.00, 0.07, 0.05, 0.01, 0.60, 0.94, 0.00, 0.00, 1.00, 0.00, 1.00, 0.00, 0.00, 0.00, 0.00, 1.00, 0.00, 0.00, 0.00, 0.00, 0.00, 0.00, 0.00, 0.00, 0.00
4175, 0, 157.383, 0.88, 1, 0.34, 0.55, 0.00, 0.00, 0.00, 0.00, 0.00, 0.19, 0.48, 0.49, 0.00, 0.13, 0.05, 0.01, 0.90, 1.02, 0.00, 0.00, 0.00, 0.00, 1.00, 0.00, 0.00, 0.00, 0.00, 1.00, 1.00, 0.00, 0.00, 0.00, 1.00, 1.00, 0.00, 0.00, 0.00
4176, 0, 157.421, 0.93, 1, 0.15, 0.44, 0.00, 0.00, 0.00, 0.00, 0.00, 0.40, 0.54, 0.26, 0.03, 0.06, 0.05, 0.00, 1.02, 0.60, 0.00, 0.00, 0.00, 0.00, 1.00, 0.00, 0.00, 0.00, 0.00, 1.00, 1.00, 0.00, 0.00, 0.00, 1.00, 1.00, 0.00, 0.00, 0.00
4177, 0, 157.459, 0.88, 1, 0.03, 0.32, 0.00, 0.00, 0.00, 0.00, 0.00, 0.64, 0.63, 0.21, 0.05, 0.06, 0.00, 0.00, 1.19, 0.50, 0.00, 0.00, 0.00, 0.00, 1.00, 0.00, 0.00, 0.00, 0.00, 1.00, 1.00, 0.00, 0.00, 0.00, 1.00, 1.00, 0.00, 0.00, 0.00
4178, 0, 157.496, 0.88, 1, 0.00, 0.19, 0.00, 0.00, 0.00, 0.00, 0.00, 0.77, 0.54, 0.08, 0.22, 0.00, 0.00, 0.00, 1.26, 0.33, 0.00, 0.00, 0.00, 0.00, 1.00, 0.00, 0.00, 0.00, 0.00, 1.00, 1.00, 0.00, 0.00, 0.00, 1.00, 1.00, 0.00, 0.00, 0.00
4179, 0, 157.534, 0.93, 1, 0.00, 0.05, 0.00, 0.00, 0.00, 0.00, 0.00, 0.93, 0.50, 0.10, 0.19, 0.00, 0.05, 0.00, 1.31, 0.53, 0.00, 0.00, 0.00, 0.00, 1.00, 0.00, 0.00, 0.00, 0.00, 1.00, 1.00, 0.00, 0.00, 0.00, 1.00, 1.00, 0.00, 0.00, 1.00
4180, 0, 157.572, 0.93, 1, 0.00, 0.00, 0.00, 0.00, 0.00, 0.00, 0.00, 0.70, 0.42, 0.19, 0.17, 0.09, 0.20, 0.08, 0.88, 0.72, 0.00, 0.00, 0.00, 0.00, 1.00, 0.00, 0.00, 0.00, 0.00, 1.00, 1.00, 0.00, 0.00, 0.00, 1.00, 1.00, 0.00, 0.00, 1.00
4181, 0, 157.610, 0.88, 1, 0.00, 0.00, 0.00, 0.00, 0.00, 0.00, 0.00, 0.37, 0.44, 0.18, 0.00, 0.12, 0.20, 0.14, 0.44, 0.89, 0.00, 0.00, 0.00, 0.00, 1.00, 0.00, 0.00, 0.00, 0.00, 1.00, 0.00, 0.00, 1.00, 0.00, 1.00, 0.00, 0.00, 0.00, 1.00
4182, 0, 157.647, 0.98, 1, 0.00, 0.00, 0.00, 0.00, 0.00, 0.00, 0.00, 0.11, 0.42, 0.11, 0.02, 0.16, 0.15, 0.20, 0.00, 0.77, 0.00, 0.00, 0.00, 0.00, 1.00, 0.00, 0.00, 0.00, 0.00, 1.00, 0.00, 0.00, 1.00, 0.00, 1.00, 0.00, 0.00, 0.00, 0.00
4183, 0, 157.685, 0.88, 1, 0.00, 0.07, 0.00, 0.00, 0.00, 0.00, 0.00, 0.16, 0.44, 0.02, 0.22, 0.14, 0.00, 0.20, 0.00, 0.76, 0.00, 0.00, 0.00, 0.00, 1.00, 0.00, 0.00, 0.00, 0.00, 1.00, 0.00, 0.00, 1.00, 0.00, 1.00, 0.00, 0.00, 0.00, 0.00
4184, 0, 157.723, 0.88, 1, 0.00, 0.09, 0.00, 0.00, 0.00, 0.00, 0.00, 0.26, 0.46, 0.00, 0.40, 0.26, 0.00, 0.27, 0.00, 0.88, 0.00, 0.00, 0.00, 0.00, 1.00, 0.00, 0.00, 0.00, 0.00, 1.00, 0.00, 0.00, 1.00, 0.00, 1.00, 0.00, 0.00, 0.00, 1.00
4185, 0, 157.760, 0.88, 1, 0.00, 0.09, 0.00, 0.00, 0.00, 0.00, 0.00, 0.53, 0.47, 0.00, 0.38, 0.49, 0.00, 0.23, 0.09, 0.96, 0.00, 0.00, 0.00, 0.00, 1.00, 0.00, 0.00, 0.00, 0.00, 1.00, 0.00, 0.00, 1.00, 0.00, 1.00, 0.00, 0.00, 0.00, 1.00
4186, 0, 157.798, 0.93, 1, 0.00, 0.02, 0.00, 0.00, 0.00, 0.00, 0.00, 0.84, 0.55, 0.13, 0.19, 0.62, 0.00, 0.15, 0.23, 0.96, 0.00, 0.00, 0.00, 0.00, 1.00, 0.00, 0.00, 0.00, 0.00, 1.00, 0.00, 0.00, 1.00, 0.00, 1.00, 0.00, 0.00, 0.00, 1.00
4187, 0, 157.836, 0.88, 1, 0.00, 0.00, 0.00, 0.00, 0.00, 0.00, 0.00, 0.95, 0.64, 0.13, 0.00, 0.67, 0.00, 0.03, 0.37, 0.87, 0.00, 0.00, 0.00, 0.00, 1.00, 0.00, 0.00, 0.00, 0.00, 1.00, 0.00, 0.00, 1.00, 0.00, 1.00, 0.00, 0.00, 0.00, 1.00
4188, 0, 157.873, 0.88, 1, 0.00, 0.22, 0.00, 0.00, 0.00, 0.00, 0.00, 0.80, 0.69, 0.27, 0.00, 0.79, 0.00, 0.00, 0.34, 1.13, 0.00, 0.00, 0.00, 0.00, 1.00, 0.00, 0.00, 0.00, 0.00, 1.00, 1.00, 0.00, 1.00, 0.00, 1.00, 0.00, 0.00, 0.00, 1.00
4189, 0, 157.911, 0.88, 1, 0.00, 0.27, 0.00, 0.00, 0.00, 0.00, 0.00, 0.50, 0.66, 0.22, 0.00, 1.02, 0.11, 0.05, 0.31, 1.20, 0.00, 0.00, 0.00, 0.00, 1.00, 0.00, 0.00, 0.00, 0.00, 1.00, 1.00, 0.00, 1.00, 0.00, 1.00, 0.00, 0.00, 0.00, 1.00
4190, 0, 157.949, 0.88, 1, 0.06, 0.34, 0.00, 0.00, 0.00, 0.00, 0.00, 0.33, 0.57, 0.58, 0.00, 0.85, 0.11, 0.05, 0.31, 1.20, 0.00, 0.00, 0.00, 0.00, 1.00, 0.00, 0.00, 0.00, 0.00, 1.00, 1.00, 0.00, 1.00, 0.00, 1.00, 0.00, 0.00, 0.00, 1.00
4191, 0, 157.987, 0.88, 1, 0.25, 0.25, 0.00, 0.00, 0.00, 0.00, 0.00, 0.14, 0.52, 0.78, 0.00, 0.56, 0.11, 0.05, 0.55, 1.09, 0.00, 0.00, 0.00, 0.00, 1.00, 0.00, 0.00, 0.00, 0.00, 1.00, 1.00, 0.00, 1.00, 0.00, 1.00, 0.00, 0.00, 0.00, 1.00
4192, 0, 158.024, 0.88, 1, 0.34, 0.20, 0.00, 0.00, 0.00, 0.00, 0.00, 0.28, 0.62, 1.06, 0.00, 0.27, 0.00, 0.00, 0.68, 1.27, 0.00, 0.00, 0.00, 0.00, 1.00, 0.00, 0.00, 0.00, 0.00, 1.00, 1.00, 0.00, 1.00, 0.00, 1.00, 1.00, 1.00, 0.00, 1.00
4193, 0, 158.062, 0.88, 1, 0.28, 0.18, 0.00, 0.00, 0.00, 0.00, 0.00, 0.37, 0.68, 0.79, 0.00, 0.43, 0.00, 0.06, 0.85, 1.36, 0.00, 0.00, 0.00, 0.00, 1.00, 0.00, 0.00, 0.00, 0.00, 1.00, 1.00, 0.00, 1.00, 0.00, 1.00, 1.00, 1.00, 0.00, 1.00
4194, 0, 158.100, 0.93, 1, 0.09, 0.10, 0.00, 0.00, 0.00, 0.00, 0.00, 0.39, 0.78, 0.48, 0.00, 0.57, 0.00, 0.11, 0.85, 1.36, 0.00, 0.00, 0.00, 0.00, 1.00, 0.00, 0.00, 0.00, 0.00, 1.00, 0.00, 0.00, 1.00, 0.00, 1.00, 1.00, 1.00, 0.00, 1.00
4195, 0, 158.137, 0.88, 1, 0.04, 0.29, 0.00, 0.00, 0.00, 0.00, 0.00, 0.34, 0.75, 0.11, 0.00, 0.81, 0.00, 0.11, 0.70, 1.10, 0.00, 0.00, 0.00, 0.00, 1.00, 0.00, 0.00, 0.00, 0.00, 1.00, 0.00, 0.00, 1.00, 0.00, 1.00, 1.00, 1.00, 0.00, 1.00
4196, 0, 158.175, 0.88, 1, 0.05, 0.24, 0.00, 0.00, 0.00, 0.00, 0.00, 0.44, 0.71, 0.03, 0.00, 0.89, 0.00, 0.05, 0.47, 1.12, 0.03, 0.00, 0.00, 0.00, 1.00, 0.00, 0.00, 0.00, 0.00, 1.00, 0.00, 0.00, 1.00, 0.00, 1.00, 0.00, 0.00, 0.00, 1.00
4197, 0, 158.213, 0.88, 1, 0.12, 0.23, 0.00, 0.00, 0.00, 0.00, 0.00, 0.53, 0.57, 0.00, 0.00, 0.67, 0.00, 0.00, 0.32, 1.15, 0.10, 0.00, 0.00, 0.00, 1.00, 0.00, 0.00, 0.00, 0.00, 1.00, 0.00, 0.00, 1.00, 0.00, 1.00, 0.00, 0.00, 0.00, 1.00
4198, 0, 158.251, 0.88, 1, 0.11, 0.04, 0.00, 0.00, 0.00, 0.00, 0.00, 0.44, 0.40, 0.00, 0.00, 0.31, 0.00, 0.00, 0.40, 1.21, 0.10, 0.00, 0.00, 0.00, 1.00, 0.00, 0.00, 0.00, 0.00, 1.00, 0.00, 0.00, 1.00, 0.00, 1.00, 0.00, 0.00, 0.00, 1.00
4199, 0, 158.288, 0.88, 1, 0.17, 0.04, 0.00, 0.00, 0.00, 0.00, 0.00, 0.32, 0.23, 0.00, 0.00, 0.06, 0.00, 0.00, 0.43, 1.01, 0.15, 0.00, 0.00, 0.00, 1.00, 0.00, 0.00, 0.00, 0.00, 1.00, 0.00, 0.00, 1.00, 0.00, 1.00, 0.00, 0.00, 0.00, 1.00
4200, 0, 158.326, 0.88, 1, 0.10, 0.00, 0.00, 0.00, 0.00, 0.00, 0.00, 0.20, 0.23, 0.00, 0.00, 0.37, 0.00, 0.00, 0.36, 0.77, 0.09, 0.00, 0.00, 0.00, 1.00, 0.00, 0.00, 0.00, 0.00, 1.00, 0.00, 0.00, 1.00, 0.00, 1.00, 0.00, 0.00, 0.00, 1.00
4201, 0, 158.364, 0.88, 1, 0.08, 0.00, 0.00, 0.00, 0.00, 0.00, 0.00, 0.15, 0.30, 0.00, 0.00, 0.56, 0.00, 0.00, 0.19, 0.59, 0.20, 0.00, 0.00, 0.00, 1.00, 0.00, 0.00, 0.00, 0.00, 1.00, 0.00, 0.00, 1.00, 0.00, 0.00, 0.00, 0.00, 0.00, 1.00
4202, 0, 158.401, 0.88, 1, 0.00, 0.01, 0.00, 0.00, 0.00, 0.00, 0.00, 0.23, 0.36, 0.00, 0.01, 0.74, 0.00, 0.00, 0.07, 0.72, 0.28, 0.00, 0.00, 0.00, 1.00, 0.00, 0.00, 0.00, 0.00, 1.00, 0.00, 0.00, 1.00, 0.00, 0.00, 0.00, 0.00, 0.00, 1.00
4203, 0, 158.439, 0.88, 1, 0.08, 0.14, 0.00, 0.00, 0.00, 0.00, 0.00, 0.42, 0.34, 0.06, 0.01, 0.59, 0.00, 0.00, 0.00, 0.85, 0.42, 0.00, 0.00, 0.00, 1.00, 0.00, 0.00, 0.00, 0.00, 1.00, 0.00, 1.00, 1.00, 0.00, 0.00, 0.00, 0.00, 0.00, 1.00
4204, 0, 158.477, 0.88, 1, 0.09, 0.14, 0.00, 0.00, 0.00, 0.00, 0.00, 0.55, 0.35, 0.06, 0.01, 0.44, 0.00, 0.00, 0.00, 0.73, 0.38, 0.00, 0.00, 0.00, 1.00, 0.00, 0.00, 0.00, 0.00, 0.00, 0.00, 1.00, 1.00, 0.00, 0.00, 0.00, 0.00, 0.00, 1.00
4205, 0, 158.514, 0.88, 1, 0.09, 0.13, 0.00, 0.00, 0.00, 0.00, 0.00, 0.83, 0.27, 0.06, 0.00, 0.25, 0.00, 0.02, 0.02, 0.79, 0.22, 0.00, 0.00, 0.00, 1.00, 0.00, 0.00, 0.00, 0.00, 0.00, 0.00, 1.00, 0.00, 0.00, 0.00, 0.00, 0.00, 0.00, 1.00
4206, 0, 158.552, 0.98, 1, 0.01, 0.08, 0.00, 0.00, 0.00, 0.00, 0.01, 1.07, 0.18, 0.00, 0.00, 0.09, 0.00, 0.02, 0.02, 0.88, 0.07, 0.00, 0.00, 0.00, 1.00, 0.00, 0.00, 0.00, 0.00, 0.00, 0.00, 1.00, 0.00, 0.00, 1.00, 0.00, 0.00, 0.00, 0.00
4207, 0, 158.590, 0.98, 1, 0.00, 0.08, 0.00, 0.00, 0.00, 0.00, 0.02, 1.11, 0.03, 0.14, 0.00, 0.00, 0.00, 0.07, 0.02, 1.17, 0.00, 0.00, 0.00, 0.00, 1.00, 0.00, 0.00, 0.00, 0.00, 0.00, 0.00, 1.00, 0.00, 0.00, 1.00, 0.00, 0.00, 0.00, 0.00
4208, 0, 158.628, 0.93, 1, 0.00, 0.08, 0.00, 0.00, 0.00, 0.00, 0.05, 0.91, 0.04, 0.29, 0.00, 0.00, 0.00, 0.06, 0.07, 1.20, 0.11, 0.00, 0.00, 0.00, 1.00, 0.00, 0.00, 0.00, 0.00, 0.00, 0.00, 1.00, 0.00, 0.00, 1.00, 0.00, 0.00, 0.00, 0.00
4209, 0, 158.665, 0.93, 1, 0.01, 0.00, 0.00, 0.00, 0.00, 0.19, 0.09, 0.54, 0.05, 0.33, 0.00, 0.04, 0.00, 0.07, 0.21, 1.35, 0.14, 0.00, 0.00, 0.00, 1.00, 0.00, 0.00, 0.00, 0.00, 0.00, 0.00, 1.00, 0.00, 0.00, 1.00, 0.00, 0.00, 0.00, 0.00
4210, 0, 158.703, 0.93, 1, 0.03, 0.00, 0.00, 0.00, 0.00, 0.19, 0.07, 0.77, 0.16, 0.19, 0.27, 0.11, 0.00, 0.02, 0.21, 1.34, 0.14, 0.00, 0.00, 0.00, 1.00, 0.00, 0.00, 0.00, 0.00, 0.00, 1.00, 1.00, 0.00, 0.00, 0.00, 0.00, 0.00, 0.00, 0.00
4211, 0, 158.741, 0.88, 1, 0.11, 0.00, 0.00, 0.00, 0.00, 0.19, 0.05, 0.74, 0.14, 0.18, 0.36, 0.11, 0.02, 0.01, 0.32, 1.20, 0.08, 0.00, 0.00, 0.00, 1.00, 0.00, 0.00, 0.00, 0.00, 0.00, 1.00, 1.00, 0.00, 0.00, 0.00, 0.00, 0.00, 0.00, 0.00
4212, 0, 158.778, 0.88, 1, 0.13, 0.00, 0.00, 0.00, 0.00, 0.00, 0.00, 0.87, 0.14, 0.26, 0.47, 0.07, 0.05, 0.00, 0.36, 1.06, 0.06, 0.00, 0.00, 0.00, 1.00, 0.00, 0.00, 0.00, 0.00, 0.00, 1.00, 1.00, 0.00, 0.00, 0.00, 0.00, 0.00, 0.00, 0.00
4213, 0, 158.816, 0.88, 1, 0.24, 0.00, 0.00, 0.00, 0.00, 0.00, 0.00, 0.77, 0.08, 0.52, 0.19, 0.08, 0.12, 0.00, 0.36, 0.89, 0.21, 0.00, 0.00, 0.00, 1.00, 0.00, 0.00, 0.00, 0.00, 0.00, 1.00, 1.00, 0.00, 0.00, 0.00, 0.00, 0.00, 0.00, 0.00
4214, 0, 158.854, 0.88, 1, 0.30, 0.02, 0.00, 0.00, 0.00, 0.00, 0.00, 0.73, 0.14, 0.71, 0.10, 0.24, 0.28, 0.00, 0.23, 0.88, 0.31, 0.00, 0.00, 0.00, 1.00, 0.00, 0.00, 0.00, 0.00, 0.00, 1.00, 1.00, 1.00, 0.00, 0.00, 0.00, 0.00, 0.00, 0.00
4215, 0, 158.892, 0.88, 1, 0.37, 0.14, 0.00, 0.00, 0.00, 0.00, 0.00, 0.88, 0.20, 0.59, 0.01, 0.49, 0.26, 0.00, 0.42, 1.15, 0.30, 0.00, 0.00, 0.00, 1.00, 0.00, 0.00, 0.00, 0.00, 0.00, 1.00, 1.00, 1.00, 0.00, 0.00, 0.00, 0.00, 0.00, 0.00
4216, 0, 158.929, 0.88, 1, 0.34, 0.38, 0.00, 0.00, 0.00, 0.00, 0.00, 1.05, 0.20, 0.34, 0.10, 0.72, 0.19, 0.00, 0.76, 1.56, 0.16, 0.00, 0.00, 0.00, 1.00, 0.00, 0.00, 0.00, 0.00, 0.00, 0.00, 1.00, 1.00, 0.00, 1.00, 0.00, 0.00, 0.00, 0.00
4217, 0, 158.967, 0.88, 1, 0.19, 0.37, 0.00, 0.00, 0.00, 0.00, 0.00, 1.15, 0.29, 0.00, 0.29, 0.74, 0.00, 0.00, 0.83, 1.68, 0.00, 0.00, 0.00, 0.00, 1.00, 0.00, 0.00, 0.00, 0.00, 0.00, 0.00, 1.00, 1.00, 0.00, 1.00, 0.00, 0.00, 0.00, 0.00
4218, 0, 159.005, 0.98, 1, 0.09, 0.25, 0.00, 0.00, 0.00, 0.00, 0.00, 0.94, 0.33, 0.00, 0.28, 0.53, 0.00, 0.00, 0.52, 1.34, 0.00, 0.00, 0.00, 0.00, 1.00, 0.00, 0.00, 0.00, 0.00, 0.00, 0.00, 1.00, 1.00, 0.00, 1.00, 0.00, 0.00, 0.00, 0.00
4219, 0, 159.042, 0.98, 1, 0.00, 0.04, 0.00, 0.00, 0.00, 0.00, 0.00, 0.60, 0.43, 0.00, 0.19, 0.22, 0.00, 0.00, 0.18, 0.86, 0.00, 0.00, 0.00, 0.00, 1.00, 0.00, 0.00, 0.00, 0.00, 0.00, 0.00, 1.00, 1.00, 0.00, 1.00, 0.00, 0.00, 0.00, 0.00
4220, 0, 159.080, 0.98, 1, 0.09, 0.38, 0.00, 0.00, 0.00, 0.00, 0.00, 0.80, 0.44, 0.00, 0.02, 0.49, 0.00, 0.04, 0.05, 0.85, 0.00, 0.00, 0.00, 0.00, 1.00, 0.00, 0.00, 0.00, 0.00, 0.00, 0.00, 1.00, 1.00, 0.00, 1.00, 0.00, 0.00, 0.00, 0.00
4221, 0, 159.118, 0.98, 1, 0.10, 0.67, 0.00, 0.00, 0.00, 0.00, 0.00, 0.97, 0.49, 0.09, 0.27, 0.67, 0.00, 0.04, 0.02, 0.78, 0.02, 0.00, 0.00, 0.00, 1.00, 0.00, 0.00, 0.00, 0.00, 0.00, 0.00, 1.00, 1.00, 0.00, 1.00, 0.00, 0.00, 0.00, 0.00
4222, 0, 159.155, 0.98, 1, 0.12, 0.92, 0.00, 0.00, 0.00, 0.00, 0.00, 1.07, 0.55, 0.29, 0.27, 0.86, 0.00, 0.05, 0.02, 0.87, 0.02, 0.00, 0.00, 0.00, 1.00, 0.00, 0.00, 0.00, 0.00, 0.00, 0.00, 1.00, 1.00, 0.00, 1.00, 0.00, 0.00, 0.00, 0.00
4223, 0, 159.193, 0.98, 1, 0.14, 0.94, 0.00, 0.00, 0.00, 0.00, 0.00, 0.82, 0.56, 0.70, 0.37, 0.70, 0.00, 0.05, 0.02, 0.69, 0.02, 0.00, 0.00, 0.00, 1.00, 0.00, 0.00, 0.00, 0.00, 0.00, 0.00, 1.00, 1.00, 0.00, 1.00, 0.00, 0.00, 0.00, 0.00
4224, 0, 159.231, 0.98, 1, 0.19, 0.94, 0.00, 0.00, 0.00, 0.00, 0.00, 0.55, 0.58, 0.97, 0.14, 0.63, 0.00, 0.15, 0.00, 0.65, 0.00, 0.00, 0.00, 0.00, 1.00, 0.00, 0.00, 0.00, 0.00, 0.00, 0.00, 1.00, 1.00, 0.00, 1.00, 0.00, 0.00, 0.00, 0.00
4225, 0, 159.269, 0.98, 1, 0.22, 0.79, 0.00, 0.00, 0.00, 0.00, 0.00, 0.37, 0.43, 0.77, 0.14, 0.81, 0.00, 0.20, 0.11, 0.54, 0.00, 0.00, 0.00, 0.00, 1.00, 0.00, 0.00, 0.00, 0.00, 0.00, 0.00, 1.00, 1.00, 0.00, 1.00, 0.00, 0.00, 0.00, 0.00
4226, 0, 159.306, 0.98, 1, 0.16, 0.52, 0.00, 0.00, 0.00, 0.00, 0.00, 0.21, 0.31, 0.35, 0.02, 0.75, 0.00, 0.20, 0.11, 0.40, 0.00, 0.00, 0.00, 0.00, 1.00, 0.00, 0.00, 0.00, 0.00, 0.00, 0.00, 1.00, 1.00, 0.00, 1.00, 0.00, 0.00, 0.00, 0.00
4227, 0, 159.344, 0.98, 1, 0.10, 0.26, 0.00, 0.00, 0.00, 0.00, 0.00, 0.21, 0.18, 0.00, 0.00, 0.80, 0.00, 0.14, 0.13, 0.30, 0.00, 0.00, 0.00, 0.00, 1.00, 0.00, 0.00, 0.00, 0.00, 0.00, 0.00, 1.00, 1.00, 0.00, 1.00, 0.00, 0.00, 0.00, 0.00
4228, 0, 159.382, 0.98, 1, 0.10, 0.17, 0.00, 0.00, 0.00, 0.00, 0.00, 0.14, 0.15, 0.04, 0.01, 0.59, 0.00, 0.10, 0.02, 0.47, 0.00, 0.00, 0.00, 0.00, 1.00, 0.00, 0.00, 0.00, 0.00, 0.00, 0.00, 1.00, 1.00, 0.00, 1.00, 0.00, 0.00, 0.00, 0.00
4229, 0, 159.419, 0.98, 1, 0.05, 0.08, 0.00, 0.00, 0.00, 0.00, 0.00, 0.08, 0.10, 0.04, 0.19, 0.59, 0.00, 0.05, 0.02, 0.37, 0.16, 0.00, 0.00, 0.00, 1.00, 0.00, 0.00, 0.00, 0.00, 0.00, 0.00, 1.00, 1.00, 0.00, 1.00, 0.00, 0.00, 0.00, 0.00
4230, 0, 159.457, 0.98, 1, 0.03, 0.05, 0.00, 0.00, 0.00, 0.00, 0.00, 0.13, 0.15, 0.12, 0.32, 0.49, 0.03, 0.01, 0.26, 0.40, 0.20, 0.00, 0.00, 0.00, 1.00, 0.00, 0.00, 0.00, 0.00, 0.00, 0.00, 1.00, 1.00, 0.00, 1.00, 1.00, 0.00, 0.00, 0.00
4231, 0, 159.495, 0.98, 1, 0.00, 0.00, 0.00, 0.00, 0.00, 0.00, 0.00, 0.21, 0.24, 0.21, 0.48, 0.35, 0.11, 0.00, 0.51, 0.23, 0.22, 0.00, 0.00, 0.00, 1.00, 0.00, 0.00, 0.00, 0.00, 0.00, 0.00, 1.00, 1.00, 0.00, 1.00, 1.00, 0.00, 0.00, 0.00
4232, 0, 159.533, 0.98, 1, 0.00, 0.00, 0.00, 0.00, 0.00, 0.00, 0.00, 0.21, 0.39, 0.32, 0.30, 0.31, 0.27, 0.00, 0.82, 0.44, 0.06, 0.00, 0.00, 0.00, 1.00, 0.00, 0.00, 0.00, 0.00, 0.00, 0.00, 1.00, 1.00, 0.00, 1.00, 1.00, 0.00, 0.00, 0.00
4233, 0, 159.570, 0.98, 1, 0.00, 0.00, 0.00, 0.00, 0.00, 0.00, 0.00, 0.08, 0.50, 0.41, 0.41, 0.58, 0.24, 0.09, 0.57, 0.89, 0.14, 0.00, 0.00, 0.00, 1.00, 0.00, 0.00, 0.00, 0.00, 1.00, 0.00, 0.00, 1.00, 0.00, 1.00, 0.00, 0.00, 0.00, 0.00
4234, 0, 159.608, 0.98, 1, 0.00, 0.00, 0.00, 0.00, 0.00, 0.00, 0.00, 0.00, 0.56, 0.43, 0.49, 0.98, 0.19, 0.19, 0.38, 1.35, 0.29, 0.00, 0.00, 0.00, 1.00, 0.00, 0.00, 0.00, 0.00, 1.00, 0.00, 0.00, 1.00, 0.00, 1.00, 1.00, 0.00, 0.00, 0.00
4235, 0, 159.646, 0.98, 1, 0.00, 0.12, 0.00, 0.00, 0.00, 0.00, 0.00, 0.00, 0.65, 0.41, 0.49, 1.13, 0.03, 0.33, 0.26, 1.48, 0.56, 0.00, 0.00, 0.00, 1.00, 0.00, 0.00, 0.00, 0.00, 1.00, 0.00, 0.00, 1.00, 0.00, 1.00, 0.00, 0.00, 0.00, 0.00
4236, 0, 159.683, 0.88, 1, 0.00, 0.34, 0.00, 0.00, 0.00, 0.00, 0.00, 0.00, 0.62, 0.34, 0.26, 0.96, 0.03, 0.31, 0.53, 1.29, 0.60, 0.00, 0.00, 0.00, 1.00, 0.00, 0.00, 0.00, 0.00, 1.00, 0.00, 0.00, 1.00, 0.00, 1.00, 0.00, 0.00, 0.00, 0.00
4237, 0, 159.721, 0.88, 1, 0.00, 0.52, 0.00, 0.00, 0.00, 0.00, 0.00, 0.00, 0.55, 0.32, 0.00, 0.77, 0.00, 0.30, 0.64, 1.18, 0.48, 0.00, 0.00, 0.00, 1.00, 0.00, 0.00, 0.00, 0.00, 1.00, 0.00, 0.00, 1.00, 0.00, 1.00, 0.00, 0.00, 0.00, 0.00
4238, 0, 159.759, 0.93, 1, 0.00, 0.49, 0.00, 0.00, 0.00, 0.00, 0.00, 0.00, 0.45, 0.22, 0.07, 0.62, 0.00, 0.20, 0.49, 0.94, 0.31, 0.00, 0.00, 0.00, 1.00, 0.00, 0.00, 0.00, 0.00, 1.00, 0.00, 0.00, 1.00, 0.00, 1.00, 0.00, 0.00, 0.00, 0.00
4239, 0, 159.796, 0.98, 1, 0.00, 0.45, 0.00, 0.00, 0.00, 0.00, 0.00, 0.00, 0.37, 0.13, 0.07, 0.56, 0.00, 0.12, 0.32, 0.60, 0.14, 0.00, 0.00, 0.00, 1.00, 0.00, 0.00, 0.00, 0.00, 1.00, 0.00, 0.00, 1.00, 0.00, 1.00, 0.00, 0.00, 0.00, 0.00
4240, 0, 159.834, 0.98, 1, 0.00, 0.26, 0.00, 0.00, 0.00, 0.00, 0.00, 0.00, 0.31, 0.20, 0.07, 0.45, 0.00, 0.02, 0.15, 0.50, 0.17, 0.00, 0.00, 0.00, 1.00, 0.00, 0.00, 0.00, 0.00, 1.00, 0.00, 0.00, 1.00, 0.00, 1.00, 0.00, 0.00, 0.00, 0.00
4241, 0, 159.872, 0.98, 1, 0.00, 0.24, 0.00, 0.00, 0.00, 0.00, 0.00, 0.01, 0.22, 0.33, 0.00, 0.26, 0.00, 0.00, 0.12, 0.69, 0.16, 0.00, 0.00, 0.00, 1.00, 0.00, 0.00, 0.00, 0.00, 0.00, 0.00, 0.00, 0.00, 0.00, 1.00, 0.00, 0.00, 0.00, 0.00
4242, 0, 159.910, 0.98, 1, 0.00, 0.06, 0.00, 0.00, 0.00, 0.00, 0.02, 0.01, 0.16, 0.42, 0.00, 0.12, 0.00, 0.00, 0.00, 0.80, 0.16, 0.00, 0.00, 0.00, 1.00, 0.00, 0.00, 0.00, 0.00, 0.00, 0.00, 0.00, 0.00, 0.00, 1.00, 0.00, 0.00, 0.00, 0.00
4243, 0, 159.947, 0.98, 1, 0.00, 0.06, 0.00, 0.00, 0.00, 0.00, 0.06, 0.09, 0.11, 0.30, 0.00, 0.00, 0.00, 0.00, 0.00, 0.71, 0.08, 0.00, 0.00, 0.00, 1.00, 0.00, 0.00, 0.00, 0.00, 0.00, 0.00, 0.00, 0.00, 0.00, 1.00, 0.00, 0.00, 0.00, 0.00
4244, 0, 159.985, 0.98, 1, 0.00, 0.00, 0.00, 0.01, 0.00, 0.00, 0.06, 0.09, 0.06, 0.30, 0.00, 0.00, 0.00, 0.00, 0.00, 0.60, 0.07, 0.00, 0.00, 0.00, 1.00, 0.00, 0.00, 0.00, 0.00, 0.00, 0.00, 0.00, 0.00, 0.00, 1.00, 0.00, 0.00, 0.00, 0.00
4245, 0, 160.023, 0.98, 1, 0.00, 0.00, 0.00, 0.01, 0.00, 0.00, 0.07, 0.31, 0.08, 0.38, 0.00, 0.13, 0.03, 0.00, 0.00, 0.72, 0.07, 0.00, 0.00, 0.00, 1.00, 0.00, 0.00, 0.00, 0.00, 0.00, 0.00, 0.00, 0.00, 0.00, 1.00, 0.00, 0.00, 0.00, 0.00
4246, 0, 160.060, 0.98, 1, 0.00, 0.00, 0.00, 0.01, 0.00, 0.00, 0.08, 0.48, 0.13, 0.49, 0.00, 0.30, 0.10, 0.00, 0.00, 0.83, 0.07, 0.00, 0.00, 0.00, 1.00, 0.00, 0.00, 0.00, 0.00, 0.00, 0.00, 1.00, 0.00, 0.00, 1.00, 0.00, 0.00, 0.00, 0.00
4247, 0, 160.098, 0.98, 1, 0.00, 0.00, 0.00, 0.00, 0.00, 0.00, 0.18, 0.74, 0.18, 0.91, 0.00, 0.30, 0.10, 0.02, 0.00, 0.84, 0.00, 0.00, 0.00, 0.00, 1.00, 0.00, 0.00, 0.00, 0.00, 0.00, 0.00, 1.00, 1.00, 0.00, 1.00, 0.00, 0.00, 0.00, 0.00
4248, 0, 160.136, 0.98, 1, 0.00, 0.00, 0.00, 0.00, 0.00, 0.00, 0.16, 0.72, 0.22, 1.29, 0.00, 0.24, 0.07, 0.09, 0.00, 0.93, 0.00, 0.00, 0.00, 0.00, 1.00, 0.00, 0.00, 0.00, 0.00, 0.00, 1.00, 1.00, 1.00, 0.00, 1.00, 0.00, 0.00, 0.00, 0.00
4249, 0, 160.174, 0.98, 1, 0.00, 0.00, 0.00, 0.00, 0.00, 0.00, 0.12, 0.55, 0.22, 1.50, 0.00, 0.15, 0.00, 0.17, 0.00, 1.00, 0.00, 0.00, 0.00, 0.00, 1.00, 0.00, 0.00, 0.00, 0.00, 0.00, 1.00, 1.00, 1.00, 0.00, 1.00, 0.00, 0.00, 0.00, 0.00
4250, 0, 160.211, 0.98, 1, 0.03, 0.00, 0.00, 0.00, 0.00, 0.00, 0.02, 0.29, 0.17, 1.17, 0.10, 0.19, 0.00, 0.21, 0.00, 1.18, 0.00, 0.00, 0.00, 0.00, 1.00, 0.00, 0.00, 0.00, 0.00, 0.00, 1.00, 1.00, 0.00, 0.00, 1.00, 0.00, 0.00, 0.00, 0.00
4251, 0, 160.249, 0.98, 1, 0.07, 0.00, 0.00, 0.00, 0.00, 0.00, 0.00, 0.07, 0.07, 0.90, 0.10, 0.14, 0.00, 0.19, 0.00, 1.20, 0.00, 0.00, 0.00, 0.00, 1.00, 0.00, 0.00, 0.00, 0.00, 0.00, 1.00, 0.00, 0.00, 0.00, 1.00, 0.00, 0.00, 0.00, 0.00
4252, 0, 160.287, 0.98, 1, 0.11, 0.00, 0.00, 0.00, 0.00, 0.00, 0.00, 0.00, 0.00, 0.76, 0.10, 0.05, 0.00, 0.15, 0.00, 1.20, 0.00, 0.00, 0.00, 0.00, 1.00, 0.00, 0.00, 0.00, 0.00, 0.00, 1.00, 0.00, 1.00, 0.00, 1.00, 0.00, 0.00, 0.00, 0.00
4253, 0, 160.324, 0.98, 1, 0.12, 0.09, 0.00, 0.00, 0.00, 0.00, 0.00, 0.00, 0.06, 0.78, 0.00, 0.19, 0.00, 0.10, 0.00, 1.24, 0.00, 0.00, 0.00, 0.00, 1.00, 0.00, 0.00, 0.00, 0.00, 0.00, 1.00, 0.00, 0.00, 0.00, 1.00, 0.00, 0.00, 0.00, 0.00
4254, 0, 160.362, 0.98, 1, 0.12, 0.32, 0.00, 0.00, 0.00, 0.00, 0.00, 0.00, 0.19, 0.62, 0.00, 0.55, 0.00, 0.10, 0.00, 1.16, 0.00, 0.00, 0.00, 0.00, 1.00, 0.00, 0.00, 0.00, 0.00, 0.00, 0.00, 0.00, 0.00, 0.00, 1.00, 0.00, 0.00, 0.00, 1.00
4255, 0, 160.400, 0.93, 1, 0.43, 0.73, 0.00, 0.00, 0.00, 0.00, 0.00, 0.00, 0.27, 0.50, 0.00, 0.61, 0.00, 0.05, 0.31, 0.90, 0.00, 0.00, 0.00, 0.00, 1.00, 0.00, 0.00, 0.00, 0.00, 0.00, 0.00, 0.00, 0.00, 0.00, 1.00, 0.00, 0.00, 0.00, 1.00
4256, 0, 160.437, 0.98, 1, 0.51, 0.74, 0.00, 0.00, 0.00, 0.00, 0.01, 0.00, 0.33, 0.27, 0.00, 0.43, 0.00, 0.06, 0.67, 0.60, 0.00, 0.00, 0.00, 0.00, 1.00, 0.00, 0.00, 0.00, 0.00, 0.00, 0.00, 0.00, 0.00, 0.00, 1.00, 0.00, 0.00, 0.00, 1.00
4257, 0, 160.475, 0.93, 1, 0.64, 0.70, 0.00, 0.00, 0.00, 0.00, 0.01, 0.00, 0.36, 0.15, 0.00, 0.20, 0.00, 0.02, 1.14, 0.26, 0.00, 0.00, 0.00, 0.00, 1.00, 0.00, 0.00, 0.00, 0.00, 1.00, 0.00, 0.00, 0.00, 0.00, 1.00, 0.00, 0.00, 0.00, 1.00
4258, 0, 160.513, 0.88, 1, 0.38, 0.45, 0.00, 0.00, 0.00, 0.00, 0.01, 0.00, 0.41, 0.00, 0.00, 0.15, 0.00, 0.02, 1.09, 0.12, 0.00, 0.00, 0.00, 0.00, 1.00, 0.00, 0.00, 0.00, 0.00, 1.00, 0.00, 0.00, 0.00, 0.00, 1.00, 1.00, 0.00, 0.00, 1.00
4259, 0, 160.551, 0.88, 1, 0.26, 0.61, 0.00, 0.00, 0.00, 0.00, 0.00, 0.00, 0.45, 0.03, 0.00, 0.18, 0.00, 0.00, 0.83, 0.00, 0.00, 0.00, 0.00, 0.00, 1.00, 0.00, 0.00, 0.00, 0.00, 1.00, 0.00, 0.00, 0.00, 0.00, 0.00, 1.00, 0.00, 0.00, 1.00
4260, 0, 160.588, 0.93, 1, 0.11, 0.44, 0.00, 0.00, 0.00, 0.00, 0.00, 0.00, 0.48, 0.17, 0.08, 0.25, 0.00, 0.00, 0.49, 0.07, 0.27, 0.00, 0.00, 0.00, 1.00, 0.00, 0.00, 0.00, 0.00, 1.00, 0.00, 0.00, 0.00, 0.00, 0.00, 0.00, 0.00, 0.00, 1.00
4261, 0, 160.626, 0.88, 1, 0.03, 0.28, 0.00, 0.00, 0.00, 0.00, 0.00, 0.00, 0.47, 0.32, 0.08, 0.33, 0.00, 0.00, 0.27, 0.11, 0.34, 0.00, 0.00, 0.00, 1.00, 0.00, 0.00, 0.00, 0.00, 1.00, 0.00, 0.00, 1.00, 0.00, 0.00, 0.00, 0.00, 0.00, 1.00
4262, 0, 160.664, 0.88, 1, 0.03, 0.11, 0.00, 0.16, 0.00, 0.00, 0.00, 0.00, 0.43, 0.49, 0.10, 0.31, 0.00, 0.00, 0.16, 0.11, 0.34, 0.00, 0.00, 0.00, 1.00, 0.00, 0.00, 0.00, 0.00, 1.00, 0.00, 0.00, 1.00, 0.00, 0.00, 0.00, 0.00, 0.00, 1.00
4263, 0, 160.701, 0.88, 1, 0.00, 0.10, 0.00, 0.16, 0.00, 0.00, 0.00, 0.10, 0.44, 0.72, 0.02, 0.24, 0.00, 0.00, 0.04, 0.04, 0.07, 0.00, 0.00, 0.00, 1.00, 0.00, 0.00, 0.00, 0.00, 1.00, 0.00, 0.00, 1.00, 0.00, 0.00, 0.00, 0.00, 0.00, 1.00
4264, 0, 160.739, 0.98, 1, 0.00, 0.10, 0.00, 0.16, 0.00, 0.00, 0.00, 0.22, 0.52, 0.89, 0.01, 0.34, 0.00, 0.00, 0.05, 0.01, 0.00, 0.00, 0.00, 0.00, 1.00, 0.00, 0.00, 0.00, 0.00, 0.00, 0.00, 1.00, 1.00, 0.00, 0.00, 0.00, 0.00, 0.00, 0.00
4265, 0, 160.777, 0.98, 1, 0.00, 0.01, 0.00, 0.00, 0.00, 0.00, 0.00, 0.29, 0.48, 0.76, 0.00, 0.39, 0.02, 0.00, 0.05, 0.09, 0.19, 0.00, 0.00, 0.00, 1.00, 0.00, 0.00, 0.00, 0.00, 0.00, 0.00, 1.00, 1.00, 0.00, 0.00, 0.00, 0.00, 0.00, 0.00
4266, 0, 160.815, 0.98, 1, 0.00, 0.00, 0.00, 0.00, 0.00, 0.00, 0.00, 0.21, 0.36, 0.60, 0.00, 0.35, 0.02, 0.00, 0.04, 0.12, 0.45, 0.00, 0.00, 0.00, 1.00, 0.00, 0.00, 0.00, 0.00, 0.00, 1.00, 1.00, 0.00, 0.00, 1.00, 0.00, 0.00, 0.00, 0.00
4267, 0, 160.852, 0.98, 1, 0.08, 0.00, 0.00, 0.00, 0.00, 0.00, 0.00, 0.09, 0.24, 0.46, 0.00, 0.26, 0.02, 0.00, 0.00, 0.15, 0.60, 0.00, 0.00, 0.00, 1.00, 0.00, 0.00, 0.00, 0.00, 0.00, 1.00, 1.00, 0.00, 0.00, 1.00, 0.00, 0.00, 0.00, 0.00
4268, 0, 160.890, 0.98, 1, 0.08, 0.00, 0.00, 0.00, 0.00, 0.00, 0.00, 0.02, 0.19, 0.59, 0.01, 0.35, 0.00, 0.00, 0.00, 0.10, 0.44, 0.00, 0.00, 0.00, 1.00, 0.00, 0.00, 0.00, 0.00, 0.00, 0.00, 1.00, 0.00, 0.00, 1.00, 0.00, 0.00, 0.00, 0.00
4269, 0, 160.928, 0.98, 1, 0.11, 0.04, 0.00, 0.00, 0.00, 0.00, 0.00, 0.00, 0.11, 0.55, 0.09, 0.38, 0.00, 0.00, 0.00, 0.08, 0.18, 0.00, 0.00, 0.00, 1.00, 0.00, 0.00, 0.00, 0.00, 0.00, 0.00, 1.00, 0.00, 0.00, 1.00, 0.00, 0.00, 0.00, 0.00
4270, 0, 160.965, 0.98, 1, 0.04, 0.04, 0.03, 0.00, 0.00, 0.00, 0.00, 0.06, 0.09, 0.36, 0.43, 0.55, 0.00, 0.00, 0.00, 0.05, 0.17, 0.00, 0.00, 0.00, 1.00, 0.00, 0.00, 0.00, 0.00, 0.00, 1.00, 1.00, 0.00, 0.00, 1.00, 0.00, 0.00, 0.00, 0.00
4271, 0, 161.003, 0.98, 1, 0.03, 0.04, 0.03, 0.00, 0.00, 0.00, 0.00, 0.09, 0.13, 0.26, 0.46, 0.55, 0.00, 0.00, 0.00, 0.01, 0.23, 0.00, 0.00, 0.00, 1.00, 0.00, 0.00, 0.00, 0.00, 0.00, 1.00, 1.00, 0.00, 0.00, 1.00, 0.00, 0.00, 0.00, 0.00
4272, 0, 161.041, 0.98, 1, 0.04, 0.00, 0.03, 0.00, 0.00, 0.00, 0.00, 0.13, 0.21, 0.29, 0.44, 0.58, 0.00, 0.00, 0.00, 0.00, 0.23, 0.00, 0.00, 0.00, 1.00, 0.00, 0.00, 0.00, 0.00, 0.00, 1.00, 1.00, 0.00, 0.00, 1.00, 0.00, 0.00, 0.00, 0.00
4273, 0, 161.078, 0.98, 1, 0.04, 0.00, 0.00, 0.00, 0.00, 0.00, 0.00, 0.16, 0.23, 0.51, 0.09, 0.44, 0.00, 0.00, 0.00, 0.00, 0.08, 0.00, 0.00, 0.00, 1.00, 0.00, 0.00, 0.00, 0.00, 0.00, 0.00, 1.00, 0.00, 0.00, 1.00, 0.00, 0.00, 0.00, 0.00
4274, 0, 161.116, 0.98, 1, 0.04, 0.00, 0.00, 0.00, 0.00, 0.00, 0.00, 0.23, 0.26, 0.42, 0.05, 0.38, 0.00, 0.00, 0.00, 0.00, 0.00, 0.00, 0.00, 0.00, 1.00, 0.00, 0.00, 0.00, 0.00, 0.00, 0.00, 1.00, 0.00, 0.00, 1.00, 0.00, 0.00, 0.00, 0.00
4275, 0, 161.154, 0.98, 1, 0.00, 0.00, 0.00, 0.00, 0.00, 0.00, 0.00, 0.19, 0.18, 0.23, 0.00, 0.31, 0.00, 0.00, 0.00, 0.00, 0.00, 0.00, 0.00, 0.00, 1.00, 0.00, 0.00, 0.00, 0.00, 0.00, 1.00, 0.00, 0.00, 0.00, 1.00, 0.00, 0.00, 0.00, 0.00
4276, 0, 161.192, 0.98, 1, 0.00, 0.00, 0.00, 0.00, 0.00, 0.00, 0.00, 0.10, 0.10, 0.01, 0.00, 0.29, 0.00, 0.00, 0.00, 0.00, 0.00, 0.00, 0.00, 0.00, 1.00, 0.00, 0.00, 0.00, 0.00, 0.00, 1.00, 0.00, 0.00, 0.00, 1.00, 0.00, 0.00, 0.00, 0.00
4277, 0, 161.229, 0.98, 1, 0.00, 0.00, 0.00, 0.00, 0.00, 0.00, 0.00, 0.00, 0.07, 0.16, 0.22, 0.24, 0.00, 0.00, 0.05, 0.00, 0.02, 0.00, 0.00, 0.00, 1.00, 0.00, 0.00, 0.00, 0.00, 0.00, 1.00, 0.00, 0.00, 0.00, 1.00, 0.00, 0.00, 0.00, 0.00
4278, 0, 161.267, 0.98, 1, 0.00, 0.00, 0.00, 0.00, 0.00, 0.00, 0.03, 0.00, 0.07, 0.39, 0.28, 0.13, 0.00, 0.00, 0.05, 0.00, 0.02, 0.00, 0.00, 0.00, 1.00, 0.00, 0.00, 0.00, 0.00, 0.00, 0.00, 0.00, 0.00, 0.00, 1.00, 0.00, 0.00, 0.00, 0.00
4279, 0, 161.305, 0.98, 1, 0.01, 0.00, 0.00, 0.00, 0.00, 0.00, 0.11, 0.00, 0.07, 0.51, 0.28, 0.05, 0.06, 0.00, 0.05, 0.00, 0.02, 0.00, 0.00, 0.00, 1.00, 0.00, 0.00, 0.00, 0.00, 0.00, 0.00, 0.00, 0.00, 0.00, 1.00, 0.00, 0.00, 0.00, 0.00
4280, 0, 161.342, 0.98, 1, 0.01, 0.00, 0.00, 0.02, 0.00, 0.00, 0.11, 0.07, 0.05, 0.47, 0.09, 0.08, 0.06, 0.00, 0.17, 0.08, 0.21, 0.00, 0.00, 0.00, 1.00, 0.00, 0.00, 0.00, 0.00, 0.00, 0.00, 0.00, 0.00, 0.00, 1.00, 0.00, 0.00, 0.00, 0.00
4281, 0, 161.380, 0.98, 1, 0.01, 0.00, 0.00, 0.15, 0.00, 0.00, 0.09, 0.11, 0.05, 0.24, 0.03, 0.08, 0.06, 0.01, 0.17, 0.08, 0.29, 0.00, 0.00, 0.00, 1.00, 0.00, 0.00, 0.00, 0.00, 0.00, 0.00, 0.00, 0.00, 0.00, 1.00, 0.00, 0.00, 0.00, 0.00
4282, 0, 161.418, 0.98, 1, 0.00, 0.00, 0.00, 0.30, 0.00, 0.00, 0.02, 0.15, 0.06, 0.12, 0.03, 0.08, 0.00, 0.01, 0.17, 0.09, 0.37, 0.00, 0.00, 0.00, 1.00, 0.00, 0.00, 0.00, 0.00, 0.00, 0.00, 0.00, 0.00, 0.00, 1.00, 0.00, 0.00, 0.00, 0.00
4283, 0, 161.456, 0.98, 1, 0.00, 0.00, 0.00, 0.56, 0.00, 0.00, 0.02, 0.08, 0.07, 0.08, 0.00, 0.00, 0.00, 0.01, 0.02, 0.09, 0.18, 0.00, 0.00, 0.00, 1.00, 0.00, 0.00, 0.00, 0.00, 0.00, 0.00, 0.00, 0.00, 0.00, 1.00, 0.00, 0.00, 0.00, 0.00
4284, 0, 161.493, 0.98, 1, 0.00, 0.06, 0.00, 0.64, 0.00, 0.00, 0.00, 0.03, 0.24, 0.32, 0.00, 0.16, 0.00, 0.01, 0.02, 0.39, 0.10, 0.00, 0.00, 0.00, 1.00, 0.00, 0.00, 0.00, 0.00, 0.00, 0.00, 0.00, 0.00, 0.00, 1.00, 0.00, 0.00, 0.00, 0.00
4285, 0, 161.531, 0.98, 1, 0.00, 0.06, 0.00, 0.49, 0.00, 0.00, 0.00, 0.07, 0.29, 0.42, 0.00, 0.49, 0.00, 0.01, 0.41, 1.14, 0.02, 0.00, 0.00, 0.00, 1.00, 0.00, 0.00, 0.00, 0.00, 0.00, 0.00, 0.00, 0.00, 0.00, 1.00, 0.00, 0.00, 0.00, 0.00
4286, 0, 161.569, 0.98, 1, 0.00, 0.15, 0.00, 0.30, 0.00, 0.00, 0.00, 0.07, 0.26, 0.52, 0.00, 0.67, 0.00, 0.01, 0.83, 1.66, 0.13, 0.00, 0.00, 0.00, 1.00, 0.00, 0.00, 0.00, 0.00, 0.00, 0.00, 0.00, 1.00, 0.00, 1.00, 1.00, 1.00, 0.00, 0.00
4287, 0, 161.606, 0.98, 1, 0.00, 0.25, 0.00, 0.10, 0.00, 0.00, 0.00, 0.07, 0.12, 0.44, 0.02, 0.56, 0.00, 0.00, 1.43, 1.79, 0.25, 0.00, 0.00, 0.00, 1.00, 0.00, 0.00, 0.00, 0.00, 0.00, 0.00, 0.00, 1.00, 0.00, 0.00, 1.00, 1.00, 0.00, 0.00
4288, 0, 161.644, 0.93, 1, 0.02, 0.43, 0.00, 0.10, 0.00, 0.00, 0.00, 0.00, 0.11, 0.63, 0.16, 0.43, 0.00, 0.00, 1.61, 1.56, 0.25, 0.00, 0.00, 0.00, 1.00, 0.00, 0.00, 0.00, 0.00, 0.00, 0.00, 0.00, 1.00, 0.00, 0.00, 1.00, 1.00, 0.00, 0.00
4289, 0, 161.682, 0.98, 1, 0.12, 0.57, 0.08, 0.07, 0.00, 0.00, 0.00, 0.00, 0.10, 0.58, 0.16, 0.44, 0.00, 0.00, 1.61, 1.41, 0.19, 0.00, 0.00, 0.00, 1.00, 0.00, 0.00, 0.00, 0.00, 0.00, 0.00, 0.00, 1.00, 0.00, 0.00, 1.00, 1.00, 0.00, 0.00
4290, 0, 161.719, 0.98, 1, 0.12, 0.41, 0.08, 0.07, 0.00, 0.00, 0.00, 0.26, 0.13, 0.64, 0.27, 0.44, 0.00, 0.00, 1.26, 1.78, 0.06, 0.00, 0.00, 0.00, 1.00, 0.00, 0.00, 0.00, 0.00, 0.00, 0.00, 0.00, 1.00, 0.00, 0.00, 1.00, 1.00, 0.00, 0.00
4291, 0, 161.757, 0.93, 1, 0.10, 0.23, 0.08, 0.07, 0.00, 0.00, 0.06, 0.35, 0.11, 0.57, 0.13, 0.27, 0.00, 0.00, 0.83, 1.80, 0.06, 0.00, 0.00, 0.00, 1.00, 0.00, 0.00, 0.00, 0.00, 0.00, 0.00, 0.00, 1.00, 0.00, 0.00, 0.00, 0.00, 0.00, 0.00
4292, 0, 161.795, 0.98, 1, 0.00, 0.00, 0.00, 0.00, 0.00, 0.00, 0.10, 0.39, 0.11, 0.55, 0.13, 0.11, 0.00, 0.00, 0.61, 1.87, 0.00, 0.00, 0.00, 0.00, 1.00, 0.00, 0.00, 0.00, 0.00, 0.00, 0.00, 0.00, 1.00, 0.00, 0.00, 0.00, 0.00, 0.00, 0.00
4293, 0, 161.833, 0.98, 1, 0.00, 0.00, 0.00, 0.00, 0.00, 0.00, 0.12, 0.15, 0.11, 0.54, 0.00, 0.18, 0.00, 0.00, 0.56, 1.45, 0.00, 0.00, 0.00, 0.00, 1.00, 0.00, 0.00, 0.00, 0.00, 0.00, 0.00, 0.00, 1.00, 0.00, 0.00, 0.00, 0.00, 0.00, 0.00
4294, 0, 161.870, 0.98, 1, 0.00, 0.03, 0.00, 0.00, 0.00, 0.00, 0.08, 0.06, 0.16, 0.33, 0.00, 0.40, 0.04, 0.00, 0.68, 1.29, 0.00, 0.00, 0.00, 0.00, 1.00, 0.00, 0.00, 0.00, 0.00, 0.00, 0.00, 0.00, 1.00, 0.00, 0.00, 0.00, 0.00, 0.00, 0.00
4295, 0, 161.908, 0.98, 1, 0.24, 0.19, 0.00, 0.00, 0.00, 0.00, 0.04, 0.12, 0.32, 0.21, 0.30, 0.53, 0.04, 0.07, 0.68, 1.12, 0.06, 0.00, 0.00, 0.00, 1.00, 0.00, 0.00, 0.00, 0.00, 0.00, 0.00, 0.00, 1.00, 0.00, 1.00, 0.00, 0.00, 0.00, 0.00
4296, 0, 161.946, 0.98, 1, 0.29, 0.28, 0.00, 0.00, 0.00, 0.00, 0.02, 0.10, 0.44, 0.01, 0.30, 0.47, 0.04, 0.16, 0.68, 1.30, 0.06, 0.00, 0.00, 0.00, 1.00, 0.00, 0.00, 0.00, 0.00, 1.00, 0.00, 0.00, 1.00, 0.00, 1.00, 0.00, 0.00, 0.00, 0.00
4297, 0, 161.983, 0.98, 1, 0.37, 0.25, 0.02, 0.00, 0.00, 0.00, 0.00, 0.09, 0.62, 0.04, 0.40, 0.38, 0.00, 0.28, 0.70, 1.21, 0.06, 0.00, 0.00, 0.00, 1.00, 0.00, 0.00, 0.00, 0.00, 1.00, 0.00, 0.00, 1.00, 0.00, 1.00, 0.00, 0.00, 0.00, 0.00
4298, 0, 162.021, 0.98, 1, 0.22, 0.11, 0.02, 0.00, 0.00, 0.00, 0.06, 0.00, 0.74, 0.25, 0.11, 0.51, 0.00, 0.30, 0.61, 1.19, 0.00, 0.00, 0.00, 0.00, 1.00, 0.00, 0.00, 0.00, 0.00, 1.00, 0.00, 0.00, 1.00, 0.00, 1.00, 0.00, 1.00, 0.00, 0.00
4299, 0, 162.059, 0.98, 1, 0.24, 0.02, 0.02, 0.00, 0.00, 0.00, 0.13, 0.00, 0.84, 0.47, 0.11, 0.73, 0.00, 0.31, 0.50, 0.94, 0.00, 0.00, 0.00, 0.00, 1.00, 0.00, 0.00, 0.00, 0.00, 1.00, 0.00, 0.00, 1.00, 0.00, 1.00, 0.00, 1.00, 0.00, 0.00
4300, 0, 162.097, 0.98, 1, 0.16, 0.02, 0.00, 0.00, 0.04, 0.00, 0.13, 0.00, 0.76, 0.42, 0.49, 1.00, 0.00, 0.24, 0.64, 1.11, 0.00, 0.00, 0.00, 0.00, 1.00, 0.00, 0.00, 0.00, 0.00, 1.00, 0.00, 0.00, 1.00, 0.00, 1.00, 0.00, 1.00, 0.00, 0.00
4301, 0, 162.134, 0.98, 1, 0.08, 0.00, 0.00, 0.00, 0.05, 0.00, 0.07, 0.00, 0.74, 0.47, 0.65, 1.06, 0.00, 0.19, 0.85, 1.39, 0.00, 0.00, 0.00, 0.00, 1.00, 0.00, 0.00, 0.00, 0.00, 1.00, 0.00, 0.00, 1.00, 0.00, 1.00, 0.00, 1.00, 0.00, 0.00
4302, 0, 162.172, 0.98, 1, 0.00, 0.00, 0.00, 0.00, 0.05, 0.00, 0.00, 0.00, 0.81, 0.68, 0.65, 1.05, 0.00, 0.11, 0.99, 1.81, 0.00, 0.00, 0.00, 0.00, 1.00, 0.00, 0.00, 0.00, 0.00, 1.00, 0.00, 0.00, 1.00, 0.00, 1.00, 0.00, 1.00, 0.00, 0.00
4303, 0, 162.210, 0.98, 1, 0.00, 0.00, 0.00, 0.00, 0.01, 0.00, 0.00, 0.00, 0.99, 0.93, 0.15, 0.80, 0.00, 0.10, 0.79, 1.88, 0.00, 0.00, 0.00, 0.00, 1.00, 0.00, 0.00, 0.00, 0.00, 1.00, 0.00, 0.00, 1.00, 0.00, 1.00, 0.00, 1.00, 0.00, 0.00
4304, 0, 162.247, 0.98, 1, 0.00, 0.00, 0.00, 0.00, 0.00, 0.00, 0.00, 0.00, 1.02, 0.67, 0.00, 0.77, 0.00, 0.16, 0.70, 1.92, 0.00, 0.00, 0.00, 0.00, 1.00, 0.00, 0.00, 0.00, 0.00, 1.00, 0.00, 0.00, 1.00, 0.00, 1.00, 1.00, 1.00, 0.00, 0.00
4305, 0, 162.285, 0.98, 1, 0.00, 0.00, 0.00, 0.00, 0.00, 0.00, 0.00, 0.05, 1.01, 0.32, 0.00, 0.61, 0.00, 0.23, 0.91, 1.55, 0.00, 0.00, 0.00, 0.00, 1.00, 0.00, 0.00, 0.00, 0.00, 1.00, 0.00, 0.00, 0.00, 0.00, 1.00, 1.00, 1.00, 0.00, 0.00
4306, 0, 162.323, 0.98, 1, 0.00, 0.00, 0.00, 0.00, 0.00, 0.00, 0.00, 0.13, 1.02, 0.28, 0.00, 0.43, 0.00, 0.23, 1.20, 1.32, 0.00, 0.00, 0.00, 0.00, 1.00, 0.00, 0.00, 0.00, 0.00, 1.00, 1.00, 0.00, 0.00, 0.00, 1.00, 1.00, 1.00, 0.00, 0.00
4307, 0, 162.360, 0.98, 1, 0.00, 0.00, 0.00, 0.00, 0.00, 0.00, 0.00, 0.18, 1.01, 0.61, 0.00, 0.11, 0.00, 0.17, 1.43, 1.15, 0.00, 0.00, 0.00, 0.00, 1.00, 0.00, 0.00, 0.00, 0.00, 1.00, 1.00, 0.00, 0.00, 0.00, 1.00, 1.00, 1.00, 0.00, 0.00
4308, 0, 162.398, 0.98, 1, 0.00, 0.00, 0.00, 0.00, 0.00, 0.00, 0.00, 0.19, 0.91, 0.86, 0.00, 0.00, 0.00, 0.14, 1.49, 1.08, 0.00, 0.00, 0.00, 0.00, 1.00, 0.00, 0.00, 0.00, 0.00, 1.00, 1.00, 0.00, 0.00, 0.00, 1.00, 1.00, 1.00, 0.00, 0.00
4309, 0, 162.436, 0.98, 1, 0.00, 0.00, 0.00, 0.00, 0.00, 0.00, 0.00, 0.10, 0.82, 0.92, 0.00, 0.00, 0.00, 0.11, 1.39, 0.94, 0.02, 0.00, 0.00, 0.00, 1.00, 0.00, 0.00, 0.00, 0.00, 1.00, 1.00, 0.00, 0.00, 0.00, 1.00, 1.00, 1.00, 0.00, 1.00
4310, 0, 162.474, 0.98, 1, 0.00, 0.00, 0.00, 0.00, 0.00, 0.00, 0.00, 0.05, 0.91, 0.59, 0.00, 0.13, 0.00, 0.16, 0.97, 0.63, 0.02, 0.00, 0.00, 0.00, 1.00, 0.00, 0.00, 0.00, 0.00, 1.00, 1.00, 0.00, 0.00, 0.00, 1.00, 1.00, 0.00, 0.00, 1.00
4311, 0, 162.511, 0.88, 1, 0.00, 0.00, 0.00, 0.00, 0.00, 0.00, 0.00, 0.00, 1.06, 0.31, 0.00, 0.21, 0.00, 0.22, 0.52, 0.50, 0.02, 0.00, 0.00, 0.00, 1.00, 0.00, 0.00, 0.00, 0.00, 1.00, 0.00, 0.00, 0.00, 0.00, 1.00, 0.00, 0.00, 0.00, 1.00
4312, 0, 162.549, 0.88, 1, 0.00, 0.00, 0.00, 0.00, 0.00, 0.00, 0.00, 0.00, 1.06, 0.07, 0.00, 0.37, 0.00, 0.28, 0.30, 0.44, 0.12, 0.00, 0.00, 0.00, 1.00, 0.00, 0.00, 0.00, 0.00, 1.00, 0.00, 0.00, 1.00, 0.00, 1.00, 0.00, 0.00, 0.00, 1.00
4313, 0, 162.587, 0.88, 1, 0.00, 0.00, 0.00, 0.00, 0.00, 0.00, 0.00, 0.00, 0.94, 0.17, 0.00, 0.41, 0.00, 0.30, 0.34, 0.47, 0.26, 0.00, 0.00, 0.00, 1.00, 0.00, 0.00, 0.00, 0.00, 1.00, 0.00, 0.00, 1.00, 0.00, 1.00, 0.00, 0.00, 0.00, 1.00
4314, 0, 162.624, 0.88, 1, 0.00, 0.00, 0.00, 0.00, 0.00, 0.00, 0.00, 0.00, 0.79, 0.33, 0.00, 0.54, 0.00, 0.34, 0.43, 0.41, 0.28, 0.00, 0.00, 0.00, 1.00, 0.00, 0.00, 0.00, 0.00, 1.00, 0.00, 0.00, 1.00, 0.00, 1.00, 0.00, 0.00, 0.00, 1.00
4315, 0, 162.662, 0.88, 1, 0.00, 0.00, 0.00, 0.00, 0.00, 0.00, 0.00, 0.00, 0.72, 0.46, 0.00, 0.74, 0.06, 0.34, 0.26, 0.29, 0.18, 0.00, 0.00, 0.00, 1.00, 0.00, 0.00, 0.00, 0.00, 1.00, 0.00, 0.00, 1.00, 0.00, 1.00, 0.00, 0.00, 0.00, 1.00
4316, 0, 162.700, 0.88, 1, 0.00, 0.00, 0.00, 0.00, 0.00, 0.00, 0.00, 0.00, 0.66, 0.55, 0.00, 0.95, 0.06, 0.28, 0.18, 0.12, 0.06, 0.00, 0.00, 0.00, 1.00, 0.00, 0.00, 0.00, 0.00, 1.00, 0.00, 0.00, 1.00, 0.00, 1.00, 0.00, 0.00, 0.00, 1.00
4317, 0, 162.738, 0.88, 1, 0.00, 0.00, 0.00, 0.00, 0.00, 0.00, 0.00, 0.00, 0.58, 0.51, 0.00, 1.13, 0.06, 0.20, 0.03, 0.00, 0.07, 0.00, 0.00, 0.00, 1.00, 0.00, 0.00, 0.00, 0.00, 1.00, 0.00, 0.00, 1.00, 0.00, 1.00, 0.00, 0.00, 0.00, 1.00
4318, 0, 162.775, 0.88, 1, 0.00, 0.00, 0.00, 0.00, 0.00, 0.00, 0.00, 0.00, 0.61, 0.61, 0.00, 1.05, 0.00, 0.22, 0.00, 0.00, 0.05, 0.00, 0.00, 0.00, 1.00, 0.00, 0.00, 0.00, 0.00, 1.00, 0.00, 0.00, 1.00, 0.00, 1.00, 0.00, 0.00, 0.00, 1.00
4319, 0, 162.813, 0.88, 1, 0.00, 0.00, 0.00, 0.00, 0.00, 0.00, 0.00, 0.00, 0.62, 0.66, 0.00, 0.94, 0.00, 0.26, 0.00, 0.05, 0.03, 0.00, 0.00, 0.00, 1.00, 0.00, 0.00, 0.00, 0.00, 1.00, 0.00, 0.00, 1.00, 0.00, 1.00, 0.00, 0.00, 0.00, 1.00
4320, 0, 162.851, 0.98, 1, 0.00, 0.03, 0.00, 0.00, 0.01, 0.02, 0.00, 0.00, 0.66, 0.51, 0.00, 0.76, 0.00, 0.35, 0.00, 0.05, 0.00, 0.00, 0.00, 0.00, 1.00, 0.00, 0.00, 0.00, 0.00, 1.00, 0.00, 0.00, 1.00, 0.00, 1.00, 0.00, 0.00, 0.00, 1.00
4321, 0, 162.888, 0.98, 1, 0.00, 0.03, 0.00, 0.00, 0.03, 0.03, 0.00, 0.00, 0.67, 0.26, 0.00, 0.70, 0.00, 0.34, 0.00, 0.08, 0.00, 0.00, 0.00, 0.00, 1.00, 0.00, 0.00, 0.00, 0.00, 1.00, 0.00, 0.00, 1.00, 0.00, 1.00, 0.00, 0.00, 0.00, 0.00
4322, 0, 162.926, 0.93, 1, 0.00, 0.03, 0.00, 0.00, 0.06, 0.03, 0.00, 0.00, 0.66, 0.02, 0.00, 0.62, 0.00, 0.30, 0.00, 0.05, 0.00, 0.00, 0.00, 0.00, 1.00, 0.00, 0.00, 0.00, 0.00, 1.00, 0.00, 0.00, 1.00, 0.00, 1.00, 0.00, 0.00, 0.00, 0.00
4323, 0, 162.964, 0.93, 1, 0.00, 0.00, 0.00, 0.00, 0.07, 0.49, 0.00, 0.00, 0.61, 0.00, 0.00, 0.65, 0.00, 0.25, 0.00, 0.05, 0.00, 0.00, 0.00, 0.00, 1.00, 0.00, 0.00, 0.00, 0.00, 1.00, 0.00, 0.00, 1.00, 0.00, 1.00, 0.00, 0.00, 0.00, 0.00
4324, 0, 163.001, 0.98, 1, 0.00, 0.00, 0.00, 0.00, 0.05, 0.69, 0.00, 0.12, 0.67, 0.00, 0.00, 0.57, 0.00, 0.26, 0.16, 0.08, 0.00, 0.00, 0.00, 0.00, 1.00, 0.00, 0.00, 0.00, 0.00, 1.00, 0.00, 0.00, 1.00, 0.00, 1.00, 0.00, 0.00, 0.00, 0.00
4325, 0, 163.039, 0.98, 1, 0.00, 0.00, 0.00, 0.00, 0.02, 0.69, 0.00, 0.12, 0.59, 0.25, 0.00, 0.66, 0.06, 0.31, 0.16, 0.06, 0.00, 0.00, 0.00, 0.00, 1.00, 0.00, 0.00, 0.00, 0.00, 1.00, 0.00, 0.00, 1.00, 0.00, 0.00, 0.00, 0.00, 0.00, 0.00
4326, 0, 163.077, 0.98, 1, 0.00, 0.00, 0.00, 0.09, 0.00, 0.20, 0.00, 0.12, 0.51, 0.50, 0.00, 0.73, 0.08, 0.37, 0.16, 0.08, 0.00, 0.00, 0.00, 0.00, 1.00, 0.00, 0.00, 0.00, 0.00, 0.00, 0.00, 0.00, 1.00, 0.00, 1.00, 0.00, 0.00, 0.00, 0.00
4327, 0, 163.115, 0.98, 1, 0.00, 0.00, 0.00, 0.22, 0.00, 0.00, 0.00, 0.00, 0.38, 0.78, 0.00, 0.92, 0.08, 0.43, 0.00, 0.10, 0.00, 0.00, 0.00, 0.00, 1.00, 0.00, 0.00, 0.00, 0.00, 0.00, 0.00, 0.00, 1.00, 0.00, 1.00, 0.00, 0.00, 0.00, 0.00
4328, 0, 163.152, 0.98, 1, 0.00, 0.00, 0.00, 0.28, 0.00, 0.02, 0.00, 0.10, 0.39, 0.73, 0.00, 0.83, 0.02, 0.41, 0.00, 0.23, 0.00, 0.00, 0.00, 0.00, 1.00, 0.00, 0.00, 0.00, 0.00, 0.00, 0.00, 0.00, 1.00, 0.00, 1.00, 0.00, 0.00, 0.00, 0.00
4329, 0, 163.190, 0.98, 1, 0.00, 0.00, 0.00, 0.26, 0.03, 0.02, 0.00, 0.23, 0.40, 0.57, 0.00, 0.73, 0.00, 0.38, 0.00, 0.34, 0.00, 0.00, 0.00, 0.00, 1.00, 0.00, 0.00, 0.00, 0.00, 0.00, 0.00, 0.00, 1.00, 0.00, 1.00, 0.00, 0.00, 0.00, 0.00
4330, 0, 163.228, 0.98, 1, 0.00, 0.00, 0.00, 0.12, 0.03, 0.02, 0.00, 0.23, 0.28, 0.32, 0.04, 0.49, 0.00, 0.22, 0.00, 0.26, 0.00, 0.00, 0.00, 0.00, 1.00, 0.00, 0.00, 0.00, 0.00, 0.00, 0.00, 0.00, 1.00, 0.00, 1.00, 0.00, 0.00, 0.00, 0.00
4331, 0, 163.265, 0.98, 1, 0.00, 0.00, 0.00, 0.06, 0.03, 0.00, 0.00, 0.13, 0.14, 0.12, 0.04, 0.43, 0.00, 0.11, 0.00, 0.20, 0.00, 0.00, 0.00, 0.00, 1.00, 0.00, 0.00, 0.00, 0.00, 0.00, 0.00, 0.00, 1.00, 0.00, 1.00, 0.00, 0.00, 0.00, 0.00
4332, 0, 163.303, 0.98, 1, 0.00, 0.00, 0.00, 0.00, 0.00, 0.00, 0.00, 0.00, 0.03, 0.11, 0.04, 0.54, 0.00, 0.03, 0.02, 0.19, 0.00, 0.00, 0.00, 0.00, 1.00, 0.00, 0.00, 0.00, 0.00, 0.00, 0.00, 0.00, 1.00, 0.00, 1.00, 0.00, 0.00, 0.00, 0.00
4333, 0, 163.341, 0.98, 1, 0.00, 0.00, 0.00, 0.00, 0.01, 0.00, 0.00, 0.00, 0.06, 0.11, 0.00, 0.65, 0.00, 0.03, 0.02, 0.19, 0.00, 0.00, 0.00, 0.00, 1.00, 0.00, 0.00, 0.00, 0.00, 0.00, 0.00, 0.00, 0.00, 0.00, 1.00, 0.00, 0.00, 0.00, 0.00
4334, 0, 163.379, 0.98, 1, 0.00, 0.00, 0.00, 0.00, 0.01, 0.00, 0.00, 0.00, 0.11, 0.13, 0.00, 0.64, 0.00, 0.03, 0.02, 0.12, 0.00, 0.00, 0.00, 0.00, 1.00, 0.00, 0.00, 0.00, 0.00, 0.00, 0.00, 0.00, 1.00, 0.00, 1.00, 0.00, 0.00, 0.00, 0.00
4335, 0, 163.416, 0.98, 1, 0.00, 0.00, 0.00, 0.01, 0.04, 0.00, 0.00, 0.21, 0.16, 0.17, 0.00, 0.36, 0.14, 0.00, 0.00, 0.11, 0.00, 0.00, 0.00, 0.00, 1.00, 0.00, 0.00, 0.00, 0.00, 0.00, 0.00, 0.00, 1.00, 0.00, 1.00, 0.00, 0.00, 0.00, 0.00
4336, 0, 163.454, 0.98, 1, 0.00, 0.00, 0.00, 0.01, 0.04, 0.00, 0.00, 0.34, 0.30, 0.25, 0.00, 0.32, 0.14, 0.02, 0.00, 0.27, 0.00, 0.00, 0.00, 0.00, 1.00, 0.00, 0.00, 0.00, 0.00, 0.00, 0.00, 0.00, 1.00, 0.00, 1.00, 0.00, 0.00, 0.00, 0.00
4337, 0, 163.492, 0.98, 1, 0.00, 0.00, 0.00, 0.01, 0.04, 0.01, 0.00, 0.36, 0.43, 0.23, 0.00, 0.36, 0.25, 0.02, 0.00, 0.42, 0.00, 0.00, 0.00, 0.00, 1.00, 0.00, 0.00, 0.00, 0.00, 0.00, 0.00, 0.00, 0.00, 0.00, 1.00, 0.00, 0.00, 0.00, 0.00
4338, 0, 163.529, 0.98, 1, 0.00, 0.00, 0.00, 0.03, 0.02, 0.01, 0.00, 0.16, 0.46, 0.10, 0.00, 0.48, 0.21, 0.02, 0.00, 0.54, 0.00, 0.00, 0.00, 0.00, 1.00, 0.00, 0.00, 0.00, 0.00, 0.00, 0.00, 0.00, 0.00, 0.00, 1.00, 0.00, 0.00, 0.00, 0.00
4339, 0, 163.567, 0.98, 1, 0.00, 0.00, 0.00, 0.03, 0.02, 0.01, 0.00, 0.02, 0.37, 0.01, 0.00, 0.45, 0.21, 0.02, 0.00, 0.46, 0.00, 0.00, 0.00, 0.00, 1.00, 0.00, 0.00, 0.00, 0.00, 0.00, 0.00, 0.00, 0.00, 0.00, 1.00, 0.00, 0.00, 0.00, 0.00
4340, 0, 163.605, 0.98, 1, 0.00, 0.00, 0.00, 0.03, 0.01, 0.00, 0.00, 0.00, 0.38, 0.02, 0.00, 0.33, 0.10, 0.02, 0.00, 0.55, 0.00, 0.00, 0.00, 0.00, 1.00, 0.00, 0.00, 0.00, 0.00, 0.00, 0.00, 0.00, 0.00, 0.00, 1.00, 0.00, 0.00, 0.00, 0.00
4341, 0, 163.642, 0.98, 1, 0.00, 0.00, 0.00, 0.06, 0.03, 0.00, 0.00, 0.00, 0.38, 0.06, 0.00, 0.29, 0.00, 0.02, 0.00, 0.54, 0.00, 0.00, 0.00, 0.00, 1.00, 0.00, 0.00, 0.00, 0.00, 0.00, 0.00, 0.00, 0.00, 0.00, 1.00, 0.00, 0.00, 0.00, 0.00
4342, 0, 163.680, 0.98, 1, 0.00, 0.00, 0.00, 0.24, 0.09, 0.00, 0.00, 0.00, 0.36, 0.21, 0.00, 0.16, 0.00, 0.00, 0.00, 0.63, 0.00, 0.00, 0.00, 0.00, 1.00, 0.00, 0.00, 0.00, 0.00, 0.00, 0.00, 0.00, 0.00, 0.00, 0.00, 0.00, 0.00, 0.00, 0.00
4343, 0, 163.718, 0.98, 1, 0.00, 0.00, 0.00, 0.40, 0.09, 0.00, 0.00, 0.00, 0.24, 0.32, 0.00, 0.10, 0.00, 0.00, 0.00, 0.51, 0.00, 0.00, 0.00, 0.00, 1.00, 0.00, 0.00, 0.00, 0.00, 0.00, 0.00, 0.00, 0.00, 0.00, 0.00, 0.00, 0.00, 0.00, 0.00
4344, 0, 163.756, 0.98, 1, 0.00, 0.00, 0.00, 0.52, 0.10, 0.00, 0.00, 0.00, 0.24, 0.46, 0.00, 0.02, 0.00, 0.00, 0.00, 0.58, 0.00, 0.00, 0.00, 0.00, 1.00, 0.00, 0.00, 0.00, 0.00, 0.00, 0.00, 0.00, 0.00, 0.00, 0.00, 0.00, 0.00, 0.00, 0.00
4345, 0, 163.793, 0.98, 1, 0.00, 0.00, 0.00, 0.34, 0.04, 0.01, 0.00, 0.26, 0.27, 0.74, 0.00, 0.13, 0.03, 0.06, 0.00, 0.64, 0.00, 0.00, 0.00, 0.00, 1.00, 0.00, 0.00, 0.00, 0.00, 0.00, 0.00, 0.00, 0.00, 0.00, 1.00, 0.00, 0.00, 0.00, 0.00
4346, 0, 163.831, 0.98, 1, 0.00, 0.00, 0.00, 0.18, 0.04, 0.04, 0.00, 0.50, 0.36, 1.05, 0.00, 0.29, 0.07, 0.11, 0.00, 0.68, 0.00, 0.00, 0.00, 0.00, 1.00, 0.00, 0.00, 0.00, 0.00, 0.00, 0.00, 0.00, 0.00, 0.00, 1.00, 0.00, 0.00, 0.00, 0.00
4347, 0, 163.869, 0.98, 1, 0.00, 0.00, 0.00, 0.02, 0.00, 0.04, 0.00, 0.75, 0.36, 1.09, 0.08, 0.33, 0.10, 0.11, 0.00, 0.49, 0.00, 0.00, 0.00, 0.00, 1.00, 0.00, 0.00, 0.00, 0.00, 0.00, 0.00, 0.00, 0.00, 0.00, 1.00, 0.00, 0.00, 0.00, 0.00
4348, 0, 163.906, 0.98, 1, 0.02, 0.00, 0.00, 0.06, 0.00, 0.03, 0.00, 0.65, 0.42, 0.75, 0.08, 0.27, 0.07, 0.05, 0.00, 0.27, 0.00, 0.00, 0.00, 0.00, 1.00, 0.00, 0.00, 0.00, 0.00, 0.00, 0.00, 0.00, 0.00, 0.00, 1.00, 0.00, 0.00, 0.00, 0.00
4349, 0, 163.944, 0.98, 1, 0.14, 0.00, 0.00, 0.11, 0.00, 0.00, 0.00, 0.53, 0.48, 0.56, 0.08, 0.16, 0.03, 0.00, 0.00, 0.21, 0.07, 0.00, 0.00, 0.00, 1.00, 0.00, 0.00, 0.00, 0.00, 0.00, 0.00, 0.00, 0.00, 0.00, 1.00, 0.00, 0.00, 0.00, 0.00
4350, 0, 163.982, 0.88, 1, 0.35, 0.00, 0.00, 0.09, 0.00, 0.00, 0.00, 0.28, 0.45, 0.35, 0.10, 0.30, 0.00, 0.00, 0.00, 0.11, 0.19, 0.00, 0.00, 0.00, 1.00, 0.00, 0.00, 0.00, 0.00, 0.00, 0.00, 0.00, 0.00, 0.00, 1.00, 0.00, 0.00, 0.00, 1.00
4351, 0, 164.019, 0.88, 1, 0.37, 0.13, 0.00, 0.22, 0.00, 0.00, 0.00, 0.12, 0.38, 0.25, 0.10, 0.37, 0.00, 0.00, 0.00, 0.14, 0.19, 0.00, 0.00, 0.00, 1.00, 0.00, 0.00, 0.00, 0.00, 0.00, 0.00, 0.00, 0.00, 0.00, 1.00, 0.00, 0.00, 0.00, 1.00
4352, 0, 164.057, 0.93, 1, 0.28, 0.22, 0.00, 0.27, 0.00, 0.00, 0.00, 0.00, 0.29, 0.00, 0.10, 0.41, 0.00, 0.00, 0.00, 0.06, 0.12, 0.00, 0.00, 0.00, 1.00, 0.00, 0.00, 0.00, 0.00, 0.00, 0.00, 0.00, 0.00, 0.00, 1.00, 0.00, 0.00, 0.00, 1.00
4353, 0, 164.095, 0.93, 1, 0.10, 0.29, 0.00, 0.27, 0.00, 0.00, 0.08, 0.12, 0.29, 0.17, 0.00, 0.22, 0.00, 0.00, 0.00, 0.11, 0.10, 0.00, 0.00, 0.00, 1.00, 0.00, 0.00, 0.00, 0.00, 0.00, 0.00, 0.00, 0.00, 0.00, 1.00, 0.00, 0.00, 0.00, 1.00
4354, 0, 164.133, 0.98, 1, 0.06, 0.26, 0.00, 0.10, 0.00, 0.00, 0.16, 0.21, 0.29, 0.38, 0.00, 0.12, 0.00, 0.00, 0.00, 0.19, 0.10, 0.00, 0.00, 0.00, 1.00, 0.00, 0.00, 0.00, 0.00, 0.00, 0.00, 0.00, 0.00, 0.00, 1.00, 0.00, 0.00, 0.00, 0.00
4355, 0, 164.170, 0.98, 1, 0.03, 0.16, 0.00, 0.00, 0.00, 0.00, 0.17, 0.40, 0.35, 0.67, 0.00, 0.03, 0.00, 0.03, 0.00, 0.58, 0.10, 0.00, 0.00, 0.00, 1.00, 0.00, 0.00, 0.00, 0.00, 0.00, 0.00, 0.00, 0.00, 0.00, 1.00, 0.00, 0.00, 0.00, 0.00
4356, 0, 164.208, 0.98, 1, 0.00, 0.09, 0.00, 0.00, 0.00, 0.00, 0.12, 0.45, 0.39, 0.60, 0.00, 0.04, 0.00, 0.04, 0.00, 0.75, 0.00, 0.00, 0.00, 0.00, 1.00, 0.00, 0.00, 0.00, 0.00, 0.00, 0.00, 0.00, 0.00, 0.00, 1.00, 0.00, 0.00, 0.00, 0.00
4357, 0, 164.246, 0.98, 1, 0.00, 0.00, 0.00, 0.00, 0.01, 0.00, 0.04, 0.55, 0.45, 0.58, 0.00, 0.19, 0.00, 0.04, 0.00, 0.88, 0.00, 0.00, 0.00, 0.00, 1.00, 0.00, 0.00, 0.00, 0.00, 1.00, 0.00, 0.00, 0.00, 0.00, 0.00, 0.00, 0.00, 0.00, 0.00
4358, 0, 164.283, 0.98, 1, 0.00, 0.00, 0.00, 0.00, 0.02, 0.00, 0.03, 0.47, 0.49, 0.57, 0.00, 0.19, 0.00, 0.01, 0.00, 0.48, 0.00, 0.00, 0.00, 0.00, 1.00, 0.00, 0.00, 0.00, 0.00, 1.00, 0.00, 0.00, 0.00, 0.00, 0.00, 0.00, 0.00, 0.00, 0.00
4359, 0, 164.321, 0.98, 1, 0.00, 0.19, 0.00, 0.00, 0.02, 0.00, 0.00, 0.43, 0.57, 0.56, 0.00, 0.17, 0.00, 0.00, 0.00, 0.29, 0.00, 0.00, 0.00, 0.00, 1.00, 0.00, 0.00, 0.00, 0.00, 1.00, 0.00, 0.00, 0.00, 0.00, 0.00, 0.00, 0.00, 0.00, 0.00
4360, 0, 164.359, 0.98, 1, 0.00, 0.19, 0.00, 0.00, 0.01, 0.00, 0.00, 0.30, 0.65, 0.66, 0.00, 0.31, 0.00, 0.00, 0.00, 0.27, 0.00, 0.00, 0.00, 0.00, 1.00, 0.00, 0.00, 0.00, 0.00, 1.00, 0.00, 0.00, 0.00, 0.00, 0.00, 0.00, 0.00, 0.00, 0.00
4361, 0, 164.397, 0.98, 1, 0.00, 0.19, 0.00, 0.00, 0.00, 0.00, 0.00, 0.19, 0.69, 0.48, 0.00, 0.46, 0.00, 0.02, 0.09, 0.44, 0.00, 0.00, 0.00, 0.00, 1.00, 0.00, 0.00, 0.00, 0.00, 1.00, 0.00, 0.00, 0.00, 0.00, 0.00, 0.00, 0.00, 0.00, 0.00
4362, 0, 164.434, 0.98, 1, 0.00, 0.00, 0.00, 0.00, 0.00, 0.00, 0.00, 0.07, 0.63, 0.53, 0.00, 0.59, 0.04, 0.02, 0.24, 0.67, 0.00, 0.00, 0.00, 0.00, 1.00, 0.00, 0.00, 0.00, 0.00, 1.00, 0.00, 0.00, 0.00, 0.00, 0.00, 0.00, 0.00, 0.00, 0.00
4363, 0, 164.472, 0.98, 1, 0.00, 0.00, 0.00, 0.00, 0.00, 0.00, 0.00, 0.01, 0.58, 0.24, 0.00, 0.50, 0.04, 0.02, 0.28, 0.65, 0.00, 0.00, 0.00, 0.00, 1.00, 0.00, 0.00, 0.00, 0.00, 1.00, 0.00, 0.00, 1.00, 0.00, 0.00, 0.00, 0.00, 0.00, 0.00
4364, 0, 164.510, 0.98, 1, 0.00, 0.00, 0.00, 0.00, 0.00, 0.00, 0.00, 0.01, 0.54, 0.15, 0.00, 0.68, 0.04, 0.03, 0.22, 0.72, 0.00, 0.00, 0.00, 0.00, 1.00, 0.00, 0.00, 0.00, 0.00, 1.00, 0.00, 0.00, 1.00, 0.00, 0.00, 0.00, 0.00, 0.00, 0.00
4365, 0, 164.547, 0.98, 1, 0.00, 0.04, 0.00, 0.09, 0.00, 0.00, 0.00, 0.13, 0.50, 0.36, 0.00, 0.75, 0.00, 0.15, 0.07, 0.59, 0.00, 0.00, 0.00, 0.00, 1.00, 0.00, 0.00, 0.00, 0.00, 1.00, 0.00, 0.00, 0.00, 0.00, 0.00, 0.00, 0.00, 0.00, 0.00
4366, 0, 164.585, 0.98, 1, 0.00, 0.06, 0.00, 0.16, 0.00, 0.00, 0.00, 0.29, 0.51, 0.85, 0.00, 0.63, 0.00, 0.18, 0.02, 0.48, 0.00, 0.00, 0.00, 0.00, 1.00, 0.00, 0.00, 0.00, 0.00, 1.00, 1.00, 0.00, 0.00, 0.00, 1.00, 0.00, 0.00, 0.00, 0.00
4367, 0, 164.623, 0.98, 1, 0.00, 0.06, 0.00, 0.24, 0.00, 0.00, 0.00, 0.42, 0.52, 1.34, 0.00, 0.31, 0.00, 0.15, 0.08, 0.39, 0.00, 0.00, 0.00, 0.00, 1.00, 0.00, 0.00, 0.00, 0.00, 1.00, 1.00, 0.00, 0.00, 0.00, 1.00, 0.00, 0.00, 0.00, 0.00
4368, 0, 164.660, 0.93, 1, 0.00, 0.03, 0.00, 0.27, 0.00, 0.00, 0.00, 0.52, 0.58, 1.32, 0.00, 0.11, 0.00, 0.04, 0.08, 0.29, 0.00, 0.00, 0.00, 0.00, 1.00, 0.00, 0.00, 0.00, 0.00, 1.00, 1.00, 0.00, 0.00, 0.00, 1.00, 0.00, 0.00, 0.00, 0.00
4369, 0, 164.698, 0.98, 1, 0.00, 0.00, 0.00, 0.31, 0.00, 0.00, 0.00, 0.54, 0.58, 1.20, 0.00, 0.01, 0.00, 0.00, 0.08, 0.21, 0.00, 0.00, 0.00, 0.00, 1.00, 0.00, 0.00, 0.00, 0.00, 0.00, 1.00, 0.00, 0.00, 0.00, 1.00, 0.00, 0.00, 0.00, 0.00
4370, 0, 164.736, 0.98, 1, 0.00, 0.00, 0.00, 0.22, 0.00, 0.05, 0.00, 0.80, 0.57, 0.81, 0.07, 0.21, 0.00, 0.02, 0.17, 0.23, 0.00, 0.00, 0.00, 0.00, 1.00, 0.00, 0.00, 0.00, 0.00, 1.00, 1.00, 0.00, 0.00, 0.00, 1.00, 0.00, 0.00, 0.00, 0.00
4371, 0, 164.774, 0.98, 1, 0.00, 0.00, 0.00, 0.13, 0.00, 0.05, 0.00, 0.93, 0.57, 0.62, 0.32, 0.44, 0.00, 0.04, 0.38, 0.48, 0.00, 0.00, 0.00, 0.00, 1.00, 0.00, 0.00, 0.00, 0.00, 0.00, 0.00, 0.00, 1.00, 0.00, 1.00, 0.00, 0.00, 0.00, 0.00
4372, 0, 164.811, 0.98, 1, 0.00, 0.04, 0.00, 0.04, 0.00, 0.05, 0.00, 1.18, 0.60, 0.33, 0.32, 0.82, 0.00, 0.04, 0.38, 0.73, 0.00, 0.00, 0.00, 0.00, 1.00, 0.00, 0.00, 0.00, 0.00, 0.00, 0.00, 0.00, 1.00, 0.00, 0.00, 0.00, 0.00, 0.00, 0.00
4373, 0, 164.849, 0.98, 1, 0.00, 0.05, 0.00, 0.08, 0.00, 0.00, 0.00, 1.23, 0.62, 0.28, 0.24, 0.90, 0.00, 0.03, 0.26, 0.78, 0.00, 0.00, 0.00, 0.00, 1.00, 0.00, 0.00, 0.00, 0.00, 0.00, 0.00, 1.00, 1.00, 0.00, 0.00, 0.00, 0.00, 0.00, 0.00
4374, 0, 164.887, 0.98, 1, 0.00, 0.17, 0.00, 0.22, 0.00, 0.00, 0.00, 1.31, 0.65, 0.13, 0.00, 1.12, 0.00, 0.00, 0.05, 0.64, 0.00, 0.00, 0.00, 0.00, 1.00, 0.00, 0.00, 0.00, 0.00, 1.00, 0.00, 1.00, 1.00, 0.00, 0.00, 0.00, 0.00, 0.00, 0.00
4375, 0, 164.924, 0.98, 1, 0.00, 0.13, 0.00, 0.24, 0.00, 0.00, 0.00, 1.24, 0.61, 0.14, 0.00, 1.24, 0.00, 0.01, 0.20, 0.51, 0.00, 0.00, 0.00, 0.00, 1.00, 0.00, 0.00, 0.00, 0.00, 1.00, 0.00, 1.00, 1.00, 0.00, 1.00, 0.00, 0.00, 0.00, 0.00
4376, 0, 164.962, 0.98, 1, 0.00, 0.11, 0.00, 0.23, 0.01, 0.00, 0.00, 1.25, 0.60, 0.35, 0.05, 1.29, 0.00, 0.02, 0.37, 0.44, 0.00, 0.00, 0.00, 0.00, 1.00, 0.00, 0.00, 0.00, 0.00, 1.00, 0.00, 1.00, 1.00, 0.00, 1.00, 0.00, 0.00, 0.00, 0.00
4377, 0, 165.000, 0.98, 1, 0.00, 0.00, 0.00, 0.07, 0.02, 0.00, 0.00, 1.28, 0.65, 0.44, 0.05, 1.11, 0.00, 0.09, 0.57, 0.38, 0.00, 0.00, 0.00, 0.00, 1.00, 0.00, 0.00, 0.00, 0.00, 1.00, 0.00, 0.00, 1.00, 0.00, 1.00, 0.00, 0.00, 0.00, 0.00
4378, 0, 165.038, 0.98, 1, 0.00, 0.00, 0.00, 0.08, 0.06, 0.00, 0.00, 1.27, 0.74, 0.43, 0.10, 1.04, 0.00, 0.08, 0.61, 0.29, 0.00, 0.00, 0.00, 0.00, 1.00, 0.00, 0.00, 0.00, 0.00, 1.00, 0.00, 0.00, 1.00, 0.00, 1.00, 0.00, 0.00, 0.00, 0.00
4379, 0, 165.075, 0.98, 1, 0.00, 0.00, 0.00, 0.10, 0.09, 0.00, 0.00, 1.19, 0.79, 0.20, 0.17, 1.19, 0.00, 0.07, 0.58, 0.21, 0.00, 0.00, 0.00, 0.00, 1.00, 0.00, 0.00, 0.00, 0.00, 1.00, 0.00, 0.00, 1.00, 0.00, 1.00, 0.00, 0.00, 0.00, 0.00
4380, 0, 165.113, 0.98, 1, 0.00, 0.01, 0.00, 0.10, 0.07, 0.00, 0.00, 0.73, 0.80, 0.11, 0.18, 1.26, 0.00, 0.01, 0.54, 0.23, 0.00, 0.00, 0.00, 0.00, 1.00, 0.00, 0.00, 0.00, 0.00, 1.00, 0.00, 0.00, 1.00, 0.00, 1.00, 0.00, 0.00, 0.00, 0.00
4381, 0, 165.151, 0.98, 1, 0.00, 0.16, 0.00, 0.05, 0.07, 0.00, 0.00, 0.40, 0.75, 0.07, 0.14, 1.16, 0.00, 0.01, 0.47, 0.32, 0.00, 0.00, 0.00, 0.00, 1.00, 0.00, 0.00, 0.00, 0.00, 1.00, 0.00, 0.00, 1.00, 0.00, 1.00, 0.00, 0.00, 0.00, 0.00
4382, 0, 165.188, 0.98, 1, 0.03, 0.42, 0.00, 0.00, 0.03, 0.00, 0.00, 0.02, 0.66, 0.05, 0.00, 0.90, 0.00, 0.01, 0.28, 0.24, 0.00, 0.00, 0.00, 0.00, 1.00, 0.00, 0.00, 0.00, 0.00, 1.00, 0.00, 0.00, 1.00, 0.00, 1.00, 0.00, 0.00, 0.00, 0.00
4383, 0, 165.226, 0.98, 1, 0.03, 0.51, 0.00, 0.00, 0.03, 0.00, 0.00, 0.02, 0.52, 0.05, 0.00, 0.68, 0.00, 0.00, 0.16, 0.18, 0.00, 0.00, 0.00, 0.00, 1.00, 0.00, 0.00, 0.00, 0.00, 1.00, 0.00, 0.00, 0.00, 0.00, 1.00, 0.00, 0.00, 0.00, 0.00
4384, 0, 165.264, 0.98, 1, 0.03, 0.55, 0.00, 0.04, 0.00, 0.00, 0.00, 0.00, 0.44, 0.02, 0.00, 0.57, 0.00, 0.03, 0.03, 0.08, 0.00, 0.00, 0.00, 0.00, 1.00, 0.00, 0.00, 0.00, 0.00, 0.00, 0.00, 0.00, 0.00, 0.00, 1.00, 0.00, 0.00, 0.00, 0.00
4385, 0, 165.301, 0.98, 1, 0.00, 0.40, 0.00, 0.30, 0.00, 0.00, 0.00, 0.13, 0.43, 0.03, 0.00, 0.38, 0.00, 0.03, 0.09, 0.21, 0.00, 0.00, 0.00, 0.00, 1.00, 0.00, 0.00, 0.00, 0.00, 0.00, 0.00, 0.00, 0.00, 0.00, 1.00, 0.00, 0.00, 0.00, 0.00
4386, 0, 165.339, 0.98, 1, 0.00, 0.40, 0.00, 0.48, 0.00, 0.00, 0.00, 0.25, 0.45, 0.21, 0.00, 0.33, 0.00, 0.05, 0.13, 0.38, 0.00, 0.00, 0.00, 0.00, 1.00, 0.00, 0.00, 0.00, 0.00, 0.00, 0.00, 0.00, 0.00, 0.00, 1.00, 0.00, 0.00, 0.00, 0.00
4387, 0, 165.377, 0.93, 1, 0.05, 0.21, 0.00, 0.44, 0.00, 0.00, 0.04, 0.51, 0.50, 0.33, 0.00, 0.19, 0.00, 0.02, 0.13, 0.58, 0.00, 0.00, 0.00, 0.00, 1.00, 0.00, 0.00, 0.00, 0.00, 0.00, 0.00, 0.00, 0.00, 0.00, 1.00, 0.00, 0.00, 0.00, 0.00
4388, 0, 165.415, 0.88, 1, 0.05, 0.14, 0.00, 0.18, 0.00, 0.00, 0.04, 0.58, 0.52, 0.58, 0.00, 0.15, 0.00, 0.02, 0.14, 0.70, 0.00, 0.00, 0.00, 0.00, 1.00, 0.00, 0.00, 0.00, 0.00, 0.00, 0.00, 0.00, 0.00, 0.00, 1.00, 0.00, 0.00, 0.00, 0.00
4389, 0, 165.452, 0.88, 1, 0.06, 0.03, 0.00, 0.02, 0.00, 0.00, 0.04, 0.50, 0.54, 0.75, 0.00, 0.08, 0.00, 0.00, 0.06, 0.70, 0.07, 0.00, 0.00, 0.00, 1.00, 0.00, 0.00, 0.00, 0.00, 0.00, 0.00, 0.00, 0.00, 0.00, 0.00, 0.00, 0.00, 0.00, 0.00
4390, 0, 165.490, 0.88, 1, 0.01, 0.03, 0.00, 0.02, 0.00, 0.00, 0.00, 0.50, 0.54, 0.75, 0.05, 0.20, 0.00, 0.01, 0.19, 0.46, 0.07, 0.00, 0.00, 0.00, 1.00, 0.00, 0.00, 0.00, 0.00, 0.00, 0.00, 0.00, 0.00, 0.00, 0.00, 0.00, 0.00, 0.00, 0.00
4391, 0, 165.528, 0.93, 1, 0.01, 0.00, 0.00, 0.02, 0.00, 0.00, 0.00, 0.52, 0.58, 0.63, 0.05, 0.38, 0.00, 0.02, 0.17, 0.32, 0.07, 0.00, 0.00, 0.00, 1.00, 0.00, 0.00, 0.00, 0.00, 0.00, 0.00, 0.00, 0.00, 0.00, 0.00, 0.00, 0.00, 0.00, 0.00
4392, 0, 165.565, 0.93, 1, 0.00, 0.00, 0.00, 0.00, 0.02, 0.00, 0.00, 0.84, 0.55, 0.32, 0.05, 0.51, 0.00, 0.05, 0.39, 0.21, 0.00, 0.00, 0.00, 0.00, 1.00, 0.00, 0.00, 0.00, 0.00, 0.00, 0.00, 0.00, 1.00, 0.00, 0.00, 0.00, 0.00, 0.00, 0.00
4393, 0, 165.603, 0.98, 1, 0.00, 0.01, 0.00, 0.00, 0.02, 0.00, 0.00, 0.81, 0.53, 0.31, 0.00, 0.37, 0.00, 0.13, 0.52, 0.33, 0.00, 0.00, 0.00, 0.00, 1.00, 0.00, 0.00, 0.00, 0.00, 0.00, 0.00, 0.00, 1.00, 0.00, 0.00, 0.00, 0.00, 0.00, 0.00
4394, 0, 165.641, 0.98, 1, 0.00, 0.01, 0.00, 0.00, 0.02, 0.00, 0.00, 0.78, 0.54, 0.16, 0.00, 0.37, 0.00, 0.22, 0.70, 0.37, 0.00, 0.00, 0.00, 0.00, 1.00, 0.00, 0.00, 0.00, 0.00, 0.00, 0.00, 0.00, 1.00, 0.00, 0.00, 0.00, 0.00, 0.00, 0.00
4395, 0, 165.679, 0.98, 1, 0.00, 0.01, 0.00, 0.02, 0.00, 0.00, 0.00, 0.68, 0.56, 0.12, 0.30, 0.34, 0.04, 0.19, 0.71, 0.37, 0.00, 0.00, 0.00, 0.00, 1.00, 0.00, 0.00, 0.00, 0.00, 0.00, 0.00, 0.00, 1.00, 0.00, 0.00, 0.00, 0.00, 0.00, 0.00
4396, 0, 165.716, 0.98, 1, 0.00, 0.00, 0.00, 0.02, 0.00, 0.00, 0.00, 0.88, 0.53, 0.00, 0.30, 0.62, 0.04, 0.12, 0.46, 0.45, 0.00, 0.00, 0.00, 0.00, 1.00, 0.00, 0.00, 0.00, 0.00, 0.00, 0.00, 0.00, 1.00, 0.00, 1.00, 0.00, 0.00, 0.00, 0.00
4397, 0, 165.754, 0.98, 1, 0.00, 0.00, 0.00, 0.02, 0.00, 0.00, 0.00, 1.11, 0.47, 0.00, 0.30, 0.80, 0.04, 0.02, 0.23, 0.49, 0.00, 0.00, 0.00, 0.00, 1.00, 0.00, 0.00, 0.00, 0.00, 0.00, 0.00, 0.00, 1.00, 0.00, 1.00, 0.00, 0.00, 0.00, 0.00
4398, 0, 165.792, 0.98, 1, 0.00, 0.00, 0.00, 0.05, 0.00, 0.00, 0.00, 1.30, 0.44, 0.00, 0.18, 1.09, 0.17, 0.02, 0.08, 0.61, 0.00, 0.00, 0.00, 0.00, 1.00, 0.00, 0.00, 0.00, 0.00, 0.00, 0.00, 0.00, 1.00, 0.00, 1.00, 0.00, 0.00, 0.00, 0.00
4399, 0, 165.829, 0.98, 1, 0.00, 0.00, 0.00, 0.06, 0.00, 0.01, 0.00, 1.39, 0.47, 0.06, 0.29, 1.14, 0.24, 0.02, 0.11, 0.66, 0.00, 0.00, 0.00, 0.00, 1.00, 0.00, 0.00, 0.00, 0.00, 0.00, 0.00, 0.00, 1.00, 0.00, 1.00, 0.00, 0.00, 0.00, 0.00
4400, 0, 165.867, 0.98, 1, 0.00, 0.00, 0.00, 0.06, 0.00, 0.01, 0.00, 1.39, 0.57, 0.26, 0.39, 1.01, 0.30, 0.02, 0.27, 0.71, 0.00, 0.00, 0.00, 0.00, 1.00, 0.00, 0.00, 0.00, 0.00, 0.00, 0.00, 0.00, 1.00, 0.00, 1.00, 0.00, 0.00, 0.00, 0.00
4401, 0, 165.905, 0.98, 1, 0.00, 0.00, 0.00, 0.01, 0.00, 0.01, 0.00, 1.32, 0.68, 0.44, 0.21, 0.77, 0.13, 0.02, 0.26, 0.87, 0.00, 0.00, 0.00, 0.00, 1.00, 0.00, 0.00, 0.00, 0.00, 0.00, 0.00, 0.00, 1.00, 0.00, 1.00, 0.00, 0.00, 0.00, 0.00
4402, 0, 165.942, 0.93, 1, 0.00, 0.00, 0.00, 0.00, 0.00, 0.00, 0.00, 1.27, 0.75, 0.49, 0.10, 0.52, 0.05, 0.00, 0.30, 1.09, 0.00, 0.00, 0.00, 0.00, 1.00, 0.00, 0.00, 0.00, 0.00, 0.00, 0.00, 0.00, 1.00, 0.00, 1.00, 0.00, 0.00, 0.00, 0.00
4403, 0, 165.980, 0.93, 1, 0.00, 0.00, 0.00, 0.00, 0.00, 0.00, 0.00, 1.23, 0.75, 0.40, 0.00, 0.39, 0.00, 0.00, 0.22, 1.24, 0.00, 0.00, 0.00, 0.00, 1.00, 0.00, 0.00, 0.00, 0.00, 1.00, 0.00, 0.00, 1.00, 0.00, 1.00, 0.00, 0.00, 0.00, 0.00
4404, 0, 166.018, 0.98, 1, 0.00, 0.00, 0.00, 0.00, 0.00, 0.00, 0.00, 1.18, 0.71, 0.41, 0.01, 0.36, 0.00, 0.00, 0.30, 1.25, 0.00, 0.00, 0.00, 0.00, 1.00, 0.00, 0.00, 0.00, 0.00, 1.00, 0.00, 0.00, 1.00, 0.00, 1.00, 0.00, 0.00, 0.00, 0.00
4405, 0, 166.056, 0.98, 1, 0.00, 0.00, 0.00, 0.22, 0.00, 0.00, 0.00, 0.84, 0.69, 0.42, 0.01, 0.20, 0.00, 0.11, 0.43, 0.88, 0.00, 0.00, 0.00, 0.00, 1.00, 0.00, 0.00, 0.00, 0.00, 1.00, 0.00, 0.00, 1.00, 0.00, 1.00, 0.00, 0.00, 0.00, 0.00
4406, 0, 166.093, 0.98, 1, 0.00, 0.00, 0.00, 0.26, 0.00, 0.00, 0.00, 0.81, 0.65, 0.51, 0.25, 0.14, 0.03, 0.14, 0.46, 0.72, 0.00, 0.00, 0.00, 0.00, 1.00, 0.00, 0.00, 0.00, 0.00, 1.00, 0.00, 0.00, 0.00, 0.00, 1.00, 0.00, 0.00, 0.00, 0.00
4407, 0, 166.131, 0.98, 1, 0.00, 0.00, 0.00, 0.26, 0.00, 0.00, 0.00, 0.90, 0.65, 0.42, 0.34, 0.15, 0.03, 0.14, 0.59, 0.61, 0.00, 0.00, 0.00, 0.00, 1.00, 0.00, 0.00, 0.00, 0.00, 1.00, 0.00, 0.00, 0.00, 0.00, 1.00, 0.00, 0.00, 0.00, 0.00
4408, 0, 166.169, 0.98, 1, 0.00, 0.00, 0.00, 0.03, 0.00, 0.00, 0.00, 1.12, 0.63, 0.31, 0.37, 0.15, 0.03, 0.06, 0.60, 0.85, 0.00, 0.00, 0.00, 0.00, 1.00, 0.00, 0.00, 0.00, 0.00, 1.00, 0.00, 0.00, 0.00, 0.00, 1.00, 0.00, 0.00, 0.00, 0.00
4409, 0, 166.206, 0.98, 1, 0.00, 0.00, 0.00, 0.00, 0.00, 0.00, 0.00, 1.13, 0.61, 0.10, 0.25, 0.13, 0.00, 0.06, 0.74, 0.96, 0.00, 0.00, 0.00, 0.00, 1.00, 0.00, 0.00, 0.00, 0.00, 1.00, 0.00, 0.00, 0.00, 0.00, 1.00, 0.00, 0.00, 0.00, 0.00
4410, 0, 166.244, 0.98, 1, 0.00, 0.00, 0.00, 0.00, 0.00, 0.00, 0.00, 0.95, 0.62, 0.01, 0.15, 0.00, 0.00, 0.06, 0.49, 1.01, 0.08, 0.00, 0.00, 0.00, 1.00, 0.00, 0.00, 0.00, 0.00, 1.00, 0.00, 0.00, 0.00, 0.00, 0.00, 0.00, 0.00, 0.00, 0.00
4411, 0, 166.282, 0.88, 1, 0.00, 0.00, 0.00, 0.13, 0.00, 0.00, 0.01, 0.78, 0.65, 0.07, 0.12, 0.00, 0.00, 0.03, 0.45, 0.97, 0.12, 0.00, 0.00, 0.00, 1.00, 0.00, 0.00, 0.00, 0.00, 1.00, 0.00, 0.00, 0.00, 0.00, 0.00, 0.00, 0.00, 0.00, 0.00
4412, 0, 166.320, 0.88, 1, 0.00, 0.00, 0.00, 0.27, 0.00, 0.00, 0.08, 0.62, 0.72, 0.11, 0.00, 0.00, 0.00, 0.00, 0.36, 0.98, 0.12, 0.00, 0.00, 0.00, 1.00, 0.00, 0.00, 0.00, 0.00, 1.00, 0.00, 0.00, 0.00, 0.00, 1.00, 0.00, 0.00, 0.00, 0.00
4413, 0, 166.357, 0.88, 1, 0.00, 0.00, 0.00, 0.40, 0.00, 0.00, 0.10, 0.42, 0.72, 0.10, 0.00, 0.00, 0.00, 0.00, 0.56, 1.10, 0.04, 0.00, 0.00, 0.00, 1.00, 0.00, 0.00, 0.00, 0.00, 1.00, 0.00, 0.00, 0.00, 0.00, 1.00, 0.00, 0.00, 0.00, 0.00
4414, 0, 166.395, 0.88, 1, 0.00, 0.00, 0.00, 0.41, 0.00, 0.00, 0.14, 0.38, 0.75, 0.13, 0.00, 0.00, 0.00, 0.00, 0.48, 1.23, 0.01, 0.00, 0.00, 0.00, 1.00, 0.00, 0.00, 0.00, 0.00, 1.00, 0.00, 0.00, 0.00, 0.00, 1.00, 0.00, 0.00, 0.00, 0.00
4415, 0, 166.433, 0.88, 1, 0.00, 0.00, 0.00, 0.34, 0.00, 0.00, 0.06, 0.37, 0.61, 0.10, 0.00, 0.00, 0.00, 0.00, 0.31, 1.00, 0.01, 0.00, 0.00, 0.00, 1.00, 0.00, 0.00, 0.00, 0.00, 1.00, 0.00, 0.00, 0.00, 0.00, 1.00, 0.00, 0.00, 0.00, 0.00
4416, 0, 166.470, 0.98, 1, 0.00, 0.00, 0.00, 0.21, 0.00, 0.00, 0.07, 0.45, 0.47, 0.13, 0.00, 0.00, 0.00, 0.00, 0.08, 0.79, 0.01, 0.00, 0.00, 0.00, 1.00, 0.00, 0.00, 0.00, 0.00, 0.00, 0.00, 0.00, 0.00, 0.00, 1.00, 0.00, 0.00, 0.00, 0.00
4417, 0, 166.508, 0.98, 1, 0.00, 0.00, 0.00, 0.06, 0.00, 0.00, 0.08, 0.52, 0.31, 0.17, 0.03, 0.00, 0.00, 0.00, 0.00, 0.68, 0.00, 0.00, 0.00, 0.00, 1.00, 0.00, 0.00, 0.00, 0.00, 0.00, 0.00, 0.00, 0.00, 0.00, 1.00, 0.00, 0.00, 0.00, 0.00
4418, 0, 166.546, 0.98, 1, 0.04, 0.00, 0.00, 0.00, 0.00, 0.00, 0.10, 0.69, 0.33, 0.37, 0.03, 0.00, 0.02, 0.00, 0.00, 0.91, 0.00, 0.00, 0.00, 0.00, 1.00, 0.00, 0.00, 0.00, 0.00, 0.00, 0.00, 0.00, 0.00, 0.00, 1.00, 0.00, 0.00, 0.00, 0.00
4419, 0, 166.583, 0.88, 1, 0.04, 0.00, 0.00, 0.07, 0.00, 0.00, 0.08, 0.99, 0.43, 0.46, 0.03, 0.01, 0.12, 0.00, 0.01, 0.74, 0.00, 0.00, 0.00, 0.00, 1.00, 0.00, 0.00, 0.00, 0.00, 0.00, 0.00, 0.00, 0.00, 0.00, 1.00, 0.00, 0.00, 0.00, 0.00
4420, 0, 166.621, 0.98, 1, 0.04, 0.00, 0.00, 0.13, 0.00, 0.00, 0.03, 0.86, 0.41, 0.34, 0.00, 0.28, 0.22, 0.00, 0.07, 0.61, 0.00, 0.00, 0.00, 0.00, 1.00, 0.00, 0.00, 0.00, 0.00, 0.00, 0.00, 0.00, 0.00, 0.00, 0.00, 0.00, 0.00, 0.00, 0.00
4421, 0, 166.659, 0.98, 1, 0.00, 0.00, 0.00, 0.17, 0.00, 0.00, 0.00, 0.60, 0.32, 0.12, 0.00, 0.51, 0.27, 0.00, 0.19, 0.47, 0.00, 0.00, 0.00, 0.00, 1.00, 0.00, 0.00, 0.00, 0.00, 0.00, 0.00, 0.00, 1.00, 0.00, 0.00, 0.00, 0.00, 0.00, 0.00
4422, 0, 166.697, 0.98, 1, 0.00, 0.00, 0.00, 0.11, 0.08, 0.00, 0.00, 0.44, 0.31, 0.00, 0.00, 0.61, 0.16, 0.00, 0.23, 0.78, 0.00, 0.00, 0.00, 0.00, 1.00, 0.00, 0.00, 0.00, 0.00, 0.00, 0.00, 0.00, 1.00, 0.00, 0.00, 0.00, 0.00, 0.00, 0.00
4423, 0, 166.734, 0.98, 1, 0.00, 0.00, 0.00, 0.07, 0.11, 0.00, 0.00, 0.77, 0.41, 0.00, 0.00, 0.55, 0.06, 0.00, 0.31, 1.04, 0.00, 0.00, 0.00, 0.00, 1.00, 0.00, 0.00, 0.00, 0.00, 0.00, 0.00, 0.00, 1.00, 0.00, 0.00, 0.00, 0.00, 0.00, 0.00
4424, 0, 166.772, 0.98, 1, 0.05, 0.00, 0.00, 0.08, 0.12, 0.03, 0.04, 0.88, 0.43, 0.00, 0.00, 0.34, 0.00, 0.00, 0.26, 1.10, 0.00, 0.00, 0.00, 0.00, 1.00, 0.00, 0.00, 0.00, 0.00, 0.00, 0.00, 0.00, 1.00, 0.00, 0.00, 0.00, 0.00, 0.00, 0.00
4425, 0, 166.810, 0.98, 1, 0.05, 0.03, 0.00, 0.06, 0.04, 0.07, 0.04, 0.83, 0.36, 0.37, 0.02, 0.24, 0.00, 0.00, 0.42, 0.78, 0.00, 0.00, 0.00, 0.00, 1.00, 0.00, 0.00, 0.00, 0.00, 0.00, 0.00, 0.00, 0.00, 0.00, 0.00, 0.00, 0.00, 0.00, 0.00
4426, 0, 166.847, 0.98, 1, 0.05, 0.04, 0.00, 0.05, 0.01, 0.14, 0.04, 0.66, 0.30, 0.74, 0.02, 0.04, 0.00, 0.00, 0.45, 0.40, 0.00, 0.00, 0.00, 0.00, 1.00, 0.00, 0.00, 0.00, 0.00, 0.00, 0.00, 0.00, 0.00, 0.00, 0.00, 0.00, 0.00, 0.00, 0.00
4427, 0, 166.885, 0.98, 1, 0.00, 0.12, 0.00, 0.03, 0.00, 0.10, 0.07, 0.83, 0.36, 1.06, 0.02, 0.11, 0.00, 0.00, 0.41, 0.31, 0.00, 0.00, 0.00, 0.00, 1.00, 0.00, 0.00, 0.00, 0.00, 0.00, 0.00, 0.00, 0.00, 0.00, 0.00, 0.00, 0.00, 0.00, 0.00
4428, 0, 166.923, 0.98, 1, 0.00, 0.09, 0.00, 0.04, 0.01, 0.25, 0.11, 0.95, 0.42, 0.99, 0.00, 0.11, 0.00, 0.00, 0.20, 0.43, 0.00, 0.00, 0.00, 0.00, 1.00, 0.00, 0.00, 0.00, 0.00, 0.00, 0.00, 0.00, 0.00, 0.00, 0.00, 0.00, 0.00, 0.00, 0.00
4429, 0, 166.961, 0.98, 1, 0.00, 0.08, 0.00, 0.04, 0.01, 0.18, 0.11, 1.06, 0.44, 0.82, 0.00, 0.09, 0.00, 0.00, 0.13, 0.66, 0.00, 0.00, 0.00, 0.00, 1.00, 0.00, 0.00, 0.00, 0.00, 0.00, 0.00, 0.00, 0.00, 0.00, 0.00, 0.00, 0.00, 0.00, 0.00
4430, 0, 166.998, 0.98, 1, 0.00, 0.00, 0.00, 0.08, 0.01, 0.18, 0.04, 0.95, 0.45, 0.51, 0.00, 0.10, 0.00, 0.00, 0.21, 0.81, 0.00, 0.00, 0.00, 0.00, 1.00, 0.00, 0.00, 0.00, 0.00, 0.00, 0.00, 0.00, 0.00, 0.00, 0.00, 0.00, 0.00, 0.00, 0.00
4431, 0, 167.036, 0.98, 1, 0.00, 0.00, 0.00, 0.16, 0.00, 0.00, 0.00, 0.65, 0.46, 0.24, 0.00, 0.22, 0.00, 0.00, 0.29, 0.90, 0.00, 0.00, 0.00, 0.00, 1.00, 0.00, 0.00, 0.00, 0.00, 0.00, 0.00, 0.00, 0.00, 0.00, 0.00, 0.00, 0.00, 0.00, 0.00
4432, 0, 167.074, 0.93, 1, 0.01, 0.00, 0.00, 0.35, 0.00, 0.00, 0.00, 0.47, 0.48, 0.15, 0.00, 0.34, 0.00, 0.00, 0.24, 0.86, 0.00, 0.00, 0.00, 0.00, 1.00, 0.00, 0.00, 0.00, 0.00, 0.00, 0.00, 0.00, 0.00, 0.00, 0.00, 0.00, 0.00, 0.00, 0.00
4433, 0, 167.111, 0.93, 1, 0.01, 0.00, 0.00, 0.41, 0.00, 0.00, 0.00, 0.45, 0.48, 0.26, 0.00, 0.29, 0.00, 0.00, 0.25, 0.83, 0.00, 0.00, 0.00, 0.00, 1.00, 0.00, 0.00, 0.00, 0.00, 1.00, 0.00, 0.00, 1.00, 0.00, 0.00, 0.00, 0.00, 0.00, 0.00
4434, 0, 167.149, 0.93, 1, 0.01, 0.00, 0.00, 0.44, 0.00, 0.00, 0.00, 0.68, 0.49, 0.34, 0.00, 0.22, 0.00, 0.00, 0.16, 0.69, 0.00, 0.00, 0.00, 0.00, 1.00, 0.00, 0.00, 0.00, 0.00, 1.00, 0.00, 0.00, 1.00, 0.00, 0.00, 0.00, 0.00, 0.00, 0.00
4435, 0, 167.187, 0.98, 1, 0.00, 0.00, 0.00, 0.25, 0.00, 0.00, 0.00, 0.86, 0.56, 0.33, 0.00, 0.27, 0.00, 0.00, 0.11, 0.62, 0.00, 0.00, 0.00, 0.00, 1.00, 0.00, 0.00, 0.00, 0.00, 1.00, 0.00, 0.00, 1.00, 0.00, 0.00, 0.00, 0.00, 0.00, 0.00
4436, 0, 167.224, 0.98, 1, 0.00, 0.00, 0.00, 0.12, 0.00, 0.00, 0.00, 1.03, 0.61, 0.31, 0.00, 0.54, 0.00, 0.00, 0.27, 0.67, 0.00, 0.00, 0.00, 0.00, 1.00, 0.00, 0.00, 0.00, 0.00, 1.00, 0.00, 0.00, 1.00, 0.00, 0.00, 0.00, 0.00, 0.00, 0.00
4437, 0, 167.262, 0.98, 1, 0.00, 0.00, 0.00, 0.01, 0.00, 0.00, 0.00, 1.20, 0.58, 0.23, 0.02, 0.82, 0.01, 0.00, 0.47, 0.80, 0.00, 0.00, 0.00, 0.00, 1.00, 0.00, 0.00, 0.00, 0.00, 1.00, 0.00, 0.00, 1.00, 0.00, 0.00, 0.00, 0.00, 0.00, 0.00
4438, 0, 167.300, 0.98, 1, 0.00, 0.00, 0.00, 0.08, 0.00, 0.00, 0.00, 1.26, 0.53, 0.21, 0.02, 0.85, 0.01, 0.00, 0.60, 0.90, 0.00, 0.00, 0.00, 0.00, 1.00, 0.00, 0.00, 0.00, 0.00, 1.00, 0.00, 0.00, 1.00, 0.00, 0.00, 0.00, 0.00, 0.00, 0.00
4439, 0, 167.338, 0.98, 1, 0.00, 0.00, 0.00, 0.13, 0.00, 0.00, 0.00, 1.20, 0.43, 0.21, 0.08, 0.81, 0.29, 0.00, 0.49, 0.82, 0.07, 0.00, 0.00, 0.00, 1.00, 0.00, 0.00, 0.00, 0.00, 1.00, 0.00, 0.00, 1.00, 0.00, 0.00, 0.00, 0.00, 0.00, 0.00
4440, 0, 167.375, 0.98, 1, 0.00, 0.00, 0.00, 0.12, 0.01, 0.00, 0.01, 1.02, 0.48, 0.66, 0.07, 0.49, 0.29, 0.00, 0.29, 0.66, 0.07, 0.00, 0.00, 0.00, 1.00, 0.00, 0.00, 0.00, 0.00, 1.00, 0.00, 0.00, 1.00, 0.00, 0.00, 0.00, 0.00, 0.00, 0.00
4441, 0, 167.413, 0.98, 1, 0.00, 0.00, 0.00, 0.05, 0.14, 0.00, 0.04, 0.99, 0.53, 0.90, 0.07, 0.27, 0.29, 0.02, 0.30, 0.63, 0.07, 0.00, 0.00, 0.00, 1.00, 0.00, 0.00, 0.00, 0.00, 0.00, 1.00, 0.00, 0.00, 0.00, 0.00, 0.00, 0.00, 0.00, 0.00
4442, 0, 167.451, 0.98, 1, 0.00, 0.00, 0.00, 0.00, 0.29, 0.00, 0.04, 1.09, 0.67, 1.04, 0.00, 0.03, 0.00, 0.08, 0.37, 0.62, 0.00, 0.00, 0.00, 0.00, 1.00, 0.00, 0.00, 0.00, 0.00, 0.00, 1.00, 0.00, 0.00, 0.00, 1.00, 0.00, 0.00, 0.00, 0.00
4443, 0, 167.488, 0.98, 1, 0.00, 0.00, 0.00, 0.19, 0.36, 0.00, 0.03, 1.13, 0.67, 0.89, 0.00, 0.10, 0.00, 0.12, 0.43, 0.94, 0.00, 0.00, 1.00, 0.00, 1.00, 0.00, 0.00, 0.00, 0.00, 1.00, 1.00, 0.00, 0.00, 0.00, 1.00, 0.00, 0.00, 0.00, 0.00
4444, 0, 167.526, 0.98, 1, 0.00, 0.00, 0.00, 0.37, 0.31, 0.00, 0.00, 1.02, 0.67, 0.99, 0.00, 0.20, 0.00, 0.14, 0.32, 1.14, 0.00, 0.00, 1.00, 0.00, 1.00, 0.00, 0.00, 0.00, 0.00, 1.00, 1.00, 0.00, 0.00, 0.00, 1.00, 0.00, 0.00, 0.00, 0.00
4445, 0, 167.564, 0.98, 1, 0.00, 0.00, 0.00, 0.37, 0.17, 0.00, 0.00, 0.79, 0.67, 0.81, 0.00, 0.32, 0.00, 0.08, 0.10, 0.96, 0.00, 0.00, 1.00, 0.00, 1.00, 0.00, 0.00, 0.00, 0.00, 1.00, 1.00, 0.00, 0.00, 0.00, 1.00, 0.00, 0.00, 0.00, 0.00
4446, 0, 167.602, 0.98, 1, 0.00, 0.00, 0.00, 0.18, 0.10, 0.00, 0.00, 0.92, 0.74, 0.58, 0.00, 0.45, 0.00, 0.04, 0.04, 0.73, 0.00, 0.00, 1.00, 0.00, 1.00, 0.00, 0.00, 0.00, 0.00, 1.00, 0.00, 0.00, 0.00, 0.00, 1.00, 0.00, 0.00, 0.00, 0.00
4447, 0, 167.639, 0.98, 1, 0.00, 0.01, 0.00, 0.00, 0.03, 0.00, 0.00, 1.24, 0.82, 0.45, 0.03, 0.72, 0.00, 0.00, 0.01, 0.62, 0.00, 0.00, 1.00, 0.00, 1.00, 0.00, 0.00, 0.00, 0.00, 1.00, 0.00, 1.00, 0.00, 0.00, 1.00, 0.00, 0.00, 0.00, 0.00
4448, 0, 167.677, 0.98, 1, 0.00, 0.01, 0.00, 0.00, 0.00, 0.00, 0.00, 1.44, 0.87, 0.45, 0.03, 0.82, 0.00, 0.00, 0.00, 0.76, 0.00, 0.00, 1.00, 0.00, 1.00, 0.00, 0.00, 0.00, 0.00, 1.00, 0.00, 1.00, 0.00, 0.00, 1.00, 0.00, 0.00, 0.00, 0.00
4449, 0, 167.715, 0.98, 1, 0.00, 0.01, 0.00, 0.10, 0.00, 0.01, 0.00, 1.48, 0.87, 0.36, 0.04, 0.79, 0.00, 0.00, 0.00, 0.65, 0.00, 0.00, 1.00, 0.00, 1.00, 0.00, 0.00, 0.00, 0.00, 1.00, 0.00, 1.00, 1.00, 0.00, 1.00, 0.00, 0.00, 0.00, 0.00
4450, 0, 167.752, 0.98, 1, 0.00, 0.00, 0.00, 0.16, 0.00, 0.01, 0.00, 1.37, 0.66, 0.09, 0.01, 0.87, 0.00, 0.05, 0.00, 0.70, 0.00, 0.00, 1.00, 0.00, 1.00, 0.00, 0.00, 0.00, 0.00, 1.00, 0.00, 1.00, 1.00, 0.00, 1.00, 0.00, 0.00, 0.00, 0.00
4451, 0, 167.790, 0.98, 1, 0.00, 0.00, 0.00, 0.20, 0.00, 0.01, 0.00, 1.32, 0.53, 0.05, 0.01, 1.02, 0.00, 0.10, 0.00, 0.87, 0.00, 0.00, 1.00, 0.00, 1.00, 0.00, 0.00, 0.00, 0.00, 1.00, 0.00, 0.00, 1.00, 0.00, 1.00, 0.00, 0.00, 0.00, 0.00
4452, 0, 167.828, 0.98, 1, 0.00, 0.00, 0.00, 0.32, 0.00, 0.00, 0.00, 1.21, 0.38, 0.02, 0.39, 1.22, 0.00, 0.10, 0.09, 1.11, 0.00, 0.00, 0.00, 0.00, 1.00, 0.00, 0.00, 0.00, 0.00, 1.00, 0.00, 0.00, 1.00, 0.00, 0.00, 0.00, 0.00, 0.00, 0.00
4453, 0, 167.865, 0.98, 1, 0.04, 0.00, 0.00, 0.33, 0.00, 0.00, 0.00, 0.85, 0.45, 0.09, 0.39, 1.06, 0.00, 0.06, 0.09, 0.83, 0.00, 0.00, 0.00, 0.00, 1.00, 0.00, 0.00, 0.00, 0.00, 1.00, 0.00, 0.00, 1.00, 0.00, 0.00, 0.00, 0.00, 0.00, 0.00
4454, 0, 167.903, 0.88, 1, 0.04, 0.00, 0.00, 0.29, 0.00, 0.00, 0.00, 0.55, 0.49, 0.06, 0.44, 1.25, 0.00, 0.01, 0.09, 0.67, 0.00, 0.00, 0.00, 0.00, 1.00, 0.00, 0.00, 0.00, 0.00, 1.00, 0.00, 0.00, 1.00, 0.00, 0.00, 0.00, 0.00, 0.00, 1.00
4455, 0, 167.941, 0.88, 1, 0.11, 0.13, 0.00, 0.07, 0.00, 0.00, 0.00, 0.19, 0.48, 0.06, 0.09, 0.89, 0.00, 0.00, 0.00, 0.54, 0.10, 0.00, 0.00, 0.00, 1.00, 0.00, 0.00, 0.00, 0.00, 1.00, 0.00, 0.00, 1.00, 0.00, 0.00, 0.00, 0.00, 0.00, 1.00
4456, 0, 167.979, 0.88, 1, 0.14, 0.29, 0.00, 0.00, 0.00, 0.00, 0.00, 0.07, 0.46, 0.00, 0.10, 0.61, 0.00, 0.00, 0.00, 0.65, 0.33, 0.00, 0.00, 0.00, 1.00, 0.00, 0.00, 0.00, 0.00, 1.00, 0.00, 0.00, 1.00, 0.00, 0.00, 0.00, 0.00, 0.00, 1.00
4457, 0, 168.016, 0.88, 1, 0.27, 0.49, 0.00, 0.00, 0.00, 0.00, 0.00, 0.00, 0.47, 0.00, 0.05, 0.04, 0.00, 0.00, 0.00, 0.60, 0.48, 0.00, 0.00, 0.00, 1.00, 0.00, 0.00, 0.00, 0.00, 1.00, 0.00, 0.00, 1.00, 0.00, 0.00, 1.00, 0.00, 0.00, 1.00
4458, 0, 168.054, 0.88, 1, 0.20, 0.50, 0.00, 0.00, 0.00, 0.00, 0.00, 0.00, 0.64, 0.00, 0.01, 0.03, 0.00, 0.00, 0.14, 0.38, 0.46, 0.00, 0.00, 0.00, 1.00, 0.00, 0.00, 0.00, 0.00, 1.00, 0.00, 0.00, 1.00, 0.00, 0.00, 1.00, 0.00, 0.00, 1.00
4459, 0, 168.092, 0.98, 1, 0.18, 0.48, 0.00, 0.15, 0.00, 0.00, 0.00, 0.14, 0.80, 0.33, 0.00, 0.13, 0.00, 0.00, 0.54, 0.36, 0.32, 0.00, 0.00, 0.00, 1.00, 0.00, 0.00, 0.00, 0.00, 1.00, 0.00, 0.00, 0.00, 0.00, 0.00, 1.00, 0.00, 0.00, 1.00
4460, 0, 168.129, 0.98, 1, 0.10, 0.47, 0.00, 0.19, 0.00, 0.00, 0.00, 0.36, 0.95, 0.33, 0.00, 0.34, 0.04, 0.00, 0.92, 0.49, 0.27, 0.00, 0.00, 0.00, 1.00, 0.00, 0.00, 0.00, 1.00, 1.00, 0.00, 0.00, 0.00, 0.00, 0.00, 1.00, 1.00, 0.00, 0.00
4461, 0, 168.167, 0.98, 1, 0.09, 0.33, 0.00, 0.19, 0.00, 0.00, 0.00, 0.63, 1.00, 0.33, 0.00, 0.45, 0.27, 0.00, 1.22, 0.71, 0.49, 0.00, 0.00, 0.00, 1.00, 0.00, 0.00, 0.00, 1.00, 1.00, 0.00, 0.00, 0.00, 0.00, 0.00, 1.00, 1.00, 0.00, 0.00
4462, 0, 168.205, 0.98, 1, 0.04, 0.19, 0.00, 0.04, 0.00, 0.00, 0.00, 0.79, 1.03, 0.00, 0.00, 0.47, 0.48, 0.00, 1.25, 0.75, 0.69, 0.00, 0.00, 0.00, 1.00, 0.00, 0.00, 0.00, 1.00, 1.00, 0.00, 0.00, 0.00, 0.00, 0.00, 1.00, 1.00, 0.00, 0.00
4463, 0, 168.243, 0.98, 1, 0.00, 0.00, 0.00, 0.17, 0.00, 0.00, 0.00, 0.92, 0.84, 0.00, 0.15, 0.30, 0.44, 0.00, 1.11, 0.62, 0.73, 0.00, 0.00, 0.00, 1.00, 0.00, 0.00, 0.00, 1.00, 1.00, 0.00, 0.00, 0.00, 0.00, 0.00, 1.00, 1.00, 0.00, 0.00
4464, 0, 168.280, 0.98, 1, 0.00, 0.00, 0.00, 0.23, 0.00, 0.00, 0.00, 0.91, 0.70, 0.00, 0.21, 0.18, 0.21, 0.02, 0.73, 0.46, 0.58, 0.00, 0.00, 0.00, 1.00, 0.00, 0.00, 0.00, 0.00, 1.00, 0.00, 0.00, 0.00, 0.00, 0.00, 0.00, 0.00, 0.00, 0.00
4465, 0, 168.318, 0.98, 1, 0.00, 0.00, 0.00, 0.37, 0.03, 0.00, 0.00, 1.04, 0.65, 0.03, 0.25, 0.24, 0.00, 0.10, 0.34, 0.23, 0.29, 0.00, 0.00, 0.00, 1.00, 0.00, 0.00, 0.00, 0.00, 1.00, 0.00, 0.00, 0.00, 0.00, 0.00, 0.00, 0.00, 0.00, 0.00
4466, 0, 168.356, 0.98, 1, 0.00, 0.00, 0.00, 0.38, 0.03, 0.00, 0.00, 1.10, 0.71, 0.12, 0.43, 0.40, 0.00, 0.10, 0.10, 0.06, 0.15, 0.00, 0.00, 0.00, 1.00, 0.00, 0.00, 0.00, 0.00, 1.00, 0.00, 0.00, 0.00, 0.00, 0.00, 0.00, 0.00, 0.00, 0.00
4467, 0, 168.393, 0.98, 1, 0.00, 0.00, 0.00, 0.42, 0.03, 0.00, 0.00, 1.33, 0.72, 0.12, 0.68, 0.60, 0.00, 0.08, 0.05, 0.00, 0.00, 0.00, 1.00, 0.00, 1.00, 0.00, 0.00, 0.00, 0.00, 1.00, 0.00, 1.00, 0.00, 0.00, 0.00, 0.00, 0.00, 0.00, 0.00
4468, 0, 168.431, 0.98, 1, 0.00, 0.09, 0.00, 0.35, 0.00, 0.00, 0.00, 1.25, 0.65, 0.09, 0.78, 0.58, 0.00, 0.00, 0.01, 0.00, 0.00, 0.00, 1.00, 0.00, 1.00, 0.00, 0.00, 0.00, 0.00, 1.00, 0.00, 0.00, 0.00, 0.00, 0.00, 0.00, 0.00, 0.00, 0.00
4469, 0, 168.469, 0.98, 1, 0.00, 0.28, 0.00, 0.36, 0.00, 0.00, 0.00, 1.38, 0.59, 0.00, 0.71, 0.49, 0.02, 0.00, 0.01, 0.00, 0.00, 0.00, 1.00, 0.00, 1.00, 0.00, 0.00, 0.00, 0.00, 1.00, 0.00, 0.00, 1.00, 0.00, 0.00, 0.00, 0.00, 0.00, 0.00
4470, 0, 168.506, 0.98, 1, 0.00, 0.28, 0.00, 0.38, 0.00, 0.00, 0.00, 1.15, 0.69, 0.30, 0.41, 0.56, 0.02, 0.00, 0.10, 0.00, 0.00, 0.00, 1.00, 0.00, 1.00, 0.00, 0.00, 0.00, 0.00, 1.00, 0.00, 0.00, 1.00, 0.00, 0.00, 0.00, 0.00, 0.00, 0.00
4471, 0, 168.544, 0.98, 1, 0.00, 0.19, 0.00, 0.60, 0.00, 0.00, 0.00, 1.13, 0.70, 0.60, 0.26, 0.87, 0.02, 0.00, 0.10, 0.00, 0.00, 0.00, 1.00, 0.00, 1.00, 0.00, 0.00, 0.00, 0.00, 1.00, 1.00, 0.00, 1.00, 0.00, 0.00, 0.00, 0.00, 0.00, 0.00
4472, 0, 168.582, 0.98, 1, 0.00, 0.00, 0.00, 0.67, 0.00, 0.00, 0.00, 0.94, 0.74, 0.93, 0.04, 1.18, 0.00, 0.00, 0.09, 0.00, 0.00, 0.00, 1.00, 0.00, 1.00, 0.00, 0.00, 0.00, 0.00, 1.00, 1.00, 0.00, 1.00, 0.00, 0.00, 0.00, 0.00, 0.00, 0.00
4473, 0, 168.620, 0.98, 1, 0.00, 0.00, 0.00, 0.83, 0.00, 0.00, 0.00, 1.00, 0.72, 0.94, 0.04, 1.30, 0.00, 0.00, 0.00, 0.00, 0.00, 0.00, 1.00, 0.00, 1.00, 0.00, 0.00, 0.00, 0.00, 1.00, 1.00, 0.00, 1.00, 0.00, 0.00, 0.00, 0.00, 0.00, 0.00
4474, 0, 168.657, 0.98, 1, 0.00, 0.05, 0.00, 0.79, 0.00, 0.00, 0.00, 0.91, 0.80, 0.96, 0.04, 1.13, 0.00, 0.01, 0.00, 0.00, 0.00, 0.00, 1.00, 0.00, 1.00, 0.00, 0.00, 0.00, 0.00, 1.00, 1.00, 0.00, 1.00, 0.00, 1.00, 0.00, 0.00, 0.00, 0.00
4475, 0, 168.695, 0.98, 1, 0.00, 0.30, 0.00, 0.57, 0.00, 0.00, 0.00, 0.95, 0.77, 0.66, 0.28, 1.22, 0.00, 0.01, 0.25, 0.00, 0.00, 0.00, 1.00, 0.00, 1.00, 0.00, 0.00, 0.00, 0.00, 1.00, 1.00, 0.00, 1.00, 0.00, 1.00, 0.00, 0.00, 0.00, 0.00
4476, 0, 168.733, 0.98, 1, 0.00, 0.31, 0.00, 0.41, 0.00, 0.00, 0.00, 1.00, 0.69, 0.35, 0.56, 1.34, 0.00, 0.03, 0.37, 0.00, 0.00, 0.00, 1.00, 0.00, 1.00, 0.00, 0.00, 0.00, 0.00, 1.00, 0.00, 1.00, 1.00, 0.00, 1.00, 0.00, 0.00, 0.00, 0.00
4477, 0, 168.770, 0.98, 1, 0.00, 0.26, 0.00, 0.16, 0.00, 0.00, 0.00, 1.14, 0.55, 0.03, 1.06, 1.59, 0.00, 0.05, 0.54, 0.00, 0.00, 0.00, 1.00, 0.00, 1.00, 0.00, 0.00, 0.00, 0.00, 1.00, 0.00, 1.00, 1.00, 0.00, 1.00, 0.00, 0.00, 0.00, 0.00
4478, 0, 168.808, 0.98, 1, 0.00, 0.01, 0.00, 0.11, 0.00, 0.00, 0.00, 1.21, 0.55, 0.04, 1.00, 1.62, 0.00, 0.05, 0.29, 0.09, 0.00, 0.00, 1.00, 0.00, 1.00, 0.00, 0.00, 0.00, 0.00, 0.00, 0.00, 1.00, 1.00, 0.00, 1.00, 0.00, 0.00, 0.00, 0.00
4479, 0, 168.846, 0.98, 1, 0.00, 0.05, 0.00, 0.00, 0.01, 0.00, 0.00, 1.40, 0.53, 0.13, 1.10, 1.63, 0.00, 0.02, 0.27, 0.26, 0.00, 0.00, 1.00, 0.00, 1.00, 0.00, 0.00, 0.00, 0.00, 0.00, 0.00, 1.00, 1.00, 0.00, 1.00, 0.00, 0.00, 0.00, 0.00
4480, 0, 168.884, 0.98, 1, 0.00, 0.05, 0.00, 0.03, 0.01, 0.00, 0.10, 1.07, 0.45, 0.20, 1.14, 1.19, 0.00, 0.03, 0.11, 0.26, 0.00, 0.00, 1.00, 0.00, 1.00, 0.00, 0.00, 0.00, 0.00, 0.00, 0.00, 1.00, 1.00, 0.00, 1.00, 0.00, 0.00, 0.00, 0.00
4481, 0, 168.921, 0.98, 1, 0.00, 0.05, 0.00, 0.10, 0.01, 0.00, 0.10, 0.61, 0.40, 0.22, 1.13, 0.87, 0.00, 0.14, 0.11, 0.17, 0.00, 0.00, 1.00, 0.00, 1.00, 0.00, 0.00, 0.00, 0.00, 0.00, 0.00, 0.00, 0.00, 0.00, 1.00, 0.00, 0.00, 0.00, 0.00
4482, 0, 168.959, 0.98, 1, 0.00, 0.00, 0.00, 0.10, 0.00, 0.00, 0.12, 0.06, 0.34, 0.13, 0.81, 0.65, 0.11, 0.20, 0.00, 0.11, 0.00, 0.00, 0.00, 0.00, 1.00, 0.00, 0.00, 0.00, 0.00, 0.00, 0.00, 0.00, 0.00, 0.00, 1.00, 0.00, 0.00, 0.00, 0.00
4483, 0, 168.997, 0.98, 1, 0.00, 0.07, 0.00, 0.07, 0.00, 0.00, 0.11, 0.12, 0.42, 0.27, 0.27, 0.70, 0.11, 0.21, 0.00, 0.11, 0.00, 0.00, 0.00, 0.00, 1.00, 0.00, 0.00, 0.00, 0.00, 0.00, 0.00, 0.00, 0.00, 0.00, 1.00, 0.00, 0.00, 0.00, 0.00
4484, 0, 169.034, 0.98, 1, 0.00, 0.07, 0.00, 0.00, 0.00, 0.00, 0.12, 0.13, 0.41, 0.46, 0.18, 0.67, 0.11, 0.10, 0.00, 0.32, 0.00, 0.00, 0.00, 0.00, 1.00, 0.00, 0.00, 0.00, 0.00, 0.00, 0.00, 0.00, 0.00, 0.00, 1.00, 0.00, 0.00, 0.00, 0.00
4485, 0, 169.072, 0.98, 1, 0.07, 0.11, 0.00, 0.00, 0.00, 0.00, 0.10, 0.49, 0.40, 0.74, 0.13, 0.53, 0.00, 0.04, 0.01, 0.21, 0.00, 0.00, 0.00, 0.00, 1.00, 0.00, 0.00, 0.00, 0.00, 0.00, 0.00, 0.00, 0.00, 0.00, 1.00, 0.00, 0.00, 0.00, 0.00
4486, 0, 169.110, 0.98, 1, 0.07, 0.08, 0.00, 0.00, 0.00, 0.00, 0.02, 0.54, 0.34, 0.66, 0.28, 0.61, 0.00, 0.01, 0.01, 0.21, 0.00, 0.00, 0.00, 0.00, 1.00, 0.00, 0.00, 0.00, 0.00, 0.00, 0.00, 0.00, 0.00, 0.00, 1.00, 0.00, 0.00, 0.00, 0.00
4487, 0, 169.147, 0.98, 1, 0.07, 0.12, 0.00, 0.00, 0.00, 0.00, 0.00, 0.67, 0.35, 0.47, 0.48, 0.64, 0.00, 0.02, 0.02, 0.10, 0.00, 0.00, 0.00, 0.00, 1.00, 0.00, 0.00, 0.00, 0.00, 0.00, 0.00, 0.00, 1.00, 0.00, 0.00, 0.00, 0.00, 0.00, 0.00
4488, 0, 169.185, 0.98, 1, 0.00, 0.16, 0.00, 0.00, 0.04, 0.00, 0.00, 0.44, 0.40, 0.41, 0.53, 0.65, 0.02, 0.02, 0.01, 0.17, 0.00, 0.00, 0.00, 0.00, 1.00, 0.00, 0.00, 0.00, 0.00, 0.00, 0.00, 0.00, 1.00, 1.00, 0.00, 0.00, 0.00, 0.00, 0.00
4489, 0, 169.223, 0.98, 1, 0.03, 0.11, 0.00, 0.00, 0.09, 0.00, 0.02, 0.62, 0.48, 0.58, 0.43, 0.59, 0.07, 0.01, 0.01, 0.17, 0.00, 0.00, 0.00, 0.00, 1.00, 0.00, 0.00, 0.00, 0.00, 0.00, 0.00, 0.00, 1.00, 1.00, 0.00, 0.00, 0.00, 0.00, 0.00
4490, 0, 169.261, 0.98, 1, 0.11, 0.08, 0.00, 0.00, 0.09, 0.00, 0.03, 0.65, 0.46, 0.88, 0.10, 0.36, 0.20, 0.00, 0.05, 0.07, 0.00, 0.00, 1.00, 0.00, 1.00, 0.00, 0.00, 0.00, 0.00, 0.00, 0.00, 0.00, 0.00, 0.00, 0.00, 0.00, 0.00, 0.00, 0.00
4491, 0, 169.298, 0.98, 1, 0.22, 0.01, 0.00, 0.00, 0.06, 0.00, 0.03, 0.64, 0.38, 0.94, 0.05, 0.29, 0.28, 0.00, 0.07, 0.00, 0.00, 0.00, 1.00, 0.00, 1.00, 0.00, 0.00, 0.00, 0.00, 0.00, 0.00, 0.00, 0.00, 0.00, 0.00, 0.00, 0.00, 0.00, 0.00
4492, 0, 169.336, 0.98, 1, 0.24, 0.07, 0.00, 0.00, 0.00, 0.00, 0.00, 0.51, 0.30, 0.64, 0.00, 0.25, 0.46, 0.00, 0.18, 0.06, 0.00, 0.00, 1.00, 0.00, 1.00, 0.00, 0.00, 0.00, 0.00, 0.00, 1.00, 0.00, 0.00, 0.00, 0.00, 0.00, 0.00, 0.00, 0.00
4493, 0, 169.374, 0.98, 1, 0.17, 0.07, 0.00, 0.16, 0.00, 0.00, 0.00, 0.59, 0.30, 0.34, 0.00, 0.44, 0.42, 0.00, 0.13, 0.15, 0.00, 0.00, 1.00, 0.00, 1.00, 0.00, 0.00, 0.00, 0.00, 0.00, 1.00, 0.00, 0.00, 0.00, 0.00, 0.00, 0.00, 0.00, 0.00
4494, 0, 169.411, 0.98, 1, 0.06, 0.06, 0.00, 0.28, 0.00, 0.00, 0.00, 0.71, 0.35, 0.15, 0.00, 0.52, 0.37, 0.00, 0.11, 0.24, 0.00, 0.00, 1.00, 0.00, 1.00, 0.00, 0.00, 0.00, 0.00, 0.00, 1.00, 0.00, 0.00, 0.00, 0.00, 0.00, 0.00, 0.00, 0.00
4495, 0, 169.449, 0.98, 1, 0.00, 0.00, 0.00, 0.28, 0.00, 0.00, 0.02, 0.92, 0.39, 0.17, 0.00, 0.51, 0.15, 0.00, 0.04, 0.19, 0.00, 0.00, 1.00, 0.00, 1.00, 0.00, 0.00, 0.00, 0.00, 0.00, 1.00, 0.00, 0.00, 0.00, 1.00, 0.00, 0.00, 0.00, 0.00
4496, 0, 169.487, 0.98, 1, 0.00, 0.00, 0.00, 0.13, 0.01, 0.00, 0.02, 1.14, 0.36, 0.32, 0.00, 0.41, 0.06, 0.00, 0.04, 0.11, 0.00, 0.00, 0.00, 0.00, 1.00, 0.00, 0.00, 0.00, 0.00, 0.00, 1.00, 0.00, 0.00, 0.00, 1.00, 0.00, 0.00, 0.00, 0.00
4497, 0, 169.525, 0.98, 1, 0.00, 0.00, 0.00, 0.02, 0.01, 0.00, 0.02, 1.36, 0.33, 0.63, 0.00, 0.23, 0.12, 0.00, 0.04, 0.01, 0.00, 0.00, 0.00, 0.00, 1.00, 0.00, 0.00, 0.00, 0.00, 0.00, 1.00, 0.00, 0.00, 0.00, 1.00, 0.00, 0.00, 0.00, 0.00
4498, 0, 169.562, 0.98, 1, 0.00, 0.00, 0.00, 0.02, 0.01, 0.00, 0.00, 1.35, 0.34, 0.95, 0.00, 0.24, 0.13, 0.00, 0.00, 0.02, 0.00, 0.00, 0.00, 0.00, 1.00, 0.00, 0.00, 0.00, 0.00, 0.00, 1.00, 0.00, 0.00, 0.00, 1.00, 0.00, 0.00, 0.00, 0.00
4499, 0, 169.600, 0.98, 1, 0.00, 0.00, 0.00, 0.08, 0.00, 0.00, 0.03, 1.15, 0.35, 1.03, 0.00, 0.26, 0.24, 0.00, 0.00, 0.05, 0.00, 0.00, 0.00, 0.00, 1.00, 0.00, 0.00, 0.00, 0.00, 0.00, 1.00, 0.00, 0.00, 0.00, 1.00, 0.00, 0.00, 0.00, 0.00
4500, 0, 169.638, 0.93, 1, 0.00, 0.00, 0.00, 0.06, 0.00, 0.00, 0.08, 1.07, 0.36, 0.79, 0.13, 0.26, 0.21, 0.00, 0.00, 0.05, 0.00, 0.00, 0.00, 0.00, 1.00, 0.00, 0.00, 0.00, 0.00, 0.00, 1.00, 0.00, 0.00, 0.00, 1.00, 0.00, 0.00, 0.00, 0.00
4501, 0, 169.675, 0.98, 1, 0.11, 0.00, 0.00, 0.06, 0.00, 0.00, 0.11, 1.16, 0.38, 0.75, 0.13, 0.11, 0.22, 0.00, 0.00, 0.05, 0.09, 0.00, 0.00, 0.00, 1.00, 0.00, 0.00, 0.00, 0.00, 1.00, 1.00, 0.00, 0.00, 0.00, 1.00, 0.00, 0.00, 0.00, 0.00
4502, 0, 169.713, 0.88, 1, 0.16, 0.00, 0.00, 0.13, 0.00, 0.00, 0.08, 1.33, 0.44, 0.63, 0.13, 0.03, 0.16, 0.00, 0.00, 0.01, 0.35, 0.00, 0.00, 0.00, 1.00, 0.00, 0.00, 0.00, 0.00, 1.00, 0.00, 0.00, 0.00, 0.00, 1.00, 0.00, 0.00, 0.00, 0.00
4503, 0, 169.751, 0.88, 1, 0.18, 0.00, 0.00, 0.13, 0.00, 0.00, 0.03, 1.28, 0.50, 0.59, 0.00, 0.03, 0.08, 0.00, 0.00, 0.01, 0.52, 0.00, 0.00, 0.00, 1.00, 0.00, 0.00, 0.00, 0.00, 1.00, 0.00, 0.00, 0.00, 0.00, 1.00, 0.00, 0.00, 0.00, 0.00
4504, 0, 169.788, 0.93, 1, 0.13, 0.00, 0.00, 0.13, 0.00, 0.00, 0.00, 0.99, 0.50, 0.36, 0.00, 0.16, 0.06, 0.00, 0.00, 0.00, 0.51, 0.00, 0.00, 0.00, 1.00, 0.00, 0.00, 0.00, 0.00, 1.00, 0.00, 0.00, 0.00, 0.00, 1.00, 0.00, 0.00, 0.00, 0.00
4505, 0, 169.826, 0.98, 1, 0.08, 0.00, 0.00, 0.00, 0.00, 0.00, 0.00, 0.84, 0.46, 0.20, 0.00, 0.34, 0.00, 0.00, 0.08, 0.00, 0.38, 0.00, 0.00, 0.00, 1.00, 0.00, 0.00, 0.00, 0.00, 1.00, 0.00, 0.00, 0.00, 0.00, 1.00, 0.00, 0.00, 0.00, 0.00
4506, 0, 169.864, 0.98, 1, 0.06, 0.00, 0.00, 0.00, 0.00, 0.00, 0.00, 0.82, 0.41, 0.08, 0.00, 0.55, 0.00, 0.00, 0.09, 0.00, 0.31, 0.00, 0.00, 0.00, 1.00, 0.00, 0.00, 0.00, 0.00, 0.00, 0.00, 0.00, 0.00, 0.00, 1.00, 0.00, 0.00, 0.00, 0.00
4507, 0, 169.902, 0.98, 1, 0.00, 0.00, 0.00, 0.00, 0.00, 0.00, 0.01, 0.76, 0.38, 0.00, 0.00, 0.54, 0.00, 0.00, 0.09, 0.00, 0.29, 0.00, 0.00, 0.00, 1.00, 0.00, 0.00, 0.00, 0.00, 0.00, 0.00, 0.00, 0.00, 0.00, 1.00, 0.00, 0.00, 0.00, 0.00
4508, 0, 169.939, 0.98, 1, 0.00, 0.00, 0.00, 0.00, 0.00, 0.00, 0.04, 0.71, 0.36, 0.05, 0.00, 0.43, 0.00, 0.00, 0.01, 0.00, 0.19, 0.00, 0.00, 0.00, 1.00, 0.00, 0.00, 0.00, 0.00, 0.00, 0.00, 0.00, 0.00, 0.00, 1.00, 0.00, 0.00, 0.00, 0.00
4509, 0, 169.977, 0.98, 1, 0.00, 0.00, 0.00, 0.00, 0.00, 0.00, 0.14, 0.58, 0.36, 0.14, 0.15, 0.35, 0.00, 0.00, 0.00, 0.00, 0.09, 0.00, 0.00, 0.00, 1.00, 0.00, 0.00, 0.00, 0.00, 0.00, 0.00, 0.00, 0.00, 0.00, 1.00, 0.00, 0.00, 0.00, 0.00
4510, 0, 170.015, 0.98, 1, 0.00, 0.03, 0.00, 0.00, 0.00, 0.00, 0.13, 0.99, 0.33, 0.14, 0.15, 0.42, 0.00, 0.00, 0.00, 0.00, 0.04, 0.00, 0.00, 0.00, 1.00, 0.00, 0.00, 0.00, 0.00, 0.00, 0.00, 0.00, 0.00, 0.00, 1.00, 0.00, 0.00, 0.00, 0.00
4511, 0, 170.052, 0.98, 1, 0.00, 0.03, 0.00, 0.00, 0.00, 0.00, 0.10, 1.17, 0.22, 0.09, 0.40, 0.34, 0.00, 0.00, 0.00, 0.00, 0.00, 0.00, 0.00, 0.00, 1.00, 0.00, 0.00, 0.00, 0.00, 0.00, 0.00, 0.00, 0.00, 0.00, 0.00, 0.00, 0.00, 0.00, 0.00
4512, 0, 170.090, 0.98, 1, 0.00, 0.03, 0.00, 0.00, 0.00, 0.00, 0.00, 1.44, 0.09, 0.00, 0.54, 0.22, 0.00, 0.00, 0.00, 0.00, 0.00, 0.00, 0.00, 0.00, 1.00, 0.00, 0.00, 0.00, 0.00, 0.00, 0.00, 0.00, 0.00, 0.00, 0.00, 0.00, 0.00, 0.00, 0.00
4513, 0, 170.128, 0.98, 1, 0.00, 0.00, 0.00, 0.00, 0.00, 0.00, 0.00, 1.27, 0.00, 0.00, 0.66, 0.21, 0.00, 0.00, 0.00, 0.04, 0.00, 0.00, 0.00, 0.00, 1.00, 0.00, 0.00, 0.00, 0.00, 0.00, 0.00, 0.00, 0.00, 0.00, 0.00, 0.00, 0.00, 0.00, 0.00
4514, 0, 170.166, 0.98, 1, 0.00, 0.00, 0.00, 0.02, 0.00, 0.00, 0.00, 1.23, 0.01, 0.04, 0.63, 0.34, 0.00, 0.00, 0.10, 0.04, 0.00, 0.00, 0.00, 0.00, 1.00, 0.00, 0.00, 0.00, 0.00, 0.00, 0.00, 0.00, 0.00, 0.00, 0.00, 0.00, 0.00, 0.00, 0.00
4515, 0, 170.203, 0.98, 1, 0.00, 0.00, 0.00, 0.02, 0.08, 0.00, 0.00, 1.19, 0.10, 0.04, 0.44, 0.42, 0.00, 0.00, 0.14, 0.06, 0.00, 0.00, 0.00, 0.00, 1.00, 0.00, 0.00, 0.00, 0.00, 0.00, 0.00, 0.00, 0.00, 0.00, 0.00, 0.00, 0.00, 0.00, 0.00
4516, 0, 170.241, 0.98, 1, 0.00, 0.00, 0.00, 0.02, 0.08, 0.00, 0.00, 1.10, 0.14, 0.04, 0.32, 0.40, 0.00, 0.00, 0.14, 0.01, 0.00, 0.00, 0.00, 0.00, 1.00, 0.00, 0.00, 0.00, 0.00, 0.00, 0.00, 0.00, 0.00, 0.00, 0.00, 0.00, 0.00, 0.00, 0.00
4517, 0, 170.279, 0.98, 1, 0.00, 0.00, 0.00, 0.00, 0.08, 0.00, 0.00, 1.11, 0.17, 0.00, 0.29, 0.37, 0.00, 0.00, 0.04, 0.01, 0.00, 0.00, 0.00, 0.00, 1.00, 0.00, 0.00, 0.00, 0.00, 0.00, 0.00, 0.00, 0.00, 0.00, 0.00, 0.00, 0.00, 0.00, 0.00
4518, 0, 170.316, 0.98, 1, 0.00, 0.00, 0.00, 0.00, 0.00, 0.00, 0.00, 1.14, 0.14, 0.00, 0.19, 0.28, 0.00, 0.00, 0.00, 0.11, 0.00, 0.00, 0.00, 0.00, 1.00, 0.00, 0.00, 0.00, 0.00, 0.00, 0.00, 0.00, 0.00, 0.00, 0.00, 0.00, 0.00, 0.00, 0.00
4519, 0, 170.354, 0.98, 1, 0.00, 0.00, 0.00, 0.00, 0.00, 0.00, 0.00, 1.40, 0.15, 0.00, 0.19, 0.13, 0.00, 0.00, 0.01, 0.31, 0.00, 0.00, 0.00, 0.00, 1.00, 0.00, 0.00, 0.00, 0.00, 0.00, 0.00, 0.00, 0.00, 0.00, 1.00, 0.00, 0.00, 0.00, 0.00
4520, 0, 170.392, 0.98, 1, 0.00, 0.00, 0.00, 0.00, 0.00, 0.00, 0.00, 1.28, 0.21, 0.16, 0.19, 0.02, 0.00, 0.00, 0.06, 0.39, 0.00, 0.00, 0.00, 0.00, 1.00, 0.00, 0.00, 0.00, 0.00, 0.00, 0.00, 0.00, 0.00, 0.00, 1.00, 0.00, 0.00, 0.00, 0.00
4521, 0, 170.429, 0.98, 1, 0.00, 0.00, 0.00, 0.00, 0.00, 0.00, 0.00, 1.19, 0.24, 0.42, 0.19, 0.03, 0.00, 0.00, 0.06, 0.48, 0.00, 0.00, 0.00, 0.00, 1.00, 0.00, 0.00, 0.00, 0.00, 0.00, 0.00, 0.00, 0.00, 0.00, 1.00, 0.00, 0.00, 0.00, 0.00
4522, 0, 170.467, 0.98, 1, 0.00, 0.00, 0.00, 0.10, 0.00, 0.00, 0.00, 0.94, 0.22, 0.52, 0.38, 0.02, 0.00, 0.00, 0.05, 0.30, 0.00, 0.00, 0.00, 0.00, 1.00, 0.00, 0.00, 0.00, 0.00, 0.00, 0.00, 0.00, 0.00, 0.00, 1.00, 0.00, 0.00, 0.00, 0.00
4523, 0, 170.505, 0.98, 1, 0.00, 0.00, 0.00, 0.14, 0.00, 0.00, 0.00, 1.12, 0.23, 0.52, 0.19, 0.07, 0.00, 0.00, 0.00, 0.40, 0.00, 0.00, 0.00, 0.00, 1.00, 0.00, 0.00, 0.00, 0.00, 0.00, 0.00, 0.00, 0.00, 0.00, 1.00, 0.00, 0.00, 0.00, 0.00
4524, 0, 170.543, 0.98, 1, 0.00, 0.00, 0.00, 0.19, 0.00, 0.00, 0.00, 1.11, 0.27, 0.50, 0.19, 0.06, 0.00, 0.00, 0.00, 0.42, 0.00, 0.00, 0.00, 0.00, 1.00, 0.00, 0.00, 0.00, 0.00, 0.00, 0.00, 0.00, 0.00, 0.00, 1.00, 0.00, 0.00, 0.00, 0.00
4525, 0, 170.580, 0.98, 1, 0.00, 0.00, 0.00, 0.09, 0.01, 0.00, 0.12, 1.20, 0.34, 0.51, 0.00, 0.29, 0.00, 0.07, 0.00, 0.54, 0.00, 0.00, 0.00, 0.00, 1.00, 0.00, 0.00, 0.00, 0.00, 0.00, 0.00, 0.00, 0.00, 0.00, 1.00, 0.00, 0.00, 0.00, 0.00
4526, 0, 170.618, 0.98, 1, 0.00, 0.00, 0.00, 0.05, 0.02, 0.07, 0.23, 1.15, 0.35, 0.50, 0.00, 0.39, 0.00, 0.07, 0.00, 0.36, 0.00, 0.00, 0.00, 0.00, 1.00, 0.00, 0.00, 0.00, 0.00, 0.00, 0.00, 0.00, 0.00, 0.00, 0.00, 0.00, 0.00, 0.00, 0.00
4527, 0, 170.656, 0.98, 1, 0.00, 0.00, 0.00, 0.00, 0.02, 0.07, 0.33, 1.23, 0.28, 0.33, 0.00, 0.54, 0.00, 0.07, 0.00, 0.19, 0.00, 0.00, 0.00, 0.00, 1.00, 0.00, 0.00, 0.00, 0.00, 0.00, 0.00, 0.00, 0.00, 0.00, 0.00, 0.00, 0.00, 0.00, 0.00
4528, 0, 170.693, 0.98, 1, 0.01, 0.00, 0.00, 0.02, 0.01, 0.07, 0.31, 1.05, 0.23, 0.39, 0.00, 0.44, 0.01, 0.02, 0.00, 0.20, 0.00, 0.00, 0.00, 0.00, 1.00, 0.00, 0.00, 0.00, 0.00, 0.00, 0.00, 0.00, 0.00, 0.00, 0.00, 0.00, 0.00, 0.00, 0.00
4529, 0, 170.731, 0.98, 1, 0.16, 0.05, 0.00, 0.02, 0.00, 0.00, 0.21, 0.93, 0.21, 0.31, 0.00, 0.44, 0.12, 0.02, 0.00, 0.20, 0.00, 0.00, 0.00, 0.00, 1.00, 0.00, 0.00, 0.00, 0.00, 0.00, 0.00, 0.00, 0.00, 0.00, 0.00, 0.00, 0.00, 0.00, 0.00
4530, 0, 170.769, 0.98, 1, 0.16, 0.05, 0.00, 0.02, 0.00, 0.00, 0.11, 1.11, 0.15, 0.23, 0.25, 0.52, 0.12, 0.01, 0.09, 0.30, 0.00, 0.00, 0.00, 0.00, 1.00, 0.00, 0.00, 0.00, 0.00, 0.00, 0.00, 0.00, 0.00, 0.00, 0.00, 0.00, 0.00, 0.00, 0.00
4531, 0, 170.807, 0.98, 1, 0.15, 0.05, 0.00, 0.00, 0.00, 0.00, 0.00, 1.16, 0.17, 0.36, 0.25, 0.54, 0.11, 0.00, 0.09, 0.36, 0.00, 0.00, 0.00, 0.00, 1.00, 0.00, 0.00, 0.00, 0.00, 0.00, 0.00, 0.00, 0.00, 0.00, 0.00, 0.00, 0.00, 0.00, 0.00
4532, 0, 170.844, 0.98, 1, 0.00, 0.00, 0.00, 0.00, 0.00, 0.00, 0.00, 1.24, 0.18, 0.58, 0.25, 0.53, 0.00, 0.01, 0.09, 0.48, 0.00, 0.00, 0.00, 0.00, 1.00, 0.00, 0.00, 0.00, 0.00, 0.00, 0.00, 0.00, 0.00, 0.00, 0.00, 0.00, 0.00, 0.00, 0.00
4533, 0, 170.882, 0.98, 1, 0.00, 0.00, 0.00, 0.00, 0.00, 0.00, 0.00, 0.94, 0.25, 0.78, 0.21, 0.41, 0.00, 0.01, 0.00, 0.57, 0.00, 0.00, 0.00, 0.00, 1.00, 0.00, 0.00, 0.00, 0.00, 0.00, 0.00, 0.00, 0.00, 0.00, 0.00, 0.00, 0.00, 0.00, 0.00
4534, 0, 170.920, 0.98, 1, 0.00, 0.00, 0.00, 0.00, 0.00, 0.00, 0.00, 0.89, 0.25, 0.50, 0.23, 0.35, 0.00, 0.01, 0.00, 0.58, 0.00, 0.00, 0.00, 0.00, 1.00, 0.00, 0.00, 0.00, 0.00, 0.00, 0.00, 0.00, 0.00, 0.00, 0.00, 0.00, 0.00, 0.00, 0.00
4535, 0, 170.957, 0.98, 1, 0.00, 0.00, 0.00, 0.00, 0.00, 0.00, 0.00, 1.19, 0.24, 0.59, 0.23, 0.22, 0.00, 0.00, 0.00, 0.72, 0.00, 0.00, 0.00, 0.00, 1.00, 0.00, 0.00, 0.00, 0.00, 0.00, 0.00, 0.00, 0.00, 0.00, 0.00, 0.00, 0.00, 0.00, 0.00
4536, 0, 170.995, 0.98, 1, 0.00, 0.00, 0.00, 0.00, 0.00, 0.00, 0.00, 1.52, 0.25, 0.73, 0.01, 0.16, 0.00, 0.00, 0.00, 0.78, 0.00, 0.00, 0.00, 0.00, 1.00, 0.00, 0.00, 0.00, 0.00, 0.00, 0.00, 0.00, 0.00, 0.00, 0.00, 0.00, 0.00, 0.00, 0.00
4537, 0, 171.033, 0.98, 1, 0.00, 0.00, 0.00, 0.14, 0.00, 0.00, 0.03, 1.86, 0.23, 1.06, 0.00, 0.16, 0.00, 0.00, 0.00, 0.79, 0.00, 0.00, 0.00, 0.00, 1.00, 0.00, 0.00, 0.00, 0.00, 0.00, 0.00, 0.00, 0.00, 0.00, 0.00, 0.00, 0.00, 0.00, 0.00
4538, 0, 171.070, 0.98, 1, 0.00, 0.00, 0.00, 0.19, 0.00, 0.06, 0.06, 1.69, 0.25, 0.90, 0.00, 0.16, 0.00, 0.00, 0.00, 0.88, 0.00, 0.00, 0.00, 0.00, 1.00, 0.00, 0.00, 0.00, 0.00, 0.00, 0.00, 0.00, 0.00, 0.00, 0.00, 0.00, 0.00, 0.00, 0.00
4539, 0, 171.108, 0.98, 1, 0.00, 0.00, 0.00, 0.22, 0.00, 0.06, 0.11, 1.47, 0.25, 0.80, 0.00, 0.11, 0.00, 0.00, 0.00, 1.00, 0.00, 0.00, 0.00, 0.00, 1.00, 0.00, 0.00, 0.00, 0.00, 0.00, 0.00, 0.00, 0.00, 0.00, 0.00, 0.00, 0.00, 0.00, 0.00
4540, 0, 171.146, 0.98, 1, 0.00, 0.00, 0.00, 0.08, 0.00, 0.06, 0.08, 1.56, 0.18, 0.47, 0.15, 0.04, 0.24, 0.00, 0.10, 0.98, 0.00, 0.00, 0.00, 0.00, 1.00, 0.00, 0.00, 0.00, 0.00, 0.00, 0.00, 0.00, 0.00, 0.00, 0.00, 0.00, 0.00, 0.00, 0.00
4541, 0, 171.184, 0.98, 1, 0.00, 0.00, 0.00, 0.03, 0.04, 0.00, 0.10, 1.57, 0.11, 0.31, 0.15, 0.04, 0.43, 0.00, 0.11, 0.90, 0.00, 0.00, 0.00, 0.00, 1.00, 0.00, 0.00, 0.00, 0.00, 0.00, 0.00, 0.00, 0.00, 1.00, 0.00, 0.00, 0.00, 0.00, 0.00
4542, 0, 171.221, 0.98, 1, 0.00, 0.00, 0.00, 0.00, 0.12, 0.00, 0.08, 1.49, 0.06, 0.06, 0.15, 0.04, 0.76, 0.00, 0.11, 0.69, 0.00, 0.00, 0.00, 0.00, 1.00, 0.00, 0.00, 0.00, 0.00, 0.00, 0.00, 0.00, 0.00, 1.00, 0.00, 0.00, 0.00, 0.00, 0.00
4543, 0, 171.259, 0.98, 1, 0.00, 0.00, 0.00, 0.00, 0.17, 0.00, 0.19, 1.18, 0.07, 0.06, 0.00, 0.03, 0.81, 0.00, 0.01, 0.75, 0.00, 0.00, 0.00, 0.00, 1.00, 0.00, 0.00, 0.00, 0.00, 0.00, 0.00, 0.00, 0.00, 1.00, 0.00, 0.00, 0.00, 0.00, 0.00
4544, 0, 171.297, 0.98, 1, 0.00, 0.00, 0.00, 0.00, 0.18, 0.00, 0.21, 1.11, 0.05, 0.01, 0.00, 0.08, 0.90, 0.00, 0.00, 0.73, 0.00, 0.00, 0.00, 0.00, 1.00, 0.00, 0.00, 0.00, 0.00, 0.00, 0.00, 0.00, 0.00, 1.00, 0.00, 0.00, 0.00, 0.00, 0.00
4545, 0, 171.334, 0.98, 1, 0.01, 0.00, 0.00, 0.00, 0.09, 0.00, 0.19, 1.56, 0.12, 0.01, 0.00, 0.08, 0.60, 0.00, 0.02, 0.53, 0.00, 0.00, 0.00, 0.00, 1.00, 0.00, 0.00, 0.00, 0.00, 0.00, 0.00, 0.00, 0.00, 1.00, 0.00, 0.00, 0.00, 0.00, 0.00
4546, 0, 171.372, 0.98, 1, 0.01, 0.00, 0.00, 0.00, 0.05, 0.00, 0.11, 1.80, 0.23, 0.01, 0.00, 0.06, 0.32, 0.00, 0.02, 0.31, 0.00, 0.00, 0.00, 0.00, 1.00, 0.00, 0.00, 0.00, 0.00, 0.00, 0.00, 0.00, 0.00, 0.00, 0.00, 0.00, 0.00, 0.00, 0.00
4547, 0, 171.410, 0.98, 1, 0.01, 0.00, 0.00, 0.06, 0.00, 0.00, 0.05, 1.93, 0.28, 0.00, 0.00, 0.11, 0.03, 0.00, 0.09, 0.31, 0.00, 0.00, 0.00, 0.00, 1.00, 0.00, 0.00, 0.00, 0.00, 0.00, 0.00, 0.00, 0.00, 0.00, 0.00, 0.00, 0.00, 0.00, 0.00
4548, 0, 171.448, 0.98, 1, 0.00, 0.00, 0.00, 0.19, 0.00, 0.00, 0.09, 1.61, 0.24, 0.00, 0.00, 0.17, 0.00, 0.00, 0.10, 0.49, 0.00, 0.00, 0.00, 0.00, 1.00, 0.00, 0.00, 0.00, 0.00, 0.00, 0.00, 0.00, 0.00, 0.00, 0.00, 0.00, 0.00, 0.00, 0.00
4549, 0, 171.485, 0.98, 1, 0.00, 0.00, 0.00, 0.19, 0.00, 0.00, 0.13, 1.36, 0.15, 0.00, 0.00, 0.17, 0.00, 0.00, 0.18, 0.66, 0.00, 0.00, 0.00, 0.00, 1.00, 0.00, 0.00, 0.00, 0.00, 0.00, 0.00, 0.00, 0.00, 0.00, 0.00, 0.00, 0.00, 0.00, 0.00
4550, 0, 171.523, 0.98, 1, 0.00, 0.00, 0.00, 0.13, 0.00, 0.00, 0.10, 1.48, 0.13, 0.13, 0.01, 0.06, 0.00, 0.00, 0.12, 0.81, 0.00, 0.00, 0.00, 0.00, 1.00, 0.00, 0.00, 0.00, 0.00, 0.00, 0.00, 0.00, 0.00, 0.00, 0.00, 0.00, 0.00, 0.00, 0.00
4551, 0, 171.561, 0.98, 1, 0.00, 0.00, 0.00, 0.00, 0.00, 0.00, 0.06, 1.63, 0.11, 0.25, 0.01, 0.00, 0.00, 0.00, 0.08, 0.96, 0.00, 0.00, 0.00, 0.00, 1.00, 0.00, 0.00, 0.00, 0.00, 0.00, 0.00, 0.00, 0.00, 0.00, 0.00, 0.00, 0.00, 0.00, 0.00
4552, 0, 171.598, 0.98, 1, 0.00, 0.00, 0.00, 0.00, 0.00, 0.00, 0.00, 1.97, 0.20, 0.49, 0.01, 0.06, 0.00, 0.00, 0.00, 1.16, 0.00, 0.00, 0.00, 0.00, 1.00, 0.00, 0.00, 0.00, 0.00, 0.00, 0.00, 0.00, 0.00, 0.00, 0.00, 0.00, 0.00, 0.00, 0.00
4553, 0, 171.636, 0.98, 1, 0.00, 0.00, 0.00, 0.00, 0.00, 0.00, 0.00, 2.07, 0.21, 0.55, 0.00, 0.10, 0.00, 0.00, 0.00, 1.16, 0.00, 0.00, 0.00, 0.00, 1.00, 0.00, 0.00, 0.00, 0.00, 0.00, 0.00, 0.00, 0.00, 0.00, 0.00, 0.00, 0.00, 0.00, 0.00
4554, 0, 171.674, 0.98, 1, 0.00, 0.00, 0.00, 0.00, 0.00, 0.00, 0.00, 2.04, 0.15, 0.42, 0.00, 0.10, 0.00, 0.00, 0.00, 1.12, 0.00, 0.00, 0.00, 0.00, 1.00, 0.00, 0.00, 0.00, 0.00, 0.00, 0.00, 0.00, 0.00, 0.00, 0.00, 0.00, 0.00, 0.00, 0.00
4555, 0, 171.711, 0.98, 1, 0.00, 0.00, 0.00, 0.00, 0.00, 0.00, 0.00, 1.56, 0.09, 0.61, 0.15, 0.04, 0.04, 0.02, 0.00, 0.75, 0.00, 0.00, 0.00, 0.00, 1.00, 0.00, 0.00, 0.00, 0.00, 0.00, 0.00, 0.00, 0.00, 0.00, 0.00, 0.00, 0.00, 0.00, 0.00
4556, 0, 171.749, 0.98, 1, 0.00, 0.00, 0.00, 0.00, 0.00, 0.00, 0.00, 1.08, 0.09, 0.83, 0.16, 0.00, 0.05, 0.03, 0.00, 0.44, 0.00, 0.00, 1.00, 0.00, 1.00, 0.00, 0.00, 0.00, 0.00, 0.00, 0.00, 0.00, 0.00, 0.00, 0.00, 0.00, 0.00, 0.00, 0.00
4557, 0, 171.787, 0.98, 1, 0.00, 0.00, 0.00, 0.00, 0.00, 0.00, 0.00, 0.87, 0.17, 1.19, 0.16, 0.00, 0.05, 0.03, 0.00, 0.40, 0.00, 0.00, 1.00, 0.00, 1.00, 0.00, 0.00, 0.00, 0.00, 0.00, 0.00, 0.00, 0.00, 0.00, 1.00, 0.00, 0.00, 0.00, 0.00
4558, 0, 171.825, 0.98, 1, 0.00, 0.00, 0.00, 0.12, 0.00, 0.00, 0.00, 0.95, 0.21, 1.04, 0.01, 0.00, 0.01, 0.02, 0.00, 0.34, 0.00, 0.00, 1.00, 0.00, 1.00, 0.00, 0.00, 0.00, 0.00, 0.00, 0.00, 0.00, 0.00, 0.00, 1.00, 0.00, 0.00, 0.00, 0.00
4559, 0, 171.862, 0.98, 1, 0.00, 0.00, 0.00, 0.18, 0.00, 0.00, 0.09, 0.91, 0.30, 0.99, 0.00, 0.00, 0.00, 0.00, 0.00, 0.25, 0.00, 0.00, 1.00, 0.00, 1.00, 0.00, 0.00, 0.00, 0.00, 0.00, 0.00, 0.00, 0.00, 0.00, 1.00, 0.00, 0.00, 0.00, 0.00
4560, 0, 171.900, 0.93, 1, 0.10, 0.00, 0.00, 0.26, 0.00, 0.00, 0.10, 0.84, 0.29, 0.70, 0.00, 0.24, 0.00, 0.00, 0.00, 0.24, 0.01, 0.00, 1.00, 0.00, 1.00, 0.00, 0.00, 0.00, 0.00, 0.00, 0.00, 0.00, 0.00, 0.00, 0.00, 0.00, 0.00, 0.00, 0.00
4561, 0, 171.938, 0.98, 1, 0.10, 0.00, 0.00, 0.14, 0.00, 0.00, 0.19, 1.01, 0.32, 0.61, 0.00, 0.34, 0.00, 0.00, 0.00, 0.57, 0.07, 0.00, 1.00, 0.00, 1.00, 0.00, 0.00, 0.00, 0.00, 1.00, 0.00, 0.00, 0.00, 0.00, 0.00, 0.00, 0.00, 0.00, 0.00
4562, 0, 171.975, 0.98, 1, 0.10, 0.00, 0.00, 0.08, 0.00, 0.00, 0.18, 1.29, 0.30, 0.45, 0.00, 0.41, 0.03, 0.00, 0.00, 0.96, 0.13, 0.00, 0.00, 0.00, 1.00, 0.00, 0.00, 0.00, 0.00, 1.00, 0.00, 0.00, 1.00, 0.00, 0.00, 0.00, 0.00, 0.00, 0.00
4563, 0, 172.013, 0.98, 1, 0.00, 0.00, 0.00, 0.07, 0.00, 0.00, 0.20, 1.46, 0.38, 0.52, 0.00, 0.32, 0.03, 0.00, 0.00, 1.09, 0.11, 0.00, 0.00, 0.00, 1.00, 0.00, 0.00, 0.00, 0.00, 1.00, 0.00, 0.00, 1.00, 0.00, 0.00, 0.00, 0.00, 0.00, 0.00
4564, 0, 172.051, 0.98, 1, 0.00, 0.00, 0.00, 0.07, 0.00, 0.00, 0.12, 1.37, 0.42, 0.37, 0.00, 0.40, 0.03, 0.01, 0.00, 1.19, 0.06, 0.00, 0.00, 0.00, 1.00, 0.00, 0.00, 0.00, 0.00, 1.00, 0.00, 0.00, 1.00, 0.00, 0.00, 0.00, 0.00, 0.00, 0.00
4565, 0, 172.089, 0.98, 1, 0.00, 0.05, 0.00, 0.25, 0.00, 0.00, 0.03, 1.25, 0.30, 0.22, 0.00, 0.33, 0.00, 0.01, 0.00, 0.82, 0.02, 0.00, 0.00, 0.00, 1.00, 0.00, 0.00, 0.00, 0.00, 1.00, 0.00, 0.00, 0.00, 0.00, 0.00, 0.00, 0.00, 0.00, 0.00
4566, 0, 172.126, 0.98, 1, 0.00, 0.05, 0.00, 0.33, 0.00, 0.00, 0.00, 1.24, 0.19, 0.21, 0.00, 0.19, 0.00, 0.01, 0.00, 0.46, 0.02, 0.00, 0.00, 0.00, 1.00, 0.00, 0.00, 0.00, 0.00, 1.00, 0.00, 0.00, 0.00, 0.00, 0.00, 0.00, 0.00, 0.00, 0.00
4567, 0, 172.164, 0.98, 1, 0.00, 0.05, 0.00, 0.44, 0.00, 0.00, 0.00, 1.46, 0.13, 0.27, 0.00, 0.00, 0.00, 0.00, 0.00, 0.17, 0.02, 0.00, 0.00, 0.00, 1.00, 0.00, 0.00, 0.00, 0.00, 1.00, 0.00, 0.00, 0.00, 0.00, 0.00, 0.00, 0.00, 0.00, 0.00
4568, 0, 172.202, 0.98, 1, 0.00, 0.00, 0.00, 0.45, 0.00, 0.00, 0.00, 1.63, 0.20, 0.46, 0.00, 0.00, 0.00, 0.00, 0.00, 0.14, 0.00, 0.00, 0.00, 0.00, 1.00, 0.00, 0.00, 0.00, 0.00, 1.00, 0.00, 0.00, 0.00, 0.00, 0.00, 0.00, 0.00, 0.00, 0.00
4569, 0, 172.239, 0.98, 1, 0.00, 0.00, 0.00, 0.38, 0.00, 0.00, 0.00, 1.92, 0.22, 0.63, 0.00, 0.16, 0.00, 0.00, 0.00, 0.14, 0.00, 0.00, 0.00, 0.00, 1.00, 0.00, 0.00, 0.00, 0.00, 0.00, 0.00, 0.00, 0.00, 0.00, 0.00, 0.00, 0.00, 0.00, 0.00
4570, 0, 172.277, 0.98, 1, 0.00, 0.00, 0.00, 0.27, 0.00, 0.00, 0.00, 1.61, 0.14, 0.54, 0.00, 0.26, 0.00, 0.00, 0.05, 0.12, 0.00, 0.00, 0.00, 0.00, 1.00, 0.00, 0.00, 0.00, 0.00, 0.00, 0.00, 0.00, 0.00, 0.00, 0.00, 0.00, 0.00, 0.00, 0.00
4571, 0, 172.315, 0.98, 1, 0.00, 0.00, 0.00, 0.22, 0.00, 0.00, 0.00, 1.32, 0.06, 0.35, 0.00, 0.28, 0.00, 0.00, 0.05, 0.31, 0.00, 0.00, 0.00, 0.00, 1.00, 0.00, 0.00, 0.00, 0.00, 0.00, 0.00, 0.00, 0.00, 0.00, 0.00, 0.00, 0.00, 0.00, 0.00
4572, 0, 172.352, 0.98, 1, 0.03, 0.06, 0.00, 0.14, 0.00, 0.00, 0.05, 0.71, 0.05, 0.06, 0.02, 0.12, 0.00, 0.00, 0.08, 0.38, 0.00, 0.00, 0.00, 0.00, 1.00, 0.00, 0.00, 0.00, 0.00, 0.00, 0.00, 0.00, 0.00, 0.00, 0.00, 0.00, 0.00, 0.00, 0.00
4573, 0, 172.390, 0.98, 1, 0.03, 0.06, 0.00, 0.14, 0.00, 0.00, 0.05, 0.64, 0.14, 0.06, 0.02, 0.03, 0.00, 0.00, 0.14, 0.29, 0.06, 0.00, 0.00, 0.00, 1.00, 0.00, 0.00, 0.00, 0.00, 0.00, 0.00, 0.00, 0.00, 0.00, 0.00, 0.00, 0.00, 0.00, 0.00
4574, 0, 172.428, 0.98, 1, 0.03, 0.06, 0.00, 0.05, 0.00, 0.00, 0.05, 0.65, 0.24, 0.00, 0.02, 0.00, 0.00, 0.00, 0.24, 0.10, 0.12, 0.00, 0.00, 0.00, 1.00, 0.00, 0.00, 0.00, 0.00, 0.00, 0.00, 0.00, 0.00, 0.00, 0.00, 0.00, 0.00, 0.00, 0.00
4575, 0, 172.466, 0.98, 1, 0.00, 0.00, 0.00, 0.11, 0.00, 0.00, 0.00, 0.80, 0.20, 0.00, 0.00, 0.14, 0.00, 0.00, 0.21, 0.12, 0.12, 0.00, 0.00, 0.00, 1.00, 0.00, 0.00, 0.00, 0.00, 0.00, 0.00, 0.00, 0.00, 0.00, 0.00, 0.00, 0.00, 0.00, 0.00
4576, 0, 172.503, 0.98, 1, 0.00, 0.00, 0.00, 0.10, 0.00, 0.00, 0.00, 0.85, 0.10, 0.00, 0.00, 0.19, 0.00, 0.00, 0.10, 0.16, 0.09, 0.00, 0.00, 0.00, 1.00, 0.00, 0.00, 0.00, 0.00, 0.00, 0.00, 0.00, 0.00, 0.00, 0.00, 0.00, 0.00, 0.00, 0.00
4577, 0, 172.541, 0.98, 1, 0.00, 0.00, 0.00, 0.06, 0.00, 0.00, 0.05, 0.81, 0.00, 0.00, 0.00, 0.29, 0.00, 0.00, 0.00, 0.29, 0.20, 0.00, 0.00, 0.00, 1.00, 0.00, 0.00, 0.00, 0.00, 0.00, 0.00, 0.00, 0.00, 0.00, 0.00, 0.00, 0.00, 0.00, 0.00
4578, 0, 172.579, 0.93, 1, 0.00, 0.00, 0.00, 0.00, 0.00, 0.00, 0.15, 0.76, 0.00, 0.00, 0.00, 0.22, 0.16, 0.00, 0.00, 0.20, 0.49, 0.00, 0.00, 0.00, 1.00, 0.00, 0.00, 0.00, 0.00, 0.00, 0.00, 0.00, 0.00, 1.00, 0.00, 0.00, 0.00, 0.00, 0.00
4579, 0, 172.616, 0.98, 1, 0.00, 0.00, 0.00, 0.00, 0.00, 0.00, 0.24, 0.78, 0.00, 0.00, 0.17, 0.23, 0.27, 0.00, 0.02, 0.13, 0.87, 0.00, 0.00, 0.00, 1.00, 0.00, 0.00, 0.00, 0.00, 0.00, 0.00, 0.00, 0.00, 0.00, 0.00, 0.00, 0.00, 0.00, 0.00
4580, 0, 172.654, 0.98, 1, 0.00, 0.00, 0.00, 0.00, 0.00, 0.00, 0.20, 1.05, 0.04, 0.12, 0.17, 0.14, 0.40, 0.00, 0.02, 0.08, 0.76, 0.00, 0.00, 0.00, 1.00, 0.00, 0.00, 0.00, 0.00, 0.00, 0.00, 0.00, 0.00, 0.00, 0.00, 0.00, 0.00, 0.00, 0.00
4581, 0, 172.692, 0.98, 1, 0.01, 0.00, 0.00, 0.00, 0.00, 0.00, 0.12, 1.35, 0.09, 0.26, 0.24, 0.13, 0.24, 0.00, 0.02, 0.25, 0.62, 0.00, 0.00, 0.00, 1.00, 0.00, 0.00, 0.00, 0.00, 0.00, 0.00, 0.00, 0.00, 0.00, 0.00, 0.00, 0.00, 0.00, 0.00
4582, 0, 172.729, 0.93, 1, 0.01, 0.00, 0.00, 0.00, 0.00, 0.00, 0.03, 1.55, 0.09, 0.42, 0.22, 0.16, 0.12, 0.00, 0.15, 0.31, 0.25, 0.00, 0.00, 0.00, 1.00, 0.00, 0.00, 0.00, 0.00, 0.00, 0.00, 0.00, 0.00, 0.00, 0.00, 0.00, 0.00, 0.00, 0.00
4583, 0, 172.767, 0.93, 1, 0.01, 0.00, 0.00, 0.00, 0.00, 0.00, 0.01, 1.46, 0.05, 0.43, 0.37, 0.24, 0.05, 0.00, 0.15, 0.23, 0.29, 0.00, 0.00, 0.00, 1.00, 0.00, 0.00, 0.00, 0.00, 0.00, 0.00, 0.00, 0.00, 0.00, 0.00, 0.00, 0.00, 0.00, 0.00
4584, 0, 172.805, 0.98, 1, 0.00, 0.00, 0.00, 0.00, 0.00, 0.00, 0.02, 1.63, 0.00, 0.35, 0.32, 0.35, 0.14, 0.00, 0.15, 0.06, 0.15, 0.00, 0.00, 0.00, 1.00, 0.00, 0.00, 0.00, 0.00, 0.00, 0.00, 0.00, 0.00, 0.00, 0.00, 0.00, 0.00, 0.00, 0.00
4585, 0, 172.843, 0.98, 1, 0.00, 0.00, 0.00, 0.00, 0.00, 0.00, 0.18, 1.56, 0.00, 0.18, 0.18, 0.38, 0.14, 0.00, 0.00, 0.07, 0.16, 0.00, 0.00, 0.00, 1.00, 0.00, 0.00, 0.00, 0.00, 0.00, 0.00, 0.00, 0.00, 0.00, 0.00, 0.00, 0.00, 0.00, 0.00
4586, 0, 172.880, 0.88, 1, 0.00, 0.00, 0.00, 0.00, 0.00, 0.00, 0.32, 1.57, 0.00, 0.06, 0.03, 0.43, 0.09, 0.00, 0.00, 0.11, 0.17, 0.00, 0.00, 0.00, 1.00, 0.00, 0.00, 0.00, 0.00, 0.00, 0.00, 0.00, 0.00, 0.00, 0.00, 0.00, 0.00, 0.00, 0.00
4587, 0, 172.918, 0.88, 1, 0.00, 0.00, 0.00, 0.00, 0.00, 0.00, 0.40, 1.26, 0.00, 0.12, 0.06, 0.33, 0.00, 0.00, 0.00, 0.12, 0.18, 0.00, 0.00, 0.00, 1.00, 0.00, 0.00, 0.00, 0.00, 0.00, 0.00, 0.00, 0.00, 0.00, 0.00, 0.00, 0.00, 0.00, 0.00
4588, 0, 172.956, 0.88, 1, 0.00, 0.00, 0.00, 0.00, 0.00, 0.00, 0.29, 1.19, 0.01, 0.26, 0.10, 0.31, 0.00, 0.00, 0.00, 0.17, 0.24, 0.00, 0.00, 0.00, 1.00, 0.00, 0.00, 0.00, 0.00, 0.00, 0.00, 0.00, 0.00, 0.00, 0.00, 0.00, 0.00, 0.00, 0.00
4589, 0, 172.993, 0.93, 1, 0.00, 0.00, 0.00, 0.03, 0.00, 0.00, 0.16, 1.10, 0.01, 0.30, 0.37, 0.19, 0.00, 0.00, 0.03, 0.13, 0.19, 0.00, 0.00, 0.00, 1.00, 0.00, 0.00, 0.00, 0.00, 0.00, 0.00, 0.00, 0.00, 0.00, 0.00, 0.00, 0.00, 0.00, 0.00
4590, 0, 173.031, 0.98, 1, 0.00, 0.00, 0.00, 0.03, 0.00, 0.00, 0.19, 1.05, 0.01, 0.18, 0.31, 0.30, 0.00, 0.02, 0.03, 0.31, 0.16, 0.00, 0.00, 0.00, 1.00, 0.00, 0.00, 0.00, 0.00, 0.00, 0.00, 0.00, 0.00, 0.00, 0.00, 0.00, 0.00, 0.00, 0.00
4591, 0, 173.069, 0.98, 1, 0.00, 0.00, 0.00, 0.08, 0.00, 0.00, 0.15, 1.01, 0.00, 0.23, 0.27, 0.27, 0.00, 0.02, 0.03, 0.53, 0.15, 0.00, 0.00, 0.00, 1.00, 0.00, 0.00, 0.00, 0.00, 0.00, 0.00, 0.00, 0.00, 0.00, 0.00, 0.00, 0.00, 0.00, 0.00
4592, 0, 173.107, 0.98, 1, 0.01, 0.00, 0.00, 0.07, 0.00, 0.00, 0.13, 1.03, 0.00, 0.33, 0.00, 0.38, 0.00, 0.02, 0.00, 0.84, 0.13, 0.00, 0.00, 0.00, 1.00, 0.00, 0.00, 0.00, 0.00, 0.00, 0.00, 0.00, 0.00, 0.00, 0.00, 0.00, 0.00, 0.00, 0.00
4593, 0, 173.144, 0.98, 1, 0.01, 0.00, 0.00, 0.11, 0.00, 0.00, 0.00, 0.99, 0.00, 0.59, 0.00, 0.19, 0.00, 0.00, 0.00, 0.81, 0.16, 0.00, 0.00, 0.00, 1.00, 0.00, 0.00, 0.00, 0.00, 0.00, 0.00, 0.00, 0.00, 0.00, 0.00, 0.00, 0.00, 0.00, 0.00
4594, 0, 173.182, 0.98, 1, 0.01, 0.00, 0.00, 0.06, 0.00, 0.00, 0.00, 0.96, 0.00, 0.40, 0.00, 0.11, 0.06, 0.00, 0.00, 0.71, 0.07, 0.00, 0.00, 0.00, 1.00, 0.00, 0.00, 0.00, 0.00, 0.00, 0.00, 0.00, 0.00, 0.00, 0.00, 0.00, 0.00, 0.00, 0.00
4595, 0, 173.220, 0.93, 1, 0.00, 0.00, 0.00, 0.04, 0.00, 0.00, 0.03, 1.16, 0.01, 0.54, 0.00, 0.00, 0.06, 0.02, 0.00, 0.86, 0.07, 0.00, 0.00, 0.00, 1.00, 0.00, 0.00, 0.00, 0.00, 0.00, 1.00, 0.00, 0.00, 0.00, 0.00, 0.00, 0.00, 0.00, 0.00
4596, 0, 173.257, 0.98, 1, 0.00, 0.00, 0.00, 0.00, 0.00, 0.00, 0.09, 1.44, 0.07, 0.72, 0.00, 0.07, 0.06, 0.03, 0.00, 1.11, 0.16, 0.00, 0.00, 0.00, 1.00, 0.00, 0.00, 0.00, 0.00, 0.00, 1.00, 0.00, 0.00, 0.00, 0.00, 0.00, 0.00, 0.00, 0.00
4597, 0, 173.295, 0.98, 1, 0.00, 0.00, 0.00, 0.00, 0.00, 0.00, 0.17, 1.61, 0.14, 1.19, 0.00, 0.11, 0.00, 0.04, 0.00, 1.17, 0.15, 0.00, 0.00, 0.00, 1.00, 0.00, 0.00, 0.00, 0.00, 0.00, 1.00, 0.00, 0.00, 0.00, 0.00, 0.00, 0.00, 0.00, 0.00
4598, 0, 173.333, 0.98, 1, 0.00, 0.00, 0.00, 0.00, 0.00, 0.00, 0.24, 1.60, 0.23, 1.37, 0.00, 0.11, 0.00, 0.02, 0.00, 1.01, 0.12, 0.00, 0.00, 0.00, 1.00, 0.00, 0.00, 0.00, 0.00, 0.00, 1.00, 0.00, 0.00, 0.00, 0.00, 0.00, 0.00, 0.00, 0.00
4599, 0, 173.370, 0.98, 1, 0.00, 0.00, 0.00, 0.00, 0.01, 0.00, 0.23, 1.48, 0.21, 1.36, 0.00, 0.05, 0.00, 0.02, 0.00, 0.89, 0.15, 0.00, 0.00, 0.00, 1.00, 0.00, 0.00, 0.00, 0.00, 0.00, 1.00, 0.00, 0.00, 0.00, 0.00, 0.00, 0.00, 0.00, 0.00
4600, 0, 173.408, 0.98, 1, 0.00, 0.00, 0.00, 0.00, 0.01, 0.00, 0.23, 1.41, 0.14, 1.07, 0.04, 0.20, 0.00, 0.06, 0.00, 0.67, 0.15, 0.00, 0.00, 0.00, 1.00, 0.00, 0.00, 0.00, 0.00, 0.00, 1.00, 0.00, 0.00, 0.00, 0.00, 0.00, 0.00, 0.00, 0.00
4601, 0, 173.446, 0.98, 1, 0.00, 0.00, 0.00, 0.00, 0.01, 0.00, 0.20, 1.31, 0.05, 0.77, 0.20, 0.32, 0.00, 0.12, 0.00, 0.53, 0.15, 0.00, 0.00, 0.00, 1.00, 0.00, 0.00, 0.00, 0.00, 0.00, 0.00, 0.00, 0.00, 0.00, 0.00, 0.00, 0.00, 0.00, 0.00
4602, 0, 173.484, 0.98, 1, 0.00, 0.00, 0.00, 0.00, 0.00, 0.00, 0.22, 1.34, 0.00, 0.43, 0.37, 0.50, 0.00, 0.19, 0.00, 0.43, 0.00, 0.00, 0.00, 0.00, 1.00, 0.00, 0.00, 0.00, 0.00, 0.00, 0.00, 0.00, 0.00, 0.00, 0.00, 0.00, 0.00, 0.00, 0.00
4603, 0, 173.521, 0.98, 1, 0.00, 0.00, 0.00, 0.00, 0.00, 0.05, 0.31, 1.31, 0.00, 0.45, 0.51, 0.46, 0.00, 0.16, 0.00, 0.74, 0.00, 0.00, 0.00, 0.00, 1.00, 0.00, 0.00, 0.00, 0.00, 0.00, 0.00, 0.00, 0.00, 0.00, 0.00, 0.00, 0.00, 0.00, 0.00
4604, 0, 173.559, 0.98, 1, 0.00, 0.00, 0.00, 0.00, 0.00, 0.05, 0.41, 1.34, 0.00, 0.48, 0.47, 0.52, 0.00, 0.14, 0.00, 1.00, 0.00, 0.00, 0.00, 0.00, 1.00, 0.00, 0.00, 0.00, 0.00, 0.00, 0.00, 0.00, 0.00, 0.00, 0.00, 0.00, 0.00, 0.00, 0.00
4605, 0, 173.597, 0.98, 1, 0.00, 0.00, 0.00, 0.00, 0.00, 0.05, 0.50, 1.23, 0.05, 0.48, 0.58, 0.34, 0.00, 0.14, 0.00, 1.05, 0.00, 0.00, 0.00, 0.00, 1.00, 0.00, 0.00, 0.00, 0.00, 0.00, 0.00, 0.00, 0.00, 0.00, 0.00, 0.00, 0.00, 0.00, 0.00
4606, 0, 173.634, 0.98, 1, 0.01, 0.00, 0.00, 0.00, 0.00, 0.00, 0.35, 1.24, 0.05, 0.48, 0.39, 0.27, 0.00, 0.18, 0.00, 1.03, 0.00, 0.00, 0.00, 0.00, 1.00, 0.00, 0.00, 0.00, 0.00, 0.00, 0.00, 0.00, 0.00, 0.00, 0.00, 0.00, 0.00, 0.00, 0.00
4607, 0, 173.672, 0.98, 1, 0.03, 0.00, 0.00, 0.00, 0.00, 0.00, 0.20, 1.17, 0.06, 0.37, 0.28, 0.15, 0.00, 0.23, 0.00, 0.91, 0.00, 0.00, 0.00, 0.00, 1.00, 0.00, 0.00, 0.00, 0.00, 0.00, 0.00, 0.00, 0.00, 0.00, 0.00, 0.00, 0.00, 0.00, 0.00
4608, 0, 173.710, 0.88, 1, 0.12, 0.00, 0.00, 0.04, 0.00, 0.00, 0.09, 1.14, 0.01, 0.29, 0.00, 0.25, 0.00, 0.29, 0.00, 0.84, 0.00, 0.00, 0.00, 0.00, 1.00, 0.00, 0.00, 0.00, 0.00, 0.00, 0.00, 0.00, 0.00, 0.00, 0.00, 0.00, 0.00, 0.00, 0.00
4609, 0, 173.748, 0.98, 1, 0.15, 0.00, 0.00, 0.04, 0.00, 0.00, 0.09, 1.15, 0.01, 0.08, 0.14, 0.26, 0.00, 0.28, 0.00, 0.64, 0.00, 0.00, 0.00, 0.00, 1.00, 0.00, 0.00, 0.00, 0.00, 0.00, 0.00, 0.00, 0.00, 0.00, 0.00, 0.00, 0.00, 0.00, 0.00
4610, 0, 173.785, 0.98, 1, 0.14, 0.00, 0.00, 0.04, 0.02, 0.00, 0.06, 1.26, 0.00, 0.01, 0.18, 0.28, 0.00, 0.29, 0.00, 0.35, 0.00, 0.00, 0.00, 0.00, 1.00, 0.00, 0.00, 0.00, 0.00, 0.00, 0.00, 0.00, 0.00, 0.00, 0.00, 0.00, 0.00, 0.00, 0.00
4611, 0, 173.823, 0.98, 1, 0.05, 0.00, 0.00, 0.00, 0.06, 0.00, 0.02, 1.50, 0.00, 0.00, 0.18, 0.24, 0.00, 0.25, 0.00, 0.22, 0.00, 0.00, 0.00, 0.00, 1.00, 0.00, 0.00, 0.00, 0.00, 0.00, 0.00, 0.00, 0.00, 0.00, 0.00, 0.00, 0.00, 0.00, 0.00
4612, 0, 173.861, 0.98, 1, 0.00, 0.00, 0.00, 0.00, 0.08, 0.00, 0.02, 1.64, 0.00, 0.00, 0.04, 0.22, 0.00, 0.21, 0.01, 0.19, 0.00, 0.00, 0.00, 0.00, 1.00, 0.00, 0.00, 0.00, 0.00, 0.00, 0.00, 0.00, 0.00, 0.00, 0.00, 0.00, 0.00, 0.00, 0.00
4613, 0, 173.898, 0.98, 1, 0.00, 0.00, 0.00, 0.00, 0.05, 0.00, 0.02, 1.66, 0.00, 0.04, 0.09, 0.30, 0.00, 0.15, 0.01, 0.33, 0.02, 0.00, 0.00, 0.00, 1.00, 0.00, 0.00, 0.00, 0.00, 0.00, 0.00, 0.00, 0.00, 0.00, 0.00, 0.00, 0.00, 0.00, 0.00
4614, 0, 173.936, 0.98, 1, 0.01, 0.00, 0.00, 0.00, 0.02, 0.00, 0.02, 1.62, 0.00, 0.11, 0.16, 0.43, 0.00, 0.07, 0.06, 0.41, 0.02, 0.00, 0.00, 0.00, 1.00, 0.00, 0.00, 0.00, 0.00, 0.00, 0.00, 0.00, 0.00, 0.00, 0.00, 0.00, 0.00, 0.00, 0.00
4615, 0, 173.974, 0.98, 1, 0.01, 0.00, 0.00, 0.00, 0.00, 0.00, 0.00, 1.49, 0.01, 0.12, 0.16, 0.48, 0.00, 0.05, 0.05, 0.39, 0.12, 0.00, 0.00, 0.00, 1.00, 0.00, 0.00, 0.00, 0.00, 0.00, 0.00, 0.00, 0.00, 0.00, 0.00, 0.00, 0.00, 0.00, 0.00
4616, 0, 174.011, 0.98, 1, 0.01, 0.00, 0.00, 0.00, 0.00, 0.00, 0.00, 1.47, 0.03, 0.10, 0.07, 0.43, 0.00, 0.00, 0.05, 0.37, 0.22, 0.00, 0.00, 0.00, 1.00, 0.00, 0.00, 0.00, 0.00, 0.00, 0.00, 0.00, 0.00, 0.00, 0.00, 0.00, 0.00, 0.00, 0.00
4617, 0, 174.049, 0.98, 1, 0.08, 0.00, 0.00, 0.00, 0.00, 0.00, 0.00, 1.45, 0.04, 0.02, 0.05, 0.36, 0.00, 0.00, 0.00, 0.30, 0.32, 0.00, 0.00, 0.00, 1.00, 0.00, 0.00, 0.00, 0.00, 0.00, 0.00, 0.00, 0.00, 0.00, 0.00, 0.00, 0.00, 0.00, 0.00
4618, 0, 174.087, 0.88, 1, 0.16, 0.00, 0.00, 0.06, 0.00, 0.00, 0.00, 1.61, 0.04, 0.01, 0.12, 0.32, 0.00, 0.00, 0.00, 0.20, 0.22, 0.00, 0.00, 0.00, 1.00, 0.00, 0.00, 0.00, 0.00, 0.00, 0.00, 0.00, 0.00, 0.00, 0.00, 0.00, 0.00, 0.00, 0.00
4619, 0, 174.125, 0.88, 1, 0.18, 0.00, 0.00, 0.06, 0.00, 0.00, 0.00, 1.66, 0.03, 0.00, 0.22, 0.36, 0.00, 0.00, 0.00, 0.09, 0.16, 0.00, 0.00, 0.00, 1.00, 0.00, 0.00, 0.00, 0.00, 1.00, 0.00, 0.00, 0.00, 0.00, 0.00, 0.00, 0.00, 0.00, 0.00
4620, 0, 174.162, 0.88, 1, 0.16, 0.00, 0.00, 0.06, 0.00, 0.00, 0.03, 1.77, 0.05, 0.14, 0.18, 0.39, 0.00, 0.00, 0.02, 0.05, 0.25, 0.00, 0.00, 0.00, 1.00, 0.00, 0.00, 0.00, 0.00, 0.00, 0.00, 0.00, 0.00, 0.00, 0.00, 0.00, 0.00, 0.00, 0.00
4621, 0, 174.200, 0.88, 1, 0.15, 0.00, 0.00, 0.00, 0.00, 0.00, 0.08, 1.96, 0.03, 0.22, 0.10, 0.47, 0.00, 0.00, 0.02, 0.08, 0.37, 0.00, 0.00, 0.00, 1.00, 0.00, 0.00, 0.00, 1.00, 0.00, 0.00, 0.00, 0.00, 0.00, 0.00, 0.00, 0.00, 0.00, 0.00
4622, 0, 174.238, 0.88, 1, 0.20, 0.00, 0.00, 0.00, 0.00, 0.00, 0.14, 2.18, 0.03, 0.30, 0.00, 0.48, 0.00, 0.00, 0.02, 0.07, 0.41, 0.00, 0.00, 0.00, 1.00, 0.00, 0.00, 0.00, 1.00, 0.00, 0.00, 0.00, 0.00, 0.00, 0.00, 0.00, 0.00, 0.00, 0.00
4623, 0, 174.275, 0.88, 1, 0.26, 0.00, 0.00, 0.00, 0.00, 0.00, 0.13, 2.32, 0.00, 0.39, 0.00, 0.44, 0.00, 0.00, 0.00, 0.13, 0.31, 0.00, 0.00, 0.00, 1.00, 0.00, 0.00, 0.00, 1.00, 0.00, 0.00, 0.00, 0.00, 0.00, 0.00, 0.00, 0.00, 0.00, 0.00
4624, 0, 174.313, 0.88, 1, 0.28, 0.00, 0.00, 0.00, 0.00, 0.00, 0.12, 2.20, 0.00, 0.55, 0.10, 0.28, 0.00, 0.00, 0.00, 0.17, 0.19, 0.00, 0.00, 0.00, 1.00, 0.00, 0.00, 0.00, 1.00, 0.00, 0.00, 0.00, 0.00, 0.00, 0.00, 0.00, 0.00, 0.00, 0.00
4625, 0, 174.351, 0.88, 1, 0.21, 0.00, 0.00, 0.00, 0.00, 0.00, 0.15, 1.89, 0.00, 0.61, 0.25, 0.12, 0.00, 0.00, 0.00, 0.25, 0.17, 0.00, 0.00, 0.00, 1.00, 0.00, 0.00, 0.00, 1.00, 0.00, 0.00, 0.00, 0.00, 0.00, 0.00, 0.00, 0.00, 0.00, 0.00
4626, 0, 174.389, 0.88, 1, 0.16, 0.00, 0.00, 0.00, 0.00, 0.00, 0.32, 1.64, 0.00, 0.63, 0.27, 0.00, 0.00, 0.00, 0.00, 0.25, 0.15, 0.00, 0.00, 0.00, 1.00, 0.00, 0.00, 0.00, 1.00, 0.00, 0.00, 0.00, 0.00, 0.00, 0.00, 0.00, 0.00, 0.00, 0.00
4627, 0, 174.426, 0.98, 1, 0.13, 0.00, 0.00, 0.00, 0.00, 0.00, 0.47, 1.42, 0.00, 0.58, 0.23, 0.00, 0.00, 0.00, 0.00, 0.22, 0.19, 0.00, 0.00, 0.00, 1.00, 0.00, 0.00, 0.00, 1.00, 0.00, 0.00, 1.00, 0.00, 0.00, 0.00, 0.00, 0.00, 0.00, 0.00
4628, 0, 174.464, 0.98, 1, 0.13, 0.00, 0.00, 0.00, 0.00, 0.00, 0.68, 1.49, 0.00, 0.72, 0.13, 0.00, 0.00, 0.00, 0.00, 0.34, 0.10, 0.00, 0.00, 0.00, 1.00, 0.00, 0.00, 0.00, 1.00, 0.00, 0.00, 1.00, 0.00, 0.00, 0.00, 0.00, 0.00, 0.00, 0.00
4629, 0, 174.502, 0.98, 1, 0.12, 0.00, 0.00, 0.00, 0.00, 0.00, 0.74, 1.49, 0.00, 0.69, 0.18, 0.00, 0.00, 0.00, 0.00, 0.42, 0.04, 0.00, 0.00, 0.00, 1.00, 0.00, 0.00, 0.00, 0.00, 0.00, 0.00, 1.00, 0.00, 0.00, 0.00, 0.00, 0.00, 0.00, 0.00
4630, 0, 174.539, 0.98, 1, 0.05, 0.00, 0.00, 0.00, 0.00, 0.00, 0.70, 1.54, 0.00, 0.52, 0.15, 0.17, 0.00, 0.00, 0.00, 0.48, 0.00, 0.00, 0.00, 0.00, 1.00, 0.00, 0.00, 0.00, 0.00, 0.00, 0.00, 0.00, 0.00, 0.00, 0.00, 0.00, 0.00, 0.00, 0.00
4631, 0, 174.577, 0.98, 1, 0.05, 0.00, 0.00, 0.00, 0.00, 0.00, 0.51, 1.38, 0.05, 0.29, 0.10, 0.24, 0.00, 0.00, 0.00, 0.38, 0.00, 0.00, 0.00, 0.00, 1.00, 0.00, 0.00, 0.00, 0.00, 0.00, 0.00, 0.00, 0.00, 0.00, 0.00, 0.00, 0.00, 0.00, 0.00
4632, 0, 174.615, 0.98, 1, 0.00, 0.00, 0.00, 0.00, 0.00, 0.00, 0.37, 1.18, 0.05, 0.20, 0.03, 0.35, 0.00, 0.00, 0.00, 0.31, 0.00, 0.00, 1.00, 0.00, 1.00, 0.00, 0.00, 0.00, 0.00, 0.00, 0.00, 0.00, 0.00, 0.00, 0.00, 0.00, 0.00, 0.00, 0.00
4633, 0, 174.652, 0.98, 1, 0.00, 0.00, 0.00, 0.00, 0.00, 0.00, 0.38, 1.02, 0.05, 0.32, 0.00, 0.28, 0.00, 0.00, 0.00, 0.25, 0.00, 0.00, 1.00, 0.00, 1.00, 0.00, 0.00, 0.00, 0.00, 0.00, 0.00, 0.00, 0.00, 0.00, 0.00, 0.00, 0.00, 0.00, 0.00
4634, 0, 174.690, 0.98, 1, 0.00, 0.00, 0.00, 0.00, 0.00, 0.00, 0.42, 1.06, 0.01, 0.40, 0.00, 0.35, 0.00, 0.00, 0.00, 0.22, 0.00, 0.00, 1.00, 0.00, 1.00, 0.00, 0.00, 0.00, 0.00, 0.00, 0.00, 0.00, 0.00, 0.00, 0.00, 0.00, 0.00, 0.00, 0.00
4635, 0, 174.728, 0.98, 1, 0.07, 0.00, 0.00, 0.00, 0.00, 0.00, 0.32, 1.27, 0.00, 0.31, 0.02, 0.24, 0.00, 0.00, 0.00, 0.26, 0.00, 0.00, 0.00, 0.00, 1.00, 0.00, 0.00, 0.00, 0.00, 0.00, 0.00, 0.00, 0.00, 0.00, 0.00, 0.00, 0.00, 0.00, 0.00
4636, 0, 174.766, 0.98, 1, 0.15, 0.00, 0.00, 0.00, 0.00, 0.00, 0.22, 1.45, 0.02, 0.21, 0.04, 0.13, 0.00, 0.00, 0.00, 0.36, 0.00, 0.00, 0.00, 0.00, 1.00, 0.00, 0.00, 0.00, 0.00, 0.00, 0.00, 0.00, 0.00, 0.00, 0.00, 0.00, 0.00, 0.00, 0.00
4637, 0, 174.803, 0.98, 1, 0.32, 0.00, 0.00, 0.02, 0.00, 0.00, 0.20, 1.44, 0.02, 0.16, 0.04, 0.00, 0.00, 0.00, 0.00, 0.38, 0.00, 0.00, 1.00, 0.00, 1.00, 0.00, 0.00, 0.00, 0.00, 0.00, 0.00, 0.00, 0.00, 0.00, 0.00, 0.00, 0.00, 0.00, 0.00
4638, 0, 174.841, 0.98, 1, 0.25, 0.00, 0.00, 0.04, 0.00, 0.00, 0.23, 1.26, 0.04, 0.20, 0.12, 0.12, 0.00, 0.00, 0.00, 0.37, 0.00, 0.00, 0.00, 0.00, 1.00, 0.00, 0.00, 0.00, 0.00, 0.00, 0.00, 0.00, 0.00, 0.00, 0.00, 0.00, 0.00, 0.00, 0.00
4639, 0, 174.879, 0.98, 1, 0.17, 0.00, 0.00, 0.04, 0.00, 0.00, 0.23, 1.08, 0.05, 0.36, 0.21, 0.22, 0.00, 0.00, 0.00, 0.32, 0.00, 0.00, 0.00, 0.00, 1.00, 0.00, 0.00, 0.00, 0.00, 0.00, 0.00, 0.00, 0.00, 0.00, 0.00, 0.00, 0.00, 0.00, 0.00
4640, 0, 174.916, 0.98, 1, 0.13, 0.00, 0.00, 0.02, 0.00, 0.00, 0.23, 1.10, 0.05, 0.67, 0.21, 0.22, 0.00, 0.00, 0.00, 0.23, 0.00, 0.00, 0.00, 0.00, 1.00, 0.00, 0.00, 0.00, 0.00, 0.00, 0.00, 0.00, 0.00, 0.00, 0.00, 0.00, 0.00, 0.00, 0.00
4641, 0, 174.954, 0.88, 1, 0.17, 0.00, 0.00, 0.00, 0.00, 0.00, 0.28, 1.01, 0.03, 0.84, 0.11, 0.10, 0.00, 0.00, 0.00, 0.10, 0.00, 0.00, 0.00, 0.00, 1.00, 0.00, 0.00, 0.00, 0.00, 0.00, 0.00, 0.00, 0.00, 0.00, 0.00, 0.00, 0.00, 0.00, 0.00
4642, 0, 174.992, 0.88, 1, 0.30, 0.00, 0.00, 0.00, 0.00, 0.00, 0.33, 0.84, 0.00, 0.72, 0.00, 0.00, 0.00, 0.00, 0.00, 0.02, 0.08, 0.00, 0.00, 0.00, 1.00, 0.00, 0.00, 0.00, 0.00, 0.00, 0.00, 0.00, 0.00, 0.00, 0.00, 0.00, 0.00, 0.00, 0.00
4643, 0, 175.030, 0.98, 1, 0.17, 0.00, 0.00, 0.00, 0.00, 0.00, 0.32, 0.64, 0.00, 0.49, 0.00, 0.00, 0.00, 0.00, 0.00, 0.10, 0.16, 0.00, 0.00, 0.00, 1.00, 0.00, 0.00, 0.00, 0.00, 0.00, 0.00, 0.00, 0.00, 0.00, 0.00, 0.00, 0.00, 0.00, 0.00
4644, 0, 175.067, 0.98, 1, 0.25, 0.00, 0.00, 0.01, 0.00, 0.00, 0.23, 0.73, 0.00, 0.49, 0.00, 0.01, 0.00, 0.00, 0.01, 0.35, 0.24, 0.00, 0.00, 0.00, 1.00, 0.00, 0.00, 0.00, 0.00, 0.00, 0.00, 0.00, 0.00, 0.00, 0.00, 0.00, 0.00, 0.00, 0.00
4645, 0, 175.105, 0.93, 1, 0.14, 0.00, 0.00, 0.01, 0.00, 0.00, 0.11, 1.23, 0.05, 0.53, 0.19, 0.21, 0.00, 0.00, 0.12, 0.53, 0.29, 0.00, 0.00, 0.00, 1.00, 0.00, 0.00, 0.00, 0.00, 0.00, 0.00, 0.00, 0.00, 0.00, 0.00, 0.00, 0.00, 0.00, 0.00
4646, 0, 175.143, 0.98, 1, 0.21, 0.00, 0.00, 0.01, 0.03, 0.00, 0.00, 1.64, 0.13, 0.61, 0.29, 0.27, 0.00, 0.02, 0.21, 0.65, 0.25, 0.00, 0.00, 0.00, 1.00, 0.00, 0.00, 0.00, 0.00, 0.00, 0.00, 1.00, 0.00, 0.00, 0.00, 0.00, 0.00, 0.00, 0.00
4647, 0, 175.180, 0.98, 1, 0.09, 0.00, 0.00, 0.00, 0.03, 0.00, 0.04, 1.90, 0.22, 0.71, 0.31, 0.31, 0.00, 0.02, 0.33, 0.66, 0.17, 0.00, 0.00, 0.00, 1.00, 0.00, 0.00, 0.00, 0.00, 0.00, 0.00, 1.00, 0.00, 0.00, 0.00, 0.00, 0.00, 0.00, 0.00
4648, 0, 175.218, 0.98, 1, 0.07, 0.00, 0.01, 0.00, 0.03, 0.00, 0.04, 1.88, 0.23, 1.02, 0.12, 0.19, 0.00, 0.02, 0.26, 0.79, 0.04, 0.00, 0.00, 0.00, 1.00, 0.00, 0.00, 0.00, 0.00, 0.00, 0.00, 1.00, 0.00, 0.00, 0.00, 0.00, 0.00, 0.00, 0.00
4649, 0, 175.256, 0.98, 1, 0.00, 0.00, 0.01, 0.00, 0.00, 0.00, 0.04, 1.94, 0.17, 1.20, 0.15, 0.28, 0.00, 0.00, 0.28, 1.08, 0.00, 0.00, 0.00, 0.00, 1.00, 0.00, 0.00, 0.00, 0.00, 0.00, 0.00, 1.00, 0.00, 0.00, 0.00, 0.00, 0.00, 0.00, 0.00
4650, 0, 175.293, 0.98, 1, 0.00, 0.00, 0.01, 0.00, 0.00, 0.00, 0.02, 1.97, 0.10, 1.25, 0.12, 0.54, 0.11, 0.02, 0.16, 1.22, 0.00, 0.00, 0.00, 0.00, 1.00, 0.00, 0.00, 0.00, 0.00, 0.00, 0.00, 1.00, 0.00, 0.00, 0.00, 0.00, 0.00, 0.00, 0.00
4651, 0, 175.331, 0.98, 1, 0.00, 0.00, 0.00, 0.00, 0.00, 0.00, 0.05, 1.99, 0.07, 1.19, 0.12, 0.77, 0.18, 0.05, 0.12, 1.32, 0.00, 0.00, 0.00, 0.00, 1.00, 0.00, 0.00, 0.00, 0.00, 0.00, 0.00, 0.00, 0.00, 0.00, 0.00, 0.00, 0.00, 0.00, 0.00
4652, 0, 175.369, 0.98, 1, 0.09, 0.00, 0.00, 0.00, 0.00, 0.00, 0.05, 1.98, 0.07, 1.28, 0.04, 1.09, 0.18, 0.05, 0.00, 1.49, 0.00, 0.00, 0.00, 0.00, 1.00, 0.00, 0.00, 0.00, 0.00, 0.00, 0.00, 0.00, 0.00, 0.00, 0.00, 0.00, 0.00, 0.00, 0.00
4653, 0, 175.407, 0.98, 1, 0.15, 0.00, 0.02, 0.00, 0.00, 0.00, 0.03, 1.90, 0.07, 1.32, 0.04, 1.13, 0.07, 0.04, 0.00, 1.74, 0.00, 0.00, 0.00, 0.00, 1.00, 0.00, 0.00, 0.00, 0.00, 0.00, 0.00, 0.00, 0.00, 0.00, 0.00, 0.00, 0.00, 0.00, 0.00
4654, 0, 175.444, 0.98, 1, 0.21, 0.00, 0.02, 0.00, 0.00, 0.00, 0.00, 1.96, 0.05, 1.36, 0.24, 1.24, 0.00, 0.06, 0.00, 2.01, 0.00, 0.00, 0.00, 0.00, 1.00, 0.00, 0.00, 0.00, 0.00, 0.00, 0.00, 0.00, 0.00, 0.00, 0.00, 0.00, 0.00, 0.00, 0.00
4655, 0, 175.482, 0.98, 1, 0.18, 0.00, 0.02, 0.00, 0.02, 0.00, 0.00, 1.90, 0.15, 1.11, 0.20, 0.91, 0.00, 0.06, 0.04, 1.37, 0.00, 0.00, 0.00, 0.00, 1.00, 0.00, 0.00, 0.00, 0.00, 0.00, 0.00, 0.00, 0.00, 0.00, 0.00, 0.00, 0.00, 0.00, 0.00
4656, 0, 175.520, 0.98, 1, 0.24, 0.00, 0.00, 0.00, 0.03, 0.00, 0.00, 1.85, 0.13, 0.84, 0.20, 0.56, 0.01, 0.06, 0.04, 0.77, 0.00, 0.00, 0.00, 0.00, 1.00, 0.00, 0.00, 0.00, 0.00, 0.00, 0.00, 0.00, 0.00, 0.00, 0.00, 0.00, 0.00, 0.00, 0.00
4657, 0, 175.557, 0.98, 1, 0.27, 0.00, 0.00, 0.00, 0.07, 0.00, 0.00, 1.66, 0.14, 0.63, 0.00, 0.19, 0.01, 0.00, 0.04, 0.17, 0.00, 0.00, 0.00, 0.00, 1.00, 0.00, 0.00, 0.00, 0.00, 0.00, 0.00, 0.00, 0.00, 0.00, 0.00, 0.00, 0.00, 0.00, 0.00
4658, 0, 175.595, 0.98, 1, 0.30, 0.00, 0.00, 0.00, 0.05, 0.00, 0.00, 1.53, 0.05, 0.64, 0.00, 0.04, 0.02, 0.00, 0.00, 0.48, 0.00, 0.00, 0.00, 0.00, 1.00, 0.00, 0.00, 0.00, 0.00, 0.00, 0.00, 0.00, 0.00, 0.00, 1.00, 0.00, 0.00, 0.00, 0.00
4659, 0, 175.633, 0.98, 1, 0.36, 0.00, 0.00, 0.00, 0.04, 0.00, 0.00, 1.40, 0.03, 0.69, 0.00, 0.19, 0.15, 0.00, 0.00, 0.79, 0.00, 0.00, 0.00, 0.00, 1.00, 0.00, 0.00, 0.00, 0.00, 0.00, 0.00, 0.00, 0.00, 0.00, 1.00, 0.00, 0.00, 0.00, 0.00
4660, 0, 175.671, 0.98, 1, 0.43, 0.00, 0.09, 0.00, 0.00, 0.00, 0.00, 1.43, 0.01, 1.16, 0.17, 0.53, 0.29, 0.11, 0.00, 1.17, 0.00, 0.00, 0.00, 0.00, 1.00, 0.00, 0.00, 0.00, 0.00, 0.00, 0.00, 0.00, 0.00, 0.00, 1.00, 0.00, 0.00, 0.00, 0.00
4661, 0, 175.708, 0.98, 1, 0.43, 0.00, 0.09, 0.00, 0.00, 0.00, 0.00, 1.42, 0.03, 1.59, 0.17, 0.73, 0.56, 0.15, 0.00, 1.33, 0.00, 0.00, 0.00, 0.00, 1.00, 0.00, 0.00, 0.00, 0.00, 0.00, 1.00, 0.00, 0.00, 1.00, 1.00, 0.00, 0.00, 0.00, 0.00
4662, 0, 175.746, 0.98, 1, 0.27, 0.04, 0.09, 0.09, 0.00, 0.00, 0.00, 1.57, 0.09, 2.01, 0.17, 0.66, 0.64, 0.23, 0.00, 1.52, 0.00, 0.00, 0.00, 0.00, 1.00, 0.00, 0.00, 0.00, 0.00, 0.00, 1.00, 0.00, 0.00, 1.00, 1.00, 0.00, 0.00, 0.00, 0.00
4663, 0, 175.784, 0.98, 1, 0.11, 0.14, 0.00, 0.30, 0.00, 0.00, 0.00, 1.57, 0.10, 2.02, 0.00, 0.48, 0.72, 0.26, 0.00, 1.61, 0.00, 0.00, 0.00, 0.00, 1.00, 0.00, 0.00, 0.00, 0.00, 0.00, 1.00, 1.00, 0.00, 1.00, 1.00, 0.00, 0.00, 0.00, 0.00
4664, 0, 175.821, 0.98, 1, 0.26, 0.37, 0.11, 0.40, 0.00, 0.00, 0.00, 1.55, 0.07, 1.94, 0.00, 0.51, 0.91, 0.32, 0.00, 1.52, 0.00, 0.00, 0.00, 0.00, 1.00, 0.00, 0.00, 0.00, 0.00, 0.00, 1.00, 1.00, 0.00, 1.00, 1.00, 0.00, 0.00, 0.00, 0.00
4665, 0, 175.859, 0.98, 1, 0.53, 0.70, 0.11, 0.31, 0.00, 0.00, 0.00, 1.35, 0.01, 1.59, 0.17, 0.86, 1.00, 0.36, 0.00, 1.28, 0.00, 1.00, 0.00, 0.00, 1.00, 0.00, 0.00, 0.00, 0.00, 0.00, 1.00, 1.00, 0.00, 1.00, 1.00, 0.00, 0.00, 0.00, 0.00
4666, 0, 175.897, 0.98, 1, 0.88, 0.85, 0.11, 0.11, 0.00, 0.00, 0.03, 1.00, 0.02, 1.48, 0.17, 1.22, 1.11, 0.41, 0.00, 1.10, 0.00, 1.00, 0.00, 0.00, 1.00, 0.00, 0.00, 0.00, 1.00, 0.00, 1.00, 1.00, 1.00, 1.00, 1.00, 0.00, 0.00, 0.00, 0.00
4667, 0, 175.934, 0.98, 1, 0.82, 0.61, 0.00, 0.00, 0.00, 0.00, 0.03, 1.02, 0.02, 1.28, 0.17, 1.35, 1.04, 0.51, 0.00, 0.96, 0.00, 1.00, 0.00, 0.00, 1.00, 0.00, 0.00, 0.00, 1.00, 0.00, 1.00, 1.00, 1.00, 1.00, 1.00, 0.00, 0.00, 0.00, 0.00
4668, 0, 175.972, 0.88, 1, 0.81, 0.24, 0.00, 0.00, 0.00, 0.00, 0.03, 1.16, 0.02, 1.57, 0.11, 1.28, 0.81, 0.58, 0.00, 1.09, 0.00, 1.00, 0.00, 0.00, 1.00, 0.00, 0.00, 0.00, 1.00, 0.00, 1.00, 1.00, 1.00, 1.00, 1.00, 0.00, 0.00, 0.00, 0.00
4669, 0, 176.010, 0.88, 1, 0.64, 0.00, 0.00, 0.00, 0.00, 0.00, 0.00, 1.39, 0.00, 1.65, 0.20, 1.00, 0.67, 0.51, 0.00, 1.21, 0.00, 1.00, 0.00, 0.00, 1.00, 0.00, 0.00, 0.00, 1.00, 0.00, 0.00, 1.00, 1.00, 1.00, 0.00, 0.00, 0.00, 0.00, 0.00
4670, 0, 176.048, 0.88, 1, 0.65, 0.00, 0.00, 0.00, 0.00, 0.00, 0.04, 1.13, 0.00, 1.61, 0.20, 1.01, 0.27, 0.49, 0.00, 1.28, 0.00, 0.00, 0.00, 0.00, 1.00, 0.00, 0.00, 0.00, 1.00, 0.00, 0.00, 1.00, 1.00, 0.00, 0.00, 0.00, 0.00, 0.00, 0.00
4671, 0, 176.085, 0.98, 1, 0.57, 0.00, 0.01, 0.00, 0.00, 0.00, 0.04, 0.97, 0.00, 1.35, 0.09, 1.00, 0.29, 0.39, 0.00, 1.05, 0.00, 0.00, 0.00, 0.00, 1.00, 0.00, 0.00, 0.00, 1.00, 0.00, 0.00, 1.00, 1.00, 0.00, 0.00, 0.00, 0.00, 0.00, 0.00
4672, 0, 176.123, 0.88, 1, 0.70, 0.00, 0.09, 0.00, 0.00, 0.00, 0.04, 0.81, 0.00, 0.90, 0.00, 1.00, 0.09, 0.34, 0.00, 0.78, 0.11, 0.00, 0.00, 0.00, 1.00, 0.00, 0.00, 0.00, 1.00, 0.00, 0.00, 1.00, 1.00, 0.00, 0.00, 0.00, 0.00, 0.00, 0.00
4673, 0, 176.161, 0.88, 1, 0.80, 0.00, 0.09, 0.00, 0.00, 0.00, 0.00, 1.16, 0.00, 0.86, 0.00, 1.10, 0.09, 0.20, 0.00, 0.69, 0.11, 0.00, 0.00, 0.00, 1.00, 0.00, 0.00, 0.00, 0.00, 0.00, 0.00, 1.00, 1.00, 0.00, 0.00, 0.00, 0.00, 0.00, 0.00
4674, 0, 176.198, 0.98, 1, 0.73, 0.00, 0.08, 0.00, 0.00, 0.00, 0.00, 1.63, 0.00, 0.63, 0.12, 1.35, 0.00, 0.14, 0.00, 0.71, 0.11, 0.00, 0.00, 0.00, 1.00, 0.00, 0.00, 0.00, 0.00, 0.00, 0.00, 0.00, 1.00, 0.00, 0.00, 0.00, 0.00, 0.00, 0.00
4675, 0, 176.236, 0.98, 1, 0.41, 0.00, 0.08, 0.00, 0.00, 0.00, 0.00, 1.81, 0.05, 0.55, 0.24, 1.33, 0.00, 0.06, 0.00, 0.88, 0.15, 0.00, 0.00, 0.00, 1.00, 0.00, 0.00, 0.00, 1.00, 0.00, 0.00, 1.00, 1.00, 0.00, 1.00, 0.00, 0.00, 0.00, 0.00
4676, 0, 176.274, 0.98, 1, 0.21, 0.00, 0.17, 0.00, 0.00, 0.00, 0.00, 1.87, 0.12, 0.42, 0.51, 1.26, 0.00, 0.02, 0.00, 0.90, 0.16, 0.00, 0.00, 0.00, 1.00, 0.00, 0.00, 0.00, 1.00, 0.00, 0.00, 1.00, 1.00, 0.00, 1.00, 0.00, 0.00, 0.00, 0.00
4677, 0, 176.312, 0.98, 1, 0.08, 0.00, 0.42, 0.00, 0.00, 0.00, 0.00, 1.74, 0.16, 0.59, 0.39, 1.14, 0.00, 0.05, 0.00, 1.05, 0.16, 0.00, 0.00, 1.00, 1.00, 0.00, 0.00, 0.00, 1.00, 0.00, 0.00, 1.00, 1.00, 0.00, 1.00, 0.00, 0.00, 0.00, 0.00
4678, 0, 176.349, 0.98, 1, 0.08, 0.00, 0.47, 0.00, 0.00, 0.00, 0.00, 1.98, 0.22, 0.93, 0.28, 1.25, 0.00, 0.05, 0.00, 1.10, 0.01, 0.00, 0.00, 1.00, 1.00, 0.00, 0.00, 0.00, 1.00, 0.00, 0.00, 1.00, 0.00, 0.00, 1.00, 0.00, 0.00, 0.00, 0.00
4679, 0, 176.387, 0.98, 1, 0.00, 0.00, 0.57, 0.00, 0.00, 0.00, 0.00, 2.00, 0.22, 1.08, 0.10, 1.06, 0.11, 0.04, 0.12, 1.25, 0.00, 0.00, 0.00, 1.00, 1.00, 0.00, 0.00, 0.00, 1.00, 0.00, 0.00, 1.00, 0.00, 0.00, 1.00, 0.00, 0.00, 0.00, 0.00
4680, 0, 176.425, 0.98, 1, 0.11, 0.00, 0.52, 0.00, 0.00, 0.00, 0.04, 2.07, 0.29, 1.06, 0.10, 0.78, 0.11, 0.00, 0.12, 1.43, 0.00, 0.00, 0.00, 1.00, 1.00, 0.00, 0.00, 0.00, 1.00, 0.00, 0.00, 1.00, 0.00, 0.00, 1.00, 0.00, 0.00, 0.00, 0.00
4681, 0, 176.462, 0.98, 1, 0.21, 0.00, 0.62, 0.00, 0.00, 0.00, 0.04, 2.05, 0.31, 0.81, 0.10, 0.48, 0.11, 0.00, 0.15, 1.49, 0.00, 0.00, 0.00, 1.00, 1.00, 0.00, 0.00, 0.00, 0.00, 0.00, 0.00, 1.00, 0.00, 0.00, 1.00, 0.00, 0.00, 0.00, 0.00
4682, 0, 176.500, 0.98, 1, 0.25, 0.00, 0.68, 0.00, 0.00, 0.00, 0.04, 2.00, 0.24, 0.54, 0.00, 0.66, 0.00, 0.07, 0.03, 1.54, 0.00, 0.00, 0.00, 1.00, 1.00, 0.00, 0.00, 0.00, 0.00, 0.00, 0.00, 1.00, 1.00, 0.00, 1.00, 0.00, 0.00, 0.00, 0.00
4683, 0, 176.538, 0.98, 1, 0.30, 0.00, 0.66, 0.00, 0.00, 0.00, 0.00, 1.78, 0.13, 0.64, 0.00, 0.78, 0.00, 0.12, 0.03, 1.61, 0.00, 0.00, 0.00, 1.00, 1.00, 0.00, 0.00, 0.00, 0.00, 0.00, 0.00, 1.00, 1.00, 0.00, 1.00, 0.00, 0.00, 0.00, 0.00
4684, 0, 176.575, 0.98, 1, 0.36, 0.00, 0.72, 0.00, 0.00, 0.00, 0.00, 1.80, 0.00, 0.71, 0.16, 1.23, 0.00, 0.18, 0.00, 1.77, 0.00, 0.00, 0.00, 1.00, 1.00, 0.00, 0.00, 0.00, 0.00, 0.00, 0.00, 1.00, 1.00, 0.00, 1.00, 0.00, 0.00, 0.00, 0.00
4685, 0, 176.613, 0.98, 1, 0.59, 0.00, 0.70, 0.00, 0.00, 0.00, 0.00, 1.98, 0.02, 1.16, 0.38, 1.45, 0.00, 0.20, 0.09, 2.04, 0.00, 0.00, 0.00, 1.00, 1.00, 0.00, 0.00, 0.00, 0.00, 0.00, 0.00, 1.00, 1.00, 0.00, 1.00, 0.00, 0.00, 0.00, 0.00
4686, 0, 176.651, 0.98, 1, 0.80, 0.00, 0.75, 0.00, 0.00, 0.00, 0.00, 2.28, 0.02, 1.09, 1.18, 1.76, 0.00, 0.26, 0.15, 2.19, 0.00, 1.00, 0.00, 1.00, 1.00, 0.00, 0.00, 0.00, 1.00, 0.00, 0.00, 1.00, 1.00, 0.00, 1.00, 0.00, 0.00, 0.00, 0.00
4687, 0, 176.689, 0.98, 1, 1.04, 0.04, 0.72, 0.00, 0.00, 0.01, 0.00, 2.24, 0.02, 1.19, 1.50, 1.80, 0.00, 0.27, 0.15, 2.10, 0.00, 1.00, 0.00, 1.00, 1.00, 0.00, 0.00, 0.00, 1.00, 0.00, 0.00, 1.00, 1.00, 0.00, 0.00, 0.00, 0.00, 0.00, 0.00
4688, 0, 176.726, 0.98, 1, 1.12, 0.04, 0.66, 0.00, 0.00, 0.01, 0.00, 2.11, 0.04, 1.20, 1.51, 1.79, 0.00, 0.29, 0.11, 2.13, 0.00, 1.00, 1.00, 0.00, 1.00, 0.00, 0.00, 0.00, 1.00, 0.00, 0.00, 1.00, 1.00, 0.00, 0.00, 0.00, 0.00, 0.00, 0.00
4689, 0, 176.764, 0.98, 1, 0.94, 0.05, 0.58, 0.00, 0.00, 0.01, 0.00, 1.96, 0.08, 1.27, 1.15, 1.82, 0.00, 0.39, 0.13, 2.10, 0.00, 1.00, 1.00, 0.00, 1.00, 0.00, 0.00, 0.00, 1.00, 0.00, 0.00, 1.00, 1.00, 0.00, 0.00, 0.00, 0.00, 0.00, 0.00
4690, 0, 176.802, 0.98, 1, 0.70, 0.06, 0.43, 0.00, 0.00, 0.04, 0.00, 1.36, 0.14, 0.88, 0.83, 1.97, 0.00, 0.69, 0.33, 2.18, 0.00, 0.00, 1.00, 0.00, 1.00, 0.00, 0.00, 0.00, 1.00, 0.00, 0.00, 1.00, 1.00, 0.00, 0.00, 0.00, 0.00, 0.00, 0.00
4691, 0, 176.839, 0.98, 1, 0.34, 0.09, 0.40, 0.00, 0.00, 0.04, 0.00, 0.73, 0.19, 0.35, 0.77, 1.87, 0.00, 1.10, 0.95, 2.14, 0.00, 0.00, 1.00, 0.00, 1.00, 0.00, 0.00, 0.00, 0.00, 0.00, 0.00, 0.00, 1.00, 0.00, 0.00, 0.00, 0.00, 0.00, 0.00
4692, 0, 176.877, 0.88, 1, 0.14, 0.08, 0.23, 0.00, 0.03, 0.04, 0.11, 0.09, 0.23, 0.00, 0.53, 1.76, 0.05, 1.78, 1.15, 2.05, 0.00, 0.00, 1.00, 0.00, 1.00, 0.00, 0.00, 0.00, 0.00, 0.00, 0.00, 0.00, 1.00, 0.00, 0.00, 0.00, 0.00, 0.00, 0.00
4693, 0, 176.915, 0.77, 1, 0.21, 0.39, 0.16, 0.00, 0.05, 0.00, 0.11, 0.08, 0.21, 0.07, 0.54, 1.70, 0.36, 2.26, 1.36, 2.10, 0.00, 0.00, 1.00, 0.00, 1.00, 0.00, 0.00, 0.00, 0.00, 0.00, 0.00, 0.00, 1.00, 0.00, 0.00, 0.00, 0.00, 0.00, 0.00
4694, 0, 176.953, 0.98, 1, 0.26, 0.64, 0.10, 0.00, 0.17, 0.00, 0.32, 0.18, 0.29, 0.07, 0.38, 1.79, 0.36, 2.33, 0.79, 1.97, 0.11, 0.00, 1.00, 0.00, 1.00, 0.00, 0.00, 0.00, 0.00, 0.00, 0.00, 0.00, 1.00, 0.00, 0.00, 0.00, 0.00, 0.00, 0.00
4695, 0, 176.990, 0.77, 1, 0.30, 0.81, 0.13, 0.00, 0.13, 0.00, 0.21, 0.27, 0.41, 0.68, 0.18, 1.53, 0.31, 1.77, 0.53, 1.59, 0.11, 0.00, 1.00, 0.00, 1.00, 0.00, 0.00, 0.00, 0.00, 0.00, 0.00, 0.00, 1.00, 0.00, 0.00, 0.00, 0.00, 0.00, 0.00
4696, 0, 177.028, 0.88, 1, 0.09, 0.68, 0.21, 0.00, 0.12, 0.00, 0.21, 0.43, 0.54, 1.34, 0.00, 1.06, 0.00, 1.26, 0.11, 1.22, 0.11, 0.00, 1.00, 0.00, 1.00, 0.00, 0.00, 0.00, 0.00, 0.00, 1.00, 0.00, 1.00, 1.00, 0.00, 0.00, 0.00, 0.00, 0.00
4697, 0, 177.066, 0.88, 1, 0.04, 0.46, 0.21, 0.00, 0.03, 0.00, 0.00, 0.76, 0.49, 2.14, 0.00, 0.75, 0.24, 0.94, 0.00, 0.98, 0.00, 0.00, 1.00, 0.00, 1.00, 0.00, 0.00, 0.00, 0.00, 0.00, 1.00, 0.00, 1.00, 0.00, 0.00, 0.00, 0.00, 0.00, 0.00
4698, 0, 177.103, 0.88, 1, 0.24, 0.56, 0.37, 0.00, 0.03, 0.00, 0.00, 0.87, 0.30, 2.40, 0.00, 0.78, 0.46, 0.87, 0.00, 1.01, 0.00, 0.00, 1.00, 0.00, 1.00, 0.00, 0.00, 0.00, 0.00, 0.00, 1.00, 0.00, 1.00, 0.00, 0.00, 0.00, 0.00, 0.00, 0.00
4699, 0, 177.141, 0.88, 1, 0.47, 0.43, 0.43, 0.00, 0.06, 0.00, 0.00, 1.08, 0.12, 2.36, 0.12, 0.89, 0.46, 0.67, 0.00, 0.96, 0.00, 0.00, 1.00, 0.00, 1.00, 0.00, 0.00, 0.00, 0.00, 0.00, 1.00, 0.00, 1.00, 0.00, 0.00, 0.00, 0.00, 0.00, 0.00
4700, 0, 177.179, 0.98, 1, 0.95, 0.70, 0.48, 0.00, 0.03, 0.00, 0.00, 1.17, 0.05, 2.24, 0.34, 0.84, 0.24, 0.67, 0.00, 1.09, 0.07, 0.00, 1.00, 0.00, 1.00, 0.00, 0.00, 0.00, 0.00, 0.00, 1.00, 0.00, 1.00, 0.00, 0.00, 0.00, 0.00, 0.00, 0.00
4701, 0, 177.216, 0.98, 1, 1.19, 0.56, 0.47, 0.00, 0.03, 0.00, 0.00, 1.32, 0.05, 2.02, 0.39, 0.59, 0.21, 0.66, 0.00, 1.15, 0.07, 1.00, 1.00, 0.00, 1.00, 0.00, 0.00, 0.00, 0.00, 0.00, 1.00, 0.00, 1.00, 0.00, 0.00, 0.00, 0.00, 0.00, 0.00
4702, 0, 177.254, 0.98, 1, 1.42, 0.66, 0.50, 0.00, 0.00, 0.08, 0.00, 1.35, 0.05, 1.77, 0.32, 0.67, 0.21, 0.83, 0.02, 1.04, 0.07, 1.00, 0.00, 1.00, 1.00, 0.00, 0.00, 0.00, 0.00, 0.00, 1.00, 0.00, 1.00, 0.00, 0.00, 0.00, 0.00, 0.00, 0.00
4703, 0, 177.292, 0.98, 1, 1.33, 0.32, 0.48, 0.00, 0.00, 0.08, 0.00, 1.26, 0.00, 1.66, 0.10, 0.72, 0.20, 0.82, 0.02, 1.06, 0.00, 1.00, 0.00, 1.00, 1.00, 0.00, 0.00, 0.00, 0.00, 0.00, 1.00, 0.00, 1.00, 0.00, 0.00, 0.00, 0.00, 0.00, 0.00
4704, 0, 177.330, 0.98, 1, 1.16, 0.20, 0.42, 0.00, 0.00, 0.08, 0.00, 1.30, 0.00, 1.24, 0.13, 0.70, 0.00, 0.77, 0.02, 1.02, 0.00, 1.00, 0.00, 1.00, 1.00, 0.00, 0.00, 0.00, 0.00, 0.00, 0.00, 0.00, 1.00, 0.00, 1.00, 0.00, 0.00, 0.00, 0.00
4705, 0, 177.367, 0.98, 1, 0.70, 0.00, 0.36, 0.00, 0.00, 0.00, 0.18, 1.34, 0.00, 0.80, 0.08, 0.37, 0.00, 0.46, 0.00, 0.88, 0.00, 1.00, 0.00, 1.00, 1.00, 0.00, 0.00, 0.00, 0.00, 0.00, 0.00, 0.00, 0.00, 0.00, 1.00, 0.00, 0.00, 0.00, 0.00
4706, 0, 177.405, 0.98, 1, 0.48, 0.00, 0.26, 0.00, 0.00, 0.00, 0.23, 1.59, 0.00, 0.39, 0.10, 0.16, 0.00, 0.19, 0.00, 0.58, 0.17, 0.00, 0.00, 1.00, 1.00, 0.00, 0.00, 0.00, 0.00, 0.00, 0.00, 0.00, 0.00, 0.00, 1.00, 0.00, 0.00, 0.00, 0.00
4707, 0, 177.443, 0.93, 1, 0.23, 0.00, 0.14, 0.00, 0.00, 0.00, 0.29, 1.73, 0.00, 0.20, 0.35, 0.20, 0.00, 0.00, 0.06, 0.42, 0.27, 0.00, 0.00, 1.00, 1.00, 0.00, 0.00, 0.00, 0.00, 0.00, 0.00, 0.00, 0.00, 0.00, 1.00, 0.00, 0.00, 0.00, 0.00
4708, 0, 177.480, 0.88, 1, 0.23, 0.00, 0.00, 0.00, 0.00, 0.00, 0.25, 1.87, 0.00, 0.20, 0.40, 0.18, 0.00, 0.06, 0.06, 0.36, 0.52, 0.00, 0.00, 0.00, 1.00, 0.00, 0.00, 0.00, 0.00, 0.00, 0.00, 0.00, 0.00, 0.00, 1.00, 0.00, 0.00, 0.00, 0.00
4709, 0, 177.518, 0.88, 1, 0.07, 0.00, 0.00, 0.00, 0.00, 0.00, 0.31, 1.84, 0.00, 0.10, 0.46, 0.15, 0.00, 0.06, 0.06, 0.32, 0.56, 0.00, 0.00, 0.00, 1.00, 0.00, 0.00, 0.00, 0.00, 0.00, 0.00, 0.00, 0.00, 0.00, 1.00, 0.00, 0.00, 0.00, 0.00
4710, 0, 177.556, 0.88, 1, 0.10, 0.02, 0.00, 0.00, 0.00, 0.00, 0.34, 1.68, 0.00, 0.06, 0.13, 0.07, 0.00, 0.09, 0.00, 0.57, 0.52, 0.00, 0.00, 0.00, 1.00, 0.00, 0.00, 0.00, 0.00, 0.00, 0.00, 0.00, 0.00, 0.00, 1.00, 0.00, 0.00, 0.00, 0.00
4711, 0, 177.594, 0.88, 1, 0.09, 0.02, 0.00, 0.00, 0.00, 0.00, 0.27, 1.42, 0.00, 0.09, 0.08, 0.05, 0.00, 0.04, 0.00, 0.95, 0.27, 0.00, 0.00, 0.00, 1.00, 0.00, 0.00, 0.00, 0.00, 0.00, 0.00, 0.00, 0.00, 0.00, 1.00, 0.00, 0.00, 0.00, 0.00
4712, 0, 177.631, 0.98, 1, 0.08, 0.02, 0.00, 0.00, 0.00, 0.00, 0.18, 1.16, 0.00, 0.13, 0.00, 0.03, 0.00, 0.04, 0.00, 0.97, 0.10, 0.00, 0.00, 0.00, 1.00, 0.00, 0.00, 0.00, 0.00, 0.00, 0.00, 0.00, 0.00, 0.00, 1.00, 0.00, 0.00, 0.00, 0.00
4713, 0, 177.669, 0.98, 1, 0.00, 0.00, 0.00, 0.00, 0.00, 0.00, 0.29, 0.95, 0.00, 0.15, 0.00, 0.03, 0.00, 0.00, 0.00, 0.78, 0.17, 0.00, 0.00, 0.00, 1.00, 0.00, 0.00, 0.00, 0.00, 0.00, 0.00, 0.00, 0.00, 0.00, 1.00, 0.00, 0.00, 0.00, 0.00
4714, 0, 177.707, 0.98, 1, 0.00, 0.00, 0.00, 0.00, 0.00, 0.00, 0.35, 0.72, 0.00, 0.16, 0.06, 0.00, 0.03, 0.00, 0.00, 0.49, 0.17, 0.00, 0.00, 0.00, 1.00, 0.00, 0.00, 0.00, 0.00, 0.00, 0.00, 0.00, 0.00, 0.00, 1.00, 0.00, 0.00, 0.00, 0.00
4715, 0, 177.744, 0.93, 1, 0.00, 0.00, 0.00, 0.00, 0.00, 0.00, 0.52, 0.61, 0.00, 0.47, 0.06, 0.00, 0.03, 0.00, 0.03, 0.32, 0.19, 0.00, 0.00, 0.00, 1.00, 0.00, 0.00, 0.00, 0.00, 0.00, 0.00, 0.00, 0.00, 0.00, 1.00, 0.00, 0.00, 0.00, 0.00
4716, 0, 177.782, 0.98, 1, 0.00, 0.00, 0.00, 0.00, 0.00, 0.00, 0.53, 0.79, 0.00, 0.77, 0.06, 0.00, 0.03, 0.00, 0.03, 0.29, 0.22, 0.00, 0.00, 0.00, 1.00, 0.00, 0.00, 0.00, 0.00, 0.00, 1.00, 0.00, 0.00, 0.00, 0.00, 0.00, 0.00, 0.00, 0.00
4717, 0, 177.820, 0.98, 1, 0.00, 0.00, 0.00, 0.00, 0.00, 0.00, 0.61, 1.00, 0.00, 1.17, 0.00, 0.00, 0.17, 0.00, 0.08, 0.20, 0.37, 0.00, 0.00, 0.00, 1.00, 0.00, 0.00, 0.00, 0.00, 0.00, 1.00, 0.00, 0.00, 0.00, 0.00, 0.00, 0.00, 0.00, 0.00
4718, 0, 177.857, 0.93, 1, 0.00, 0.00, 0.00, 0.00, 0.00, 0.00, 0.55, 1.30, 0.00, 1.06, 0.00, 0.00, 0.18, 0.00, 0.04, 0.33, 0.31, 0.00, 0.00, 0.00, 1.00, 0.00, 0.00, 0.00, 0.00, 0.00, 1.00, 1.00, 0.00, 0.00, 0.00, 0.00, 0.00, 0.00, 0.00
4719, 0, 177.895, 0.98, 1, 0.00, 0.00, 0.00, 0.00, 0.00, 0.00, 0.40, 1.47, 0.00, 1.13, 0.00, 0.00, 0.18, 0.00, 0.04, 0.23, 0.15, 0.00, 0.00, 0.00, 1.00, 0.00, 0.00, 0.00, 0.00, 0.00, 1.00, 1.00, 0.00, 0.00, 0.00, 0.00, 0.00, 0.00, 0.00
4720, 0, 177.933, 0.93, 1, 0.00, 0.00, 0.00, 0.00, 0.00, 0.00, 0.18, 1.57, 0.00, 0.69, 0.02, 0.22, 0.01, 0.00, 0.02, 0.41, 0.11, 0.00, 0.00, 0.00, 1.00, 0.00, 0.00, 0.00, 0.00, 0.00, 1.00, 0.00, 0.00, 0.00, 0.00, 0.00, 0.00, 0.00, 0.00
4721, 0, 177.971, 0.98, 1, 0.00, 0.00, 0.00, 0.00, 0.00, 0.00, 0.07, 1.30, 0.00, 0.39, 0.05, 0.31, 0.02, 0.00, 0.04, 0.46, 0.29, 0.00, 0.00, 0.00, 1.00, 0.00, 0.00, 0.00, 0.00, 0.00, 0.00, 0.00, 0.00, 0.00, 0.00, 0.00, 0.00, 0.00, 0.00
4722, 0, 178.008, 0.98, 1, 0.00, 0.00, 0.00, 0.00, 0.00, 0.00, 0.12, 1.16, 0.00, 0.05, 0.05, 0.36, 0.02, 0.03, 0.06, 0.36, 0.29, 0.00, 0.00, 0.00, 1.00, 0.00, 0.00, 0.00, 0.00, 0.00, 0.00, 0.00, 0.00, 0.00, 0.00, 0.00, 0.00, 0.00, 0.00
4723, 0, 178.046, 0.98, 1, 0.00, 0.00, 0.00, 0.00, 0.00, 0.00, 0.24, 1.02, 0.00, 0.22, 0.02, 0.33, 0.02, 0.04, 0.06, 0.19, 0.24, 0.00, 0.00, 0.00, 1.00, 0.00, 0.00, 0.00, 0.00, 0.00, 0.00, 0.00, 0.00, 0.00, 1.00, 0.00, 0.00, 0.00, 0.00
4724, 0, 178.084, 0.98, 1, 0.02, 0.00, 0.00, 0.00, 0.00, 0.00, 0.34, 1.11, 0.00, 0.50, 0.00, 0.27, 0.00, 0.04, 0.05, 0.00, 0.16, 0.00, 0.00, 0.00, 1.00, 0.00, 0.00, 0.00, 0.00, 0.00, 0.00, 0.00, 0.00, 0.00, 1.00, 0.00, 0.00, 0.00, 0.00
4725, 0, 178.121, 0.93, 1, 0.02, 0.00, 0.00, 0.00, 0.00, 0.00, 0.33, 0.90, 0.00, 0.56, 0.00, 0.26, 0.00, 0.05, 0.26, 0.09, 0.31, 0.00, 0.00, 0.00, 1.00, 0.00, 0.00, 0.00, 0.00, 0.00, 0.00, 0.00, 0.00, 0.00, 1.00, 0.00, 0.00, 0.00, 0.00
4726, 0, 178.159, 0.93, 1, 0.02, 0.00, 0.00, 0.00, 0.00, 0.00, 0.26, 0.89, 0.00, 0.55, 0.00, 0.22, 0.00, 0.04, 0.37, 0.26, 0.66, 0.00, 0.00, 0.00, 1.00, 0.00, 0.00, 0.00, 0.00, 0.00, 0.00, 0.00, 0.00, 0.00, 1.00, 0.00, 0.00, 0.00, 1.00
4727, 0, 178.197, 0.93, 1, 0.00, 0.00, 0.00, 0.00, 0.00, 0.00, 0.20, 0.61, 0.00, 0.40, 0.00, 0.44, 0.00, 0.04, 0.41, 0.30, 0.66, 0.00, 0.00, 0.00, 1.00, 0.00, 0.00, 0.00, 0.00, 0.00, 0.00, 0.00, 0.00, 0.00, 1.00, 0.00, 0.00, 0.00, 1.00
4728, 0, 178.235, 0.93, 1, 0.00, 0.00, 0.00, 0.00, 0.00, 0.00, 0.18, 0.57, 0.04, 0.31, 0.00, 0.55, 0.00, 0.00, 0.38, 0.21, 0.81, 0.00, 0.00, 0.00, 1.00, 0.00, 0.00, 0.00, 0.00, 0.00, 0.00, 0.00, 0.00, 0.00, 1.00, 0.00, 0.00, 0.00, 1.00
4729, 0, 178.272, 0.93, 1, 0.00, 0.00, 0.00, 0.00, 0.00, 0.00, 0.24, 0.44, 0.13, 0.21, 0.00, 0.68, 0.00, 0.00, 0.34, 0.11, 0.83, 0.00, 0.00, 0.00, 1.00, 0.00, 0.00, 0.00, 0.00, 0.00, 0.00, 1.00, 0.00, 0.00, 1.00, 0.00, 0.00, 0.00, 1.00
4730, 0, 178.310, 0.93, 1, 0.00, 0.00, 0.00, 0.00, 0.00, 0.00, 0.18, 0.57, 0.18, 0.08, 0.19, 0.77, 0.00, 0.02, 0.30, 0.07, 0.91, 0.00, 0.00, 0.00, 1.00, 0.00, 0.00, 0.00, 0.00, 0.00, 0.00, 1.00, 0.00, 0.00, 1.00, 0.00, 0.00, 0.00, 0.00
4731, 0, 178.348, 0.98, 1, 0.00, 0.00, 0.00, 0.00, 0.00, 0.00, 0.12, 0.77, 0.19, 0.06, 0.24, 0.92, 0.00, 0.02, 0.09, 0.07, 0.83, 0.00, 0.00, 0.00, 1.00, 0.00, 0.00, 0.00, 0.00, 0.00, 0.00, 1.00, 0.00, 0.00, 1.00, 0.00, 0.00, 0.00, 0.00
4732, 0, 178.385, 0.98, 1, 0.00, 0.00, 0.00, 0.00, 0.00, 0.00, 0.01, 0.90, 0.13, 0.00, 0.26, 0.76, 0.00, 0.02, 0.00, 0.00, 0.54, 0.00, 0.00, 0.00, 1.00, 0.00, 0.00, 0.00, 0.00, 0.00, 0.00, 1.00, 0.00, 0.00, 0.00, 0.00, 0.00, 0.00, 0.00
4733, 0, 178.423, 0.93, 1, 0.00, 0.00, 0.00, 0.00, 0.00, 0.00, 0.00, 1.00, 0.16, 0.00, 0.09, 0.49, 0.00, 0.00, 0.09, 0.00, 0.65, 0.00, 0.00, 0.00, 1.00, 0.00, 0.00, 0.00, 0.00, 0.00, 0.00, 1.00, 0.00, 0.00, 0.00, 0.00, 0.00, 0.00, 0.00
4734, 0, 178.461, 0.98, 1, 0.00, 0.00, 0.00, 0.00, 0.00, 0.00, 0.00, 1.05, 0.17, 0.00, 0.13, 0.22, 0.00, 0.00, 0.34, 0.00, 0.66, 0.00, 0.00, 0.00, 1.00, 0.00, 0.00, 0.00, 0.00, 0.00, 0.00, 1.00, 0.00, 0.00, 1.00, 0.00, 0.00, 0.00, 0.00
4735, 0, 178.498, 0.98, 1, 0.00, 0.00, 0.00, 0.00, 0.00, 0.00, 0.00, 1.07, 0.14, 0.05, 0.43, 0.12, 0.00, 0.00, 0.34, 0.00, 0.74, 0.00, 0.00, 0.00, 1.00, 0.00, 0.00, 0.00, 0.00, 0.00, 0.00, 1.00, 0.00, 0.00, 1.00, 0.00, 0.00, 0.00, 0.00
4736, 0, 178.536, 0.98, 1, 0.00, 0.00, 0.00, 0.00, 0.00, 0.00, 0.06, 1.04, 0.12, 0.05, 0.41, 0.20, 0.00, 0.00, 0.26, 0.11, 0.75, 0.00, 0.00, 0.00, 1.00, 0.00, 0.00, 0.00, 0.00, 0.00, 0.00, 0.00, 0.00, 0.00, 0.00, 0.00, 0.00, 0.00, 0.00
4737, 0, 178.574, 0.98, 1, 0.00, 0.00, 0.00, 0.00, 0.00, 0.00, 0.11, 0.96, 0.11, 0.05, 0.31, 0.32, 0.00, 0.00, 0.00, 0.25, 0.82, 0.00, 0.00, 0.00, 1.00, 0.00, 0.00, 0.00, 0.00, 0.00, 0.00, 0.00, 0.00, 0.00, 0.00, 0.00, 0.00, 0.00, 1.00
4738, 0, 178.612, 0.98, 1, 0.00, 0.00, 0.00, 0.00, 0.00, 0.00, 0.15, 0.75, 0.13, 0.00, 0.00, 0.35, 0.00, 0.00, 0.00, 0.25, 0.88, 0.00, 0.00, 0.00, 1.00, 0.00, 0.00, 0.00, 0.00, 0.00, 0.00, 0.00, 0.00, 0.00, 1.00, 0.00, 0.00, 0.00, 1.00
4739, 0, 178.649, 0.93, 1, 0.05, 0.00, 0.00, 0.00, 0.00, 0.00, 0.24, 0.55, 0.09, 0.00, 0.00, 0.22, 0.00, 0.00, 0.00, 0.14, 0.96, 0.00, 0.00, 0.00, 1.00, 0.00, 0.00, 0.00, 0.00, 0.00, 0.00, 0.00, 0.00, 0.00, 1.00, 0.00, 0.00, 0.00, 1.00
4740, 0, 178.687, 0.88, 1, 0.05, 0.00, 0.00, 0.00, 0.00, 0.00, 0.24, 0.47, 0.04, 0.06, 0.04, 0.05, 0.00, 0.00, 0.00, 0.00, 0.85, 0.00, 0.00, 0.00, 1.00, 0.00, 0.00, 0.00, 0.00, 0.00, 0.00, 0.00, 0.00, 0.00, 1.00, 0.00, 0.00, 0.00, 1.00
4741, 0, 178.725, 0.88, 1, 0.05, 0.00, 0.00, 0.00, 0.00, 0.00, 0.20, 0.45, 0.01, 0.17, 0.04, 0.00, 0.00, 0.00, 0.00, 0.00, 0.73, 0.00, 0.00, 0.00, 1.00, 0.00, 0.00, 0.00, 0.00, 0.00, 0.00, 0.00, 0.00, 0.00, 1.00, 0.00, 0.00, 0.00, 1.00
4742, 0, 178.762, 0.88, 1, 0.00, 0.00, 0.00, 0.00, 0.00, 0.00, 0.06, 0.45, 0.05, 0.17, 0.04, 0.08, 0.00, 0.00, 0.00, 0.00, 0.42, 0.00, 0.00, 0.00, 1.00, 0.00, 0.00, 0.00, 0.00, 0.00, 0.00, 0.00, 0.00, 0.00, 1.00, 0.00, 0.00, 0.00, 1.00
4743, 0, 178.800, 0.93, 1, 0.00, 0.00, 0.00, 0.00, 0.00, 0.00, 0.04, 0.23, 0.05, 0.11, 0.00, 0.08, 0.00, 0.00, 0.00, 0.00, 0.28, 0.00, 0.00, 0.00, 1.00, 0.00, 0.00, 0.00, 0.00, 0.00, 0.00, 0.00, 0.00, 0.00, 1.00, 0.00, 0.00, 0.00, 1.00
4744, 0, 178.838, 0.93, 1, 0.00, 0.00, 0.00, 0.00, 0.00, 0.00, 0.14, 0.20, 0.07, 0.03, 0.00, 0.22, 0.00, 0.01, 0.00, 0.00, 0.27, 0.00, 0.00, 0.00, 1.00, 0.00, 0.00, 0.00, 0.00, 0.00, 0.00, 0.00, 0.00, 0.00, 1.00, 0.00, 0.00, 0.00, 1.00
4745, 0, 178.876, 0.93, 1, 0.00, 0.00, 0.00, 0.00, 0.00, 0.00, 0.22, 0.29, 0.10, 0.18, 0.02, 0.14, 0.00, 0.01, 0.02, 0.13, 0.44, 0.00, 0.00, 0.00, 1.00, 0.00, 0.00, 0.00, 0.00, 0.00, 0.00, 0.00, 0.00, 0.00, 1.00, 0.00, 0.00, 0.00, 0.00
4746, 0, 178.913, 0.93, 1, 0.00, 0.00, 0.00, 0.00, 0.00, 0.00, 0.25, 0.45, 0.13, 0.54, 0.02, 0.14, 0.00, 0.01, 0.02, 0.25, 0.58, 0.00, 0.00, 0.00, 1.00, 0.00, 0.00, 0.00, 0.00, 0.00, 0.00, 0.00, 0.00, 0.00, 1.00, 0.00, 0.00, 0.00, 0.00
4747, 0, 178.951, 0.98, 1, 0.01, 0.00, 0.00, 0.00, 0.00, 0.00, 0.23, 0.42, 0.16, 0.80, 0.02, 0.00, 0.00, 0.00, 0.02, 0.25, 0.72, 0.00, 0.00, 0.00, 1.00, 0.00, 0.00, 0.00, 0.00, 0.00, 1.00, 0.00, 0.00, 0.00, 1.00, 0.00, 0.00, 0.00, 0.00
4748, 0, 178.989, 0.98, 1, 0.01, 0.00, 0.00, 0.00, 0.00, 0.00, 0.23, 0.49, 0.18, 1.13, 0.00, 0.00, 0.00, 0.00, 0.00, 0.21, 0.72, 0.00, 0.00, 0.00, 1.00, 0.00, 0.00, 0.00, 0.00, 0.00, 1.00, 0.00, 0.00, 0.00, 1.00, 0.00, 0.00, 0.00, 0.00
4749, 0, 179.026, 0.98, 1, 0.01, 0.00, 0.00, 0.00, 0.00, 0.00, 0.22, 0.55, 0.23, 1.20, 0.00, 0.00, 0.00, 0.00, 0.00, 0.20, 0.71, 0.00, 0.00, 0.00, 1.00, 0.00, 0.00, 0.00, 0.00, 0.00, 1.00, 0.00, 0.00, 0.00, 1.00, 0.00, 0.00, 0.00, 0.00
4750, 0, 179.064, 0.98, 1, 0.00, 0.00, 0.00, 0.00, 0.00, 0.00, 0.19, 0.73, 0.25, 1.49, 0.00, 0.14, 0.00, 0.06, 0.00, 0.35, 0.45, 0.00, 0.00, 0.00, 1.00, 0.00, 0.00, 0.00, 0.00, 0.00, 1.00, 0.00, 0.00, 0.00, 1.00, 0.00, 0.00, 0.00, 0.00
4751, 0, 179.102, 0.98, 1, 0.00, 0.00, 0.00, 0.00, 0.00, 0.00, 0.14, 0.66, 0.23, 1.42, 0.00, 0.15, 0.00, 0.06, 0.01, 0.27, 0.30, 0.00, 0.00, 0.00, 1.00, 0.00, 0.00, 0.00, 0.00, 0.00, 1.00, 0.00, 0.00, 0.00, 1.00, 0.00, 0.00, 0.00, 0.00
4752, 0, 179.139, 0.98, 1, 0.00, 0.00, 0.00, 0.00, 0.00, 0.00, 0.17, 0.78, 0.30, 1.48, 0.00, 0.18, 0.00, 0.06, 0.01, 0.23, 0.13, 0.00, 0.00, 0.00, 1.00, 0.00, 0.00, 0.00, 0.00, 0.00, 1.00, 0.00, 0.00, 0.00, 1.00, 0.00, 0.00, 0.00, 0.00
4753, 0, 179.177, 0.98, 1, 0.00, 0.00, 0.00, 0.00, 0.00, 0.00, 0.19, 0.89, 0.25, 1.42, 0.00, 0.03, 0.00, 0.01, 0.01, 0.21, 0.24, 0.00, 0.00, 0.00, 1.00, 0.00, 0.00, 0.00, 0.00, 0.00, 1.00, 0.00, 0.00, 0.00, 1.00, 0.00, 0.00, 0.00, 0.00
4754, 0, 179.215, 0.98, 1, 0.00, 0.00, 0.00, 0.00, 0.00, 0.00, 0.16, 1.20, 0.17, 1.54, 0.00, 0.02, 0.05, 0.08, 0.00, 0.37, 0.21, 0.00, 0.00, 0.00, 1.00, 0.00, 0.00, 0.00, 0.00, 0.00, 1.00, 0.00, 0.00, 0.00, 1.00, 0.00, 0.00, 0.00, 0.00
4755, 0, 179.253, 0.98, 1, 0.00, 0.00, 0.00, 0.00, 0.00, 0.05, 0.22, 1.10, 0.01, 1.04, 0.00, 0.00, 0.05, 0.09, 0.00, 0.30, 0.20, 0.00, 0.00, 0.00, 1.00, 0.00, 0.00, 0.00, 0.00, 0.00, 1.00, 0.00, 0.00, 0.00, 1.00, 0.00, 0.00, 0.00, 0.00
4756, 0, 179.290, 0.98, 1, 0.00, 0.00, 0.00, 0.00, 0.00, 0.05, 0.30, 1.03, 0.00, 0.56, 0.00, 0.00, 0.05, 0.08, 0.00, 0.18, 0.13, 0.00, 0.00, 0.00, 1.00, 0.00, 0.00, 0.00, 0.00, 0.00, 1.00, 0.00, 0.00, 0.00, 1.00, 0.00, 0.00, 0.00, 0.00
4757, 0, 179.328, 0.98, 1, 0.00, 0.00, 0.00, 0.00, 0.00, 0.05, 0.40, 0.54, 0.00, 0.18, 0.00, 0.00, 0.00, 0.01, 0.00, 0.00, 0.08, 0.00, 0.00, 0.00, 1.00, 0.00, 0.00, 0.00, 0.00, 0.00, 0.00, 0.00, 0.00, 0.00, 1.00, 0.00, 0.00, 0.00, 0.00
4758, 0, 179.366, 0.98, 1, 0.00, 0.00, 0.00, 0.00, 0.00, 0.00, 0.41, 0.44, 0.00, 0.42, 0.00, 0.00, 0.00, 0.00, 0.00, 0.00, 0.25, 0.00, 0.00, 0.00, 1.00, 0.00, 0.00, 0.00, 0.00, 0.00, 0.00, 0.00, 0.00, 0.00, 1.00, 0.00, 0.00, 0.00, 0.00
4759, 0, 179.403, 0.98, 1, 0.00, 0.00, 0.00, 0.05, 0.00, 0.00, 0.34, 0.18, 0.00, 0.52, 0.00, 0.00, 0.00, 0.00, 0.00, 0.00, 0.17, 0.00, 0.00, 0.00, 1.00, 0.00, 0.00, 0.00, 0.00, 0.00, 0.00, 1.00, 0.00, 0.00, 1.00, 0.00, 0.00, 0.00, 0.00
4760, 0, 179.441, 0.88, 1, 0.00, 0.00, 0.00, 0.09, 0.00, 0.00, 0.22, 0.24, 0.00, 0.46, 0.00, 0.00, 0.00, 0.00, 0.13, 0.27, 0.62, 0.00, 0.00, 0.00, 1.00, 0.00, 0.00, 0.00, 0.00, 0.00, 1.00, 0.00, 0.00, 0.00, 0.00, 0.00, 0.00, 0.00, 1.00
4761, 0, 179.479, 0.88, 1, 0.00, 0.00, 0.00, 0.09, 0.00, 0.00, 0.08, 0.20, 0.00, 0.29, 0.00, 0.00, 0.00, 0.00, 0.25, 0.52, 0.95, 0.00, 0.00, 0.00, 1.00, 0.00, 0.00, 0.00, 0.00, 0.00, 1.00, 0.00, 0.00, 0.00, 0.00, 0.00, 0.00, 0.00, 1.00
4762, 0, 179.517, 0.88, 1, 0.00, 0.00, 0.00, 0.04, 0.00, 0.00, 0.00, 0.30, 0.00, 0.36, 0.00, 0.08, 0.00, 0.06, 0.56, 0.97, 1.30, 0.00, 0.00, 0.00, 1.00, 0.00, 0.00, 0.00, 0.00, 0.00, 1.00, 0.00, 0.00, 0.00, 0.00, 0.00, 0.00, 0.00, 1.00
4763, 0, 179.554, 0.88, 1, 0.00, 0.00, 0.00, 0.00, 0.00, 0.00, 0.00, 0.37, 0.00, 0.46, 0.00, 0.14, 0.00, 0.12, 0.54, 1.09, 0.98, 0.00, 0.00, 0.00, 1.00, 0.00, 0.00, 0.00, 0.00, 0.00, 1.00, 0.00, 0.00, 0.00, 0.00, 0.00, 0.00, 0.00, 0.00
4764, 0, 179.592, 0.98, 1, 0.00, 0.00, 0.00, 0.00, 0.00, 0.00, 0.00, 0.38, 0.00, 0.61, 0.00, 0.19, 0.00, 0.16, 0.48, 1.30, 0.51, 0.00, 0.00, 0.00, 1.00, 0.00, 0.00, 0.00, 0.00, 0.00, 1.00, 1.00, 0.00, 0.00, 0.00, 0.00, 0.00, 0.00, 0.00
4765, 0, 179.630, 0.98, 1, 0.00, 0.00, 0.00, 0.00, 0.00, 0.00, 0.00, 0.57, 0.00, 0.55, 0.00, 0.12, 0.17, 0.10, 0.27, 1.24, 0.15, 0.00, 0.00, 0.00, 1.00, 0.00, 0.00, 0.00, 0.00, 0.00, 1.00, 0.00, 0.00, 0.00, 0.00, 0.00, 0.00, 0.00, 0.00
4766, 0, 179.667, 0.98, 1, 0.00, 0.00, 0.00, 0.00, 0.00, 0.00, 0.00, 0.73, 0.00, 0.48, 0.00, 0.05, 0.39, 0.05, 0.28, 1.22, 0.03, 0.00, 0.00, 0.00, 1.00, 0.00, 0.00, 0.00, 0.00, 0.00, 1.00, 0.00, 0.00, 0.00, 0.00, 0.00, 0.00, 0.00, 0.00
4767, 0, 179.705, 0.98, 1, 0.00, 0.00, 0.00, 0.00, 0.00, 0.00, 0.00, 0.81, 0.00, 0.57, 0.00, 0.00, 0.63, 0.00, 0.27, 1.03, 0.00, 0.00, 0.00, 0.00, 1.00, 0.00, 0.00, 0.00, 0.00, 0.00, 1.00, 0.00, 0.00, 0.00, 0.00, 0.00, 0.00, 0.00, 0.00
4768, 0, 179.743, 0.98, 1, 0.00, 0.00, 0.03, 0.00, 0.00, 0.00, 0.00, 0.61, 0.00, 0.77, 0.00, 0.00, 0.47, 0.00, 0.31, 0.95, 0.01, 0.00, 0.00, 0.00, 1.00, 0.00, 0.00, 0.00, 0.00, 0.00, 1.00, 0.00, 0.00, 0.00, 0.00, 0.00, 0.00, 0.00, 0.00
4769, 0, 179.780, 0.98, 1, 0.00, 0.00, 0.05, 0.00, 0.00, 0.00, 0.01, 0.39, 0.00, 0.96, 0.00, 0.00, 0.29, 0.00, 0.51, 0.81, 0.03, 0.00, 0.00, 0.00, 1.00, 0.00, 0.00, 0.00, 0.00, 0.00, 1.00, 0.00, 0.00, 0.00, 0.00, 0.00, 0.00, 0.00, 0.00
4770, 0, 179.818, 0.98, 1, 0.07, 0.00, 0.05, 0.00, 0.00, 0.00, 0.01, 0.33, 0.13, 0.88, 0.00, 0.11, 0.05, 0.00, 0.70, 0.88, 0.25, 0.00, 0.00, 0.00, 1.00, 0.00, 0.00, 0.00, 0.00, 0.00, 1.00, 0.00, 0.00, 0.00, 0.00, 0.00, 0.00, 0.00, 0.00
4771, 0, 179.856, 0.98, 1, 0.07, 0.00, 0.02, 0.00, 0.00, 0.00, 0.01, 0.46, 0.26, 0.72, 0.00, 0.18, 0.05, 0.00, 0.84, 1.04, 0.24, 0.00, 0.00, 0.00, 1.00, 0.00, 0.00, 0.00, 0.00, 0.00, 1.00, 0.00, 0.00, 0.00, 0.00, 0.00, 0.00, 0.00, 0.00
4772, 0, 179.894, 0.98, 1, 0.07, 0.00, 0.00, 0.00, 0.00, 0.00, 0.00, 0.57, 0.38, 0.66, 0.00, 0.26, 0.00, 0.00, 0.78, 1.23, 0.24, 0.00, 0.00, 0.00, 1.00, 0.00, 0.00, 0.00, 0.00, 0.00, 1.00, 0.00, 0.00, 0.00, 0.00, 0.00, 0.00, 0.00, 0.00
4773, 0, 179.931, 0.98, 1, 0.00, 0.00, 0.00, 0.00, 0.00, 0.00, 0.01, 0.73, 0.27, 0.68, 0.00, 0.15, 0.00, 0.00, 0.74, 1.02, 0.07, 0.00, 0.00, 0.00, 1.00, 0.00, 0.00, 0.00, 0.00, 0.00, 1.00, 1.00, 0.00, 0.00, 0.00, 0.00, 0.00, 0.00, 0.00
4774, 0, 179.969, 0.98, 1, 0.00, 0.00, 0.00, 0.00, 0.00, 0.00, 0.03, 0.86, 0.17, 0.65, 0.00, 0.08, 0.02, 0.00, 0.66, 0.75, 0.07, 0.00, 0.00, 0.00, 1.00, 0.00, 0.00, 0.00, 0.00, 0.00, 1.00, 1.00, 0.00, 0.00, 0.00, 0.00, 0.00, 0.00, 0.00
4775, 0, 180.007, 0.98, 1, 0.00, 0.00, 0.00, 0.00, 0.00, 0.00, 0.03, 1.00, 0.05, 0.77, 0.00, 0.00, 0.11, 0.00, 0.48, 0.59, 0.05, 0.00, 0.00, 0.00, 1.00, 0.00, 0.00, 0.00, 0.00, 0.00, 1.00, 1.00, 0.00, 0.00, 0.00, 0.00, 0.00, 0.00, 0.00
4776, 0, 180.044, 0.98, 1, 0.00, 0.00, 0.00, 0.00, 0.00, 0.00, 0.02, 0.96, 0.02, 0.93, 0.00, 0.00, 0.17, 0.00, 0.34, 0.78, 0.07, 0.00, 0.00, 0.00, 1.00, 0.00, 0.00, 0.00, 0.00, 0.00, 1.00, 0.00, 0.00, 0.00, 0.00, 0.00, 0.00, 0.00, 0.00
4777, 0, 180.082, 0.98, 1, 0.00, 0.00, 0.00, 0.00, 0.00, 0.00, 0.00, 0.97, 0.00, 1.07, 0.00, 0.00, 0.23, 0.00, 0.15, 1.01, 0.10, 0.00, 0.00, 0.00, 1.00, 0.00, 0.00, 0.00, 0.00, 0.00, 1.00, 0.00, 0.00, 0.00, 0.00, 0.00, 0.00, 0.00, 0.00
4778, 0, 180.120, 0.93, 1, 0.00, 0.00, 0.00, 0.00, 0.00, 0.00, 0.00, 0.89, 0.00, 1.03, 0.00, 0.00, 0.23, 0.00, 0.07, 1.09, 0.21, 0.00, 0.00, 0.00, 1.00, 0.00, 0.00, 0.00, 0.00, 0.00, 1.00, 0.00, 0.00, 0.00, 0.00, 0.00, 0.00, 0.00, 0.00
4779, 0, 180.158, 0.93, 1, 0.00, 0.00, 0.00, 0.00, 0.00, 0.00, 0.01, 0.80, 0.00, 1.03, 0.00, 0.00, 0.17, 0.00, 0.07, 1.14, 0.39, 0.00, 0.00, 0.00, 1.00, 0.00, 0.00, 0.00, 0.00, 0.00, 1.00, 0.00, 0.00, 0.00, 0.00, 0.00, 0.00, 0.00, 0.00
4780, 0, 180.195, 0.98, 1, 0.00, 0.00, 0.01, 0.00, 0.00, 0.00, 0.04, 0.80, 0.00, 0.97, 0.00, 0.05, 0.09, 0.00, 0.25, 1.36, 0.54, 0.00, 0.00, 0.00, 1.00, 0.00, 0.00, 0.00, 0.00, 0.00, 1.00, 0.00, 0.00, 0.00, 0.00, 0.00, 0.00, 0.00, 0.00
4781, 0, 180.233, 0.93, 1, 0.00, 0.00, 0.01, 0.00, 0.00, 0.00, 0.08, 0.85, 0.00, 0.82, 0.00, 0.13, 0.00, 0.00, 0.38, 1.41, 0.53, 0.00, 0.00, 0.00, 1.00, 0.00, 0.00, 0.00, 0.00, 0.00, 1.00, 0.00, 0.00, 0.00, 1.00, 0.00, 0.00, 0.00, 0.00
4782, 0, 180.271, 0.93, 1, 0.00, 0.00, 0.01, 0.00, 0.00, 0.00, 0.14, 1.00, 0.00, 0.44, 0.00, 0.19, 0.00, 0.00, 0.31, 1.32, 0.30, 0.00, 0.00, 0.00, 1.00, 0.00, 0.00, 0.00, 0.00, 0.00, 1.00, 0.00, 0.00, 0.00, 1.00, 0.00, 0.00, 0.00, 0.00
4783, 0, 180.308, 0.93, 1, 0.00, 0.00, 0.00, 0.00, 0.00, 0.00, 0.11, 0.99, 0.00, 0.30, 0.00, 0.14, 0.00, 0.00, 0.13, 1.07, 0.24, 0.00, 0.00, 0.00, 1.00, 0.00, 0.00, 0.00, 0.00, 0.00, 1.00, 1.00, 0.00, 0.00, 1.00, 0.00, 0.00, 0.00, 0.00
4784, 0, 180.346, 0.98, 1, 0.00, 0.00, 0.00, 0.00, 0.00, 0.00, 0.06, 1.03, 0.00, 0.19, 0.00, 0.06, 0.00, 0.00, 0.00, 1.05, 0.25, 0.00, 0.00, 0.00, 1.00, 0.00, 0.00, 0.00, 0.00, 0.00, 0.00, 1.00, 0.00, 0.00, 1.00, 0.00, 0.00, 0.00, 0.00
4785, 0, 180.384, 0.98, 1, 0.00, 0.00, 0.00, 0.00, 0.00, 0.00, 0.00, 1.41, 0.00, 0.69, 0.00, 0.00, 0.00, 0.00, 0.17, 1.12, 0.23, 0.00, 0.00, 0.00, 1.00, 0.00, 0.00, 0.00, 0.00, 0.00, 0.00, 0.00, 0.00, 0.00, 1.00, 0.00, 0.00, 0.00, 0.00
4786, 0, 180.421, 0.98, 1, 0.00, 0.00, 0.00, 0.00, 0.00, 0.00, 0.00, 1.56, 0.00, 0.94, 0.00, 0.00, 0.00, 0.00, 0.24, 0.93, 0.12, 0.00, 0.00, 0.00, 1.00, 0.00, 0.00, 0.00, 0.00, 0.00, 0.00, 0.00, 0.00, 0.00, 1.00, 0.00, 0.00, 0.00, 0.00
4787, 0, 180.459, 0.98, 1, 0.00, 0.00, 0.00, 0.00, 0.00, 0.07, 0.12, 1.74, 0.03, 1.25, 0.00, 0.01, 0.00, 0.00, 0.29, 0.75, 0.00, 0.00, 0.00, 0.00, 1.00, 0.00, 0.00, 0.00, 0.00, 0.00, 0.00, 0.00, 0.00, 0.00, 1.00, 0.00, 0.00, 0.00, 0.00
4788, 0, 180.497, 0.98, 1, 0.00, 0.00, 0.00, 0.00, 0.00, 0.07, 0.17, 1.65, 0.10, 1.18, 0.00, 0.01, 0.06, 0.00, 0.24, 0.71, 0.11, 0.00, 0.00, 0.00, 1.00, 0.00, 0.00, 0.00, 0.00, 0.00, 0.00, 0.00, 0.00, 0.00, 1.00, 0.00, 0.00, 0.00, 0.00
4789, 0, 180.535, 0.98, 1, 0.00, 0.00, 0.00, 0.00, 0.00, 0.07, 0.22, 1.40, 0.14, 1.06, 0.00, 0.01, 0.06, 0.00, 0.23, 0.52, 0.12, 0.00, 0.00, 0.00, 1.00, 0.00, 0.00, 0.00, 0.00, 0.00, 0.00, 0.00, 0.00, 0.00, 0.00, 0.00, 0.00, 0.00, 0.00
4790, 0, 180.572, 0.98, 1, 0.00, 0.00, 0.00, 0.00, 0.00, 0.00, 0.10, 1.41, 0.20, 0.90, 0.00, 0.00, 0.06, 0.00, 0.17, 0.33, 0.12, 0.00, 0.00, 0.00, 1.00, 0.00, 0.00, 0.00, 0.00, 0.00, 0.00, 0.00, 0.00, 0.00, 0.00, 0.00, 0.00, 0.00, 0.00
4791, 0, 180.610, 0.98, 1, 0.00, 0.00, 0.00, 0.00, 0.00, 0.00, 0.04, 1.28, 0.18, 0.56, 0.00, 0.00, 0.00, 0.00, 0.06, 0.02, 0.06, 0.00, 0.00, 0.00, 1.00, 0.00, 0.00, 0.00, 0.00, 0.00, 0.00, 0.00, 0.00, 0.00, 0.00, 0.00, 0.00, 0.00, 0.00
4792, 0, 180.648, 0.98, 1, 0.00, 0.00, 0.00, 0.00, 0.00, 0.00, 0.01, 1.39, 0.19, 0.51, 0.00, 0.00, 0.00, 0.00, 0.00, 0.00, 0.14, 0.00, 0.00, 0.00, 1.00, 0.00, 0.00, 0.00, 0.00, 0.00, 1.00, 0.00, 0.00, 0.00, 0.00, 0.00, 0.00, 0.00, 0.00
4793, 0, 180.685, 0.98, 1, 0.00, 0.00, 0.00, 0.00, 0.00, 0.00, 0.09, 1.39, 0.15, 0.64, 0.00, 0.00, 0.00, 0.00, 0.07, 0.30, 0.24, 0.00, 0.00, 0.00, 1.00, 0.00, 0.00, 0.00, 0.00, 0.00, 0.00, 0.00, 0.00, 0.00, 0.00, 0.00, 0.00, 0.00, 0.00
4794, 0, 180.723, 0.93, 1, 0.00, 0.00, 0.00, 0.00, 0.00, 0.00, 0.15, 1.29, 0.13, 0.78, 0.00, 0.00, 0.00, 0.00, 0.25, 0.69, 0.21, 0.00, 0.00, 0.00, 1.00, 0.00, 0.00, 0.00, 0.00, 0.00, 0.00, 0.00, 0.00, 0.00, 1.00, 0.00, 0.00, 0.00, 0.00
4795, 0, 180.761, 0.88, 1, 0.00, 0.00, 0.00, 0.00, 0.00, 0.00, 0.15, 0.92, 0.11, 0.60, 0.09, 0.08, 0.03, 0.01, 0.25, 0.71, 0.28, 0.00, 0.00, 0.00, 1.00, 0.00, 0.00, 0.00, 0.00, 0.00, 0.00, 0.00, 0.00, 0.00, 1.00, 0.00, 0.00, 0.00, 0.00
4796, 0, 180.799, 0.93, 1, 0.00, 0.00, 0.00, 0.00, 0.00, 0.00, 0.09, 0.41, 0.08, 0.28, 0.26, 0.17, 0.07, 0.01, 0.18, 0.43, 0.32, 0.00, 0.00, 0.00, 1.00, 0.00, 0.00, 0.00, 0.00, 0.00, 0.00, 0.00, 0.00, 0.00, 1.00, 0.00, 0.00, 0.00, 1.00
4797, 0, 180.836, 0.93, 1, 0.00, 0.00, 0.00, 0.00, 0.00, 0.00, 0.08, 0.27, 0.07, 0.02, 0.26, 0.17, 0.07, 0.01, 0.35, 0.35, 0.33, 0.00, 0.00, 0.00, 1.00, 0.00, 0.00, 0.00, 0.00, 0.00, 0.00, 0.00, 0.00, 0.00, 1.00, 0.00, 0.00, 0.00, 1.00
4798, 0, 180.874, 0.93, 1, 0.00, 0.00, 0.00, 0.00, 0.00, 0.00, 0.15, 0.41, 0.06, 0.09, 0.17, 0.10, 0.07, 0.01, 0.66, 0.68, 0.27, 0.00, 0.00, 0.00, 1.00, 0.00, 0.00, 0.00, 0.00, 0.00, 0.00, 0.00, 0.00, 0.00, 0.00, 0.00, 0.00, 0.00, 1.00
4799, 0, 180.912, 0.93, 1, 0.00, 0.00, 0.00, 0.00, 0.00, 0.01, 0.20, 0.54, 0.05, 0.27, 0.00, 0.00, 0.04, 0.00, 0.94, 1.05, 0.17, 0.00, 0.00, 0.00, 1.00, 0.00, 0.00, 0.00, 0.00, 0.00, 0.00, 0.00, 0.00, 0.00, 0.00, 0.00, 0.00, 0.00, 1.00
4800, 0, 180.949, 0.93, 1, 0.00, 0.00, 0.00, 0.00, 0.00, 0.01, 0.36, 0.52, 0.05, 0.38, 0.00, 0.00, 0.04, 0.00, 0.59, 0.73, 0.18, 0.00, 0.00, 0.00, 1.00, 0.00, 0.00, 0.00, 0.00, 0.00, 0.00, 0.00, 0.00, 0.00, 0.00, 0.00, 0.00, 0.00, 0.00
4801, 0, 180.987, 0.98, 1, 0.00, 0.00, 0.00, 0.00, 0.00, 0.01, 0.49, 0.53, 0.10, 0.59, 0.00, 0.00, 0.00, 0.00, 0.33, 0.39, 0.13, 0.00, 0.00, 0.00, 1.00, 0.00, 0.00, 0.00, 0.00, 0.00, 0.00, 0.00, 0.00, 0.00, 0.00, 0.00, 0.00, 0.00, 0.00
4802, 0, 181.025, 0.98, 1, 0.00, 0.00, 0.00, 0.00, 0.00, 0.00, 0.60, 0.48, 0.17, 0.64, 0.00, 0.00, 0.00, 0.00, 0.07, 0.00, 0.22, 0.00, 0.00, 0.00, 1.00, 0.00, 0.00, 0.00, 0.00, 0.00, 0.00, 0.00, 0.00, 0.00, 1.00, 0.00, 0.00, 0.00, 0.00
4803, 0, 181.062, 0.98, 1, 0.00, 0.00, 0.00, 0.00, 0.00, 0.00, 0.57, 0.32, 0.21, 0.69, 0.00, 0.00, 0.00, 0.00, 0.18, 0.02, 0.37, 0.00, 0.00, 0.00, 1.00, 0.00, 0.00, 0.00, 0.00, 0.00, 0.00, 0.00, 0.00, 0.00, 1.00, 0.00, 0.00, 0.00, 0.00
4804, 0, 181.100, 0.98, 1, 0.00, 0.00, 0.00, 0.00, 0.00, 0.00, 0.58, 0.30, 0.21, 0.44, 0.00, 0.00, 0.00, 0.00, 0.17, 0.22, 0.41, 0.00, 0.00, 0.00, 1.00, 0.00, 0.00, 0.00, 0.00, 0.00, 1.00, 0.00, 0.00, 0.00, 1.00, 0.00, 0.00, 0.00, 0.00
4805, 0, 181.138, 0.93, 1, 0.00, 0.00, 0.00, 0.00, 0.09, 0.01, 0.53, 0.59, 0.26, 0.51, 0.00, 0.11, 0.00, 0.00, 0.15, 0.48, 0.28, 0.00, 0.00, 0.00, 1.00, 0.00, 0.00, 0.00, 0.00, 0.00, 1.00, 0.00, 0.00, 0.00, 1.00, 0.00, 0.00, 0.00, 0.00
4806, 0, 181.176, 0.98, 1, 0.00, 0.00, 0.00, 0.00, 0.09, 0.01, 0.48, 1.00, 0.28, 0.57, 0.00, 0.25, 0.00, 0.00, 0.04, 0.74, 0.09, 0.00, 0.00, 0.00, 1.00, 0.00, 0.00, 0.00, 0.00, 0.00, 1.00, 0.00, 0.00, 0.00, 1.00, 0.00, 0.00, 0.00, 0.00
4807, 0, 181.213, 0.98, 1, 0.00, 0.00, 0.00, 0.00, 0.09, 0.01, 0.39, 1.53, 0.33, 0.89, 0.00, 0.37, 0.00, 0.00, 0.00, 0.77, 0.04, 0.00, 0.00, 0.00, 1.00, 0.00, 0.00, 0.00, 0.00, 0.00, 1.00, 0.00, 0.00, 0.00, 1.00, 0.00, 0.00, 0.00, 0.00
4808, 0, 181.251, 0.98, 1, 0.00, 0.00, 0.00, 0.00, 0.00, 0.00, 0.37, 1.74, 0.35, 1.01, 0.00, 0.27, 0.00, 0.00, 0.00, 0.68, 0.09, 0.00, 0.00, 0.00, 1.00, 0.00, 0.00, 0.00, 0.00, 0.00, 1.00, 0.00, 0.00, 0.00, 1.00, 0.00, 0.00, 0.00, 0.00
4809, 0, 181.289, 0.98, 1, 0.00, 0.00, 0.00, 0.00, 0.00, 0.00, 0.51, 1.89, 0.42, 0.95, 0.00, 0.13, 0.00, 0.00, 0.00, 0.64, 0.08, 0.00, 0.00, 0.00, 1.00, 0.00, 0.00, 0.00, 0.00, 0.00, 1.00, 0.00, 0.00, 0.00, 1.00, 0.00, 0.00, 0.00, 0.00
4810, 0, 181.326, 0.98, 1, 0.00, 0.00, 0.02, 0.00, 0.00, 0.00, 0.54, 1.69, 0.31, 0.73, 0.00, 0.01, 0.00, 0.00, 0.07, 0.47, 0.11, 0.00, 0.00, 0.00, 1.00, 0.00, 0.00, 0.00, 0.00, 0.00, 0.00, 0.00, 0.00, 0.00, 1.00, 0.00, 0.00, 0.00, 0.00
4811, 0, 181.364, 0.98, 1, 0.00, 0.00, 0.02, 0.00, 0.00, 0.08, 0.52, 1.60, 0.23, 0.62, 0.00, 0.00, 0.02, 0.00, 0.15, 0.37, 0.09, 0.00, 0.00, 0.00, 1.00, 0.00, 0.00, 0.00, 0.00, 0.00, 0.00, 0.00, 0.00, 0.00, 1.00, 0.00, 0.00, 0.00, 0.00
4812, 0, 181.402, 0.98, 1, 0.00, 0.00, 0.02, 0.00, 0.00, 0.32, 0.43, 1.45, 0.13, 0.77, 0.00, 0.00, 0.05, 0.00, 0.20, 0.14, 0.10, 0.00, 0.00, 0.00, 1.00, 0.00, 0.00, 0.00, 0.00, 0.00, 0.00, 0.00, 0.00, 0.00, 1.00, 0.00, 0.00, 0.00, 0.00
4813, 0, 181.440, 0.98, 1, 0.00, 0.00, 0.00, 0.00, 0.03, 0.52, 0.47, 1.42, 0.20, 0.74, 0.00, 0.00, 0.05, 0.00, 0.18, 0.07, 0.26, 0.00, 0.00, 0.00, 1.00, 0.00, 0.00, 0.00, 0.00, 0.00, 0.00, 0.00, 0.00, 0.00, 1.00, 0.00, 0.00, 0.00, 0.00
4814, 0, 181.477, 0.98, 1, 0.00, 0.00, 0.00, 0.00, 0.07, 0.66, 0.54, 1.36, 0.19, 0.50, 0.00, 0.00, 0.03, 0.00, 0.11, 0.00, 0.46, 0.00, 0.00, 0.00, 1.00, 0.00, 0.00, 0.00, 0.00, 0.00, 0.00, 0.00, 0.00, 0.00, 1.00, 0.00, 0.00, 0.00, 0.00
4815, 0, 181.515, 0.98, 1, 0.00, 0.00, 0.00, 0.00, 0.07, 0.42, 0.58, 1.30, 0.13, 0.45, 0.00, 0.06, 0.00, 0.00, 0.06, 0.22, 0.44, 0.00, 0.00, 0.00, 1.00, 0.00, 0.00, 0.00, 0.00, 0.00, 0.00, 0.00, 0.00, 0.00, 1.00, 0.00, 0.00, 0.00, 0.00
4816, 0, 181.553, 0.98, 1, 0.00, 0.00, 0.00, 0.00, 0.04, 0.23, 0.63, 1.02, 0.06, 0.76, 0.00, 0.06, 0.05, 0.00, 0.02, 0.34, 0.23, 0.00, 0.00, 0.00, 1.00, 0.00, 0.00, 0.00, 0.00, 0.00, 1.00, 0.00, 0.00, 0.00, 1.00, 0.00, 0.00, 0.00, 0.00
4817, 0, 181.590, 0.98, 1, 0.00, 0.00, 0.00, 0.00, 0.00, 0.00, 0.69, 0.75, 0.05, 1.19, 0.00, 0.16, 0.05, 0.00, 0.00, 0.38, 0.02, 0.00, 0.00, 0.00, 1.00, 0.00, 0.00, 0.00, 0.00, 0.00, 1.00, 0.00, 0.00, 0.00, 1.00, 0.00, 0.00, 0.00, 0.00
4818, 0, 181.628, 0.98, 1, 0.00, 0.00, 0.00, 0.00, 0.00, 0.00, 0.68, 0.54, 0.10, 1.31, 0.00, 0.10, 0.05, 0.00, 0.00, 0.16, 0.11, 0.00, 0.00, 0.00, 1.00, 0.00, 0.00, 0.00, 0.00, 0.00, 1.00, 0.00, 0.00, 0.00, 1.00, 0.00, 0.00, 0.00, 0.00
4819, 0, 181.666, 0.98, 1, 0.00, 0.00, 0.00, 0.00, 0.00, 0.01, 0.61, 0.48, 0.19, 1.24, 0.00, 0.10, 0.07, 0.00, 0.00, 0.04, 0.25, 0.00, 0.00, 0.00, 1.00, 0.00, 0.00, 0.00, 0.00, 0.00, 1.00, 0.00, 0.00, 0.00, 1.00, 0.00, 0.00, 0.00, 0.00
4820, 0, 181.703, 0.98, 1, 0.01, 0.00, 0.00, 0.00, 0.00, 0.01, 0.46, 0.62, 0.23, 1.10, 0.00, 0.05, 0.07, 0.00, 0.02, 0.20, 0.27, 0.00, 0.00, 0.00, 1.00, 0.00, 0.00, 0.00, 0.00, 0.00, 1.00, 0.00, 0.00, 0.00, 1.00, 0.00, 0.00, 0.00, 0.00
4821, 0, 181.741, 0.98, 1, 0.01, 0.00, 0.00, 0.00, 0.00, 0.01, 0.33, 0.77, 0.20, 1.16, 0.00, 0.13, 0.08, 0.00, 0.02, 0.51, 0.34, 0.00, 0.00, 0.00, 1.00, 0.00, 0.00, 0.00, 0.00, 0.00, 1.00, 0.00, 0.00, 0.00, 1.00, 0.00, 0.00, 0.00, 0.00
4822, 0, 181.779, 0.98, 1, 0.01, 0.00, 0.00, 0.00, 0.00, 0.00, 0.16, 0.95, 0.11, 1.23, 0.00, 0.34, 0.08, 0.00, 0.10, 0.94, 0.37, 0.00, 0.00, 0.00, 1.00, 0.00, 0.00, 0.00, 0.00, 0.00, 1.00, 0.00, 0.00, 0.00, 1.00, 0.00, 0.00, 0.00, 0.00
4823, 0, 181.817, 0.98, 1, 0.00, 0.00, 0.00, 0.00, 0.00, 0.00, 0.11, 0.93, 0.03, 1.37, 0.00, 0.29, 0.08, 0.01, 0.08, 0.89, 0.43, 0.00, 0.00, 0.00, 1.00, 0.00, 0.00, 0.00, 0.00, 0.00, 1.00, 0.00, 0.00, 0.00, 1.00, 0.00, 0.00, 0.00, 0.00
4824, 0, 181.854, 0.98, 1, 0.00, 0.00, 0.00, 0.00, 0.00, 0.00, 0.08, 1.02, 0.02, 1.38, 0.00, 0.21, 0.08, 0.02, 0.09, 0.68, 0.36, 0.00, 0.00, 0.00, 1.00, 0.00, 0.00, 0.00, 0.00, 0.00, 1.00, 0.00, 0.00, 0.00, 1.00, 0.00, 0.00, 0.00, 0.00
4825, 0, 181.892, 0.98, 1, 0.00, 0.00, 0.00, 0.00, 0.00, 0.00, 0.25, 0.88, 0.08, 1.21, 0.00, 0.00, 0.12, 0.02, 0.09, 0.25, 0.17, 0.00, 0.00, 0.00, 1.00, 0.00, 0.00, 0.00, 0.00, 0.00, 1.00, 0.00, 0.00, 0.00, 0.00, 0.00, 0.00, 0.00, 0.00
4826, 0, 181.930, 0.98, 1, 0.00, 0.00, 0.00, 0.00, 0.00, 0.00, 0.39, 0.74, 0.15, 1.06, 0.00, 0.00, 0.28, 0.01, 0.15, 0.10, 0.07, 0.00, 0.00, 0.00, 1.00, 0.00, 0.00, 0.00, 0.00, 0.00, 1.00, 0.00, 0.00, 0.00, 0.00, 0.00, 0.00, 0.00, 0.00
4827, 0, 181.967, 0.98, 1, 0.00, 0.00, 0.00, 0.00, 0.00, 0.00, 0.46, 0.45, 0.17, 0.94, 0.00, 0.00, 0.34, 0.00, 0.33, 0.09, 0.12, 0.00, 0.00, 0.00, 1.00, 0.00, 0.00, 0.00, 0.00, 0.00, 1.00, 0.00, 0.00, 0.00, 0.00, 0.00, 0.00, 0.00, 0.00
4828, 0, 182.005, 0.88, 1, 0.00, 0.00, 0.00, 0.00, 0.00, 0.00, 0.38, 0.40, 0.14, 1.09, 0.00, 0.00, 0.39, 0.00, 0.25, 0.25, 0.27, 0.00, 0.00, 0.00, 1.00, 0.00, 0.00, 0.00, 0.00, 0.00, 1.00, 0.00, 0.00, 0.00, 0.00, 0.00, 0.00, 0.00, 0.00
4829, 0, 182.043, 0.88, 1, 0.00, 0.00, 0.00, 0.00, 0.00, 0.00, 0.33, 0.42, 0.12, 1.24, 0.00, 0.00, 0.48, 0.00, 0.23, 0.44, 0.47, 0.00, 0.00, 0.00, 1.00, 0.00, 0.00, 0.00, 0.00, 0.00, 1.00, 0.00, 0.00, 0.00, 0.00, 0.00, 0.00, 0.00, 0.00
4830, 0, 182.080, 0.93, 1, 0.00, 0.00, 0.00, 0.00, 0.00, 0.00, 0.31, 0.65, 0.11, 1.14, 0.00, 0.11, 0.46, 0.09, 0.06, 0.43, 0.40, 0.00, 0.00, 0.00, 1.00, 0.00, 0.00, 0.00, 0.00, 0.00, 1.00, 0.00, 0.00, 0.00, 0.00, 0.00, 0.00, 0.00, 0.00
4831, 0, 182.118, 0.98, 1, 0.00, 0.00, 0.00, 0.00, 0.00, 0.00, 0.30, 0.90, 0.12, 0.98, 0.00, 0.35, 0.30, 0.21, 0.06, 0.40, 0.25, 0.00, 0.00, 0.00, 1.00, 0.00, 0.00, 0.00, 0.00, 0.00, 1.00, 0.00, 0.00, 0.00, 0.00, 0.00, 0.00, 0.00, 0.00
4832, 0, 182.156, 0.98, 1, 0.00, 0.00, 0.00, 0.00, 0.00, 0.00, 0.28, 1.05, 0.09, 0.72, 0.00, 0.57, 0.04, 0.34, 0.03, 0.37, 0.05, 0.00, 0.00, 0.00, 1.00, 0.00, 0.00, 0.00, 0.00, 0.00, 1.00, 0.00, 0.00, 0.00, 0.00, 0.00, 0.00, 0.00, 0.00
4833, 0, 182.194, 0.98, 1, 0.00, 0.00, 0.00, 0.00, 0.00, 0.09, 0.29, 0.97, 0.15, 0.71, 0.00, 0.62, 0.00, 0.30, 0.05, 0.49, 0.00, 0.00, 0.00, 0.00, 1.00, 0.00, 0.00, 0.00, 0.00, 0.00, 1.00, 0.00, 1.00, 0.00, 1.00, 0.00, 0.00, 0.00, 0.00
4834, 0, 182.231, 0.98, 1, 0.00, 0.00, 0.00, 0.00, 0.00, 0.21, 0.30, 0.96, 0.17, 0.75, 0.00, 0.57, 0.00, 0.28, 0.05, 0.51, 0.00, 0.00, 0.00, 0.00, 1.00, 0.00, 0.00, 0.00, 0.00, 0.00, 1.00, 0.00, 1.00, 0.00, 1.00, 0.00, 0.00, 0.00, 0.00
4835, 0, 182.269, 0.98, 1, 0.00, 0.00, 0.00, 0.00, 0.00, 0.21, 0.23, 0.90, 0.16, 0.81, 0.00, 0.42, 0.00, 0.15, 0.06, 0.36, 0.00, 0.00, 0.00, 0.00, 1.00, 0.00, 0.00, 0.00, 0.00, 0.00, 1.00, 0.00, 1.00, 0.00, 1.00, 0.00, 0.00, 0.00, 0.00
4836, 0, 182.307, 0.98, 1, 0.00, 0.05, 0.00, 0.00, 0.00, 0.12, 0.11, 0.97, 0.09, 0.78, 0.00, 0.31, 0.04, 0.10, 0.02, 0.16, 0.00, 0.00, 0.00, 0.00, 1.00, 0.00, 0.00, 0.00, 0.00, 0.00, 1.00, 0.00, 0.00, 0.00, 1.00, 0.00, 0.00, 0.00, 0.00
4837, 0, 182.344, 0.98, 1, 0.00, 0.05, 0.00, 0.00, 0.00, 0.00, 0.03, 0.91, 0.04, 0.85, 0.00, 0.12, 0.04, 0.00, 0.02, 0.10, 0.03, 0.00, 0.00, 0.00, 1.00, 0.00, 0.00, 0.00, 0.00, 0.00, 1.00, 0.00, 0.00, 0.00, 1.00, 0.00, 0.00, 0.00, 0.00
4838, 0, 182.382, 0.98, 1, 0.00, 0.05, 0.00, 0.00, 0.00, 0.00, 0.02, 0.86, 0.00, 0.95, 0.00, 0.05, 0.04, 0.00, 0.00, 0.16, 0.06, 0.00, 0.00, 0.00, 1.00, 0.00, 0.00, 0.00, 0.00, 0.00, 1.00, 0.00, 0.00, 0.00, 1.00, 0.00, 0.00, 0.00, 0.00
4839, 0, 182.420, 0.98, 1, 0.00, 0.03, 0.00, 0.00, 0.00, 0.00, 0.03, 0.81, 0.03, 0.97, 0.00, 0.00, 0.00, 0.00, 0.00, 0.17, 0.06, 0.00, 0.00, 0.00, 1.00, 0.00, 0.00, 0.00, 0.00, 0.00, 1.00, 0.00, 0.00, 0.00, 1.00, 0.00, 0.00, 0.00, 0.00
4840, 0, 182.458, 0.98, 1, 0.00, 0.03, 0.00, 0.00, 0.00, 0.00, 0.02, 0.82, 0.07, 0.94, 0.00, 0.00, 0.02, 0.00, 0.00, 0.33, 0.03, 0.00, 0.00, 0.00, 1.00, 0.00, 0.00, 0.00, 0.00, 0.00, 0.00, 0.00, 0.00, 0.00, 1.00, 0.00, 0.00, 0.00, 0.00
4841, 0, 182.495, 0.98, 1, 0.00, 0.03, 0.00, 0.00, 0.00, 0.00, 0.02, 0.93, 0.13, 0.84, 0.00, 0.00, 0.02, 0.00, 0.04, 0.54, 0.00, 0.00, 0.00, 0.00, 1.00, 0.00, 0.00, 0.00, 0.00, 0.00, 0.00, 0.00, 0.00, 0.00, 0.00, 0.00, 0.00, 0.00, 0.00
4842, 0, 182.533, 0.98, 1, 0.00, 0.00, 0.00, 0.00, 0.00, 0.04, 0.01, 0.93, 0.12, 0.85, 0.00, 0.00, 0.02, 0.00, 0.04, 0.75, 0.00, 0.00, 0.00, 0.00, 1.00, 0.00, 0.00, 0.00, 0.00, 0.00, 0.00, 0.00, 0.00, 0.00, 0.00, 0.00, 0.00, 0.00, 0.00
4843, 0, 182.571, 0.98, 1, 0.00, 0.00, 0.00, 0.00, 0.00, 0.23, 0.00, 0.94, 0.13, 0.86, 0.00, 0.00, 0.00, 0.00, 0.04, 0.78, 0.00, 0.00, 0.00, 0.00, 1.00, 0.00, 0.00, 0.00, 0.00, 0.00, 0.00, 0.00, 0.00, 0.00, 0.00, 0.00, 0.00, 0.00, 0.00
4844, 0, 182.608, 0.98, 1, 0.00, 0.00, 0.00, 0.00, 0.00, 0.38, 0.00, 0.88, 0.13, 0.94, 0.00, 0.00, 0.00, 0.00, 0.00, 0.78, 0.00, 0.00, 0.00, 0.00, 1.00, 0.00, 0.00, 0.00, 0.00, 0.00, 0.00, 0.00, 0.00, 0.00, 0.00, 0.00, 0.00, 0.00, 0.00
4845, 0, 182.646, 0.98, 1, 0.00, 0.00, 0.00, 0.00, 0.03, 0.34, 0.16, 1.19, 0.22, 0.69, 0.00, 0.16, 0.00, 0.00, 0.00, 0.80, 0.05, 0.00, 0.00, 0.00, 1.00, 0.00, 0.00, 0.00, 0.00, 0.00, 0.00, 0.00, 0.00, 0.00, 0.00, 0.00, 0.00, 0.00, 0.00
4846, 0, 182.684, 0.98, 1, 0.05, 0.00, 0.00, 0.00, 0.03, 0.16, 0.30, 1.42, 0.24, 0.43, 0.00, 0.19, 0.00, 0.00, 0.00, 0.72, 0.22, 0.00, 0.00, 0.00, 1.00, 0.00, 0.00, 0.00, 0.00, 0.00, 0.00, 0.00, 0.00, 0.00, 0.00, 0.00, 0.00, 0.00, 0.00
4847, 0, 182.721, 0.98, 1, 0.08, 0.00, 0.00, 0.00, 0.03, 0.00, 0.42, 1.63, 0.24, 0.10, 0.00, 0.32, 0.00, 0.00, 0.00, 0.58, 0.30, 0.00, 0.00, 0.00, 1.00, 0.00, 0.00, 0.00, 0.00, 0.00, 0.00, 0.00, 0.00, 0.00, 0.00, 0.00, 0.00, 0.00, 0.00
4848, 0, 182.759, 0.98, 1, 0.22, 0.00, 0.00, 0.00, 0.00, 0.00, 0.40, 1.57, 0.17, 0.24, 0.00, 0.31, 0.00, 0.00, 0.00, 0.48, 0.28, 0.00, 0.00, 0.00, 1.00, 0.00, 0.00, 0.00, 0.00, 0.00, 0.00, 0.00, 0.00, 0.00, 0.00, 0.00, 0.00, 0.00, 0.00
4849, 0, 182.797, 0.98, 1, 0.25, 0.00, 0.00, 0.00, 0.00, 0.00, 0.32, 1.60, 0.14, 0.22, 0.00, 0.38, 0.00, 0.00, 0.00, 0.36, 0.36, 0.00, 0.00, 0.00, 1.00, 0.00, 0.00, 0.00, 0.00, 0.00, 0.00, 0.00, 0.00, 0.00, 1.00, 0.00, 0.00, 0.00, 0.00
4850, 0, 182.835, 0.93, 1, 0.22, 0.00, 0.00, 0.00, 0.00, 0.00, 0.31, 1.48, 0.22, 0.27, 0.00, 0.43, 0.00, 0.00, 0.00, 0.32, 0.37, 0.00, 0.00, 0.00, 1.00, 0.00, 0.00, 0.00, 0.00, 0.00, 0.00, 0.00, 0.00, 0.00, 1.00, 0.00, 0.00, 0.00, 0.00
4851, 0, 182.872, 0.93, 1, 0.09, 0.00, 0.00, 0.00, 0.00, 0.00, 0.28, 1.32, 0.29, 0.27, 0.00, 0.56, 0.00, 0.00, 0.00, 0.35, 0.43, 0.00, 0.00, 0.00, 1.00, 0.00, 0.00, 0.00, 0.00, 0.00, 0.00, 1.00, 1.00, 0.00, 1.00, 0.00, 0.00, 0.00, 0.00
4852, 0, 182.910, 0.98, 1, 0.00, 0.00, 0.00, 0.00, 0.00, 0.00, 0.24, 1.25, 0.38, 0.39, 0.00, 0.75, 0.00, 0.03, 0.03, 0.36, 0.43, 0.00, 0.00, 0.00, 1.00, 0.00, 0.00, 0.00, 0.00, 0.00, 0.00, 1.00, 1.00, 0.00, 1.00, 0.00, 0.00, 0.00, 0.00
4853, 0, 182.948, 0.93, 1, 0.00, 0.00, 0.00, 0.00, 0.00, 0.00, 0.17, 1.27, 0.36, 0.45, 0.00, 0.91, 0.00, 0.03, 0.03, 0.32, 0.50, 0.00, 0.00, 0.00, 1.00, 0.00, 0.00, 0.00, 0.00, 0.00, 0.00, 1.00, 1.00, 0.00, 1.00, 0.00, 0.00, 0.00, 0.00
4854, 0, 182.985, 0.98, 1, 0.00, 0.00, 0.00, 0.00, 0.00, 0.00, 0.15, 1.39, 0.39, 0.45, 0.00, 0.97, 0.00, 0.07, 0.03, 0.13, 0.41, 0.00, 0.00, 0.00, 1.00, 0.00, 0.00, 0.00, 0.00, 0.00, 0.00, 1.00, 1.00, 0.00, 1.00, 0.00, 0.00, 0.00, 0.00
4855, 0, 183.023, 0.98, 1, 0.00, 0.00, 0.00, 0.00, 0.00, 0.00, 0.21, 1.24, 0.33, 0.50, 0.00, 0.67, 0.11, 0.04, 0.11, 0.39, 0.33, 0.00, 0.00, 0.00, 1.00, 0.00, 0.00, 0.00, 0.00, 0.00, 1.00, 1.00, 1.00, 0.00, 1.00, 0.00, 0.00, 0.00, 0.00
4856, 0, 183.061, 0.93, 1, 0.00, 0.00, 0.00, 0.00, 0.00, 0.00, 0.26, 1.11, 0.29, 0.60, 0.00, 0.33, 0.18, 0.04, 0.22, 0.66, 0.32, 0.00, 0.00, 0.00, 1.00, 0.00, 0.00, 0.00, 0.00, 0.00, 1.00, 0.00, 0.00, 0.00, 0.00, 0.00, 0.00, 0.00, 0.00
4857, 0, 183.099, 0.93, 1, 0.00, 0.00, 0.00, 0.00, 0.00, 0.00, 0.34, 0.93, 0.23, 0.78, 0.00, 0.00, 0.18, 0.00, 0.29, 0.94, 0.44, 0.00, 0.00, 0.00, 1.00, 0.00, 0.00, 0.00, 0.00, 0.00, 1.00, 0.00, 0.00, 0.00, 0.00, 0.00, 0.00, 0.00, 0.00
4858, 0, 183.136, 0.98, 1, 0.00, 0.00, 0.00, 0.00, 0.00, 0.00, 0.35, 0.88, 0.21, 0.96, 0.00, 0.00, 0.07, 0.00, 0.27, 0.89, 0.41, 0.00, 0.00, 0.00, 1.00, 0.00, 0.00, 0.00, 0.00, 0.00, 1.00, 0.00, 0.00, 0.00, 0.00, 0.00, 0.00, 0.00, 0.00
4859, 0, 183.174, 0.98, 1, 0.00, 0.00, 0.00, 0.00, 0.00, 0.00, 0.33, 0.93, 0.15, 0.92, 0.00, 0.00, 0.00, 0.00, 0.27, 0.89, 0.48, 0.00, 0.00, 0.00, 1.00, 0.00, 0.00, 0.00, 0.00, 0.00, 1.00, 0.00, 0.00, 0.00, 0.00, 0.00, 0.00, 0.00, 0.00
4860, 0, 183.212, 0.98, 1, 0.00, 0.00, 0.00, 0.00, 0.00, 0.00, 0.22, 0.92, 0.13, 0.71, 0.00, 0.33, 0.10, 0.00, 0.51, 0.96, 0.46, 0.00, 0.00, 0.00, 1.00, 0.00, 0.00, 0.00, 0.00, 0.00, 1.00, 0.00, 0.00, 0.00, 0.00, 0.00, 0.00, 0.00, 0.00
4861, 0, 183.249, 0.98, 1, 0.00, 0.00, 0.00, 0.00, 0.00, 0.00, 0.21, 0.71, 0.09, 0.51, 0.00, 0.39, 0.10, 0.10, 0.46, 0.82, 0.45, 0.00, 0.00, 0.00, 1.00, 0.00, 0.00, 0.00, 0.00, 0.00, 1.00, 0.00, 0.00, 0.00, 0.00, 0.00, 0.00, 0.00, 0.00
4862, 0, 183.287, 0.98, 1, 0.00, 0.00, 0.00, 0.00, 0.00, 0.00, 0.24, 0.46, 0.12, 0.52, 0.00, 0.46, 0.10, 0.20, 0.38, 0.69, 0.37, 0.00, 0.00, 0.00, 1.00, 0.00, 0.00, 0.00, 0.00, 0.00, 1.00, 0.00, 0.00, 0.00, 0.00, 0.00, 0.00, 0.00, 0.00
4863, 0, 183.325, 0.98, 1, 0.00, 0.00, 0.00, 0.00, 0.00, 0.00, 0.24, 0.35, 0.05, 0.55, 0.00, 0.21, 0.00, 0.20, 0.16, 0.35, 0.29, 0.00, 0.00, 0.00, 1.00, 0.00, 0.00, 0.00, 0.00, 0.00, 1.00, 0.00, 0.00, 0.00, 0.00, 0.00, 0.00, 0.00, 0.00
4864, 0, 183.362, 0.98, 1, 0.00, 0.00, 0.00, 0.00, 0.00, 0.03, 0.19, 0.62, 0.05, 0.58, 0.00, 0.38, 0.00, 0.10, 0.13, 0.28, 0.16, 0.00, 0.00, 0.00, 1.00, 0.00, 0.00, 0.00, 0.00, 0.00, 1.00, 0.00, 0.00, 0.00, 0.00, 0.00, 0.00, 0.00, 0.00
4865, 0, 183.400, 0.98, 1, 0.00, 0.00, 0.00, 0.00, 0.00, 0.03, 0.10, 0.84, 0.18, 0.49, 0.06, 0.32, 0.00, 0.00, 0.36, 0.15, 0.01, 0.00, 0.00, 0.00, 1.00, 0.00, 0.00, 0.00, 0.00, 0.00, 1.00, 0.00, 0.00, 0.00, 0.00, 0.00, 0.00, 0.00, 0.00
4866, 0, 183.438, 0.98, 1, 0.00, 0.00, 0.00, 0.00, 0.00, 0.03, 0.05, 0.87, 0.30, 0.59, 0.11, 0.24, 0.00, 0.03, 0.36, 0.15, 0.00, 0.00, 0.00, 0.00, 1.00, 0.00, 0.00, 0.00, 0.00, 0.00, 1.00, 0.00, 0.00, 0.00, 1.00, 0.00, 0.00, 0.00, 0.00
4867, 0, 183.476, 0.98, 1, 0.00, 0.00, 0.00, 0.00, 0.00, 0.00, 0.00, 0.73, 0.32, 0.69, 0.11, 0.01, 0.00, 0.07, 0.46, 0.12, 0.00, 0.00, 0.00, 0.00, 1.00, 0.00, 0.00, 0.00, 0.00, 0.00, 1.00, 0.00, 0.00, 0.00, 1.00, 0.00, 0.00, 0.00, 0.00
4868, 0, 183.513, 0.98, 1, 0.00, 0.00, 0.00, 0.00, 0.00, 0.00, 0.02, 0.56, 0.25, 0.84, 0.08, 0.00, 0.00, 0.13, 0.23, 0.07, 0.00, 0.00, 0.00, 0.00, 1.00, 0.00, 0.00, 0.00, 0.00, 0.00, 0.00, 0.00, 0.00, 0.00, 1.00, 0.00, 0.00, 0.00, 0.00
4869, 0, 183.551, 0.98, 1, 0.00, 0.00, 0.02, 0.04, 0.00, 0.00, 0.16, 0.44, 0.20, 0.91, 0.04, 0.00, 0.00, 0.09, 0.15, 0.07, 0.01, 0.00, 0.00, 0.00, 1.00, 0.00, 0.00, 0.00, 0.00, 0.00, 0.00, 0.00, 0.00, 0.00, 1.00, 0.00, 0.00, 0.00, 0.00
4870, 0, 183.589, 0.98, 1, 0.00, 0.00, 0.17, 0.04, 0.00, 0.00, 0.31, 0.73, 0.16, 0.75, 0.04, 0.00, 0.11, 0.06, 0.04, 0.00, 0.05, 0.00, 0.00, 0.00, 1.00, 0.00, 0.00, 0.00, 0.00, 0.00, 0.00, 0.00, 0.00, 0.00, 1.00, 0.00, 0.00, 0.00, 0.00
4871, 0, 183.626, 0.98, 1, 0.00, 0.00, 0.17, 0.04, 0.00, 0.00, 0.41, 1.10, 0.09, 0.74, 0.01, 0.00, 0.11, 0.00, 0.03, 0.00, 0.11, 0.00, 0.00, 0.00, 1.00, 0.00, 0.00, 0.00, 0.00, 0.00, 0.00, 0.00, 0.00, 0.00, 1.00, 0.00, 0.00, 0.00, 0.00
4872, 0, 183.664, 0.98, 1, 0.02, 0.00, 0.18, 0.00, 0.00, 0.00, 0.34, 1.44, 0.05, 0.66, 0.00, 0.00, 0.11, 0.02, 0.33, 0.00, 0.17, 0.00, 0.00, 0.00, 1.00, 0.00, 0.00, 0.00, 0.00, 0.00, 0.00, 0.00, 0.00, 0.00, 1.00, 0.00, 0.00, 0.00, 0.00
4873, 0, 183.702, 0.98, 1, 0.02, 0.00, 0.04, 0.00, 0.00, 0.01, 0.19, 1.29, 0.06, 0.77, 0.00, 0.03, 0.27, 0.02, 0.42, 0.10, 0.19, 0.00, 0.00, 0.00, 1.00, 0.00, 0.00, 0.00, 0.00, 0.00, 0.00, 0.00, 0.00, 0.00, 0.00, 0.00, 0.00, 0.00, 0.00
4874, 0, 183.740, 0.98, 1, 0.02, 0.00, 0.04, 0.00, 0.00, 0.01, 0.07, 1.11, 0.07, 0.80, 0.00, 0.10, 0.53, 0.02, 0.47, 0.17, 0.18, 0.00, 0.00, 0.00, 1.00, 0.00, 0.00, 0.00, 0.00, 0.00, 0.00, 0.00, 0.00, 0.00, 0.00, 0.00, 0.00, 0.00, 0.00
4875, 0, 183.777, 0.98, 1, 0.00, 0.00, 0.00, 0.00, 0.00, 0.01, 0.00, 1.13, 0.07, 1.05, 0.00, 0.17, 0.77, 0.01, 0.38, 0.21, 0.37, 0.00, 0.00, 0.00, 1.00, 0.00, 0.00, 0.00, 0.00, 0.00, 0.00, 0.00, 0.00, 0.00, 0.00, 0.00, 0.00, 0.00, 0.00
4876, 0, 183.815, 0.98, 1, 0.00, 0.00, 0.00, 0.00, 0.00, 0.00, 0.01, 1.27, 0.06, 1.42, 0.00, 0.14, 0.82, 0.01, 0.47, 0.14, 0.55, 0.00, 0.00, 0.00, 1.00, 0.00, 0.00, 0.00, 0.00, 0.00, 1.00, 0.00, 0.00, 0.00, 0.00, 0.00, 0.00, 0.00, 0.00
4877, 0, 183.853, 0.93, 1, 0.00, 0.00, 0.00, 0.00, 0.00, 0.00, 0.01, 1.49, 0.03, 1.55, 0.00, 0.09, 0.77, 0.01, 0.62, 0.13, 0.62, 0.00, 0.00, 0.00, 1.00, 0.00, 0.00, 0.00, 0.00, 0.00, 1.00, 0.00, 0.00, 0.00, 0.00, 0.00, 0.00, 0.00, 0.00
4878, 0, 183.890, 0.93, 1, 0.00, 0.00, 0.00, 0.00, 0.00, 0.00, 0.01, 1.54, 0.00, 1.48, 0.00, 0.02, 0.60, 0.00, 0.70, 0.16, 0.61, 0.00, 0.00, 0.00, 1.00, 0.00, 0.00, 0.00, 0.00, 0.00, 1.00, 0.00, 0.00, 0.00, 0.00, 0.00, 0.00, 0.00, 0.00
4879, 0, 183.928, 0.93, 1, 0.00, 0.00, 0.00, 0.00, 0.00, 0.00, 0.08, 1.55, 0.06, 1.31, 0.00, 0.02, 0.28, 0.00, 0.62, 0.25, 0.54, 0.00, 0.00, 0.00, 1.00, 0.00, 0.00, 0.00, 0.00, 0.00, 1.00, 0.00, 0.00, 0.00, 0.00, 0.00, 0.00, 0.00, 0.00
4880, 0, 183.966, 0.98, 1, 0.00, 0.00, 0.00, 0.00, 0.00, 0.03, 0.08, 1.30, 0.06, 1.17, 0.00, 0.15, 0.45, 0.02, 0.52, 0.27, 0.51, 0.00, 0.00, 0.00, 1.00, 0.00, 0.00, 0.00, 0.00, 0.00, 1.00, 0.00, 0.00, 0.00, 0.00, 0.00, 0.00, 0.00, 0.00
4881, 0, 184.003, 0.98, 1, 0.00, 0.00, 0.00, 0.00, 0.00, 0.03, 0.08, 0.84, 0.12, 1.19, 0.00, 0.15, 0.51, 0.06, 0.50, 0.28, 0.27, 0.00, 0.00, 0.00, 1.00, 0.00, 0.00, 0.00, 0.00, 0.00, 1.00, 0.00, 0.00, 0.00, 1.00, 0.00, 0.00, 0.00, 0.00
4882, 0, 184.041, 0.98, 1, 0.00, 0.00, 0.00, 0.00, 0.00, 0.03, 0.02, 0.58, 0.10, 1.14, 0.00, 0.15, 0.69, 0.13, 0.67, 0.21, 0.10, 0.00, 0.00, 0.00, 1.00, 0.00, 0.00, 0.00, 0.00, 0.00, 1.00, 0.00, 0.00, 0.00, 1.00, 0.00, 0.00, 0.00, 0.00
4883, 0, 184.079, 0.98, 1, 0.00, 0.00, 0.00, 0.00, 0.00, 0.00, 0.02, 0.69, 0.22, 1.20, 0.00, 0.00, 0.47, 0.13, 0.73, 0.19, 0.01, 0.00, 0.00, 0.00, 1.00, 0.00, 0.00, 0.00, 0.00, 0.00, 1.00, 0.00, 0.00, 0.00, 1.00, 0.00, 0.00, 0.00, 0.00
4884, 0, 184.117, 0.98, 1, 0.00, 0.00, 0.00, 0.00, 0.00, 0.00, 0.02, 1.01, 0.28, 1.10, 0.00, 0.00, 0.56, 0.10, 0.66, 0.20, 0.01, 0.00, 0.00, 0.00, 1.00, 0.00, 0.00, 0.00, 0.00, 0.00, 1.00, 0.00, 0.00, 0.00, 1.00, 0.00, 0.00, 0.00, 0.00
4885, 0, 184.154, 0.98, 1, 0.00, 0.00, 0.00, 0.00, 0.00, 0.00, 0.00, 0.91, 0.31, 0.89, 0.00, 0.02, 0.44, 0.03, 0.49, 0.29, 0.06, 0.00, 0.00, 0.00, 1.00, 0.00, 0.00, 0.00, 0.00, 0.00, 1.00, 0.00, 0.00, 0.00, 0.00, 0.00, 0.00, 0.00, 0.00
4886, 0, 184.192, 0.98, 1, 0.00, 0.00, 0.00, 0.00, 0.00, 0.00, 0.07, 0.51, 0.21, 0.70, 0.00, 0.02, 0.39, 0.01, 0.37, 0.47, 0.19, 0.00, 0.00, 0.00, 1.00, 0.00, 0.00, 0.00, 0.00, 0.00, 1.00, 0.00, 0.00, 0.00, 0.00, 0.00, 0.00, 0.00, 0.00
4887, 0, 184.230, 0.98, 1, 0.00, 0.00, 0.00, 0.00, 0.00, 0.00, 0.11, 0.18, 0.09, 0.62, 0.00, 0.02, 0.18, 0.00, 0.40, 0.52, 0.33, 0.00, 0.00, 0.00, 1.00, 0.00, 0.00, 0.00, 0.00, 0.00, 1.00, 0.00, 0.00, 0.00, 0.00, 0.00, 0.00, 0.00, 0.00
4888, 0, 184.267, 0.98, 1, 0.00, 0.00, 0.00, 0.00, 0.00, 0.00, 0.17, 0.23, 0.02, 0.72, 0.00, 0.00, 0.28, 0.00, 0.44, 0.57, 0.34, 0.00, 0.00, 0.00, 1.00, 0.00, 0.00, 0.00, 0.00, 0.00, 1.00, 0.00, 0.00, 0.00, 0.00, 0.00, 0.00, 0.00, 0.00
4889, 0, 184.305, 0.98, 1, 0.00, 0.00, 0.00, 0.00, 0.00, 0.00, 0.13, 0.37, 0.00, 0.85, 0.00, 0.00, 0.32, 0.00, 0.58, 0.45, 0.27, 0.00, 0.00, 0.00, 1.00, 0.00, 0.00, 0.00, 0.00, 0.00, 1.00, 0.00, 0.00, 0.00, 0.00, 0.00, 0.00, 0.00, 0.00
4890, 0, 184.343, 0.98, 1, 0.00, 0.00, 0.00, 0.00, 0.00, 0.00, 0.09, 0.71, 0.15, 1.04, 0.00, 0.00, 0.53, 0.01, 0.66, 0.35, 0.18, 0.00, 0.00, 0.00, 1.00, 0.00, 0.00, 0.00, 0.00, 0.00, 1.00, 0.00, 0.00, 0.00, 0.00, 0.00, 0.00, 0.00, 0.00
4891, 0, 184.381, 0.98, 1, 0.00, 0.00, 0.00, 0.00, 0.00, 0.00, 0.07, 0.99, 0.29, 1.07, 0.00, 0.00, 0.54, 0.01, 0.70, 0.25, 0.14, 0.00, 0.00, 0.00, 1.00, 0.00, 0.00, 0.00, 0.00, 0.00, 1.00, 0.00, 0.00, 0.00, 0.00, 0.00, 0.00, 0.00, 0.00
4892, 0, 184.418, 0.98, 1, 0.00, 0.00, 0.00, 0.00, 0.00, 0.00, 0.13, 1.25, 0.40, 1.03, 0.00, 0.00, 0.54, 0.01, 0.65, 0.23, 0.13, 0.00, 0.00, 0.00, 1.00, 0.00, 0.00, 0.00, 0.00, 0.00, 1.00, 0.00, 0.00, 0.00, 0.00, 0.00, 0.00, 0.00, 0.00
4893, 0, 184.456, 0.93, 1, 0.00, 0.00, 0.00, 0.00, 0.00, 0.00, 0.22, 1.27, 0.33, 0.95, 0.00, 0.00, 0.51, 0.00, 0.52, 0.29, 0.09, 0.00, 0.00, 0.00, 1.00, 0.00, 0.00, 0.00, 0.00, 0.00, 1.00, 0.00, 0.00, 0.00, 0.00, 0.00, 0.00, 0.00, 0.00
4894, 0, 184.494, 0.93, 1, 0.00, 0.00, 0.00, 0.00, 0.00, 0.00, 0.24, 1.47, 0.25, 1.00, 0.00, 0.00, 0.46, 0.00, 0.51, 0.34, 0.06, 0.00, 0.00, 0.00, 1.00, 0.00, 0.00, 0.00, 0.00, 0.00, 1.00, 0.00, 0.00, 0.00, 0.00, 0.00, 0.00, 0.00, 0.00
4895, 0, 184.531, 0.98, 1, 0.00, 0.00, 0.00, 0.00, 0.00, 0.00, 0.23, 1.40, 0.13, 1.04, 0.00, 0.06, 0.69, 0.09, 0.35, 0.36, 0.05, 0.00, 0.00, 0.00, 1.00, 0.00, 0.00, 0.00, 0.00, 0.00, 1.00, 0.00, 0.00, 0.00, 0.00, 0.00, 0.00, 0.00, 0.00
4896, 0, 184.569, 0.98, 1, 0.00, 0.00, 0.00, 0.00, 0.00, 0.04, 0.21, 1.31, 0.06, 0.90, 0.00, 0.13, 0.90, 0.18, 0.19, 0.35, 0.15, 0.00, 0.00, 0.00, 1.00, 0.00, 0.00, 0.00, 0.00, 0.00, 1.00, 0.00, 1.00, 0.00, 0.00, 0.00, 0.00, 0.00, 0.00
4897, 0, 184.607, 0.98, 1, 0.00, 0.00, 0.00, 0.00, 0.00, 0.04, 0.25, 1.13, 0.00, 0.92, 0.00, 0.20, 1.03, 0.19, 0.06, 0.32, 0.23, 0.00, 0.00, 0.00, 1.00, 0.00, 0.00, 0.00, 0.00, 0.00, 1.00, 0.00, 1.00, 0.00, 1.00, 0.00, 0.00, 0.00, 0.00
4898, 0, 184.644, 0.98, 1, 0.00, 0.00, 0.00, 0.00, 0.00, 0.04, 0.19, 1.14, 0.00, 0.87, 0.00, 0.19, 0.79, 0.14, 0.11, 0.28, 0.25, 0.00, 0.00, 0.00, 1.00, 0.00, 0.00, 0.00, 0.00, 0.00, 1.00, 0.00, 1.00, 0.00, 1.00, 0.00, 0.00, 0.00, 0.00
4899, 0, 184.682, 0.98, 1, 0.00, 0.00, 0.00, 0.00, 0.00, 0.00, 0.13, 1.13, 0.00, 0.86, 0.00, 0.21, 0.50, 0.09, 0.11, 0.30, 0.23, 0.00, 0.00, 0.00, 1.00, 0.00, 0.00, 0.00, 0.00, 0.00, 0.00, 0.00, 1.00, 0.00, 1.00, 0.00, 0.00, 0.00, 0.00
4900, 0, 184.720, 0.98, 1, 0.00, 0.00, 0.00, 0.00, 0.00, 0.00, 0.03, 0.80, 0.01, 0.56, 0.00, 0.14, 0.42, 0.08, 0.28, 0.23, 0.29, 0.00, 0.00, 0.00, 1.00, 0.00, 0.00, 0.00, 0.00, 0.00, 0.00, 0.00, 1.00, 0.00, 0.00, 0.00, 0.00, 0.00, 0.00
4901, 0, 184.758, 0.98, 1, 0.00, 0.00, 0.00, 0.00, 0.00, 0.00, 0.03, 0.51, 0.07, 0.38, 0.00, 0.09, 0.33, 0.04, 0.35, 0.22, 0.33, 0.00, 0.00, 0.00, 1.00, 0.00, 0.00, 0.00, 0.00, 0.00, 0.00, 0.00, 0.00, 0.00, 0.00, 0.00, 0.00, 0.00, 0.00
4902, 0, 184.795, 0.93, 1, 0.00, 0.00, 0.00, 0.00, 0.00, 0.00, 0.04, 0.38, 0.07, 0.29, 0.00, 0.00, 0.23, 0.00, 0.35, 0.15, 0.41, 0.00, 0.00, 0.00, 1.00, 0.00, 0.00, 0.00, 0.00, 0.00, 0.00, 0.00, 0.00, 0.00, 0.00, 0.00, 0.00, 0.00, 0.00
4903, 0, 184.833, 0.93, 1, 0.00, 0.00, 0.00, 0.00, 0.00, 0.00, 0.04, 0.43, 0.06, 0.34, 0.00, 0.00, 0.07, 0.00, 0.28, 0.23, 0.48, 0.00, 0.00, 0.00, 1.00, 0.00, 0.00, 0.00, 0.00, 0.00, 0.00, 0.00, 0.00, 0.00, 0.00, 0.00, 0.00, 0.00, 0.00
4904, 0, 184.871, 0.98, 1, 0.00, 0.00, 0.00, 0.00, 0.00, 0.00, 0.04, 0.49, 0.03, 0.50, 0.00, 0.00, 0.03, 0.00, 0.34, 0.15, 0.55, 0.00, 0.00, 0.00, 1.00, 0.00, 0.00, 0.00, 0.00, 0.00, 0.00, 0.00, 0.00, 0.00, 0.00, 0.00, 0.00, 0.00, 0.00
4905, 0, 184.908, 0.98, 1, 0.00, 0.00, 0.00, 0.00, 0.00, 0.00, 0.00, 0.61, 0.18, 0.64, 0.00, 0.00, 0.03, 0.01, 0.58, 0.22, 0.38, 0.00, 0.00, 0.00, 1.00, 0.00, 0.00, 0.00, 0.00, 0.00, 0.00, 0.00, 0.00, 0.00, 0.00, 0.00, 0.00, 0.00, 0.00
4906, 0, 184.946, 0.98, 1, 0.00, 0.00, 0.00, 0.00, 0.00, 0.00, 0.00, 0.65, 0.31, 0.85, 0.00, 0.00, 0.01, 0.01, 0.64, 0.24, 0.28, 0.00, 0.00, 0.00, 1.00, 0.00, 0.00, 0.00, 0.00, 0.00, 0.00, 0.00, 0.00, 0.00, 0.00, 0.00, 0.00, 0.00, 0.00
4907, 0, 184.984, 0.98, 1, 0.00, 0.00, 0.00, 0.00, 0.00, 0.00, 0.10, 0.80, 0.41, 1.11, 0.00, 0.00, 0.09, 0.01, 0.70, 0.45, 0.21, 0.00, 0.00, 0.00, 1.00, 0.00, 0.00, 0.00, 0.00, 0.00, 1.00, 0.00, 0.00, 0.00, 0.00, 0.00, 0.00, 0.00, 0.00
4908, 0, 185.022, 0.98, 1, 0.00, 0.00, 0.00, 0.00, 0.00, 0.00, 0.13, 0.69, 0.35, 1.18, 0.00, 0.00, 0.09, 0.01, 0.63, 0.57, 0.33, 0.00, 0.00, 0.00, 1.00, 0.00, 0.00, 0.00, 0.00, 0.00, 1.00, 0.00, 0.00, 0.00, 0.00, 0.00, 0.00, 0.00, 0.00
4909, 0, 185.059, 0.98, 1, 0.00, 0.00, 0.00, 0.00, 0.00, 0.00, 0.14, 0.66, 0.32, 1.17, 0.00, 0.00, 0.07, 0.02, 0.65, 0.69, 0.38, 0.00, 0.00, 0.00, 1.00, 0.00, 0.00, 0.00, 0.00, 0.00, 1.00, 0.00, 0.00, 0.00, 1.00, 0.00, 0.00, 0.00, 0.00
4910, 0, 185.097, 0.98, 1, 0.00, 0.00, 0.06, 0.00, 0.00, 0.01, 0.09, 0.68, 0.19, 0.69, 0.00, 0.02, 0.00, 0.02, 0.84, 0.67, 0.40, 0.00, 0.00, 0.00, 1.00, 0.00, 0.00, 0.00, 0.00, 0.00, 1.00, 0.00, 0.00, 0.00, 1.00, 0.00, 0.00, 0.00, 0.00
4911, 0, 185.135, 0.98, 1, 0.00, 0.00, 0.16, 0.00, 0.00, 0.16, 0.13, 0.84, 0.14, 0.41, 0.00, 0.04, 0.00, 0.02, 0.97, 0.69, 0.29, 0.00, 0.00, 0.00, 1.00, 0.00, 0.00, 0.00, 0.00, 0.00, 0.00, 0.00, 0.00, 0.00, 1.00, 0.00, 0.00, 0.00, 0.00
4912, 0, 185.172, 0.98, 1, 0.00, 0.00, 0.23, 0.00, 0.00, 0.29, 0.19, 1.05, 0.07, 0.16, 0.00, 0.04, 0.00, 0.03, 0.99, 0.65, 0.14, 0.00, 0.00, 0.00, 1.00, 0.00, 0.00, 0.00, 0.00, 0.00, 0.00, 0.00, 0.00, 0.00, 1.00, 0.00, 0.00, 0.00, 0.00
4913, 0, 185.210, 0.98, 1, 0.00, 0.00, 0.25, 0.00, 0.00, 0.47, 0.26, 1.22, 0.08, 0.36, 0.00, 0.01, 0.00, 0.03, 0.83, 0.64, 0.00, 0.00, 0.00, 0.00, 1.00, 0.00, 0.00, 0.00, 0.00, 0.00, 0.00, 0.00, 0.00, 0.00, 0.00, 0.00, 0.00, 0.00, 0.00
4914, 0, 185.248, 0.98, 1, 0.00, 0.00, 0.18, 0.00, 0.00, 0.31, 0.36, 1.22, 0.07, 0.40, 0.00, 0.00, 0.00, 0.02, 0.80, 0.59, 0.00, 0.00, 0.00, 0.00, 1.00, 0.00, 0.00, 0.00, 0.00, 0.00, 0.00, 0.00, 0.00, 0.00, 0.00, 0.00, 0.00, 0.00, 0.00
4915, 0, 185.285, 0.98, 1, 0.00, 0.00, 0.11, 0.00, 0.00, 0.18, 0.38, 1.46, 0.07, 0.51, 0.00, 0.00, 0.39, 0.00, 0.67, 0.38, 0.16, 0.00, 0.00, 0.00, 1.00, 0.00, 0.00, 0.00, 0.00, 0.00, 0.00, 0.00, 0.00, 0.00, 0.00, 0.00, 0.00, 0.00, 0.00
4916, 0, 185.323, 0.98, 1, 0.00, 0.00, 0.03, 0.00, 0.00, 0.10, 0.39, 1.62, 0.10, 0.66, 0.00, 0.00, 0.93, 0.00, 0.45, 0.19, 0.33, 0.00, 0.00, 0.00, 1.00, 0.00, 0.00, 0.00, 1.00, 0.00, 0.00, 0.00, 0.00, 1.00, 0.00, 0.00, 0.00, 0.00, 0.00
4917, 0, 185.361, 0.98, 1, 0.00, 0.00, 0.00, 0.00, 0.01, 0.20, 0.30, 1.91, 0.19, 0.94, 0.00, 0.00, 1.26, 0.00, 0.23, 0.00, 0.53, 0.00, 0.00, 0.00, 1.00, 0.00, 0.00, 0.00, 1.00, 0.00, 0.00, 0.00, 0.00, 1.00, 0.00, 0.00, 0.00, 0.00, 0.00
4918, 0, 185.399, 0.98, 1, 0.00, 0.00, 0.00, 0.00, 0.01, 0.32, 0.27, 1.87, 0.27, 1.12, 0.00, 0.00, 1.28, 0.00, 0.26, 0.00, 0.44, 0.00, 0.00, 0.00, 1.00, 0.00, 0.00, 0.00, 1.00, 0.00, 0.00, 0.00, 0.00, 1.00, 0.00, 0.00, 0.00, 0.00, 0.00
4919, 0, 185.436, 0.98, 1, 0.00, 0.00, 0.00, 0.00, 0.01, 0.32, 0.20, 1.92, 0.32, 1.20, 0.00, 0.00, 1.00, 0.00, 0.25, 0.00, 0.34, 0.00, 0.00, 0.00, 1.00, 0.00, 0.00, 0.00, 1.00, 0.00, 0.00, 0.00, 0.00, 1.00, 0.00, 0.00, 0.00, 0.00, 0.00
4920, 0, 185.474, 0.98, 1, 0.00, 0.00, 0.00, 0.15, 0.00, 0.21, 0.13, 1.53, 0.23, 0.82, 0.00, 0.24, 0.72, 0.08, 0.19, 0.00, 0.19, 0.00, 0.00, 0.00, 1.00, 0.00, 0.00, 0.00, 1.00, 0.00, 0.00, 0.00, 0.00, 0.00, 0.00, 0.00, 0.00, 0.00, 0.00
4921, 0, 185.512, 0.98, 1, 0.00, 0.00, 0.00, 0.28, 0.00, 0.10, 0.06, 1.20, 0.15, 0.43, 0.00, 0.49, 0.39, 0.16, 0.05, 0.00, 0.18, 0.00, 0.00, 0.00, 1.00, 0.00, 0.00, 0.00, 0.00, 0.00, 0.00, 0.00, 0.00, 0.00, 0.00, 0.00, 0.00, 0.00, 0.00
4922, 0, 185.549, 0.98, 1, 0.00, 0.00, 0.00, 0.31, 0.00, 0.00, 0.00, 0.78, 0.11, 0.00, 0.00, 0.71, 0.27, 0.16, 0.00, 0.01, 0.24, 0.00, 0.00, 0.00, 1.00, 0.00, 0.00, 0.00, 0.00, 0.00, 0.00, 0.00, 0.00, 0.00, 0.00, 0.00, 0.00, 0.00, 0.00
4923, 0, 185.587, 0.98, 1, 0.05, 0.03, 0.00, 0.16, 0.00, 0.00, 0.01, 0.78, 0.09, 0.00, 0.00, 0.71, 0.47, 0.09, 0.00, 0.11, 0.27, 0.00, 0.00, 0.00, 1.00, 0.00, 0.00, 0.00, 0.00, 0.00, 0.00, 0.00, 0.00, 0.00, 0.00, 0.00, 0.00, 0.00, 0.00
4924, 0, 185.625, 0.98, 1, 0.05, 0.03, 0.00, 0.03, 0.00, 0.00, 0.01, 0.80, 0.09, 0.00, 0.00, 0.66, 0.59, 0.01, 0.00, 0.33, 0.29, 0.00, 0.00, 0.00, 1.00, 0.00, 0.00, 0.00, 0.00, 0.00, 0.00, 0.00, 0.00, 0.00, 0.00, 0.00, 0.00, 0.00, 0.00
4925, 0, 185.663, 0.98, 1, 0.05, 0.03, 0.00, 0.00, 0.00, 0.00, 0.01, 1.02, 0.18, 0.26, 0.00, 0.62, 0.74, 0.08, 0.13, 0.61, 0.28, 0.00, 0.00, 0.00, 1.00, 0.00, 0.00, 0.00, 0.00, 0.00, 0.00, 0.00, 0.00, 0.00, 0.00, 0.00, 0.00, 0.00, 0.00
4926, 0, 185.700, 0.98, 1, 0.00, 0.00, 0.00, 0.00, 0.00, 0.00, 0.00, 1.28, 0.29, 0.61, 0.00, 0.67, 0.65, 0.07, 0.13, 0.76, 0.31, 0.00, 0.00, 0.00, 1.00, 0.00, 0.00, 0.00, 0.00, 0.00, 1.00, 0.00, 0.00, 0.00, 0.00, 0.00, 0.00, 0.00, 0.00
4927, 0, 185.738, 0.98, 1, 0.00, 0.00, 0.00, 0.00, 0.00, 0.00, 0.00, 1.50, 0.38, 0.97, 0.00, 0.71, 0.61, 0.07, 0.13, 0.75, 0.33, 0.00, 0.00, 0.00, 1.00, 0.00, 0.00, 0.00, 0.00, 0.00, 1.00, 0.00, 0.00, 0.00, 0.00, 0.00, 0.00, 0.00, 0.00
4928, 0, 185.776, 0.98, 1, 0.00, 0.00, 0.00, 0.02, 0.00, 0.00, 0.00, 1.42, 0.36, 1.14, 0.00, 0.70, 0.41, 0.00, 0.05, 0.72, 0.46, 0.00, 0.00, 0.00, 1.00, 0.00, 0.00, 0.00, 0.00, 0.00, 1.00, 0.00, 0.00, 0.00, 0.00, 0.00, 0.00, 0.00, 0.00
4929, 0, 185.813, 0.93, 1, 0.00, 0.00, 0.00, 0.13, 0.00, 0.00, 0.00, 1.30, 0.33, 1.24, 0.00, 0.49, 0.33, 0.01, 0.05, 0.59, 0.65, 0.00, 0.00, 0.00, 1.00, 0.00, 0.00, 0.00, 0.00, 0.00, 1.00, 0.00, 0.00, 0.00, 0.00, 0.00, 0.00, 0.00, 0.00
4930, 0, 185.851, 0.93, 1, 0.04, 0.00, 0.00, 0.13, 0.00, 0.00, 0.00, 1.03, 0.22, 0.90, 0.00, 0.27, 0.20, 0.04, 0.19, 0.38, 0.63, 0.00, 0.00, 0.00, 1.00, 0.00, 0.00, 0.00, 0.00, 0.00, 1.00, 0.00, 0.00, 0.00, 0.00, 0.00, 0.00, 0.00, 0.00
4931, 0, 185.889, 0.93, 1, 0.09, 0.00, 0.00, 0.10, 0.00, 0.00, 0.03, 0.97, 0.10, 0.62, 0.00, 0.10, 0.19, 0.10, 0.17, 0.11, 0.43, 0.00, 0.00, 0.00, 1.00, 0.00, 0.00, 0.00, 0.00, 0.00, 1.00, 0.00, 0.00, 0.00, 0.00, 0.00, 0.00, 0.00, 0.00
4932, 0, 185.926, 0.93, 1, 0.09, 0.00, 0.00, 0.00, 0.00, 0.00, 0.10, 0.82, 0.06, 0.54, 0.00, 0.02, 0.11, 0.16, 0.18, 0.00, 0.14, 0.00, 0.00, 0.00, 1.00, 0.00, 0.00, 0.00, 0.00, 0.00, 1.00, 0.00, 0.00, 0.00, 0.00, 0.00, 0.00, 0.00, 0.00
4933, 0, 185.964, 0.98, 1, 0.05, 0.00, 0.00, 0.00, 0.00, 0.00, 0.15, 0.82, 0.11, 0.91, 0.00, 0.00, 0.08, 0.19, 0.08, 0.00, 0.06, 0.00, 0.00, 0.00, 1.00, 0.00, 0.00, 0.00, 0.00, 0.00, 1.00, 0.00, 0.00, 0.00, 0.00, 0.00, 0.00, 0.00, 0.00
4934, 0, 186.002, 0.98, 1, 0.00, 0.00, 0.00, 0.00, 0.00, 0.00, 0.22, 0.78, 0.16, 1.06, 0.00, 0.00, 0.07, 0.20, 0.17, 0.00, 0.02, 0.00, 0.00, 0.00, 1.00, 0.00, 0.00, 0.00, 0.00, 0.00, 0.00, 0.00, 0.00, 0.00, 1.00, 0.00, 0.00, 0.00, 0.00
4935, 0, 186.040, 0.98, 1, 0.00, 0.00, 0.00, 0.00, 0.00, 0.00, 0.15, 0.79, 0.14, 0.99, 0.00, 0.18, 0.07, 0.27, 0.17, 0.00, 0.02, 0.00, 0.00, 0.00, 1.00, 0.00, 0.00, 0.00, 0.00, 0.00, 1.00, 0.00, 0.00, 0.00, 1.00, 0.00, 0.00, 0.00, 0.00
4936, 0, 186.077, 0.98, 1, 0.00, 0.00, 0.00, 0.00, 0.00, 0.00, 0.09, 0.89, 0.17, 0.92, 0.00, 0.27, 0.07, 0.34, 0.13, 0.00, 0.01, 0.00, 0.00, 0.00, 1.00, 0.00, 0.00, 0.00, 0.00, 0.00, 1.00, 0.00, 0.00, 0.00, 1.00, 0.00, 0.00, 0.00, 0.00
4937, 0, 186.115, 0.98, 1, 0.00, 0.03, 0.00, 0.00, 0.00, 0.00, 0.00, 0.97, 0.20, 1.01, 0.00, 0.32, 0.00, 0.44, 0.02, 0.00, 0.00, 0.00, 0.00, 0.00, 1.00, 0.00, 0.00, 0.00, 0.00, 0.00, 1.00, 0.00, 0.00, 0.00, 1.00, 0.00, 0.00, 0.00, 0.00
4938, 0, 186.153, 0.98, 1, 0.00, 0.14, 0.00, 0.00, 0.00, 0.00, 0.00, 0.94, 0.24, 1.04, 0.00, 0.23, 0.00, 0.45, 0.01, 0.00, 0.00, 0.00, 0.00, 0.00, 1.00, 0.00, 0.00, 0.00, 0.00, 0.00, 1.00, 0.00, 0.00, 0.00, 1.00, 0.00, 0.00, 0.00, 0.00
4939, 0, 186.190, 0.98, 1, 0.00, 0.27, 0.00, 0.00, 0.00, 0.00, 0.00, 0.77, 0.18, 1.09, 0.00, 0.29, 0.18, 0.39, 0.01, 0.00, 0.00, 0.00, 0.00, 0.00, 1.00, 0.00, 0.00, 0.00, 0.00, 0.00, 1.00, 0.00, 0.00, 0.00, 1.00, 0.00, 0.00, 0.00, 0.00
4940, 0, 186.228, 0.98, 1, 0.00, 0.24, 0.00, 0.00, 0.00, 0.03, 0.00, 0.76, 0.15, 0.82, 0.00, 0.24, 0.42, 0.21, 0.35, 0.16, 0.00, 0.00, 0.00, 0.00, 1.00, 0.00, 0.00, 0.00, 0.00, 0.00, 1.00, 0.00, 0.00, 0.00, 1.00, 0.00, 0.00, 0.00, 0.00
4941, 0, 186.266, 0.98, 1, 0.00, 0.14, 0.00, 0.00, 0.00, 0.03, 0.00, 0.75, 0.08, 0.77, 0.00, 0.16, 0.66, 0.10, 0.75, 0.39, 0.21, 0.00, 0.00, 0.00, 1.00, 0.00, 0.00, 0.00, 0.00, 0.00, 1.00, 0.00, 0.00, 0.00, 0.00, 0.00, 0.00, 0.00, 0.00
4942, 0, 186.304, 0.98, 1, 0.00, 0.00, 0.00, 0.00, 0.00, 0.03, 0.00, 0.66, 0.07, 0.69, 0.00, 0.00, 0.78, 0.02, 1.10, 0.64, 0.46, 0.00, 0.00, 0.00, 1.00, 0.00, 0.00, 0.00, 0.00, 0.00, 1.00, 0.00, 0.00, 0.00, 0.00, 0.00, 0.00, 0.00, 0.00
4943, 0, 186.341, 0.98, 1, 0.00, 0.00, 0.00, 0.00, 0.00, 0.00, 0.00, 0.61, 0.07, 0.94, 0.00, 0.00, 0.79, 0.02, 1.11, 0.71, 0.57, 0.00, 0.00, 0.00, 1.00, 0.00, 0.00, 0.00, 0.00, 0.00, 1.00, 0.00, 0.00, 0.00, 0.00, 0.00, 0.00, 0.00, 0.00
4944, 0, 186.379, 0.98, 1, 0.00, 0.00, 0.00, 0.00, 0.00, 0.00, 0.00, 0.64, 0.09, 1.03, 0.00, 0.00, 0.83, 0.00, 1.06, 0.71, 0.46, 0.00, 0.00, 0.00, 1.00, 0.00, 0.00, 0.00, 0.00, 0.00, 1.00, 0.00, 0.00, 0.00, 0.00, 0.00, 0.00, 0.00, 0.00
4945, 0, 186.417, 0.98, 1, 0.00, 0.00, 0.00, 0.00, 0.00, 0.00, 0.00, 0.96, 0.15, 1.01, 0.00, 0.00, 0.52, 0.15, 0.88, 0.55, 0.20, 0.00, 0.00, 0.00, 1.00, 0.00, 0.00, 0.00, 0.00, 0.00, 1.00, 0.00, 0.00, 0.00, 0.00, 0.00, 0.00, 0.00, 0.00
4946, 0, 186.454, 0.98, 1, 0.00, 0.00, 0.00, 0.00, 0.00, 0.00, 0.00, 0.93, 0.14, 1.01, 0.00, 0.00, 0.27, 0.23, 0.71, 0.38, 0.18, 0.00, 0.00, 0.00, 1.00, 0.00, 0.00, 0.00, 0.00, 0.00, 1.00, 0.00, 0.00, 0.00, 0.00, 0.00, 0.00, 0.00, 0.00
4947, 0, 186.492, 0.98, 1, 0.00, 0.00, 0.00, 0.00, 0.00, 0.00, 0.00, 0.91, 0.15, 0.99, 0.00, 0.00, 0.15, 0.35, 0.67, 0.42, 0.14, 0.00, 0.00, 0.00, 1.00, 0.00, 0.00, 0.00, 0.00, 0.00, 1.00, 0.00, 0.00, 0.00, 0.00, 0.00, 0.00, 0.00, 0.00
4948, 0, 186.530, 0.98, 1, 0.00, 0.00, 0.00, 0.00, 0.00, 0.00, 0.00, 0.65, 0.12, 0.99, 0.00, 0.00, 0.15, 0.29, 0.90, 0.59, 0.43, 0.00, 0.00, 0.00, 1.00, 0.00, 0.00, 0.00, 0.00, 0.00, 0.00, 0.00, 0.00, 0.00, 0.00, 0.00, 0.00, 0.00, 0.00
4949, 0, 186.567, 0.98, 1, 0.00, 0.00, 0.00, 0.00, 0.00, 0.09, 0.00, 0.60, 0.17, 0.95, 0.00, 0.00, 0.15, 0.21, 0.95, 0.73, 0.35, 0.00, 0.00, 0.00, 1.00, 0.00, 0.00, 0.00, 0.00, 0.00, 0.00, 0.00, 0.00, 0.00, 0.00, 0.00, 0.00, 0.00, 0.00
4950, 0, 186.605, 0.98, 1, 0.00, 0.00, 0.00, 0.00, 0.00, 0.09, 0.00, 0.91, 0.18, 0.81, 0.00, 0.00, 0.26, 0.09, 0.84, 0.45, 0.28, 0.00, 0.00, 0.00, 1.00, 0.00, 0.00, 0.00, 0.00, 0.00, 0.00, 0.00, 0.00, 0.00, 0.00, 0.00, 0.00, 0.00, 0.00
4951, 0, 186.643, 0.98, 1, 0.00, 0.00, 0.00, 0.00, 0.00, 0.09, 0.00, 1.25, 0.22, 0.85, 0.00, 0.03, 0.45, 0.01, 0.53, 0.22, 0.00, 0.00, 0.00, 0.00, 1.00, 0.00, 0.00, 0.00, 1.00, 0.00, 1.00, 0.00, 0.00, 0.00, 0.00, 0.00, 0.00, 0.00, 0.00
4952, 0, 186.681, 0.98, 1, 0.00, 0.00, 0.00, 0.00, 0.00, 0.00, 0.00, 1.57, 0.21, 0.91, 0.00, 0.03, 0.65, 0.04, 0.40, 0.02, 0.00, 0.00, 0.00, 0.00, 1.00, 0.00, 0.00, 0.00, 1.00, 0.00, 1.00, 0.00, 0.00, 0.00, 0.00, 0.00, 0.00, 0.00, 0.00
4953, 0, 186.718, 0.98, 1, 0.00, 0.00, 0.00, 0.00, 0.00, 0.00, 0.00, 1.57, 0.19, 1.14, 0.00, 0.03, 0.51, 0.04, 0.27, 0.02, 0.00, 0.00, 0.00, 0.00, 1.00, 0.00, 0.00, 0.00, 1.00, 0.00, 1.00, 0.00, 0.00, 1.00, 0.00, 0.00, 0.00, 0.00, 0.00
4954, 0, 186.756, 0.98, 1, 0.00, 0.00, 0.00, 0.00, 0.00, 0.00, 0.00, 1.61, 0.19, 1.19, 0.00, 0.00, 0.54, 0.05, 0.37, 0.00, 0.00, 0.00, 0.00, 0.00, 1.00, 0.00, 0.00, 0.00, 1.00, 0.00, 0.00, 0.00, 0.00, 1.00, 0.00, 0.00, 0.00, 0.00, 0.00
4955, 0, 186.794, 0.98, 1, 0.00, 0.00, 0.00, 0.00, 0.00, 0.00, 0.00, 1.54, 0.16, 1.04, 0.00, 0.00, 0.50, 0.10, 0.46, 0.06, 0.06, 0.00, 0.00, 0.00, 1.00, 0.00, 0.00, 0.00, 1.00, 0.00, 0.00, 0.00, 0.00, 0.00, 0.00, 0.00, 0.00, 0.00, 0.00
4956, 0, 186.831, 0.98, 1, 0.00, 0.00, 0.00, 0.00, 0.00, 0.00, 0.00, 1.43, 0.17, 0.81, 0.00, 0.00, 0.46, 0.18, 0.63, 0.14, 0.19, 0.00, 0.00, 0.00, 1.00, 0.00, 0.00, 0.00, 0.00, 0.00, 0.00, 0.00, 0.00, 0.00, 0.00, 0.00, 0.00, 0.00, 0.00
4957, 0, 186.869, 0.98, 1, 0.00, 0.00, 0.00, 0.00, 0.00, 0.00, 0.00, 1.35, 0.14, 0.44, 0.00, 0.00, 0.34, 0.27, 0.70, 0.21, 0.19, 0.00, 0.00, 0.00, 1.00, 0.00, 0.00, 0.00, 0.00, 0.00, 0.00, 0.00, 0.00, 0.00, 0.00, 0.00, 0.00, 0.00, 0.00
4958, 0, 186.907, 0.98, 1, 0.00, 0.00, 0.00, 0.00, 0.00, 0.00, 0.00, 1.37, 0.18, 0.29, 0.00, 0.00, 0.18, 0.20, 0.65, 0.17, 0.22, 0.00, 0.00, 0.00, 1.00, 0.00, 0.00, 0.00, 0.00, 0.00, 0.00, 0.00, 0.00, 0.00, 0.00, 0.00, 0.00, 0.00, 0.00
4959, 0, 186.945, 0.98, 1, 0.00, 0.00, 0.00, 0.07, 0.00, 0.00, 0.00, 1.26, 0.15, 0.08, 0.00, 0.00, 0.12, 0.16, 0.51, 0.09, 0.30, 0.00, 0.00, 0.00, 1.00, 0.00, 0.00, 0.00, 0.00, 0.00, 0.00, 0.00, 0.00, 0.00, 0.00, 0.00, 0.00, 0.00, 0.00
4960, 0, 186.982, 0.98, 1, 0.00, 0.00, 0.00, 0.07, 0.00, 0.00, 0.00, 1.35, 0.25, 0.34, 0.04, 0.06, 0.28, 0.10, 0.30, 0.14, 0.53, 0.00, 0.00, 0.00, 1.00, 0.00, 0.00, 0.00, 0.00, 0.00, 0.00, 0.00, 0.00, 0.00, 0.00, 0.00, 0.00, 0.00, 0.00
4961, 0, 187.020, 0.98, 1, 0.00, 0.00, 0.00, 0.07, 0.00, 0.00, 0.00, 1.52, 0.27, 0.59, 0.04, 0.18, 0.32, 0.10, 0.15, 0.27, 0.44, 0.00, 0.00, 0.00, 1.00, 0.00, 0.00, 0.00, 0.00, 0.00, 0.00, 0.00, 0.00, 0.00, 1.00, 0.00, 0.00, 0.00, 0.00
4962, 0, 187.058, 0.98, 1, 0.00, 0.00, 0.00, 0.00, 0.00, 0.00, 0.00, 1.79, 0.36, 0.85, 0.04, 0.29, 0.30, 0.06, 0.05, 0.41, 0.23, 0.00, 0.00, 0.00, 1.00, 0.00, 0.00, 0.00, 0.00, 0.00, 0.00, 0.00, 0.00, 0.00, 1.00, 0.00, 0.00, 0.00, 0.00
4963, 0, 187.095, 0.98, 1, 0.00, 0.00, 0.00, 0.00, 0.00, 0.04, 0.00, 1.64, 0.31, 0.94, 0.00, 0.24, 0.18, 0.02, 0.04, 0.35, 0.00, 0.00, 0.00, 0.00, 1.00, 0.00, 0.00, 0.00, 0.00, 0.00, 0.00, 0.00, 0.00, 0.00, 1.00, 0.00, 0.00, 0.00, 0.00
4964, 0, 187.133, 0.98, 1, 0.00, 0.00, 0.00, 0.00, 0.00, 0.17, 0.01, 1.40, 0.26, 0.95, 0.00, 0.12, 0.21, 0.01, 0.14, 0.20, 0.00, 0.00, 0.00, 0.00, 1.00, 0.00, 0.00, 0.00, 0.00, 0.00, 0.00, 0.00, 0.00, 0.00, 1.00, 0.00, 0.00, 0.00, 0.00
4965, 0, 187.171, 0.98, 1, 0.00, 0.00, 0.00, 0.00, 0.03, 0.24, 0.01, 1.12, 0.21, 0.82, 0.05, 0.18, 0.55, 0.07, 0.30, 0.10, 0.00, 0.00, 0.00, 0.00, 1.00, 0.00, 0.00, 0.00, 0.00, 0.00, 0.00, 0.00, 0.00, 0.00, 1.00, 0.00, 0.00, 0.00, 0.00
4966, 0, 187.208, 0.98, 1, 0.00, 0.00, 0.00, 0.00, 0.03, 0.20, 0.02, 0.98, 0.18, 0.52, 0.05, 0.22, 0.60, 0.11, 0.27, 0.04, 0.00, 0.00, 0.00, 0.00, 1.00, 0.00, 0.00, 0.00, 0.00, 0.00, 0.00, 0.00, 0.00, 0.00, 1.00, 0.00, 0.00, 0.00, 0.00
4967, 0, 187.246, 0.98, 1, 0.00, 0.00, 0.00, 0.00, 0.03, 0.23, 0.15, 0.95, 0.17, 0.18, 0.05, 0.22, 0.65, 0.12, 0.17, 0.04, 0.00, 0.00, 0.00, 0.00, 1.00, 0.00, 0.00, 0.00, 0.00, 0.00, 0.00, 0.00, 0.00, 0.00, 1.00, 0.00, 0.00, 0.00, 0.00
4968, 0, 187.284, 0.98, 1, 0.00, 0.00, 0.00, 0.00, 0.00, 0.16, 0.21, 0.78, 0.16, 0.24, 0.00, 0.04, 0.39, 0.09, 0.00, 0.04, 0.00, 0.00, 0.00, 0.00, 1.00, 0.00, 0.00, 0.00, 0.00, 0.00, 0.00, 0.00, 0.00, 0.00, 0.00, 0.00, 0.00, 0.00, 0.00
4969, 0, 187.322, 0.98, 1, 0.00, 0.00, 0.00, 0.00, 0.00, 0.16, 0.19, 0.55, 0.18, 0.45, 0.00, 0.00, 0.21, 0.10, 0.00, 0.13, 0.00, 0.00, 0.00, 0.00, 1.00, 0.00, 0.00, 0.00, 0.00, 0.00, 0.00, 0.00, 0.00, 0.00, 0.00, 0.00, 0.00, 0.00, 0.00
4970, 0, 187.359, 0.98, 1, 0.00, 0.00, 0.00, 0.00, 0.00, 0.09, 0.18, 0.61, 0.24, 0.75, 0.00, 0.00, 0.18, 0.08, 0.19, 0.46, 0.00, 0.00, 0.00, 0.00, 1.00, 0.00, 0.00, 0.00, 0.00, 0.00, 0.00, 0.00, 0.00, 0.00, 0.00, 0.00, 0.00, 0.00, 0.00
4971, 0, 187.397, 0.98, 1, 0.00, 0.00, 0.00, 0.00, 0.00, 0.10, 0.19, 0.93, 0.26, 0.84, 0.00, 0.00, 0.15, 0.05, 0.35, 0.52, 0.00, 0.00, 0.00, 0.00, 1.00, 0.00, 0.00, 0.00, 0.00, 0.00, 0.00, 0.00, 0.00, 0.00, 0.00, 0.00, 0.00, 0.00, 0.00
4972, 0, 187.435, 0.98, 1, 0.00, 0.00, 0.06, 0.00, 0.00, 0.10, 0.28, 1.23, 0.29, 0.61, 0.00, 0.00, 0.27, 0.00, 0.49, 0.43, 0.00, 0.00, 0.00, 0.00, 1.00, 0.00, 0.00, 0.00, 0.00, 0.00, 0.00, 0.00, 0.00, 0.00, 0.00, 0.00, 0.00, 0.00, 0.00
4973, 0, 187.472, 0.98, 1, 0.00, 0.11, 0.06, 0.00, 0.03, 0.11, 0.16, 1.39, 0.38, 0.67, 0.00, 0.09, 0.29, 0.00, 0.31, 0.13, 0.00, 0.00, 0.00, 0.00, 1.00, 0.00, 0.00, 0.00, 0.00, 0.00, 0.00, 0.00, 0.00, 0.00, 0.00, 0.00, 0.00, 0.00, 0.00
4974, 0, 187.510, 0.98, 1, 0.00, 0.21, 0.06, 0.00, 0.06, 0.19, 0.09, 1.50, 0.50, 0.76, 0.00, 0.18, 0.37, 0.00, 0.16, 0.08, 0.00, 0.00, 0.00, 0.00, 1.00, 0.00, 0.00, 0.00, 0.00, 0.00, 0.00, 0.00, 0.00, 0.00, 0.00, 0.00, 0.00, 0.00, 0.00
4975, 0, 187.548, 0.98, 1, 0.00, 0.21, 0.00, 0.00, 0.06, 0.19, 0.00, 1.35, 0.45, 1.33, 0.00, 0.25, 0.40, 0.00, 0.35, 0.28, 0.01, 0.00, 0.00, 0.00, 1.00, 0.00, 0.00, 0.00, 0.00, 0.00, 0.00, 0.00, 0.00, 0.00, 0.00, 0.00, 0.00, 0.00, 0.00
4976, 0, 187.586, 0.98, 1, 0.00, 0.10, 0.00, 0.00, 0.03, 0.08, 0.00, 1.08, 0.36, 1.59, 0.00, 0.16, 0.48, 0.00, 0.75, 0.45, 0.01, 0.00, 0.00, 0.00, 1.00, 0.00, 0.00, 0.00, 0.00, 0.00, 1.00, 0.00, 0.00, 0.00, 0.00, 0.00, 0.00, 0.00, 0.00
4977, 0, 187.623, 0.98, 1, 0.00, 0.00, 0.00, 0.00, 0.00, 0.00, 0.00, 0.96, 0.36, 1.83, 0.00, 0.10, 0.39, 0.00, 1.05, 0.59, 0.01, 0.00, 0.00, 0.00, 1.00, 0.00, 0.00, 0.00, 0.00, 0.00, 1.00, 0.00, 0.00, 0.00, 0.00, 0.00, 0.00, 0.00, 0.00
4978, 0, 187.661, 0.98, 1, 0.00, 0.05, 0.00, 0.00, 0.00, 0.00, 0.00, 1.15, 0.45, 1.93, 0.00, 0.17, 0.23, 0.00, 0.99, 0.64, 0.00, 0.00, 0.00, 0.00, 1.00, 0.00, 0.00, 0.00, 0.00, 0.00, 1.00, 0.00, 0.00, 0.00, 0.00, 0.00, 0.00, 0.00, 0.00
4979, 0, 187.699, 0.98, 1, 0.00, 0.05, 0.00, 0.00, 0.00, 0.01, 0.00, 1.16, 0.51, 1.99, 0.00, 0.34, 0.04, 0.00, 0.89, 0.78, 0.00, 0.00, 0.00, 0.00, 1.00, 0.00, 0.00, 0.00, 0.00, 0.00, 1.00, 0.00, 0.00, 0.00, 0.00, 0.00, 0.00, 0.00, 0.00
4980, 0, 187.736, 0.98, 1, 0.00, 0.05, 0.00, 0.00, 0.00, 0.01, 0.00, 1.00, 0.58, 2.08, 0.00, 0.41, 0.02, 0.05, 0.81, 1.03, 0.00, 0.00, 0.00, 0.00, 1.00, 0.00, 0.00, 0.00, 0.00, 0.00, 1.00, 0.00, 0.00, 0.00, 0.00, 0.00, 0.00, 0.00, 0.00
4981, 0, 187.774, 0.98, 1, 0.00, 0.00, 0.00, 0.00, 0.00, 0.01, 0.00, 0.74, 0.59, 2.09, 0.00, 0.32, 0.02, 0.08, 0.63, 1.04, 0.00, 0.00, 0.00, 0.00, 1.00, 0.00, 0.00, 0.00, 0.00, 0.00, 1.00, 0.00, 0.00, 0.00, 0.00, 0.00, 0.00, 0.00, 0.00
4982, 0, 187.812, 0.98, 1, 0.00, 0.00, 0.00, 0.00, 0.00, 0.00, 0.00, 0.57, 0.66, 2.08, 0.00, 0.18, 0.02, 0.14, 0.42, 0.88, 0.00, 0.00, 0.00, 0.00, 1.00, 0.00, 0.00, 0.00, 0.00, 1.00, 1.00, 0.00, 0.00, 0.00, 0.00, 0.00, 0.00, 0.00, 0.00
4983, 0, 187.849, 0.98, 1, 0.00, 0.00, 0.00, 0.00, 0.00, 0.00, 0.00, 0.44, 0.61, 1.94, 0.00, 0.08, 0.01, 0.11, 0.36, 0.55, 0.00, 0.00, 0.00, 0.00, 1.00, 0.00, 0.00, 0.00, 0.00, 1.00, 1.00, 0.00, 0.00, 0.00, 0.00, 0.00, 0.00, 0.00, 0.00
4984, 0, 187.887, 0.98, 1, 0.00, 0.00, 0.00, 0.00, 0.00, 0.00, 0.05, 0.51, 0.69, 1.84, 0.00, 0.05, 0.03, 0.08, 0.46, 0.50, 0.06, 0.00, 0.00, 0.00, 1.00, 0.00, 0.00, 0.00, 0.00, 1.00, 1.00, 0.00, 0.00, 0.00, 0.00, 0.00, 0.00, 0.00, 0.00
4985, 0, 187.925, 0.98, 1, 0.00, 0.00, 0.00, 0.00, 0.00, 0.06, 0.05, 0.93, 0.68, 1.51, 0.00, 0.01, 0.10, 0.03, 0.76, 0.66, 0.08, 0.00, 0.00, 0.00, 1.00, 0.00, 0.00, 0.00, 0.00, 0.00, 1.00, 0.00, 0.00, 0.00, 0.00, 0.00, 0.00, 0.00, 0.00
4986, 0, 187.963, 0.93, 1, 0.00, 0.00, 0.00, 0.00, 0.00, 0.06, 0.05, 1.28, 0.69, 1.30, 0.00, 0.01, 0.21, 0.02, 0.98, 0.90, 0.08, 0.00, 0.00, 0.00, 1.00, 0.00, 0.00, 0.00, 0.00, 0.00, 0.00, 0.00, 0.00, 0.00, 1.00, 0.00, 0.00, 0.00, 0.00
4987, 0, 188.000, 0.93, 1, 0.00, 0.00, 0.00, 0.00, 0.00, 0.06, 0.00, 1.57, 0.66, 1.03, 0.00, 0.00, 0.19, 0.07, 0.96, 1.08, 0.03, 0.00, 0.00, 0.00, 1.00, 0.00, 0.00, 0.00, 0.00, 0.00, 0.00, 0.00, 0.00, 0.00, 1.00, 0.00, 0.00, 0.00, 0.00
4988, 0, 188.038, 0.88, 1, 0.00, 0.00, 0.00, 0.00, 0.00, 0.00, 0.00, 1.47, 0.66, 1.01, 0.00, 0.03, 0.11, 0.09, 0.72, 0.98, 0.12, 0.00, 0.00, 0.00, 1.00, 0.00, 0.00, 0.00, 0.00, 0.00, 0.00, 0.00, 0.00, 0.00, 1.00, 0.00, 0.00, 0.00, 0.00
4989, 0, 188.076, 0.93, 1, 0.00, 0.00, 0.00, 0.00, 0.00, 0.00, 0.00, 1.48, 0.75, 1.14, 0.00, 0.06, 0.00, 0.12, 0.45, 0.83, 0.17, 0.00, 0.00, 0.00, 1.00, 0.00, 0.00, 0.00, 0.00, 0.00, 0.00, 0.00, 0.00, 0.00, 1.00, 0.00, 0.00, 0.00, 1.00
4990, 0, 188.113, 0.93, 1, 0.00, 0.00, 0.00, 0.00, 0.00, 0.00, 0.00, 1.22, 0.80, 1.55, 0.00, 0.06, 0.14, 0.07, 0.80, 0.68, 0.26, 0.00, 0.00, 0.00, 1.00, 0.00, 0.00, 0.00, 0.00, 0.00, 1.00, 0.00, 0.00, 0.00, 1.00, 0.00, 0.00, 0.00, 1.00
4991, 0, 188.151, 0.88, 1, 0.00, 0.00, 0.00, 0.00, 0.00, 0.00, 0.00, 1.02, 0.88, 1.81, 0.03, 0.04, 0.14, 0.04, 1.16, 0.82, 0.40, 0.00, 0.00, 0.00, 1.00, 0.00, 0.00, 0.00, 0.00, 1.00, 1.00, 0.00, 0.00, 0.00, 1.00, 0.00, 0.00, 0.00, 1.00
4992, 0, 188.189, 0.88, 1, 0.00, 0.00, 0.00, 0.00, 0.00, 0.00, 0.00, 0.79, 0.88, 1.91, 0.03, 0.00, 0.14, 0.01, 1.60, 0.99, 0.64, 0.00, 0.00, 0.00, 1.00, 0.00, 0.00, 0.00, 0.00, 1.00, 1.00, 0.00, 0.00, 0.00, 1.00, 0.00, 0.00, 0.00, 1.00
4993, 0, 188.227, 0.88, 1, 0.00, 0.00, 0.00, 0.00, 0.00, 0.00, 0.00, 0.77, 0.90, 1.95, 0.03, 0.00, 0.00, 0.01, 1.44, 0.88, 0.63, 0.00, 0.00, 0.00, 1.00, 0.00, 0.00, 0.00, 0.00, 1.00, 1.00, 0.00, 0.00, 0.00, 1.00, 0.00, 0.00, 0.00, 1.00
4994, 0, 188.264, 0.93, 1, 0.00, 0.00, 0.00, 0.00, 0.00, 0.00, 0.00, 0.79, 0.92, 1.95, 0.00, 0.00, 0.00, 0.05, 1.19, 0.62, 0.37, 0.00, 0.00, 0.00, 1.00, 0.00, 0.00, 0.00, 0.00, 1.00, 1.00, 0.00, 0.00, 0.00, 1.00, 0.00, 0.00, 0.00, 1.00
4995, 0, 188.302, 0.93, 1, 0.00, 0.00, 0.00, 0.00, 0.09, 0.00, 0.00, 0.90, 1.04, 1.79, 0.00, 0.21, 0.00, 0.04, 0.95, 0.33, 0.08, 0.00, 0.00, 0.00, 1.00, 0.00, 0.00, 0.00, 0.00, 1.00, 1.00, 0.00, 0.00, 0.00, 1.00, 0.00, 0.00, 0.00, 1.00
4996, 0, 188.340, 0.98, 1, 0.00, 0.00, 0.00, 0.00, 0.13, 0.00, 0.00, 0.95, 1.21, 1.53, 0.00, 0.33, 0.18, 0.04, 0.78, 0.40, 0.00, 0.00, 0.00, 0.00, 1.00, 0.00, 0.00, 0.00, 0.00, 1.00, 1.00, 0.00, 0.00, 0.00, 1.00, 0.00, 0.00, 0.00, 1.00
4997, 0, 188.377, 0.93, 1, 0.00, 0.00, 0.00, 0.00, 0.13, 0.00, 0.00, 0.96, 1.37, 1.47, 0.00, 0.43, 0.25, 0.00, 0.79, 0.44, 0.00, 0.00, 0.00, 0.00, 1.00, 0.00, 0.00, 0.00, 0.00, 1.00, 1.00, 0.00, 0.00, 0.00, 1.00, 0.00, 0.00, 0.00, 0.00
4998, 0, 188.415, 0.98, 1, 0.00, 0.00, 0.00, 0.00, 0.05, 0.00, 0.00, 0.78, 1.33, 1.55, 0.00, 0.25, 0.25, 0.00, 0.83, 0.57, 0.01, 0.00, 0.00, 0.00, 1.00, 0.00, 0.00, 0.00, 0.00, 1.00, 1.00, 0.00, 0.00, 0.00, 1.00, 0.00, 0.00, 0.00, 0.00
4999, 0, 188.453, 0.93, 1, 0.00, 0.00, 0.00, 0.00, 0.00, 0.00, 0.00, 0.82, 1.25, 1.57, 0.00, 0.14, 0.15, 0.00, 0.92, 0.42, 0.16, 0.00, 0.00, 0.00, 1.00, 0.00, 0.00, 0.00, 0.00, 1.00, 1.00, 0.00, 0.00, 0.00, 1.00, 0.00, 0.00, 0.00, 0.00
5000, 0, 188.490, 0.93, 1, 0.00, 0.00, 0.00, 0.00, 0.00, 0.36, 0.00, 1.08, 1.16, 1.38, 0.28, 0.12, 0.13, 0.00, 1.40, 0.25, 0.25, 0.00, 0.00, 0.00, 1.00, 0.00, 0.00, 0.00, 0.00, 1.00, 1.00, 0.00, 0.00, 0.00, 0.00, 0.00, 0.00, 0.00, 1.00
5001, 0, 188.528, 0.93, 1, 0.00, 0.00, 0.00, 0.00, 0.00, 0.44, 0.00, 1.40, 1.18, 1.25, 0.36, 0.09, 0.13, 0.00, 1.63, 0.03, 0.43, 0.00, 0.00, 0.00, 1.00, 0.00, 0.00, 0.00, 1.00, 1.00, 0.00, 0.00, 0.00, 0.00, 0.00, 1.00, 0.00, 0.00, 1.00
5002, 0, 188.566, 0.88, 1, 0.00, 0.00, 0.00, 0.00, 0.00, 0.47, 0.00, 1.69, 1.25, 1.15, 0.36, 0.07, 0.05, 0.00, 1.81, 0.00, 0.29, 0.00, 0.00, 0.00, 1.00, 0.00, 0.00, 0.00, 1.00, 1.00, 0.00, 0.00, 0.00, 0.00, 0.00, 1.00, 0.00, 0.00, 1.00
5003, 0, 188.604, 0.88, 1, 0.00, 0.00, 0.00, 0.00, 0.00, 0.17, 0.00, 1.70, 1.16, 1.19, 0.07, 0.00, 0.02, 0.00, 1.38, 0.00, 0.20, 0.00, 0.00, 0.00, 1.00, 0.00, 0.00, 0.00, 1.00, 1.00, 0.00, 0.00, 0.00, 0.00, 0.00, 1.00, 0.00, 0.00, 0.00
5004, 0, 188.641, 0.88, 1, 0.00, 0.00, 0.00, 0.00, 0.01, 0.19, 0.00, 1.69, 1.10, 1.18, 0.00, 0.00, 0.13, 0.00, 1.23, 0.00, 0.01, 0.00, 0.00, 0.00, 1.00, 0.00, 0.00, 0.00, 1.00, 1.00, 0.00, 0.00, 0.00, 0.00, 0.00, 1.00, 0.00, 0.00, 0.00
5005, 0, 188.679, 0.93, 1, 0.00, 0.00, 0.00, 0.00, 0.01, 0.16, 0.00, 1.59, 1.27, 1.16, 0.00, 0.04, 0.13, 0.00, 1.22, 0.13, 0.11, 0.00, 0.00, 0.00, 1.00, 0.00, 0.00, 0.00, 1.00, 1.00, 0.00, 0.00, 0.00, 0.00, 0.00, 1.00, 0.00, 0.00, 0.00
5006, 0, 188.717, 0.93, 1, 0.00, 0.00, 0.00, 0.00, 0.01, 0.11, 0.00, 1.67, 1.54, 1.18, 0.00, 0.08, 0.11, 0.00, 1.23, 0.13, 0.11, 0.00, 0.00, 0.00, 1.00, 0.00, 0.00, 0.00, 1.00, 1.00, 1.00, 0.00, 0.00, 0.00, 1.00, 1.00, 0.00, 0.00, 0.00
5007, 0, 188.754, 0.93, 1, 0.00, 0.00, 0.00, 0.00, 0.03, 0.00, 0.00, 1.84, 1.79, 1.42, 0.00, 0.08, 0.00, 0.00, 1.18, 0.31, 0.11, 0.00, 0.00, 0.00, 1.00, 0.00, 0.00, 0.00, 1.00, 1.00, 1.00, 0.00, 0.00, 0.00, 1.00, 1.00, 0.00, 0.00, 0.00
5008, 0, 188.792, 0.93, 1, 0.00, 0.00, 0.00, 0.00, 0.04, 0.00, 0.00, 2.06, 1.70, 1.55, 0.05, 0.04, 0.00, 0.00, 1.18, 0.18, 0.00, 0.00, 0.00, 0.00, 1.00, 0.00, 0.00, 0.00, 1.00, 1.00, 1.00, 0.00, 0.00, 0.00, 1.00, 1.00, 0.00, 0.00, 0.00
5009, 0, 188.830, 0.93, 1, 0.00, 0.00, 0.00, 0.00, 0.04, 0.00, 0.00, 2.08, 1.65, 1.58, 0.05, 0.03, 0.00, 0.00, 1.38, 0.23, 0.21, 0.00, 0.00, 0.00, 1.00, 0.00, 0.00, 0.00, 1.00, 1.00, 1.00, 0.00, 0.00, 0.00, 1.00, 1.00, 0.00, 0.00, 1.00
5010, 0, 188.868, 0.88, 1, 0.00, 0.00, 0.00, 0.00, 0.06, 0.00, 0.00, 1.68, 1.56, 1.57, 0.05, 0.03, 0.11, 0.00, 1.96, 0.66, 0.32, 0.00, 0.00, 0.00, 1.00, 0.00, 0.00, 0.00, 1.00, 1.00, 1.00, 0.00, 0.00, 0.00, 1.00, 1.00, 0.00, 0.00, 1.00
5011, 0, 188.905, 0.88, 1, 0.00, 0.00, 0.00, 0.00, 0.05, 0.00, 0.00, 1.38, 1.55, 1.65, 0.00, 0.03, 0.35, 0.00, 2.30, 1.13, 0.50, 0.00, 0.00, 0.00, 1.00, 0.00, 0.00, 0.00, 1.00, 1.00, 1.00, 0.00, 0.00, 0.00, 0.00, 1.00, 1.00, 0.00, 1.00
5012, 0, 188.943, 0.88, 1, 0.00, 0.00, 0.00, 0.00, 0.05, 0.00, 0.00, 1.27, 1.58, 1.68, 0.00, 0.00, 0.45, 0.00, 2.48, 1.50, 0.57, 0.00, 0.00, 0.00, 1.00, 0.00, 0.00, 0.00, 1.00, 1.00, 1.00, 0.00, 0.00, 0.00, 0.00, 1.00, 1.00, 0.00, 1.00
5013, 0, 188.981, 0.88, 1, 0.00, 0.00, 0.00, 0.00, 0.00, 0.00, 0.00, 1.37, 1.58, 1.65, 0.00, 0.00, 0.44, 0.00, 2.22, 1.29, 0.67, 0.00, 0.00, 0.00, 1.00, 0.00, 0.00, 0.00, 1.00, 1.00, 1.00, 0.00, 0.00, 0.00, 0.00, 1.00, 1.00, 0.00, 1.00
5014, 0, 189.018, 0.88, 1, 0.00, 0.00, 0.00, 0.00, 0.00, 0.00, 0.00, 1.33, 1.61, 1.57, 0.00, 0.00, 0.42, 0.00, 2.05, 1.00, 0.59, 0.00, 0.00, 0.00, 1.00, 0.00, 0.00, 0.00, 1.00, 1.00, 1.00, 0.00, 0.00, 0.00, 0.00, 1.00, 1.00, 0.00, 0.00
5015, 0, 189.056, 0.88, 1, 0.00, 0.00, 0.00, 0.00, 0.12, 0.11, 0.00, 1.17, 1.60, 1.32, 0.00, 0.06, 0.86, 0.00, 2.06, 1.07, 0.31, 0.00, 0.00, 0.00, 1.00, 0.00, 0.00, 0.00, 1.00, 1.00, 1.00, 0.00, 0.00, 0.00, 0.00, 1.00, 0.00, 0.00, 0.00
5016, 0, 189.094, 0.93, 1, 0.00, 0.00, 0.00, 0.00, 0.17, 0.20, 0.00, 1.30, 1.58, 1.02, 0.02, 0.16, 1.10, 0.00, 1.94, 1.13, 0.32, 0.00, 0.00, 0.00, 1.00, 0.00, 0.00, 0.00, 1.00, 1.00, 1.00, 0.00, 0.00, 0.00, 0.00, 1.00, 0.00, 0.00, 0.00
5017, 0, 189.131, 0.93, 1, 0.00, 0.00, 0.00, 0.00, 0.20, 0.20, 0.00, 1.39, 1.46, 0.93, 0.10, 0.16, 1.25, 0.00, 1.70, 1.11, 0.45, 0.00, 0.00, 0.00, 1.00, 0.00, 0.00, 0.00, 1.00, 1.00, 1.00, 0.00, 0.00, 0.00, 0.00, 1.00, 0.00, 0.00, 0.00
5018, 0, 189.169, 0.93, 1, 0.00, 0.00, 0.00, 0.00, 0.08, 0.09, 0.00, 1.58, 1.39, 1.00, 0.10, 0.10, 0.85, 0.00, 1.49, 1.05, 0.57, 0.00, 0.00, 0.00, 1.00, 0.00, 0.00, 0.00, 1.00, 1.00, 1.00, 0.00, 0.00, 0.00, 0.00, 1.00, 0.00, 0.00, 0.00
5019, 0, 189.207, 0.88, 1, 0.00, 0.00, 0.00, 0.00, 0.05, 0.00, 0.00, 1.55, 1.36, 0.94, 0.07, 0.00, 0.68, 0.00, 1.45, 0.96, 0.44, 0.00, 0.00, 0.00, 1.00, 0.00, 0.00, 0.00, 1.00, 1.00, 0.00, 0.00, 0.00, 0.00, 0.00, 1.00, 0.00, 0.00, 0.00
5020, 0, 189.245, 0.88, 1, 0.00, 0.00, 0.00, 0.00, 0.01, 0.00, 0.00, 1.68, 1.48, 0.86, 0.00, 0.02, 0.51, 0.00, 1.70, 1.33, 0.50, 0.00, 0.00, 0.00, 1.00, 0.00, 0.00, 0.00, 1.00, 1.00, 0.00, 0.00, 0.00, 0.00, 1.00, 1.00, 0.00, 0.00, 0.00
5021, 0, 189.282, 0.88, 1, 0.00, 0.00, 0.00, 0.00, 0.01, 0.00, 0.00, 1.63, 1.44, 0.75, 0.00, 0.03, 0.68, 0.01, 1.52, 1.24, 0.67, 0.00, 0.00, 0.00, 1.00, 0.00, 0.00, 0.00, 1.00, 1.00, 0.00, 0.00, 0.00, 0.00, 1.00, 1.00, 0.00, 0.00, 1.00
5022, 0, 189.320, 0.93, 1, 0.00, 0.00, 0.00, 0.00, 0.00, 0.00, 0.01, 1.63, 1.33, 0.67, 0.00, 0.25, 0.85, 0.10, 1.17, 1.01, 0.85, 0.00, 0.00, 0.00, 1.00, 0.00, 0.00, 0.00, 1.00, 1.00, 0.00, 1.00, 0.00, 0.00, 1.00, 0.00, 0.00, 0.00, 1.00
5023, 0, 189.358, 0.93, 1, 0.00, 0.00, 0.00, 0.00, 0.00, 0.00, 0.02, 1.54, 1.22, 0.49, 0.00, 0.37, 0.92, 0.19, 0.81, 0.57, 0.76, 0.00, 0.00, 0.00, 1.00, 0.00, 0.00, 0.00, 1.00, 1.00, 0.00, 1.00, 1.00, 0.00, 1.00, 0.00, 0.00, 0.00, 1.00
5024, 0, 189.395, 0.88, 1, 0.00, 0.00, 0.00, 0.00, 0.00, 0.17, 0.02, 1.55, 1.24, 0.68, 0.00, 0.62, 0.98, 0.26, 0.78, 0.44, 0.72, 0.00, 0.00, 0.00, 1.00, 0.00, 0.00, 0.00, 1.00, 1.00, 0.00, 1.00, 1.00, 0.00, 1.00, 0.00, 0.00, 0.00, 1.00
5025, 0, 189.433, 0.88, 1, 0.00, 0.00, 0.00, 0.00, 0.10, 0.40, 0.04, 1.60, 1.23, 0.53, 0.00, 0.60, 0.90, 0.18, 0.78, 0.32, 0.46, 0.00, 0.00, 0.00, 1.00, 0.00, 0.00, 0.00, 1.00, 1.00, 0.00, 1.00, 1.00, 0.00, 1.00, 0.00, 0.00, 0.00, 1.00
5026, 0, 189.471, 0.93, 1, 0.00, 0.00, 0.00, 0.00, 0.15, 0.81, 0.02, 1.60, 1.20, 0.57, 0.00, 0.57, 1.00, 0.09, 0.90, 0.33, 0.26, 0.00, 0.00, 0.00, 1.00, 0.00, 1.00, 0.00, 1.00, 1.00, 0.00, 1.00, 1.00, 0.00, 1.00, 0.00, 0.00, 0.00, 1.00
5027, 0, 189.509, 0.88, 1, 0.00, 0.00, 0.00, 0.00, 0.35, 0.90, 0.02, 1.71, 1.24, 0.37, 0.00, 0.38, 1.25, 0.01, 1.29, 0.32, 0.00, 0.00, 0.00, 0.00, 1.00, 0.00, 1.00, 0.00, 1.00, 1.00, 0.00, 1.00, 1.00, 0.00, 1.00, 1.00, 1.00, 0.00, 1.00
5028, 0, 189.546, 0.93, 1, 0.00, 0.00, 0.00, 0.00, 0.29, 0.67, 0.00, 1.80, 1.41, 0.66, 0.00, 0.18, 1.72, 0.00, 1.71, 0.49, 0.22, 0.00, 0.00, 0.00, 1.00, 0.00, 1.00, 0.00, 1.00, 1.00, 0.00, 1.00, 0.00, 0.00, 1.00, 1.00, 1.00, 0.00, 1.00
5029, 0, 189.584, 0.88, 1, 0.00, 0.00, 0.00, 0.00, 0.30, 0.55, 0.00, 2.05, 1.54, 0.55, 0.00, 0.15, 1.83, 0.00, 1.96, 0.68, 0.49, 0.00, 0.00, 0.00, 1.00, 0.00, 1.00, 0.00, 1.00, 1.00, 0.00, 1.00, 0.00, 1.00, 1.00, 1.00, 1.00, 0.00, 1.00
5030, 0, 189.622, 0.88, 1, 0.00, 0.00, 0.00, 0.00, 0.16, 0.40, 0.00, 1.97, 1.40, 0.45, 0.00, 0.08, 1.41, 0.00, 1.83, 0.59, 0.78, 0.00, 0.00, 0.00, 1.00, 0.00, 1.00, 0.00, 1.00, 1.00, 0.00, 1.00, 0.00, 1.00, 1.00, 1.00, 1.00, 0.00, 1.00
5031, 0, 189.659, 0.88, 1, 0.00, 0.00, 0.00, 0.00, 0.15, 0.48, 0.01, 1.80, 1.22, 0.23, 0.00, 0.08, 0.96, 0.00, 1.77, 0.51, 0.86, 0.00, 0.00, 0.00, 1.00, 0.00, 0.00, 0.00, 1.00, 1.00, 0.00, 1.00, 0.00, 1.00, 1.00, 1.00, 0.00, 0.00, 0.00
5032, 0, 189.697, 0.88, 1, 0.00, 0.00, 0.00, 0.00, 0.09, 0.18, 0.01, 1.64, 0.97, 0.34, 0.18, 0.00, 0.76, 0.00, 1.58, 0.23, 0.78, 0.00, 0.00, 0.00, 1.00, 0.00, 0.00, 0.00, 1.00, 1.00, 0.00, 1.00, 0.00, 0.00, 1.00, 1.00, 0.00, 0.00, 0.00
5033, 0, 189.735, 0.88, 1, 0.00, 0.00, 0.00, 0.00, 0.03, 0.08, 0.01, 1.74, 1.03, 0.51, 0.18, 0.01, 0.79, 0.00, 1.42, 0.22, 0.63, 0.00, 0.00, 0.00, 1.00, 0.00, 0.00, 0.00, 1.00, 1.00, 0.00, 1.00, 0.00, 0.00, 1.00, 1.00, 0.00, 0.00, 0.00
5034, 0, 189.772, 0.88, 1, 0.00, 0.00, 0.00, 0.00, 0.00, 0.07, 0.00, 1.80, 1.17, 0.55, 0.18, 0.34, 0.95, 0.00, 1.59, 0.51, 0.47, 0.00, 0.00, 0.00, 1.00, 0.00, 0.00, 0.00, 1.00, 1.00, 0.00, 1.00, 0.00, 0.00, 1.00, 1.00, 0.00, 0.00, 0.00
5035, 0, 189.810, 0.88, 1, 0.00, 0.00, 0.00, 0.00, 0.06, 0.07, 0.00, 1.54, 1.41, 0.59, 0.00, 0.34, 0.70, 0.07, 1.87, 0.84, 0.28, 0.00, 0.00, 0.00, 1.00, 0.00, 0.00, 0.00, 1.00, 1.00, 0.00, 1.00, 0.00, 0.00, 1.00, 1.00, 1.00, 0.00, 0.00
5036, 0, 189.848, 0.88, 1, 0.00, 0.00, 0.00, 0.00, 0.13, 0.07, 0.00, 1.29, 1.58, 0.88, 0.00, 0.33, 0.55, 0.09, 2.11, 1.13, 0.14, 0.00, 0.00, 0.00, 1.00, 0.00, 0.00, 0.00, 1.00, 1.00, 0.00, 0.00, 0.00, 0.00, 1.00, 1.00, 1.00, 0.00, 0.00
5037, 0, 189.886, 0.93, 1, 0.00, 0.00, 0.00, 0.00, 0.19, 0.04, 0.00, 1.14, 1.68, 1.29, 0.00, 0.00, 0.26, 0.12, 1.97, 1.13, 0.00, 0.00, 0.00, 0.00, 1.00, 0.00, 0.00, 0.00, 1.00, 1.00, 1.00, 0.00, 0.00, 0.00, 1.00, 1.00, 1.00, 0.00, 0.00
5038, 0, 189.923, 0.93, 1, 0.00, 0.00, 0.00, 0.00, 0.15, 0.11, 0.00, 1.21, 1.68, 1.53, 0.00, 0.00, 0.36, 0.05, 1.85, 1.15, 0.03, 0.00, 0.00, 0.00, 1.00, 0.00, 0.00, 0.00, 1.00, 1.00, 1.00, 0.00, 0.00, 0.00, 1.00, 1.00, 1.00, 0.00, 0.00
5039, 0, 189.961, 0.88, 1, 0.00, 0.00, 0.00, 0.00, 0.20, 0.38, 0.00, 1.31, 1.71, 1.48, 0.00, 0.00, 0.26, 0.03, 1.84, 1.18, 0.10, 0.00, 0.00, 0.00, 1.00, 0.00, 0.00, 0.00, 1.00, 1.00, 1.00, 0.00, 0.00, 0.00, 1.00, 1.00, 1.00, 0.00, 0.00
5040, 0, 189.999, 0.88, 1, 0.00, 0.00, 0.00, 0.00, 0.23, 0.39, 0.00, 1.41, 1.82, 1.51, 0.00, 0.00, 0.16, 0.09, 1.92, 1.27, 0.10, 0.00, 0.00, 0.00, 1.00, 0.00, 0.00, 0.00, 1.00, 1.00, 1.00, 0.00, 0.00, 0.00, 1.00, 1.00, 1.00, 0.00, 0.00
5041, 0, 190.036, 0.88, 1, 0.00, 0.00, 0.00, 0.00, 0.31, 0.31, 0.00, 1.45, 1.97, 1.61, 0.00, 0.00, 0.04, 0.09, 2.05, 1.47, 0.06, 0.00, 0.00, 0.00, 1.00, 0.00, 0.00, 0.00, 1.00, 1.00, 1.00, 0.00, 0.00, 0.00, 1.00, 1.00, 1.00, 0.00, 1.00
5042, 0, 190.074, 0.88, 1, 0.00, 0.00, 0.00, 0.00, 0.36, 0.05, 0.00, 1.46, 2.02, 1.66, 0.00, 0.00, 0.04, 0.09, 2.21, 1.63, 0.00, 0.00, 0.00, 0.00, 1.00, 0.00, 0.00, 0.00, 1.00, 1.00, 1.00, 0.00, 0.00, 0.00, 1.00, 1.00, 1.00, 0.00, 1.00
5043, 0, 190.112, 0.88, 1, 0.00, 0.00, 0.00, 0.00, 0.37, 0.00, 0.00, 1.39, 1.89, 1.58, 0.00, 0.00, 0.00, 0.00, 2.26, 1.69, 0.00, 0.00, 0.00, 0.00, 1.00, 0.00, 0.00, 0.00, 1.00, 1.00, 1.00, 0.00, 0.00, 0.00, 1.00, 1.00, 1.00, 0.00, 1.00
5044, 0, 190.150, 0.88, 1, 0.00, 0.00, 0.00, 0.00, 0.37, 0.00, 0.00, 1.41, 1.85, 1.58, 0.00, 0.00, 0.00, 0.00, 2.16, 1.68, 0.00, 0.00, 0.00, 0.00, 1.00, 0.00, 0.00, 0.00, 1.00, 1.00, 1.00, 0.00, 0.00, 0.00, 1.00, 1.00, 1.00, 0.00, 1.00
5045, 0, 190.187, 0.88, 1, 0.00, 0.00, 0.00, 0.00, 0.21, 0.06, 0.00, 1.41, 1.73, 1.52, 0.00, 0.03, 0.13, 0.00, 2.09, 1.36, 0.00, 0.00, 0.00, 0.00, 1.00, 0.00, 0.00, 0.00, 1.00, 1.00, 1.00, 0.00, 0.00, 0.00, 1.00, 1.00, 1.00, 0.00, 1.00
5046, 0, 190.225, 0.88, 1, 0.00, 0.00, 0.00, 0.00, 0.11, 0.06, 0.00, 1.31, 1.70, 1.34, 0.00, 0.08, 0.31, 0.00, 2.02, 0.92, 0.00, 0.00, 0.00, 0.00, 1.00, 0.00, 0.00, 0.00, 1.00, 1.00, 1.00, 0.00, 0.00, 0.00, 1.00, 1.00, 1.00, 0.00, 1.00
5047, 0, 190.263, 0.88, 1, 0.00, 0.00, 0.00, 0.00, 0.01, 0.06, 0.00, 1.16, 1.52, 0.94, 0.00, 0.24, 0.60, 0.00, 1.95, 0.35, 0.02, 0.00, 0.00, 0.00, 1.00, 0.00, 0.00, 0.00, 1.00, 1.00, 0.00, 0.00, 0.00, 0.00, 1.00, 1.00, 1.00, 0.00, 1.00
5048, 0, 190.300, 0.88, 1, 0.00, 0.00, 0.00, 0.00, 0.00, 0.04, 0.00, 1.18, 1.36, 0.50, 0.00, 0.42, 0.65, 0.00, 1.63, 0.45, 0.24, 0.00, 0.00, 0.00, 1.00, 0.00, 0.00, 0.00, 1.00, 1.00, 0.00, 1.00, 0.00, 0.00, 1.00, 1.00, 1.00, 0.00, 1.00
5049, 0, 190.338, 0.88, 1, 0.00, 0.00, 0.00, 0.00, 0.00, 0.13, 0.00, 1.31, 1.19, 0.21, 0.00, 0.54, 0.68, 0.00, 1.35, 0.71, 0.52, 0.00, 0.00, 0.00, 1.00, 0.00, 0.00, 0.00, 1.00, 1.00, 0.00, 1.00, 1.00, 0.00, 1.00, 1.00, 1.00, 0.00, 1.00
5050, 0, 190.376, 0.88, 1, 0.00, 0.00, 0.00, 0.00, 0.00, 0.39, 0.00, 1.38, 1.08, 0.14, 0.00, 0.76, 0.78, 0.15, 1.24, 1.24, 0.81, 0.00, 0.00, 0.00, 1.00, 0.00, 0.00, 0.00, 1.00, 1.00, 0.00, 1.00, 1.00, 0.00, 1.00, 1.00, 1.00, 0.00, 1.00
5051, 0, 190.413, 0.88, 1, 0.00, 0.00, 0.00, 0.00, 0.00, 0.41, 0.00, 1.41, 1.12, 0.36, 0.00, 0.97, 1.05, 0.27, 1.50, 1.48, 0.96, 0.00, 0.00, 0.00, 1.00, 0.00, 0.00, 0.00, 1.00, 1.00, 0.00, 1.00, 1.00, 0.00, 1.00, 1.00, 0.00, 0.00, 1.00
5052, 0, 190.451, 0.88, 1, 0.00, 0.00, 0.00, 0.00, 0.01, 0.33, 0.00, 1.55, 1.10, 0.51, 0.00, 1.13, 1.09, 0.40, 1.61, 1.37, 1.02, 0.00, 0.00, 0.00, 1.00, 0.00, 0.00, 0.00, 1.00, 1.00, 0.00, 1.00, 1.00, 0.00, 1.00, 1.00, 0.00, 0.00, 1.00
5053, 0, 190.489, 0.88, 1, 0.00, 0.00, 0.00, 0.00, 0.05, 0.17, 0.00, 1.72, 1.10, 0.59, 0.00, 0.91, 1.04, 0.39, 1.60, 1.13, 0.94, 0.00, 0.00, 0.00, 1.00, 0.00, 0.00, 0.00, 1.00, 1.00, 0.00, 1.00, 1.00, 0.00, 1.00, 1.00, 0.00, 0.00, 1.00
5054, 0, 190.527, 0.88, 1, 0.00, 0.00, 0.00, 0.00, 0.11, 0.17, 0.00, 1.66, 1.09, 0.77, 0.00, 0.64, 1.10, 0.32, 1.56, 0.87, 0.65, 0.00, 0.00, 0.00, 1.00, 0.00, 0.00, 0.00, 1.00, 1.00, 0.00, 1.00, 1.00, 0.00, 1.00, 1.00, 0.00, 0.00, 1.00
5055, 0, 190.564, 0.88, 1, 0.00, 0.00, 0.00, 0.00, 0.11, 0.43, 0.00, 1.49, 0.95, 0.86, 0.17, 0.53, 1.42, 0.29, 1.75, 0.82, 0.42, 0.00, 0.00, 0.00, 1.00, 0.00, 0.00, 0.00, 1.00, 1.00, 0.00, 1.00, 1.00, 0.00, 1.00, 1.00, 0.00, 0.00, 1.00
5056, 0, 190.602, 0.93, 1, 0.00, 0.00, 0.00, 0.00, 0.07, 0.60, 0.00, 1.18, 0.83, 1.06, 0.17, 0.37, 1.42, 0.16, 1.93, 0.96, 0.20, 0.00, 0.00, 0.00, 1.00, 0.00, 0.00, 0.00, 1.00, 0.00, 0.00, 1.00, 1.00, 0.00, 1.00, 1.00, 0.00, 0.00, 1.00
5057, 0, 190.640, 0.88, 1, 0.00, 0.00, 0.00, 0.00, 0.01, 0.87, 0.00, 0.91, 0.62, 1.01, 0.17, 0.36, 1.22, 0.13, 1.62, 0.87, 0.12, 0.00, 0.00, 0.00, 1.00, 0.00, 0.00, 0.00, 1.00, 0.00, 1.00, 1.00, 1.00, 0.00, 1.00, 1.00, 0.00, 0.00, 1.00
5058, 0, 190.677, 0.88, 1, 0.00, 0.00, 0.00, 0.00, 0.00, 0.78, 0.00, 0.67, 0.59, 1.11, 0.00, 0.30, 1.02, 0.03, 1.28, 0.89, 0.01, 0.00, 0.00, 0.00, 1.00, 0.00, 0.00, 0.00, 1.00, 0.00, 1.00, 1.00, 1.00, 0.00, 1.00, 1.00, 0.00, 0.00, 1.00
5059, 0, 190.715, 0.88, 1, 0.00, 0.00, 0.00, 0.00, 0.00, 0.70, 0.00, 0.75, 0.55, 1.06, 0.00, 0.46, 0.72, 0.12, 0.89, 0.57, 0.05, 0.00, 0.00, 0.00, 1.00, 0.00, 0.00, 0.00, 1.00, 0.00, 1.00, 1.00, 1.00, 0.00, 1.00, 1.00, 0.00, 0.00, 1.00
5060, 0, 190.753, 0.88, 1, 0.00, 0.00, 0.00, 0.00, 0.00, 0.41, 0.00, 0.94, 0.72, 0.90, 0.00, 0.61, 0.47, 0.16, 1.00, 0.71, 0.21, 0.00, 0.00, 0.00, 1.00, 0.00, 0.00, 0.00, 1.00, 0.00, 1.00, 1.00, 1.00, 0.00, 1.00, 1.00, 0.00, 0.00, 1.00
5061, 0, 190.790, 0.88, 1, 0.00, 0.00, 0.00, 0.00, 0.00, 0.37, 0.00, 1.10, 0.88, 0.77, 0.00, 0.76, 0.21, 0.23, 1.08, 0.83, 0.32, 0.00, 0.00, 0.00, 1.00, 0.00, 0.00, 0.00, 1.00, 1.00, 0.00, 1.00, 1.00, 0.00, 1.00, 1.00, 0.00, 0.00, 1.00
5062, 0, 190.828, 0.88, 1, 0.00, 0.00, 0.00, 0.00, 0.00, 0.20, 0.00, 1.14, 1.06, 0.66, 0.00, 0.88, 0.29, 0.30, 1.07, 1.20, 0.39, 0.00, 0.00, 0.00, 1.00, 0.00, 0.00, 0.00, 1.00, 1.00, 0.00, 1.00, 1.00, 0.00, 1.00, 1.00, 0.00, 0.00, 1.00
5063, 0, 190.866, 0.88, 1, 0.00, 0.00, 0.00, 0.00, 0.00, 0.20, 0.00, 1.15, 1.05, 0.68, 0.00, 0.86, 0.30, 0.40, 0.93, 1.33, 0.29, 0.00, 0.00, 0.00, 1.00, 0.00, 0.00, 0.00, 1.00, 1.00, 0.00, 1.00, 1.00, 0.00, 1.00, 1.00, 0.00, 0.00, 1.00
5064, 0, 190.904, 0.88, 1, 0.00, 0.00, 0.00, 0.00, 0.00, 0.06, 0.00, 1.25, 1.06, 0.82, 0.00, 0.88, 0.21, 0.47, 0.78, 1.29, 0.33, 0.00, 0.00, 0.00, 1.00, 0.00, 0.00, 0.00, 1.00, 1.00, 0.00, 1.00, 1.00, 0.00, 1.00, 1.00, 0.00, 0.00, 1.00
5065, 0, 190.941, 0.88, 1, 0.00, 0.00, 0.00, 0.00, 0.00, 0.39, 0.00, 1.04, 1.00, 0.63, 0.00, 0.91, 0.46, 0.31, 0.71, 1.03, 0.45, 0.00, 0.00, 0.00, 1.00, 0.00, 0.00, 0.00, 1.00, 1.00, 0.00, 1.00, 1.00, 0.00, 1.00, 0.00, 0.00, 0.00, 1.00
5066, 0, 190.979, 0.93, 1, 0.00, 0.00, 0.00, 0.00, 0.00, 0.39, 0.00, 0.72, 0.92, 0.54, 0.00, 0.77, 0.55, 0.16, 0.61, 0.92, 0.41, 0.00, 0.00, 0.00, 1.00, 0.00, 0.00, 0.00, 1.00, 1.00, 0.00, 1.00, 1.00, 0.00, 1.00, 0.00, 0.00, 0.00, 0.00
5067, 0, 191.017, 0.93, 1, 0.00, 0.00, 0.00, 0.00, 0.00, 0.44, 0.00, 0.36, 0.82, 0.30, 0.00, 0.49, 0.69, 0.04, 0.58, 1.00, 0.32, 0.00, 0.00, 0.00, 1.00, 0.00, 0.00, 0.00, 1.00, 1.00, 0.00, 1.00, 0.00, 0.00, 1.00, 1.00, 0.00, 0.00, 0.00
5068, 0, 191.054, 0.93, 1, 0.00, 0.00, 0.00, 0.00, 0.02, 0.15, 0.00, 0.50, 0.81, 0.56, 0.00, 0.22, 0.74, 0.09, 0.52, 1.36, 0.23, 0.00, 0.00, 0.00, 1.00, 0.00, 0.00, 0.00, 0.00, 1.00, 0.00, 0.00, 0.00, 0.00, 1.00, 1.00, 0.00, 0.00, 0.00
5069, 0, 191.092, 0.93, 1, 0.00, 0.00, 0.00, 0.00, 0.02, 0.12, 0.00, 0.65, 0.89, 0.64, 0.00, 0.27, 1.05, 0.21, 0.65, 1.65, 0.30, 0.00, 0.00, 0.00, 1.00, 0.00, 0.00, 0.00, 0.00, 1.00, 0.00, 0.00, 0.00, 0.00, 1.00, 0.00, 0.00, 0.00, 0.00
5070, 0, 191.130, 0.93, 1, 0.00, 0.00, 0.00, 0.00, 0.04, 0.06, 0.00, 0.88, 1.03, 0.70, 0.00, 0.26, 1.15, 0.35, 0.83, 1.60, 0.36, 0.00, 0.00, 0.00, 1.00, 0.00, 0.00, 0.00, 0.00, 1.00, 0.00, 0.00, 0.00, 0.00, 1.00, 0.00, 0.00, 0.00, 0.00
5071, 0, 191.168, 0.93, 1, 0.00, 0.00, 0.00, 0.00, 0.02, 0.00, 0.00, 0.69, 1.05, 0.86, 0.00, 0.44, 0.93, 0.52, 0.92, 1.42, 0.23, 0.00, 0.00, 0.00, 1.00, 0.00, 0.00, 0.00, 0.00, 1.00, 0.00, 0.00, 0.00, 0.00, 1.00, 1.00, 0.00, 0.00, 0.00
5072, 0, 191.205, 0.93, 1, 0.00, 0.00, 0.00, 0.00, 0.02, 0.00, 0.00, 0.60, 1.11, 1.31, 0.00, 0.52, 0.81, 0.63, 0.95, 1.41, 0.26, 0.00, 0.00, 0.00, 1.00, 0.00, 0.00, 0.00, 0.00, 1.00, 1.00, 0.00, 0.00, 0.00, 1.00, 1.00, 0.00, 0.00, 0.00
5073, 0, 191.243, 0.93, 1, 0.00, 0.00, 0.00, 0.00, 0.02, 0.00, 0.00, 0.59, 1.11, 1.71, 0.00, 0.66, 0.85, 0.66, 1.01, 1.71, 0.23, 0.00, 0.00, 0.00, 1.00, 0.00, 0.00, 0.00, 0.00, 1.00, 1.00, 0.00, 0.00, 0.00, 1.00, 1.00, 0.00, 0.00, 0.00
5074, 0, 191.281, 0.93, 1, 0.00, 0.00, 0.00, 0.00, 0.11, 0.05, 0.00, 0.68, 1.21, 1.77, 0.00, 0.54, 0.92, 0.60, 1.16, 1.88, 0.23, 0.00, 0.00, 0.00, 1.00, 0.00, 0.00, 0.00, 0.00, 1.00, 1.00, 0.00, 0.00, 0.00, 1.00, 1.00, 0.00, 0.00, 1.00
5075, 0, 191.318, 0.93, 1, 0.00, 0.00, 0.00, 0.00, 0.24, 0.11, 0.00, 0.80, 1.29, 1.62, 0.00, 0.42, 0.79, 0.40, 1.24, 1.77, 0.19, 0.00, 0.00, 0.00, 1.00, 0.00, 0.00, 0.00, 0.00, 1.00, 1.00, 0.00, 0.00, 0.00, 1.00, 1.00, 1.00, 0.00, 1.00
5076, 0, 191.356, 0.88, 1, 0.00, 0.00, 0.00, 0.00, 0.36, 0.22, 0.00, 0.87, 1.47, 1.59, 0.00, 0.40, 0.63, 0.28, 1.39, 2.02, 0.23, 0.00, 0.00, 0.00, 1.00, 0.00, 0.00, 0.00, 1.00, 1.00, 1.00, 0.00, 0.00, 0.00, 0.00, 1.00, 1.00, 0.00, 1.00
5077, 0, 191.394, 0.88, 1, 0.00, 0.00, 0.00, 0.00, 0.41, 0.23, 0.00, 0.99, 1.70, 1.73, 0.00, 0.30, 0.57, 0.18, 1.50, 2.37, 0.29, 0.00, 0.00, 0.00, 1.00, 0.00, 0.00, 0.00, 1.00, 1.00, 1.00, 0.00, 0.00, 0.00, 0.00, 1.00, 1.00, 0.00, 1.00
5078, 0, 191.431, 0.88, 1, 0.00, 0.00, 0.00, 0.00, 0.37, 0.18, 0.00, 1.10, 1.81, 1.77, 0.00, 0.29, 0.42, 0.22, 1.55, 2.63, 0.26, 0.00, 0.00, 0.00, 1.00, 0.00, 0.00, 0.00, 1.00, 1.00, 1.00, 0.00, 0.00, 0.00, 0.00, 1.00, 1.00, 0.00, 1.00
5079, 0, 191.469, 0.88, 1, 0.00, 0.00, 0.00, 0.00, 0.32, 0.07, 0.00, 1.09, 1.83, 1.79, 0.00, 0.27, 0.33, 0.22, 1.42, 2.58, 0.21, 0.00, 0.00, 0.00, 1.00, 0.00, 0.00, 0.00, 1.00, 1.00, 1.00, 0.00, 0.00, 0.00, 0.00, 1.00, 1.00, 0.00, 1.00
5080, 0, 191.507, 0.88, 1, 0.00, 0.00, 0.00, 0.00, 0.38, 0.19, 0.00, 1.49, 1.83, 1.67, 0.00, 0.32, 0.11, 0.17, 1.51, 2.31, 0.31, 0.00, 0.00, 0.00, 1.00, 0.00, 0.00, 0.00, 1.00, 1.00, 1.00, 0.00, 0.00, 0.00, 0.00, 1.00, 1.00, 0.00, 1.00
5081, 0, 191.545, 0.88, 1, 0.00, 0.00, 0.00, 0.00, 0.40, 0.43, 0.00, 1.69, 1.82, 1.87, 0.00, 0.21, 0.04, 0.15, 1.66, 2.13, 0.43, 0.00, 0.00, 0.00, 1.00, 0.00, 0.00, 0.00, 1.00, 1.00, 1.00, 0.00, 0.00, 0.00, 0.00, 1.00, 1.00, 0.00, 1.00
5082, 0, 191.582, 0.88, 1, 0.00, 0.00, 0.00, 0.00, 0.48, 0.43, 0.00, 1.71, 1.83, 1.87, 0.00, 0.06, 0.00, 0.17, 1.75, 1.93, 0.39, 0.00, 0.00, 0.00, 1.00, 0.00, 0.00, 0.00, 1.00, 1.00, 1.00, 0.00, 0.00, 0.00, 0.00, 1.00, 1.00, 0.00, 1.00
5083, 0, 191.620, 0.88, 1, 0.00, 0.00, 0.00, 0.00, 0.44, 0.31, 0.00, 1.29, 1.75, 1.81, 0.00, 0.00, 0.00, 0.24, 1.78, 1.85, 0.38, 0.00, 0.00, 0.00, 1.00, 0.00, 0.00, 0.00, 1.00, 1.00, 1.00, 0.00, 0.00, 0.00, 0.00, 1.00, 1.00, 0.00, 1.00
5084, 0, 191.658, 0.88, 1, 0.00, 0.00, 0.00, 0.00, 0.56, 0.42, 0.00, 1.12, 1.75, 1.76, 0.00, 0.00, 0.00, 0.20, 1.84, 1.72, 0.26, 0.00, 0.00, 0.00, 1.00, 0.00, 0.00, 0.00, 1.00, 1.00, 1.00, 0.00, 0.00, 0.00, 0.00, 1.00, 1.00, 0.00, 1.00
5085, 0, 191.695, 0.88, 1, 0.00, 0.00, 0.00, 0.00, 0.54, 0.70, 0.00, 1.16, 1.61, 1.67, 0.01, 0.23, 0.11, 0.20, 1.72, 1.77, 0.43, 0.00, 0.00, 0.00, 1.00, 0.00, 0.00, 0.00, 1.00, 1.00, 1.00, 0.00, 0.00, 0.00, 0.00, 1.00, 1.00, 0.00, 1.00
5086, 0, 191.733, 0.88, 1, 0.00, 0.00, 0.00, 0.00, 0.47, 0.64, 0.00, 1.29, 1.56, 1.62, 0.01, 0.40, 0.11, 0.22, 1.61, 1.70, 0.49, 0.00, 0.00, 0.00, 1.00, 0.00, 0.00, 0.00, 1.00, 1.00, 1.00, 0.00, 0.00, 0.00, 0.00, 1.00, 1.00, 0.00, 1.00
5087, 0, 191.771, 0.88, 1, 0.00, 0.00, 0.00, 0.00, 0.37, 0.29, 0.00, 1.44, 1.59, 1.33, 0.01, 0.51, 0.11, 0.30, 1.38, 1.72, 0.57, 0.00, 0.00, 0.00, 1.00, 0.00, 0.00, 0.00, 1.00, 1.00, 1.00, 0.00, 0.00, 0.00, 1.00, 1.00, 1.00, 0.00, 1.00
5088, 0, 191.809, 0.88, 1, 0.00, 0.00, 0.00, 0.00, 0.32, 0.01, 0.00, 1.41, 1.79, 1.39, 0.00, 0.28, 0.00, 0.27, 1.31, 1.60, 0.57, 0.00, 0.00, 0.00, 1.00, 0.00, 0.00, 0.00, 1.00, 1.00, 1.00, 0.00, 0.00, 0.00, 1.00, 1.00, 1.00, 0.00, 1.00
5089, 0, 191.846, 0.93, 1, 0.00, 0.00, 0.00, 0.00, 0.38, 0.02, 0.00, 1.28, 1.90, 1.58, 0.00, 0.12, 0.00, 0.22, 1.27, 1.58, 0.62, 0.00, 0.00, 0.00, 1.00, 0.00, 0.00, 0.00, 1.00, 1.00, 1.00, 0.00, 0.00, 0.00, 1.00, 1.00, 1.00, 0.00, 1.00
5090, 0, 191.884, 0.93, 1, 0.00, 0.00, 0.00, 0.00, 0.39, 0.07, 0.00, 1.27, 1.90, 1.58, 0.00, 0.00, 0.00, 0.11, 1.51, 1.28, 0.58, 0.00, 0.00, 0.00, 1.00, 0.00, 0.00, 0.00, 1.00, 1.00, 1.00, 0.00, 0.00, 0.00, 1.00, 1.00, 1.00, 0.00, 1.00
5091, 0, 191.922, 0.88, 1, 0.00, 0.00, 0.00, 0.00, 0.36, 0.13, 0.00, 1.27, 1.85, 1.39, 0.00, 0.00, 0.00, 0.13, 1.62, 0.82, 0.48, 0.00, 0.00, 0.00, 1.00, 0.00, 0.00, 0.00, 1.00, 1.00, 1.00, 0.00, 0.00, 0.00, 0.00, 1.00, 0.00, 0.00, 1.00
5092, 0, 191.959, 0.93, 1, 0.00, 0.00, 0.00, 0.00, 0.28, 0.16, 0.00, 1.38, 1.82, 1.09, 0.00, 0.00, 0.00, 0.15, 1.70, 0.39, 0.41, 0.00, 0.00, 0.00, 1.00, 0.00, 0.00, 0.00, 1.00, 1.00, 1.00, 0.00, 0.00, 0.00, 0.00, 1.00, 0.00, 0.00, 1.00
5093, 0, 191.997, 0.93, 1, 0.00, 0.00, 0.00, 0.00, 0.24, 0.24, 0.00, 1.08, 1.85, 1.09, 0.00, 0.00, 0.00, 0.19, 1.49, 0.41, 0.53, 0.00, 0.00, 0.00, 1.00, 0.00, 0.00, 0.00, 1.00, 1.00, 1.00, 0.00, 0.00, 0.00, 0.00, 1.00, 0.00, 0.00, 1.00
5094, 0, 192.035, 0.88, 1, 0.00, 0.00, 0.00, 0.00, 0.29, 0.37, 0.00, 0.90, 1.86, 1.07, 0.00, 0.10, 0.00, 0.15, 1.35, 0.52, 0.77, 0.00, 0.00, 0.00, 1.00, 0.00, 0.00, 0.00, 1.00, 1.00, 0.00, 0.00, 0.00, 0.00, 0.00, 1.00, 0.00, 0.00, 1.00
5095, 0, 192.072, 0.88, 1, 0.00, 0.00, 0.00, 0.00, 0.39, 0.45, 0.00, 0.63, 1.87, 0.99, 0.10, 0.10, 0.02, 0.16, 1.13, 0.86, 0.58, 0.00, 0.00, 0.00, 1.00, 0.00, 0.00, 0.00, 1.00, 1.00, 0.00, 0.00, 0.00, 0.00, 0.00, 1.00, 0.00, 0.00, 1.00
5096, 0, 192.110, 0.93, 1, 0.00, 0.00, 0.00, 0.00, 0.47, 0.50, 0.00, 0.58, 1.86, 0.90, 0.30, 0.10, 0.05, 0.21, 1.03, 0.93, 0.37, 0.00, 0.00, 0.00, 1.00, 0.00, 0.00, 0.00, 1.00, 1.00, 0.00, 0.00, 0.00, 0.00, 0.00, 1.00, 0.00, 0.00, 1.00
5097, 0, 192.148, 0.93, 1, 0.00, 0.00, 0.00, 0.00, 0.50, 0.68, 0.00, 0.64, 1.78, 0.97, 0.49, 0.00, 0.05, 0.21, 1.27, 1.10, 0.00, 0.00, 0.00, 0.00, 1.00, 0.00, 0.00, 0.00, 1.00, 1.00, 0.00, 0.00, 0.00, 0.00, 0.00, 1.00, 0.00, 0.00, 1.00
5098, 0, 192.186, 0.93, 1, 0.00, 0.00, 0.00, 0.00, 0.40, 0.83, 0.00, 0.82, 1.74, 1.27, 0.40, 0.00, 0.03, 0.12, 1.48, 0.98, 0.00, 0.00, 0.00, 0.00, 1.00, 0.00, 0.00, 0.00, 1.00, 1.00, 0.00, 0.00, 0.00, 0.00, 0.00, 1.00, 0.00, 0.00, 1.00
5099, 0, 192.223, 0.88, 1, 0.00, 0.00, 0.00, 0.00, 0.40, 0.86, 0.00, 0.86, 1.74, 1.28, 0.32, 0.00, 0.00, 0.03, 1.58, 0.94, 0.02, 0.00, 0.00, 0.00, 1.00, 0.00, 0.00, 0.00, 1.00, 1.00, 0.00, 0.00, 0.00, 0.00, 0.00, 1.00, 0.00, 0.00, 1.00
5100, 0, 192.261, 0.88, 1, 0.00, 0.00, 0.00, 0.00, 0.43, 0.70, 0.00, 0.80, 1.82, 0.97, 0.13, 0.00, 0.07, 0.03, 1.49, 0.92, 0.02, 0.00, 0.00, 0.00, 1.00, 0.00, 0.00, 0.00, 1.00, 1.00, 0.00, 0.00, 0.00, 0.00, 0.00, 1.00, 0.00, 0.00, 1.00
5101, 0, 192.299, 0.88, 1, 0.00, 0.00, 0.00, 0.00, 0.51, 0.93, 0.00, 0.85, 1.86, 0.71, 0.12, 0.00, 0.07, 0.04, 1.40, 0.84, 0.13, 0.00, 0.00, 0.00, 1.00, 0.00, 0.00, 0.00, 1.00, 1.00, 0.00, 0.00, 0.00, 0.00, 0.00, 1.00, 0.00, 0.00, 1.00
5102, 0, 192.336, 0.93, 1, 0.00, 0.00, 0.00, 0.00, 0.51, 1.18, 0.00, 0.96, 1.88, 0.70, 0.00, 0.00, 0.07, 0.04, 1.38, 0.79, 0.22, 0.00, 0.00, 0.00, 1.00, 0.00, 0.00, 0.00, 1.00, 1.00, 0.00, 0.00, 0.00, 0.00, 0.00, 1.00, 0.00, 0.00, 1.00
5103, 0, 192.374, 0.93, 1, 0.00, 0.00, 0.00, 0.00, 0.50, 1.22, 0.00, 1.13, 1.89, 0.90, 0.00, 0.00, 0.00, 0.11, 1.43, 0.72, 0.22, 0.00, 0.00, 0.00, 1.00, 0.00, 0.00, 0.00, 1.00, 1.00, 0.00, 0.00, 0.00, 0.00, 0.00, 1.00, 0.00, 0.00, 1.00
5104, 0, 192.412, 0.93, 1, 0.00, 0.00, 0.00, 0.00, 0.56, 1.02, 0.00, 1.19, 1.89, 1.00, 0.00, 0.00, 0.00, 0.22, 1.58, 0.80, 0.11, 0.00, 0.00, 0.00, 1.00, 0.00, 0.00, 0.00, 1.00, 1.00, 0.00, 0.00, 0.00, 0.00, 0.00, 1.00, 0.00, 0.00, 1.00
5105, 0, 192.450, 0.93, 1, 0.00, 0.00, 0.00, 0.00, 0.58, 0.77, 0.00, 1.22, 1.83, 0.77, 0.17, 0.00, 0.32, 0.22, 1.67, 0.81, 0.00, 0.00, 0.00, 0.00, 1.00, 0.00, 0.00, 0.00, 1.00, 1.00, 0.00, 0.00, 0.00, 0.00, 0.00, 1.00, 0.00, 0.00, 1.00
5106, 0, 192.487, 0.98, 1, 0.00, 0.00, 0.00, 0.00, 0.58, 0.52, 0.00, 1.07, 1.84, 0.66, 0.29, 0.00, 0.64, 0.16, 1.55, 0.84, 0.00, 0.00, 0.00, 0.00, 1.00, 0.00, 0.00, 0.00, 0.00, 1.00, 0.00, 0.00, 0.00, 0.00, 0.00, 1.00, 0.00, 0.00, 1.00
5107, 0, 192.525, 0.98, 1, 0.00, 0.00, 0.00, 0.00, 0.46, 0.21, 0.00, 0.72, 1.75, 0.51, 0.29, 0.00, 0.76, 0.14, 1.32, 0.75, 0.00, 0.00, 0.00, 0.00, 1.00, 0.00, 0.00, 0.00, 0.00, 1.00, 0.00, 0.00, 0.00, 0.00, 0.00, 1.00, 1.00, 0.00, 1.00
5108, 0, 192.563, 0.93, 1, 0.00, 0.00, 0.00, 0.00, 0.32, 0.00, 0.00, 0.50, 1.81, 0.59, 0.12, 0.00, 0.44, 0.14, 1.25, 0.80, 0.00, 0.00, 0.00, 0.00, 1.00, 0.00, 0.00, 0.00, 0.00, 1.00, 0.00, 0.00, 0.00, 0.00, 0.00, 1.00, 1.00, 0.00, 1.00
5109, 0, 192.600, 0.88, 1, 0.00, 0.00, 0.00, 0.00, 0.19, 0.00, 0.00, 0.49, 1.83, 0.56, 0.00, 0.00, 0.13, 0.10, 1.40, 0.93, 0.00, 0.00, 0.00, 0.00, 1.00, 0.00, 0.00, 0.00, 0.00, 1.00, 0.00, 0.00, 0.00, 0.00, 0.00, 1.00, 1.00, 0.00, 1.00
5110, 0, 192.638, 0.88, 1, 0.00, 0.00, 0.00, 0.00, 0.15, 0.00, 0.00, 0.84, 1.91, 0.65, 0.00, 0.17, 0.19, 0.16, 1.54, 1.00, 0.37, 0.00, 0.00, 0.00, 1.00, 0.00, 0.00, 0.00, 0.00, 1.00, 0.00, 0.00, 0.00, 0.00, 0.00, 1.00, 1.00, 0.00, 1.00
5111, 0, 192.676, 0.88, 1, 0.00, 0.00, 0.00, 0.00, 0.11, 0.00, 0.00, 1.01, 1.74, 0.81, 0.00, 0.23, 0.53, 0.27, 1.67, 0.85, 0.72, 0.00, 0.00, 0.00, 1.00, 0.00, 0.00, 0.00, 0.00, 1.00, 0.00, 0.00, 0.00, 0.00, 1.00, 1.00, 0.00, 0.00, 1.00
5112, 0, 192.713, 0.88, 1, 0.00, 0.00, 0.00, 0.00, 0.07, 0.00, 0.00, 0.94, 1.53, 0.98, 0.00, 0.23, 0.95, 0.31, 1.64, 0.43, 1.06, 0.00, 0.00, 0.00, 1.00, 0.00, 0.00, 0.00, 1.00, 1.00, 0.00, 0.00, 0.00, 0.00, 1.00, 1.00, 0.00, 0.00, 1.00
5113, 0, 192.751, 0.88, 1, 0.00, 0.00, 0.00, 0.00, 0.00, 0.03, 0.00, 0.84, 1.34, 0.81, 0.00, 0.15, 1.05, 0.20, 1.66, 0.25, 0.96, 0.00, 0.00, 0.00, 1.00, 0.00, 0.00, 0.00, 1.00, 1.00, 0.00, 1.00, 0.00, 0.00, 1.00, 1.00, 0.00, 0.00, 1.00
5114, 0, 192.789, 0.88, 1, 0.01, 0.00, 0.00, 0.00, 0.01, 0.37, 0.00, 0.88, 1.29, 0.74, 0.00, 0.14, 0.88, 0.21, 1.70, 0.21, 0.89, 0.00, 0.00, 0.00, 1.00, 0.00, 0.00, 0.00, 1.00, 1.00, 0.00, 1.00, 0.00, 0.00, 1.00, 1.00, 0.00, 0.00, 1.00
5115, 0, 192.827, 0.88, 1, 0.01, 0.00, 0.00, 0.00, 0.02, 0.66, 0.00, 1.13, 1.36, 0.64, 0.00, 0.14, 0.74, 0.30, 1.69, 0.48, 0.72, 0.00, 0.00, 0.00, 1.00, 0.00, 0.00, 0.00, 1.00, 1.00, 0.00, 1.00, 0.00, 0.00, 1.00, 1.00, 0.00, 0.00, 1.00
5116, 0, 192.864, 0.88, 1, 0.01, 0.00, 0.00, 0.00, 0.05, 0.98, 0.00, 1.25, 1.44, 0.79, 0.00, 0.06, 0.68, 0.35, 1.78, 0.79, 0.57, 0.00, 0.00, 0.00, 1.00, 0.00, 0.00, 0.00, 1.00, 1.00, 0.00, 0.00, 0.00, 0.00, 1.00, 1.00, 1.00, 0.00, 1.00
5117, 0, 192.902, 0.88, 1, 0.00, 0.00, 0.00, 0.00, 0.04, 0.81, 0.00, 1.26, 1.58, 0.87, 0.00, 0.00, 0.66, 0.23, 1.84, 1.24, 0.29, 0.00, 0.00, 0.00, 1.00, 0.00, 0.00, 0.00, 1.00, 1.00, 0.00, 0.00, 0.00, 0.00, 1.00, 1.00, 1.00, 0.00, 1.00
5118, 0, 192.940, 0.88, 1, 0.00, 0.00, 0.00, 0.00, 0.06, 0.58, 0.00, 1.16, 1.77, 1.10, 0.00, 0.00, 0.39, 0.12, 2.11, 1.65, 0.13, 0.00, 0.00, 0.00, 1.00, 0.00, 0.00, 0.00, 1.00, 1.00, 0.00, 1.00, 0.00, 0.00, 1.00, 1.00, 1.00, 0.00, 1.00
5119, 0, 192.977, 0.88, 1, 0.00, 0.00, 0.00, 0.00, 0.07, 0.34, 0.00, 1.01, 1.90, 1.16, 0.00, 0.00, 0.25, 0.06, 2.24, 1.85, 0.00, 0.00, 0.00, 0.00, 1.00, 0.00, 0.00, 0.00, 1.00, 1.00, 0.00, 0.00, 0.00, 0.00, 1.00, 1.00, 1.00, 0.00, 1.00
5120, 0, 193.015, 0.88, 1, 0.00, 0.00, 0.00, 0.00, 0.07, 0.25, 0.00, 1.10, 1.90, 1.48, 0.00, 0.12, 0.44, 0.23, 2.21, 1.84, 0.03, 0.00, 0.00, 0.00, 1.00, 0.00, 0.00, 0.00, 1.00, 1.00, 0.00, 0.00, 0.00, 0.00, 1.00, 1.00, 1.00, 0.00, 1.00
5121, 0, 193.053, 0.88, 1, 0.00, 0.00, 0.00, 0.00, 0.12, 0.62, 0.00, 1.02, 1.69, 1.65, 0.00, 0.12, 0.42, 0.35, 1.90, 1.75, 0.08, 0.00, 0.00, 0.00, 1.00, 0.00, 0.00, 0.00, 1.00, 1.00, 1.00, 0.00, 0.00, 0.00, 1.00, 1.00, 1.00, 0.00, 1.00
5122, 0, 193.091, 0.88, 1, 0.00, 0.00, 0.00, 0.00, 0.13, 0.87, 0.00, 0.73, 1.55, 1.56, 0.00, 0.23, 0.35, 0.50, 1.62, 1.48, 0.08, 0.00, 0.00, 0.00, 1.00, 0.00, 0.00, 0.00, 1.00, 1.00, 1.00, 0.00, 0.00, 0.00, 1.00, 1.00, 1.00, 0.00, 1.00
5123, 0, 193.128, 0.88, 1, 0.00, 0.00, 0.00, 0.00, 0.21, 1.06, 0.00, 0.30, 1.57, 1.36, 0.00, 0.11, 0.02, 0.58, 1.34, 1.44, 0.09, 0.00, 0.00, 0.00, 1.00, 0.00, 0.00, 0.00, 1.00, 1.00, 1.00, 0.00, 0.00, 0.00, 1.00, 1.00, 0.00, 0.00, 1.00
5124, 0, 193.166, 0.88, 1, 0.00, 0.00, 0.00, 0.00, 0.27, 0.70, 0.00, 0.24, 1.71, 1.05, 0.00, 0.22, 0.00, 0.69, 1.22, 1.49, 0.09, 0.00, 0.00, 0.00, 1.00, 0.00, 0.00, 0.00, 1.00, 1.00, 1.00, 1.00, 1.00, 0.00, 1.00, 1.00, 0.00, 0.00, 1.00
5125, 0, 193.204, 0.93, 1, 0.00, 0.00, 0.00, 0.00, 0.43, 0.34, 0.00, 0.64, 1.80, 0.81, 0.00, 0.35, 0.00, 0.75, 1.09, 1.76, 0.09, 0.00, 0.00, 0.00, 1.00, 0.00, 0.00, 0.00, 1.00, 1.00, 1.00, 1.00, 1.00, 0.00, 0.00, 1.00, 0.00, 0.00, 1.00
5126, 0, 193.241, 0.93, 1, 0.00, 0.00, 0.00, 0.00, 0.51, 0.23, 0.00, 0.89, 1.75, 0.70, 0.09, 0.48, 0.00, 0.59, 0.92, 1.85, 0.05, 0.00, 0.00, 0.00, 1.00, 0.00, 0.00, 0.00, 1.00, 1.00, 1.00, 1.00, 1.00, 0.00, 0.00, 1.00, 0.00, 0.00, 1.00
5127, 0, 193.279, 0.93, 1, 0.00, 0.00, 0.00, 0.00, 0.58, 0.52, 0.00, 1.13, 1.66, 0.59, 0.18, 0.65, 0.00, 0.38, 0.77, 1.76, 0.00, 0.00, 0.00, 0.00, 1.00, 0.00, 0.00, 0.00, 1.00, 1.00, 1.00, 1.00, 1.00, 0.00, 0.00, 1.00, 0.00, 0.00, 1.00
5128, 0, 193.317, 0.93, 1, 0.00, 0.00, 0.00, 0.00, 0.50, 0.82, 0.00, 1.09, 1.60, 0.97, 0.20, 0.56, 0.00, 0.25, 0.64, 1.65, 0.00, 0.00, 0.00, 0.00, 1.00, 1.00, 0.00, 0.00, 1.00, 1.00, 1.00, 1.00, 1.00, 0.00, 0.00, 1.00, 0.00, 0.00, 1.00
5129, 0, 193.354, 0.93, 1, 0.00, 0.00, 0.00, 0.00, 0.53, 0.91, 0.00, 1.17, 1.71, 1.06, 0.22, 0.58, 0.00, 0.24, 0.71, 1.61, 0.00, 0.00, 0.00, 0.00, 1.00, 1.00, 0.00, 0.00, 1.00, 1.00, 0.00, 1.00, 1.00, 0.00, 0.00, 1.00, 0.00, 0.00, 1.00
5130, 0, 193.392, 0.98, 1, 0.00, 0.00, 0.00, 0.00, 0.55, 0.82, 0.00, 0.94, 1.83, 1.19, 0.15, 0.65, 0.00, 0.24, 1.09, 1.42, 0.00, 0.00, 0.00, 0.00, 1.00, 1.00, 0.00, 0.00, 1.00, 1.00, 1.00, 1.00, 1.00, 0.00, 0.00, 1.00, 0.00, 0.00, 1.00
5131, 0, 193.430, 0.98, 1, 0.00, 0.00, 0.00, 0.00, 0.64, 0.76, 0.00, 0.74, 1.92, 1.00, 0.41, 0.80, 0.00, 0.17, 1.48, 1.23, 0.00, 0.00, 0.00, 0.00, 1.00, 1.00, 0.00, 0.00, 0.00, 1.00, 1.00, 1.00, 1.00, 0.00, 0.00, 1.00, 0.00, 0.00, 0.00
5132, 0, 193.468, 0.98, 1, 0.00, 0.00, 0.00, 0.00, 0.54, 0.54, 0.00, 0.53, 1.89, 0.96, 0.30, 0.91, 0.05, 0.12, 1.75, 0.96, 0.00, 0.00, 0.00, 0.00, 1.00, 0.00, 0.00, 0.00, 0.00, 1.00, 1.00, 0.00, 1.00, 0.00, 1.00, 1.00, 0.00, 0.00, 0.00
5133, 0, 193.505, 0.98, 1, 0.00, 0.00, 0.00, 0.00, 0.46, 0.32, 0.00, 0.62, 1.93, 0.92, 0.40, 0.72, 0.05, 0.17, 1.75, 0.77, 0.00, 0.00, 0.00, 0.00, 1.00, 1.00, 0.00, 0.00, 0.00, 1.00, 1.00, 0.00, 1.00, 0.00, 1.00, 1.00, 0.00, 0.00, 0.00
5134, 0, 193.543, 0.93, 1, 0.00, 0.00, 0.00, 0.00, 0.41, 0.20, 0.00, 0.78, 2.02, 0.95, 0.11, 0.61, 0.05, 0.27, 1.51, 0.62, 0.00, 0.00, 0.00, 0.00, 1.00, 0.00, 0.00, 0.00, 0.00, 1.00, 1.00, 0.00, 1.00, 0.00, 1.00, 1.00, 0.00, 0.00, 0.00
5135, 0, 193.581, 0.88, 1, 0.00, 0.00, 0.00, 0.00, 0.55, 0.50, 0.00, 0.91, 2.02, 0.59, 0.11, 0.39, 0.00, 0.36, 1.35, 0.57, 0.00, 0.00, 0.00, 0.00, 1.00, 0.00, 0.00, 0.00, 1.00, 1.00, 0.00, 0.00, 1.00, 0.00, 1.00, 1.00, 0.00, 0.00, 0.00
5136, 0, 193.618, 0.98, 1, 0.00, 0.00, 0.00, 0.00, 0.57, 0.59, 0.00, 1.01, 1.93, 0.44, 0.00, 0.22, 0.00, 0.42, 1.11, 0.63, 0.00, 0.00, 0.00, 0.00, 1.00, 0.00, 0.00, 0.00, 1.00, 1.00, 0.00, 0.00, 0.00, 0.00, 1.00, 1.00, 0.00, 0.00, 0.00
5137, 0, 193.656, 0.93, 1, 0.00, 0.00, 0.00, 0.00, 0.58, 0.67, 0.00, 1.04, 1.81, 0.29, 0.00, 0.04, 0.00, 0.42, 1.10, 0.64, 0.00, 0.00, 0.00, 0.00, 1.00, 0.00, 0.00, 0.00, 1.00, 1.00, 0.00, 0.00, 0.00, 0.00, 1.00, 1.00, 0.00, 0.00, 1.00
5138, 0, 193.694, 0.98, 1, 0.00, 0.00, 0.00, 0.00, 0.49, 0.66, 0.00, 1.13, 1.88, 0.29, 0.00, 0.02, 0.00, 0.44, 1.05, 0.64, 0.00, 0.00, 0.00, 0.00, 1.00, 0.00, 0.00, 0.00, 1.00, 1.00, 0.00, 0.00, 0.00, 0.00, 1.00, 1.00, 0.00, 0.00, 1.00
5139, 0, 193.732, 0.88, 1, 0.00, 0.00, 0.00, 0.00, 0.46, 0.82, 0.00, 1.16, 1.90, 0.17, 0.02, 0.15, 0.00, 0.48, 1.05, 0.57, 0.03, 0.00, 0.00, 0.00, 1.00, 0.00, 0.00, 0.00, 1.00, 1.00, 0.00, 0.00, 0.00, 0.00, 1.00, 1.00, 0.00, 0.00, 1.00
5140, 0, 193.769, 0.93, 1, 0.00, 0.00, 0.00, 0.00, 0.45, 0.81, 0.00, 1.06, 1.88, 0.02, 0.02, 0.20, 0.00, 0.48, 0.86, 0.43, 0.03, 0.00, 0.00, 0.00, 1.00, 0.00, 0.00, 0.00, 1.00, 1.00, 0.00, 0.00, 0.00, 0.00, 1.00, 1.00, 0.00, 0.00, 1.00
5141, 0, 193.807, 0.98, 1, 0.00, 0.00, 0.00, 0.00, 0.50, 0.69, 0.00, 0.90, 1.82, 0.02, 0.02, 0.18, 0.00, 0.57, 0.77, 0.43, 0.03, 0.00, 0.00, 0.00, 1.00, 0.00, 0.00, 0.00, 0.00, 1.00, 0.00, 0.00, 0.00, 0.00, 1.00, 0.00, 0.00, 0.00, 1.00
5142, 0, 193.845, 0.98, 1, 0.00, 0.00, 0.11, 0.00, 0.58, 0.73, 0.00, 0.72, 1.81, 0.08, 0.00, 0.04, 0.00, 0.64, 0.65, 0.65, 0.00, 0.00, 0.00, 0.00, 1.00, 0.00, 0.00, 0.00, 0.00, 1.00, 0.00, 0.00, 0.00, 0.00, 1.00, 0.00, 0.00, 0.00, 1.00
5143, 0, 193.882, 0.98, 1, 0.00, 0.00, 0.11, 0.00, 0.60, 0.77, 0.00, 0.67, 1.88, 0.30, 0.00, 0.04, 0.00, 0.74, 0.74, 0.98, 0.00, 0.00, 0.00, 0.00, 1.00, 0.00, 0.00, 0.00, 0.00, 1.00, 0.00, 0.00, 0.00, 0.00, 1.00, 0.00, 0.00, 0.00, 1.00
5144, 0, 193.920, 0.98, 1, 0.00, 0.00, 0.11, 0.00, 0.55, 0.77, 0.00, 0.63, 1.97, 0.43, 0.00, 0.04, 0.00, 0.77, 0.77, 1.19, 0.00, 0.00, 0.00, 0.00, 1.00, 0.00, 0.00, 0.00, 0.00, 1.00, 0.00, 0.00, 0.00, 0.00, 1.00, 0.00, 0.00, 0.00, 1.00
5145, 0, 193.958, 0.98, 1, 0.00, 0.00, 0.00, 0.00, 0.54, 0.95, 0.00, 0.59, 1.96, 0.81, 0.00, 0.04, 0.00, 0.56, 0.67, 0.82, 0.09, 0.00, 0.00, 0.00, 1.00, 0.00, 0.00, 0.00, 0.00, 1.00, 0.00, 0.00, 0.00, 0.00, 1.00, 0.00, 0.00, 0.00, 1.00
5146, 0, 193.995, 0.98, 1, 0.00, 0.00, 0.00, 0.00, 0.52, 1.00, 0.00, 0.56, 1.85, 0.93, 0.00, 0.00, 0.00, 0.40, 0.63, 0.55, 0.09, 0.00, 0.00, 0.00, 1.00, 0.00, 0.00, 0.00, 0.00, 1.00, 1.00, 0.00, 0.00, 0.00, 1.00, 1.00, 0.00, 0.00, 1.00
5147, 0, 194.033, 0.98, 1, 0.00, 0.00, 0.00, 0.00, 0.54, 1.06, 0.00, 0.40, 1.74, 1.09, 0.00, 0.00, 0.00, 0.28, 0.65, 0.10, 0.10, 0.00, 0.00, 0.00, 1.00, 0.00, 0.00, 0.00, 0.00, 1.00, 1.00, 0.00, 0.00, 0.00, 1.00, 1.00, 0.00, 0.00, 1.00
5148, 0, 194.071, 0.98, 1, 0.00, 0.00, 0.00, 0.00, 0.48, 0.90, 0.00, 0.30, 1.70, 0.94, 0.00, 0.00, 0.00, 0.31, 0.87, 0.32, 0.00, 0.00, 0.00, 0.00, 1.00, 0.00, 0.00, 0.00, 0.00, 1.00, 1.00, 0.00, 0.00, 0.00, 1.00, 1.00, 0.00, 0.00, 1.00
5149, 0, 194.109, 0.88, 1, 0.00, 0.00, 0.00, 0.00, 0.49, 1.04, 0.00, 0.16, 1.70, 0.88, 0.00, 0.00, 0.00, 0.35, 1.00, 0.42, 0.00, 0.00, 0.00, 0.00, 1.00, 1.00, 0.00, 0.00, 0.00, 1.00, 1.00, 0.00, 0.00, 0.00, 1.00, 1.00, 0.00, 0.00, 1.00
5150, 0, 194.146, 0.88, 1, 0.00, 0.00, 0.00, 0.00, 0.54, 1.35, 0.00, 0.51, 1.69, 1.25, 0.00, 0.00, 0.00, 0.37, 1.23, 0.58, 0.00, 0.00, 0.00, 0.00, 1.00, 1.00, 0.00, 0.00, 0.00, 1.00, 1.00, 0.00, 0.00, 0.00, 1.00, 1.00, 0.00, 0.00, 0.00
5151, 0, 194.184, 0.98, 1, 0.00, 0.00, 0.00, 0.00, 0.62, 1.15, 0.00, 0.84, 1.69, 1.47, 0.00, 0.00, 0.00, 0.39, 1.53, 0.53, 0.00, 0.00, 0.00, 0.00, 1.00, 1.00, 0.00, 0.00, 0.00, 1.00, 1.00, 0.00, 0.00, 0.00, 1.00, 1.00, 0.00, 0.00, 0.00
5152, 0, 194.222, 0.93, 1, 0.00, 0.00, 0.00, 0.00, 0.66, 0.91, 0.00, 1.18, 1.75, 1.75, 0.18, 0.00, 0.00, 0.42, 1.86, 0.73, 0.00, 0.00, 0.00, 0.00, 1.00, 1.00, 0.00, 0.00, 1.00, 1.00, 1.00, 0.00, 0.00, 0.00, 1.00, 1.00, 0.00, 0.00, 0.00
5153, 0, 194.259, 0.93, 1, 0.00, 0.00, 0.00, 0.00, 0.61, 0.33, 0.00, 1.16, 1.75, 1.81, 0.52, 0.00, 0.00, 0.36, 2.18, 1.27, 0.00, 0.00, 0.00, 0.00, 1.00, 1.00, 0.00, 0.00, 1.00, 1.00, 1.00, 0.00, 0.00, 0.00, 1.00, 1.00, 0.00, 0.00, 0.00
5154, 0, 194.297, 0.88, 1, 0.00, 0.00, 0.00, 0.00, 0.57, 0.29, 0.00, 1.19, 1.76, 1.99, 0.75, 0.00, 0.22, 0.26, 2.34, 1.82, 0.00, 0.00, 0.00, 0.00, 1.00, 0.00, 0.00, 0.00, 1.00, 1.00, 1.00, 0.00, 0.00, 0.00, 1.00, 1.00, 1.00, 0.00, 0.00
5155, 0, 194.335, 0.88, 1, 0.00, 0.00, 0.00, 0.00, 0.56, 0.58, 0.00, 1.61, 1.75, 1.90, 0.61, 0.08, 0.29, 0.12, 2.27, 2.12, 0.00, 0.00, 0.00, 0.00, 1.00, 0.00, 0.00, 0.00, 1.00, 1.00, 1.00, 1.00, 0.00, 0.00, 1.00, 1.00, 1.00, 0.00, 0.00
5156, 0, 194.373, 0.88, 1, 0.00, 0.00, 0.00, 0.00, 0.40, 1.12, 0.00, 1.69, 1.62, 1.60, 0.27, 0.08, 0.29, 0.01, 1.92, 2.07, 0.24, 0.00, 0.00, 0.00, 1.00, 0.00, 0.00, 0.00, 1.00, 1.00, 1.00, 1.00, 0.00, 0.00, 1.00, 1.00, 1.00, 0.00, 0.00
5157, 0, 194.410, 0.88, 1, 0.00, 0.00, 0.00, 0.00, 0.24, 1.40, 0.00, 1.85, 1.51, 1.21, 0.04, 0.19, 0.07, 0.08, 1.50, 2.07, 0.28, 0.00, 0.00, 0.00, 1.00, 0.00, 0.00, 0.00, 1.00, 1.00, 0.00, 1.00, 0.00, 0.00, 1.00, 1.00, 1.00, 0.00, 1.00
5158, 0, 194.448, 0.88, 1, 0.00, 0.00, 0.00, 0.00, 0.07, 1.20, 0.00, 1.47, 1.40, 1.15, 0.00, 0.11, 0.05, 0.09, 1.30, 1.99, 0.28, 0.00, 0.00, 0.00, 1.00, 0.00, 0.00, 0.00, 1.00, 1.00, 0.00, 0.00, 0.00, 0.00, 1.00, 1.00, 1.00, 0.00, 1.00
5159, 0, 194.486, 0.88, 1, 0.00, 0.00, 0.00, 0.00, 0.11, 0.84, 0.00, 1.34, 1.51, 1.00, 0.13, 0.18, 0.14, 0.09, 1.41, 2.03, 0.04, 0.00, 0.00, 0.00, 1.00, 0.00, 0.00, 0.00, 0.00, 1.00, 0.00, 0.00, 0.00, 0.00, 1.00, 1.00, 1.00, 0.00, 1.00
5160, 0, 194.523, 0.88, 1, 0.00, 0.00, 0.00, 0.00, 0.25, 0.64, 0.00, 0.90, 1.52, 0.82, 0.28, 0.27, 0.50, 0.04, 1.87, 1.68, 0.00, 0.00, 0.00, 0.00, 1.00, 0.00, 0.00, 0.00, 0.00, 1.00, 0.00, 0.00, 0.00, 0.00, 0.00, 1.00, 1.00, 0.00, 1.00
5161, 0, 194.561, 0.98, 1, 0.00, 0.00, 0.00, 0.00, 0.40, 0.57, 0.00, 0.72, 1.54, 0.62, 0.56, 0.46, 0.79, 0.08, 2.31, 1.41, 0.00, 0.00, 0.00, 0.00, 1.00, 0.00, 0.00, 0.00, 1.00, 1.00, 0.00, 0.00, 0.00, 0.00, 1.00, 1.00, 1.00, 0.00, 1.00
5162, 0, 194.599, 0.98, 1, 0.00, 0.00, 0.00, 0.00, 0.52, 0.47, 0.00, 0.63, 1.61, 0.80, 0.50, 0.39, 0.72, 0.22, 2.29, 0.93, 0.00, 0.00, 0.00, 0.00, 1.00, 0.00, 0.00, 0.00, 1.00, 1.00, 0.00, 0.00, 0.00, 0.00, 0.00, 1.00, 1.00, 0.00, 0.00
5163, 0, 194.636, 0.88, 1, 0.00, 0.00, 0.00, 0.00, 0.62, 0.34, 0.00, 0.88, 1.82, 1.24, 0.35, 0.19, 0.37, 0.19, 2.05, 1.04, 0.00, 0.00, 0.00, 0.00, 1.00, 1.00, 0.00, 0.00, 1.00, 1.00, 1.00, 0.00, 0.00, 0.00, 0.00, 1.00, 1.00, 0.00, 0.00
5164, 0, 194.674, 0.93, 1, 0.00, 0.00, 0.00, 0.00, 0.68, 0.14, 0.00, 1.14, 1.98, 1.43, 0.10, 0.00, 0.04, 0.14, 1.86, 1.17, 0.00, 0.00, 0.00, 0.00, 1.00, 1.00, 0.00, 0.00, 1.00, 1.00, 1.00, 0.00, 0.00, 0.00, 0.00, 1.00, 1.00, 0.00, 0.00
5165, 0, 194.712, 0.98, 1, 0.00, 0.00, 0.01, 0.00, 0.74, 0.23, 0.00, 1.40, 1.96, 1.58, 0.30, 0.07, 0.13, 0.00, 1.97, 1.70, 0.00, 0.00, 0.00, 0.00, 1.00, 1.00, 0.00, 0.00, 1.00, 1.00, 1.00, 0.00, 0.00, 0.00, 0.00, 1.00, 1.00, 0.00, 0.00
5166, 0, 194.750, 0.93, 1, 0.00, 0.00, 0.01, 0.00, 0.70, 0.21, 0.00, 1.52, 1.98, 1.29, 0.32, 0.07, 0.13, 0.00, 2.03, 1.99, 0.02, 0.00, 0.00, 0.00, 1.00, 1.00, 0.00, 0.00, 1.00, 1.00, 1.00, 0.00, 0.00, 0.00, 0.00, 1.00, 1.00, 0.00, 1.00
5167, 0, 194.787, 0.88, 1, 0.00, 0.00, 0.01, 0.00, 0.68, 0.25, 0.00, 1.60, 1.99, 1.14, 0.37, 0.07, 0.11, 0.00, 2.02, 2.19, 0.02, 0.00, 0.00, 0.00, 1.00, 1.00, 0.00, 0.00, 1.00, 1.00, 0.00, 0.00, 0.00, 0.00, 0.00, 1.00, 1.00, 0.00, 1.00
5168, 0, 194.825, 0.88, 1, 0.00, 0.00, 0.00, 0.00, 0.52, 0.09, 0.00, 1.59, 2.04, 0.95, 0.10, 0.00, 0.14, 0.00, 1.97, 2.40, 0.20, 0.00, 0.00, 0.00, 1.00, 1.00, 0.00, 0.00, 1.00, 1.00, 0.00, 0.00, 0.00, 0.00, 0.00, 1.00, 1.00, 0.00, 1.00
5169, 0, 194.863, 0.88, 1, 0.00, 0.00, 0.00, 0.00, 0.42, 0.32, 0.00, 1.45, 2.02, 1.06, 0.10, 0.01, 0.22, 0.00, 2.01, 2.51, 0.35, 0.00, 0.00, 0.00, 1.00, 1.00, 0.00, 0.00, 1.00, 1.00, 0.00, 0.00, 0.00, 0.00, 0.00, 1.00, 1.00, 0.00, 1.00
5170, 0, 194.900, 0.88, 1, 0.00, 0.00, 0.00, 0.00, 0.46, 0.28, 0.00, 1.17, 1.90, 1.15, 0.14, 0.01, 0.47, 0.02, 1.86, 2.41, 0.51, 0.00, 0.00, 0.00, 1.00, 1.00, 0.00, 0.00, 1.00, 1.00, 0.00, 0.00, 0.00, 0.00, 0.00, 1.00, 1.00, 0.00, 1.00
5171, 0, 194.938, 0.88, 1, 0.00, 0.00, 0.00, 0.00, 0.59, 0.36, 0.00, 1.01, 1.72, 1.02, 0.14, 0.01, 0.50, 0.06, 1.85, 2.02, 0.50, 0.00, 0.00, 0.00, 1.00, 1.00, 0.00, 0.00, 1.00, 1.00, 0.00, 0.00, 0.00, 0.00, 0.00, 1.00, 1.00, 0.00, 1.00
5172, 0, 194.976, 0.93, 1, 0.00, 0.00, 0.00, 0.00, 0.74, 0.39, 0.00, 1.03, 1.58, 0.75, 0.12, 0.07, 0.49, 0.06, 1.65, 1.54, 0.51, 0.00, 0.00, 0.00, 1.00, 1.00, 0.00, 0.00, 1.00, 1.00, 0.00, 0.00, 0.00, 0.00, 0.00, 1.00, 1.00, 0.00, 1.00
5173, 0, 195.014, 0.88, 1, 0.00, 0.00, 0.00, 0.00, 0.80, 0.82, 0.00, 1.14, 1.63, 0.66, 0.00, 0.07, 0.43, 0.04, 1.54, 1.42, 0.44, 0.00, 0.00, 0.00, 1.00, 1.00, 0.00, 0.00, 1.00, 1.00, 1.00, 0.00, 0.00, 0.00, 0.00, 1.00, 1.00, 0.00, 1.00
5174, 0, 195.051, 0.88, 1, 0.00, 0.00, 0.00, 0.00, 0.86, 1.24, 0.00, 1.11, 1.67, 0.81, 0.00, 0.07, 0.25, 0.00, 1.35, 1.31, 0.27, 0.00, 0.00, 0.00, 1.00, 1.00, 0.00, 0.00, 1.00, 1.00, 1.00, 0.00, 0.00, 0.00, 0.00, 1.00, 1.00, 0.00, 0.00
5175, 0, 195.089, 0.88, 1, 0.00, 0.00, 0.00, 0.00, 0.85, 1.15, 0.00, 0.86, 1.79, 1.05, 0.00, 0.00, 0.18, 0.00, 1.41, 1.57, 0.21, 0.00, 0.00, 0.00, 1.00, 1.00, 0.00, 0.00, 1.00, 1.00, 1.00, 0.00, 0.00, 0.00, 0.00, 1.00, 1.00, 0.00, 0.00
5176, 0, 195.127, 0.98, 1, 0.00, 0.00, 0.00, 0.00, 0.82, 1.16, 0.00, 0.66, 1.85, 1.19, 0.00, 0.09, 0.00, 0.00, 1.52, 1.83, 0.15, 0.00, 0.00, 0.00, 1.00, 1.00, 0.00, 0.00, 1.00, 1.00, 1.00, 0.00, 1.00, 0.00, 0.00, 1.00, 1.00, 0.00, 0.00
5177, 0, 195.164, 0.93, 1, 0.00, 0.00, 0.00, 0.00, 0.77, 0.93, 0.00, 0.61, 2.01, 1.25, 0.00, 0.24, 0.00, 0.00, 1.61, 2.24, 0.15, 0.00, 0.00, 0.00, 1.00, 1.00, 0.00, 0.00, 1.00, 1.00, 1.00, 0.00, 1.00, 0.00, 0.00, 1.00, 1.00, 0.00, 0.00
5178, 0, 195.202, 0.93, 1, 0.00, 0.00, 0.04, 0.00, 0.72, 0.94, 0.00, 0.64, 2.01, 1.43, 0.00, 0.54, 0.00, 0.00, 1.61, 2.33, 0.03, 0.00, 0.00, 0.00, 1.00, 1.00, 0.00, 0.00, 1.00, 1.00, 1.00, 0.00, 1.00, 0.00, 0.00, 1.00, 1.00, 0.00, 0.00
5179, 0, 195.240, 0.93, 1, 0.00, 0.00, 0.10, 0.00, 0.70, 0.74, 0.00, 0.62, 2.01, 1.53, 0.00, 0.76, 0.00, 0.00, 1.61, 2.35, 0.00, 0.00, 0.00, 0.00, 1.00, 1.00, 0.00, 0.00, 1.00, 1.00, 1.00, 0.00, 1.00, 0.00, 0.00, 1.00, 1.00, 0.00, 0.00
5180, 0, 195.277, 0.93, 1, 0.00, 0.00, 0.10, 0.00, 0.62, 0.61, 0.00, 0.58, 1.97, 1.32, 0.00, 0.77, 0.00, 0.00, 1.80, 2.47, 0.08, 0.00, 0.00, 0.00, 1.00, 1.00, 0.00, 0.00, 1.00, 1.00, 1.00, 0.00, 1.00, 0.00, 0.00, 1.00, 1.00, 0.00, 0.00
5181, 0, 195.315, 0.93, 1, 0.00, 0.00, 0.06, 0.00, 0.60, 0.39, 0.00, 0.55, 2.01, 1.20, 0.00, 0.64, 0.00, 0.00, 1.98, 2.64, 0.19, 0.00, 0.00, 0.00, 1.00, 1.00, 0.00, 0.00, 1.00, 1.00, 1.00, 0.00, 1.00, 0.00, 0.00, 1.00, 1.00, 0.00, 1.00
5182, 0, 195.353, 0.93, 1, 0.00, 0.00, 0.00, 0.00, 0.61, 0.15, 0.00, 0.47, 2.13, 1.06, 0.02, 0.61, 0.00, 0.06, 2.25, 2.71, 0.25, 0.00, 0.00, 0.00, 1.00, 1.00, 0.00, 0.00, 1.00, 1.00, 1.00, 0.00, 1.00, 0.00, 0.00, 1.00, 1.00, 0.00, 1.00
5183, 0, 195.391, 0.93, 1, 0.00, 0.00, 0.00, 0.16, 0.65, 0.00, 0.00, 0.41, 2.16, 1.12, 0.02, 0.66, 0.00, 0.07, 2.18, 2.56, 0.28, 0.00, 0.00, 0.00, 1.00, 1.00, 0.00, 0.00, 1.00, 1.00, 1.00, 0.00, 1.00, 0.00, 0.00, 1.00, 1.00, 0.00, 1.00
5184, 0, 195.428, 0.93, 1, 0.00, 0.00, 0.00, 0.16, 0.53, 0.00, 0.00, 0.47, 2.15, 1.02, 0.02, 0.74, 0.00, 0.07, 2.15, 2.28, 0.60, 0.00, 0.00, 0.00, 1.00, 1.00, 0.00, 0.00, 1.00, 1.00, 1.00, 0.00, 1.00, 0.00, 0.00, 1.00, 1.00, 0.00, 1.00
5185, 0, 195.466, 0.88, 1, 0.00, 0.00, 0.00, 0.16, 0.39, 0.00, 0.00, 0.50, 2.09, 0.89, 0.16, 0.73, 0.00, 0.01, 2.25, 2.16, 1.02, 0.00, 0.00, 0.00, 1.00, 0.00, 0.00, 0.00, 1.00, 1.00, 1.00, 0.00, 1.00, 0.00, 0.00, 1.00, 1.00, 0.00, 1.00
5186, 0, 195.504, 0.88, 1, 0.00, 0.00, 0.00, 0.00, 0.30, 0.00, 0.00, 0.55, 2.13, 1.01, 0.21, 0.74, 0.00, 0.00, 2.34, 1.91, 1.35, 0.00, 0.00, 0.00, 1.00, 0.00, 0.00, 0.00, 1.00, 1.00, 1.00, 0.00, 1.00, 0.00, 0.00, 1.00, 1.00, 0.00, 1.00
5187, 0, 195.541, 0.88, 1, 0.00, 0.06, 0.00, 0.00, 0.28, 0.00, 0.00, 0.50, 2.18, 1.22, 0.23, 0.80, 0.00, 0.00, 2.41, 1.86, 1.33, 0.00, 0.00, 0.00, 1.00, 0.00, 0.00, 0.00, 1.00, 1.00, 1.00, 0.00, 1.00, 0.00, 0.00, 1.00, 1.00, 0.00, 1.00
5188, 0, 195.579, 0.88, 1, 0.00, 0.06, 0.00, 0.00, 0.30, 0.00, 0.00, 0.42, 2.10, 1.54, 0.21, 1.03, 0.00, 0.04, 2.18, 1.57, 1.29, 0.00, 0.00, 0.00, 1.00, 0.00, 0.00, 0.00, 1.00, 1.00, 1.00, 0.00, 1.00, 0.00, 0.00, 1.00, 1.00, 0.00, 1.00
5189, 0, 195.617, 0.88, 1, 0.00, 0.06, 0.00, 0.00, 0.32, 0.00, 0.00, 0.25, 2.02, 1.61, 0.16, 1.30, 0.00, 0.04, 1.99, 1.47, 1.37, 0.00, 0.00, 0.00, 1.00, 1.00, 0.00, 0.00, 1.00, 1.00, 1.00, 0.00, 1.00, 0.00, 0.00, 1.00, 1.00, 0.00, 1.00
5190, 0, 195.655, 0.88, 1, 0.00, 0.00, 0.00, 0.00, 0.40, 0.00, 0.00, 0.07, 1.99, 1.14, 0.14, 0.99, 0.00, 0.04, 1.68, 1.33, 1.30, 0.00, 0.00, 0.00, 1.00, 1.00, 0.00, 0.00, 1.00, 1.00, 1.00, 0.00, 1.00, 0.00, 0.00, 1.00, 1.00, 0.00, 1.00
5191, 0, 195.692, 0.88, 1, 0.00, 0.06, 0.00, 0.00, 0.43, 0.00, 0.00, 0.01, 2.05, 0.63, 0.00, 0.49, 0.00, 0.00, 1.44, 1.38, 1.19, 0.00, 0.00, 0.00, 1.00, 1.00, 0.00, 0.00, 0.00, 1.00, 1.00, 0.00, 1.00, 0.00, 0.00, 1.00, 1.00, 0.00, 1.00
5192, 0, 195.730, 0.88, 1, 0.00, 0.13, 0.00, 0.00, 0.42, 0.00, 0.00, 0.00, 2.01, 0.16, 0.13, 0.06, 0.00, 0.06, 1.37, 1.29, 0.83, 0.00, 0.00, 0.00, 1.00, 1.00, 0.00, 0.00, 0.00, 1.00, 1.00, 0.00, 1.00, 0.00, 0.00, 1.00, 1.00, 0.00, 1.00
5193, 0, 195.768, 0.88, 1, 0.00, 0.13, 0.00, 0.00, 0.33, 0.00, 0.00, 0.00, 1.94, 0.10, 0.13, 0.24, 0.00, 0.15, 1.32, 1.22, 0.65, 0.00, 0.00, 0.00, 1.00, 1.00, 0.00, 0.00, 0.00, 1.00, 0.00, 0.00, 1.00, 0.00, 0.00, 1.00, 1.00, 0.00, 1.00
5194, 0, 195.805, 0.88, 1, 0.00, 0.17, 0.00, 0.00, 0.22, 0.00, 0.00, 0.00, 1.91, 0.14, 0.13, 0.26, 0.00, 0.25, 1.33, 1.05, 0.35, 0.00, 0.00, 0.00, 1.00, 1.00, 0.00, 0.00, 0.00, 1.00, 0.00, 0.00, 1.00, 0.00, 1.00, 1.00, 1.00, 0.00, 1.00
5195, 0, 195.843, 0.88, 1, 0.00, 0.09, 0.00, 0.00, 0.31, 0.20, 0.00, 0.00, 1.95, 0.18, 0.00, 0.50, 0.00, 0.22, 1.34, 1.28, 0.19, 0.00, 0.00, 0.00, 1.00, 1.00, 0.00, 0.00, 0.00, 1.00, 0.00, 0.00, 1.00, 0.00, 1.00, 1.00, 1.00, 0.00, 1.00
5196, 0, 195.881, 0.93, 1, 0.00, 0.09, 0.00, 0.00, 0.45, 0.35, 0.00, 0.03, 2.02, 0.24, 0.00, 0.61, 0.00, 0.18, 1.50, 1.61, 0.03, 0.00, 0.00, 0.00, 1.00, 1.00, 0.00, 0.00, 0.00, 1.00, 0.00, 0.00, 1.00, 0.00, 1.00, 1.00, 1.00, 0.00, 1.00
5197, 0, 195.918, 0.88, 1, 0.00, 0.00, 0.00, 0.00, 0.61, 0.53, 0.00, 0.03, 2.04, 0.23, 0.00, 0.87, 0.00, 0.13, 1.70, 2.02, 0.00, 0.00, 0.00, 0.00, 1.00, 1.00, 0.00, 0.00, 0.00, 1.00, 0.00, 0.00, 1.00, 0.00, 1.00, 1.00, 1.00, 0.00, 1.00
5198, 0, 195.956, 0.88, 1, 0.00, 0.00, 0.00, 0.00, 0.56, 0.32, 0.00, 0.03, 2.10, 0.24, 0.00, 0.88, 0.00, 0.20, 1.93, 2.27, 0.00, 0.00, 0.00, 0.00, 1.00, 1.00, 0.00, 0.00, 0.00, 1.00, 0.00, 0.00, 1.00, 0.00, 1.00, 1.00, 1.00, 0.00, 1.00
5199, 0, 195.994, 0.88, 1, 0.00, 0.01, 0.00, 0.00, 0.50, 0.17, 0.00, 0.00, 2.12, 0.40, 0.00, 0.91, 0.00, 0.25, 2.19, 2.33, 0.13, 0.00, 0.00, 0.00, 1.00, 1.00, 0.00, 0.00, 1.00, 1.00, 0.00, 0.00, 1.00, 0.00, 1.00, 1.00, 1.00, 0.00, 0.00
5200, 0, 196.032, 0.93, 1, 0.00, 0.16, 0.00, 0.00, 0.54, 0.12, 0.00, 0.03, 2.16, 0.38, 0.04, 0.83, 0.00, 0.27, 2.16, 2.36, 0.13, 0.00, 0.00, 0.00, 1.00, 1.00, 0.00, 0.00, 1.00, 1.00, 0.00, 0.00, 1.00, 0.00, 1.00, 1.00, 1.00, 0.00, 1.00
5201, 0, 196.069, 0.93, 1, 0.00, 0.30, 0.00, 0.00, 0.60, 0.30, 0.00, 0.18, 2.13, 0.26, 0.04, 0.84, 0.00, 0.22, 1.99, 2.27, 0.12, 0.00, 0.00, 0.00, 1.00, 1.00, 0.00, 0.00, 1.00, 1.00, 0.00, 0.00, 1.00, 0.00, 0.00, 1.00, 1.00, 0.00, 1.00
5202, 0, 196.107, 0.93, 1, 0.00, 0.29, 0.00, 0.00, 0.74, 0.56, 0.00, 0.31, 2.12, 0.06, 0.04, 0.91, 0.00, 0.23, 1.58, 2.06, 0.00, 0.00, 0.00, 0.00, 1.00, 1.00, 0.00, 0.00, 1.00, 1.00, 0.00, 0.00, 1.00, 0.00, 0.00, 1.00, 1.00, 0.00, 1.00
5203, 0, 196.145, 0.93, 1, 0.00, 0.13, 0.00, 0.00, 0.62, 0.44, 0.00, 0.28, 2.10, 0.15, 0.01, 0.75, 0.00, 0.16, 1.50, 1.56, 0.28, 0.00, 0.00, 0.00, 1.00, 1.00, 0.00, 0.00, 1.00, 1.00, 1.00, 0.00, 1.00, 0.00, 0.00, 1.00, 1.00, 0.00, 1.00
5204, 0, 196.182, 0.88, 1, 0.00, 0.00, 0.00, 0.00, 0.53, 0.26, 0.00, 0.17, 2.05, 0.23, 0.01, 0.54, 0.00, 0.10, 1.49, 1.02, 0.68, 0.00, 0.00, 0.00, 1.00, 1.00, 0.00, 0.00, 1.00, 1.00, 0.00, 0.00, 1.00, 0.00, 0.00, 1.00, 1.00, 0.00, 1.00
5205, 0, 196.220, 0.88, 1, 0.00, 0.00, 0.00, 0.00, 0.32, 0.00, 0.00, 0.06, 1.92, 0.23, 0.00, 0.26, 0.00, 0.00, 1.85, 0.74, 1.03, 0.00, 0.00, 0.00, 1.00, 1.00, 0.00, 0.00, 0.00, 1.00, 0.00, 0.00, 1.00, 0.00, 0.00, 1.00, 1.00, 0.00, 1.00
5206, 0, 196.258, 0.88, 1, 0.00, 0.00, 0.00, 0.00, 0.21, 0.00, 0.00, 0.06, 1.83, 0.10, 0.00, 0.20, 0.00, 0.00, 2.16, 0.61, 1.14, 0.00, 0.00, 0.00, 1.00, 1.00, 0.00, 0.00, 0.00, 1.00, 0.00, 0.00, 1.00, 0.00, 0.00, 1.00, 1.00, 0.00, 1.00
5207, 0, 196.296, 0.88, 1, 0.00, 0.00, 0.00, 0.00, 0.20, 0.00, 0.00, 0.03, 1.81, 0.02, 0.00, 0.12, 0.00, 0.00, 2.45, 0.45, 1.01, 0.00, 0.00, 0.00, 1.00, 1.00, 0.00, 0.00, 0.00, 1.00, 0.00, 0.00, 0.00, 0.00, 0.00, 1.00, 1.00, 0.00, 1.00
5208, 0, 196.333, 0.88, 1, 0.00, 0.00, 0.00, 0.00, 0.21, 0.00, 0.00, 0.00, 1.82, 0.00, 0.00, 0.00, 0.00, 0.00, 2.55, 0.22, 1.12, 0.00, 0.00, 0.00, 1.00, 1.00, 0.00, 0.00, 0.00, 1.00, 0.00, 0.00, 0.00, 0.00, 0.00, 1.00, 1.00, 0.00, 1.00
5209, 0, 196.371, 0.88, 1, 0.00, 0.00, 0.00, 0.00, 0.26, 0.00, 0.00, 0.00, 1.83, 0.00, 0.00, 0.00, 0.00, 0.00, 2.71, 0.20, 1.27, 0.00, 0.00, 0.00, 1.00, 0.00, 0.00, 0.00, 0.00, 1.00, 0.00, 0.00, 0.00, 0.00, 0.00, 1.00, 1.00, 0.00, 1.00
5210, 0, 196.409, 0.88, 1, 0.00, 0.00, 0.00, 0.00, 0.13, 0.00, 0.00, 0.00, 1.76, 0.00, 0.00, 0.14, 0.00, 0.00, 2.55, 0.34, 1.40, 0.00, 0.00, 0.00, 1.00, 0.00, 0.00, 0.00, 0.00, 1.00, 0.00, 0.00, 0.00, 0.00, 0.00, 1.00, 1.00, 0.00, 1.00
5211, 0, 196.446, 0.88, 1, 0.00, 0.00, 0.00, 0.00, 0.05, 0.00, 0.00, 0.00, 1.78, 0.00, 0.00, 0.29, 0.00, 0.00, 2.28, 0.30, 1.32, 0.00, 0.00, 0.00, 1.00, 0.00, 0.00, 0.00, 0.00, 1.00, 0.00, 0.00, 0.00, 0.00, 0.00, 1.00, 1.00, 0.00, 1.00
5212, 0, 196.484, 0.88, 1, 0.00, 0.00, 0.00, 0.00, 0.00, 0.00, 0.00, 0.00, 1.71, 0.00, 0.00, 0.29, 0.00, 0.00, 1.96, 0.47, 1.30, 0.00, 0.00, 0.00, 1.00, 1.00, 0.00, 0.00, 0.00, 1.00, 0.00, 0.00, 0.00, 0.00, 0.00, 1.00, 0.00, 0.00, 1.00
5213, 0, 196.522, 0.88, 1, 0.00, 0.00, 0.00, 0.00, 0.10, 0.00, 0.00, 0.00, 1.60, 0.00, 0.00, 0.15, 0.00, 0.00, 1.86, 0.42, 1.18, 0.00, 0.00, 0.00, 1.00, 0.00, 0.00, 0.00, 0.00, 1.00, 0.00, 0.00, 0.00, 0.00, 0.00, 1.00, 0.00, 0.00, 1.00
5214, 0, 196.559, 0.88, 1, 0.00, 0.00, 0.00, 0.00, 0.20, 0.00, 0.00, 0.00, 1.43, 0.01, 0.00, 0.00, 0.00, 0.00, 1.95, 0.71, 0.95, 0.00, 0.00, 0.00, 1.00, 0.00, 0.00, 0.00, 0.00, 1.00, 0.00, 0.00, 0.00, 0.00, 0.00, 1.00, 0.00, 0.00, 1.00
5215, 0, 196.597, 0.88, 1, 0.00, 0.00, 0.00, 0.00, 0.33, 0.00, 0.00, 0.00, 1.44, 0.01, 0.00, 0.00, 0.00, 0.00, 2.15, 0.65, 0.61, 0.00, 0.00, 0.00, 1.00, 1.00, 0.00, 0.00, 0.00, 1.00, 0.00, 0.00, 0.00, 0.00, 0.00, 1.00, 0.00, 0.00, 1.00
5216, 0, 196.635, 0.88, 1, 0.00, 0.00, 0.00, 0.00, 0.47, 0.00, 0.00, 0.00, 1.62, 0.01, 0.00, 0.00, 0.00, 0.00, 2.33, 0.49, 0.46, 0.00, 0.00, 0.00, 1.00, 1.00, 0.00, 0.00, 0.00, 1.00, 0.00, 0.00, 0.00, 0.00, 0.00, 1.00, 0.00, 0.00, 1.00
5217, 0, 196.673, 0.88, 1, 0.00, 0.00, 0.00, 0.00, 0.61, 0.00, 0.00, 0.00, 1.81, 0.00, 0.00, 0.00, 0.00, 0.00, 2.37, 0.20, 0.45, 0.00, 0.00, 0.00, 1.00, 1.00, 0.00, 0.00, 0.00, 1.00, 0.00, 0.00, 0.00, 0.00, 0.00, 1.00, 0.00, 0.00, 1.00
5218, 0, 196.710, 0.88, 1, 0.00, 0.00, 0.00, 0.00, 0.57, 0.00, 0.00, 0.00, 1.90, 0.00, 0.00, 0.00, 0.00, 0.00, 2.19, 0.18, 0.73, 0.00, 0.00, 0.00, 1.00, 0.00, 0.00, 0.00, 0.00, 1.00, 0.00, 0.00, 0.00, 0.00, 0.00, 1.00, 0.00, 0.00, 1.00
5219, 0, 196.748, 0.88, 1, 0.00, 0.00, 0.00, 0.00, 0.38, 0.00, 0.00, 0.00, 1.87, 0.00, 0.00, 0.00, 0.00, 0.00, 2.24, 0.40, 0.83, 0.00, 0.00, 0.00, 1.00, 0.00, 0.00, 0.00, 0.00, 1.00, 0.00, 0.00, 0.00, 0.00, 0.00, 1.00, 0.00, 0.00, 1.00
5220, 0, 196.786, 0.88, 1, 0.00, 0.00, 0.00, 0.00, 0.24, 0.00, 0.00, 0.00, 1.79, 0.04, 0.00, 0.00, 0.00, 0.00, 2.49, 0.64, 1.09, 0.00, 0.00, 0.00, 1.00, 0.00, 0.00, 0.00, 0.00, 1.00, 0.00, 0.00, 0.00, 0.00, 0.00, 1.00, 1.00, 0.00, 1.00
5221, 0, 196.823, 0.88, 1, 0.00, 0.00, 0.04, 0.00, 0.20, 0.00, 0.00, 0.00, 1.75, 0.33, 0.00, 0.00, 0.00, 0.00, 2.57, 0.86, 1.18, 0.00, 0.00, 0.00, 1.00, 0.00, 0.00, 0.00, 0.00, 1.00, 0.00, 0.00, 0.00, 0.00, 0.00, 1.00, 1.00, 0.00, 1.00
5222, 0, 196.861, 0.88, 1, 0.00, 0.00, 0.16, 0.00, 0.24, 0.00, 0.00, 0.00, 1.79, 0.55, 0.04, 0.00, 0.00, 0.00, 2.48, 0.99, 1.46, 0.00, 0.00, 0.00, 1.00, 0.00, 0.00, 0.00, 0.00, 1.00, 0.00, 0.00, 0.00, 0.00, 0.00, 1.00, 1.00, 0.00, 1.00
5223, 0, 196.899, 0.88, 1, 0.00, 0.00, 0.25, 0.00, 0.24, 0.00, 0.00, 0.00, 1.88, 0.76, 0.04, 0.02, 0.00, 0.00, 2.18, 1.08, 1.55, 0.00, 0.00, 0.00, 1.00, 0.00, 0.00, 0.00, 0.00, 1.00, 1.00, 0.00, 1.00, 0.00, 0.00, 1.00, 1.00, 0.00, 1.00
5224, 0, 196.937, 0.88, 1, 0.00, 0.00, 0.21, 0.00, 0.27, 0.00, 0.00, 0.00, 1.89, 0.67, 0.04, 0.02, 0.00, 0.00, 2.13, 1.17, 1.38, 0.00, 0.00, 0.00, 1.00, 0.00, 0.00, 0.00, 0.00, 1.00, 1.00, 0.00, 1.00, 0.00, 0.00, 1.00, 1.00, 0.00, 1.00
5225, 0, 196.974, 0.88, 1, 0.00, 0.00, 0.09, 0.00, 0.17, 0.00, 0.00, 0.00, 1.79, 0.64, 0.00, 0.26, 0.00, 0.00, 1.99, 1.09, 1.27, 0.00, 0.00, 0.00, 1.00, 0.00, 0.00, 0.00, 0.00, 1.00, 1.00, 0.00, 1.00, 0.00, 0.00, 1.00, 1.00, 0.00, 1.00
5226, 0, 197.012, 0.88, 1, 0.00, 0.00, 0.00, 0.00, 0.08, 0.00, 0.00, 0.00, 1.82, 0.74, 0.00, 0.28, 0.00, 0.00, 1.93, 1.02, 1.15, 0.00, 0.00, 0.00, 1.00, 0.00, 0.00, 0.00, 0.00, 1.00, 1.00, 0.00, 1.00, 0.00, 0.00, 1.00, 0.00, 0.00, 1.00
5227, 0, 197.050, 0.88, 1, 0.00, 0.00, 0.00, 0.00, 0.01, 0.00, 0.00, 0.04, 1.96, 1.00, 0.00, 0.28, 0.00, 0.00, 1.77, 0.81, 1.10, 0.00, 0.00, 0.00, 1.00, 0.00, 0.00, 0.00, 0.00, 1.00, 1.00, 0.00, 1.00, 0.00, 0.00, 1.00, 0.00, 0.00, 1.00
5228, 0, 197.087, 0.88, 1, 0.00, 0.00, 0.00, 0.00, 0.01, 0.00, 0.00, 0.05, 2.11, 1.41, 0.03, 0.11, 0.00, 0.00, 1.76, 0.94, 1.21, 0.00, 0.00, 0.00, 1.00, 0.00, 0.00, 0.00, 0.00, 1.00, 1.00, 0.00, 1.00, 0.00, 0.00, 1.00, 0.00, 0.00, 1.00
5229, 0, 197.125, 0.88, 1, 0.00, 0.00, 0.00, 0.00, 0.01, 0.00, 0.00, 0.14, 2.17, 1.50, 0.07, 0.17, 0.00, 0.05, 1.45, 0.91, 1.20, 0.00, 0.00, 0.00, 1.00, 0.00, 0.00, 0.00, 0.00, 1.00, 1.00, 0.00, 1.00, 0.00, 0.00, 1.00, 0.00, 0.00, 1.00
5230, 0, 197.163, 0.88, 1, 0.00, 0.00, 0.00, 0.00, 0.00, 0.00, 0.00, 0.17, 2.15, 1.06, 0.25, 0.55, 0.00, 0.30, 1.06, 1.06, 1.34, 0.00, 0.00, 0.00, 1.00, 0.00, 0.00, 0.00, 0.00, 1.00, 1.00, 0.00, 1.00, 0.00, 0.00, 1.00, 0.00, 0.00, 1.00
5231, 0, 197.200, 0.88, 1, 0.00, 0.00, 0.00, 0.00, 0.02, 0.00, 0.00, 0.22, 2.21, 0.70, 0.29, 0.77, 0.00, 0.51, 0.84, 1.14, 1.37, 0.00, 0.00, 0.00, 1.00, 0.00, 0.00, 0.00, 0.00, 1.00, 1.00, 0.00, 1.00, 0.00, 0.00, 1.00, 0.00, 0.00, 1.00
5232, 0, 197.238, 0.88, 1, 0.00, 0.00, 0.00, 0.00, 0.02, 0.17, 0.00, 0.21, 2.25, 0.61, 0.36, 1.02, 0.00, 0.56, 0.73, 1.36, 1.32, 0.00, 0.00, 0.00, 1.00, 0.00, 0.00, 0.00, 0.00, 1.00, 1.00, 0.00, 1.00, 0.00, 0.00, 1.00, 0.00, 0.00, 1.00
5233, 0, 197.276, 0.88, 1, 0.00, 0.00, 0.00, 0.00, 0.02, 0.17, 0.00, 0.27, 2.25, 0.89, 0.18, 1.06, 0.00, 0.47, 0.99, 1.55, 1.09, 0.00, 0.00, 0.00, 1.00, 0.00, 0.00, 0.00, 0.00, 1.00, 1.00, 0.00, 1.00, 0.00, 0.00, 1.00, 0.00, 0.00, 1.00
5234, 0, 197.314, 0.88, 1, 0.00, 0.00, 0.00, 0.00, 0.00, 0.17, 0.00, 0.36, 2.24, 1.04, 0.24, 1.14, 0.00, 0.44, 1.15, 1.65, 0.86, 0.00, 0.00, 0.00, 1.00, 0.00, 0.00, 0.00, 0.00, 1.00, 1.00, 0.00, 1.00, 0.00, 0.00, 0.00, 0.00, 0.00, 1.00
5235, 0, 197.351, 0.88, 1, 0.00, 0.00, 0.00, 0.00, 0.02, 0.00, 0.00, 0.37, 2.11, 0.96, 0.13, 0.92, 0.00, 0.48, 1.06, 1.66, 0.63, 0.00, 0.00, 0.00, 1.00, 0.00, 0.00, 0.00, 0.00, 1.00, 1.00, 0.00, 1.00, 0.00, 0.00, 1.00, 0.00, 0.00, 1.00
5236, 0, 197.389, 0.88, 1, 0.00, 0.00, 0.00, 0.00, 0.04, 0.00, 0.00, 0.29, 2.12, 0.86, 0.13, 0.58, 0.00, 0.45, 0.79, 1.52, 0.55, 0.00, 0.00, 0.00, 1.00, 0.00, 0.00, 0.00, 0.00, 1.00, 1.00, 0.00, 1.00, 0.00, 0.00, 1.00, 0.00, 0.00, 1.00
5237, 0, 197.427, 0.88, 1, 0.00, 0.00, 0.00, 0.00, 0.11, 0.00, 0.00, 0.20, 2.08, 0.74, 0.00, 0.39, 0.00, 0.39, 0.43, 1.30, 0.42, 0.00, 0.00, 0.00, 1.00, 0.00, 0.00, 0.00, 0.00, 1.00, 1.00, 0.00, 1.00, 0.00, 0.00, 1.00, 0.00, 0.00, 1.00
5238, 0, 197.464, 0.88, 1, 0.00, 0.00, 0.00, 0.00, 0.09, 0.00, 0.00, 0.16, 2.09, 0.78, 0.00, 0.36, 0.00, 0.33, 0.64, 1.23, 0.73, 0.00, 0.00, 0.00, 1.00, 0.00, 0.00, 0.00, 0.00, 1.00, 1.00, 0.00, 1.00, 0.00, 0.00, 1.00, 0.00, 0.00, 1.00
5239, 0, 197.502, 0.88, 1, 0.00, 0.00, 0.00, 0.00, 0.07, 0.00, 0.00, 0.11, 2.00, 0.93, 0.00, 0.40, 0.00, 0.38, 0.83, 1.18, 0.77, 0.00, 1.00, 0.00, 1.00, 0.00, 0.00, 0.00, 0.00, 1.00, 1.00, 0.00, 1.00, 0.00, 0.00, 1.00, 0.00, 0.00, 1.00
5240, 0, 197.540, 0.88, 1, 0.00, 0.00, 0.00, 0.05, 0.05, 0.00, 0.00, 0.04, 1.88, 0.73, 0.16, 0.34, 0.00, 0.38, 0.91, 1.13, 0.95, 0.00, 1.00, 0.00, 1.00, 0.00, 0.00, 0.00, 0.00, 1.00, 1.00, 0.00, 1.00, 0.00, 0.00, 1.00, 0.00, 0.00, 1.00
5241, 0, 197.578, 0.88, 1, 0.00, 0.00, 0.00, 0.05, 0.08, 0.00, 0.00, 0.06, 1.88, 0.56, 0.21, 0.47, 0.00, 0.41, 0.78, 1.01, 0.88, 0.00, 1.00, 0.00, 1.00, 0.00, 0.00, 0.00, 0.00, 1.00, 0.00, 1.00, 1.00, 0.00, 0.00, 1.00, 0.00, 0.00, 1.00
5242, 0, 197.615, 0.88, 1, 0.00, 0.00, 0.00, 0.05, 0.09, 0.00, 0.00, 0.38, 1.91, 0.20, 0.21, 0.42, 0.00, 0.25, 0.59, 0.81, 0.86, 0.00, 1.00, 0.00, 1.00, 0.00, 0.00, 0.00, 0.00, 1.00, 0.00, 1.00, 0.00, 0.00, 0.00, 1.00, 0.00, 0.00, 1.00
5243, 0, 197.653, 0.88, 1, 0.00, 0.00, 0.00, 0.00, 0.07, 0.00, 0.00, 0.71, 2.02, 0.15, 0.06, 0.32, 0.00, 0.16, 0.58, 0.83, 0.72, 0.00, 1.00, 0.00, 1.00, 0.00, 0.00, 0.00, 0.00, 1.00, 0.00, 1.00, 0.00, 0.00, 0.00, 1.00, 0.00, 0.00, 1.00
5244, 0, 197.691, 0.88, 1, 0.00, 0.00, 0.00, 0.00, 0.06, 0.00, 0.00, 0.82, 2.06, 0.04, 0.00, 0.20, 0.00, 0.15, 0.69, 1.09, 0.77, 0.00, 1.00, 0.00, 1.00, 0.00, 0.00, 0.00, 0.00, 1.00, 0.00, 1.00, 1.00, 0.00, 0.00, 1.00, 0.00, 0.00, 1.00
5245, 0, 197.728, 0.88, 1, 0.00, 0.00, 0.00, 0.00, 0.05, 0.00, 0.00, 0.51, 1.99, 0.18, 0.00, 0.35, 0.00, 0.24, 0.59, 1.10, 0.84, 0.00, 0.00, 0.00, 1.00, 0.00, 0.00, 0.00, 0.00, 1.00, 0.00, 1.00, 0.00, 0.00, 0.00, 1.00, 0.00, 0.00, 1.00
5246, 0, 197.766, 0.88, 1, 0.00, 0.00, 0.00, 0.00, 0.02, 0.00, 0.00, 0.20, 1.91, 0.31, 0.00, 0.58, 0.00, 0.36, 0.54, 0.99, 0.90, 0.00, 0.00, 0.00, 1.00, 0.00, 0.00, 0.00, 0.00, 1.00, 0.00, 1.00, 0.00, 0.00, 0.00, 0.00, 0.00, 0.00, 1.00
5247, 0, 197.804, 0.88, 1, 0.00, 0.00, 0.00, 0.00, 0.00, 0.00, 0.00, 0.02, 1.89, 0.55, 0.00, 0.54, 0.05, 0.33, 0.34, 0.54, 0.91, 0.00, 0.00, 0.00, 1.00, 0.00, 0.00, 0.00, 0.00, 1.00, 1.00, 1.00, 1.00, 0.00, 0.00, 0.00, 0.00, 0.00, 1.00
5248, 0, 197.841, 0.88, 1, 0.00, 0.00, 0.00, 0.00, 0.00, 0.00, 0.00, 0.01, 1.84, 0.55, 0.00, 0.45, 0.05, 0.21, 0.48, 0.52, 1.17, 0.00, 0.00, 0.00, 1.00, 0.00, 0.00, 0.00, 0.00, 1.00, 1.00, 0.00, 1.00, 0.00, 0.00, 0.00, 0.00, 0.00, 1.00
5249, 0, 197.879, 0.88, 1, 0.00, 0.00, 0.00, 0.00, 0.00, 0.00, 0.00, 0.00, 1.83, 0.71, 0.00, 0.24, 0.05, 0.08, 0.65, 0.47, 1.40, 0.00, 0.00, 0.00, 1.00, 0.00, 0.00, 0.00, 0.00, 1.00, 1.00, 0.00, 1.00, 0.00, 0.00, 0.00, 0.00, 0.00, 1.00
5250, 0, 197.917, 0.88, 1, 0.00, 0.00, 0.01, 0.00, 0.08, 0.02, 0.00, 0.13, 1.79, 0.76, 0.00, 0.27, 0.00, 0.02, 0.80, 0.48, 1.34, 0.00, 0.00, 0.00, 1.00, 0.00, 0.00, 0.00, 0.00, 1.00, 1.00, 0.00, 0.00, 0.00, 0.00, 1.00, 0.00, 0.00, 1.00
5251, 0, 197.955, 0.88, 1, 0.00, 0.00, 0.01, 0.00, 0.15, 0.02, 0.00, 0.31, 1.88, 1.07, 0.00, 0.12, 0.11, 0.01, 0.74, 0.53, 1.26, 0.00, 0.00, 0.00, 1.00, 0.00, 0.00, 0.00, 0.00, 1.00, 1.00, 0.00, 0.00, 0.00, 0.00, 1.00, 0.00, 0.00, 1.00
5252, 0, 197.992, 0.88, 1, 0.00, 0.00, 0.01, 0.00, 0.24, 0.02, 0.00, 0.49, 1.96, 1.22, 0.00, 0.07, 0.25, 0.00, 0.57, 0.57, 1.24, 0.00, 0.00, 0.00, 1.00, 0.00, 0.00, 0.00, 0.00, 1.00, 1.00, 0.00, 1.00, 0.00, 0.00, 1.00, 0.00, 0.00, 1.00
5253, 0, 198.030, 0.88, 1, 0.00, 0.00, 0.00, 0.00, 0.15, 0.00, 0.00, 0.50, 2.00, 1.33, 0.00, 0.06, 0.46, 0.00, 0.53, 0.96, 1.36, 0.00, 0.00, 0.00, 1.00, 0.00, 0.00, 0.00, 0.00, 1.00, 1.00, 0.00, 0.00, 0.00, 0.00, 1.00, 0.00, 0.00, 1.00
5254, 0, 198.068, 0.88, 1, 0.00, 0.00, 0.00, 0.00, 0.10, 0.00, 0.00, 0.45, 1.93, 1.30, 0.06, 0.27, 0.37, 0.00, 0.71, 1.25, 1.44, 0.00, 0.00, 0.00, 1.00, 0.00, 0.00, 0.00, 0.00, 1.00, 1.00, 0.00, 0.00, 0.00, 0.00, 0.00, 0.00, 0.00, 1.00
5255, 0, 198.105, 0.88, 1, 0.00, 0.00, 0.00, 0.00, 0.02, 0.00, 0.00, 0.37, 1.86, 1.25, 0.06, 0.38, 0.23, 0.02, 0.85, 1.56, 1.48, 0.00, 0.00, 0.00, 1.00, 0.00, 0.00, 0.00, 0.00, 1.00, 1.00, 1.00, 0.00, 0.00, 0.00, 0.00, 0.00, 0.00, 1.00
5256, 0, 198.143, 0.88, 1, 0.00, 0.00, 0.00, 0.00, 0.02, 0.00, 0.00, 0.30, 1.76, 1.31, 0.06, 0.41, 0.02, 0.13, 0.86, 1.58, 1.43, 0.00, 0.00, 0.00, 1.00, 0.00, 0.00, 0.00, 0.00, 1.00, 1.00, 1.00, 0.00, 0.00, 0.00, 0.00, 0.00, 0.00, 1.00
5257, 0, 198.181, 0.88, 1, 0.00, 0.00, 0.00, 0.00, 0.00, 0.00, 0.00, 0.31, 1.79, 1.35, 0.00, 0.27, 0.00, 0.21, 0.77, 1.54, 1.24, 0.00, 0.00, 0.00, 1.00, 0.00, 0.00, 0.00, 0.00, 1.00, 1.00, 1.00, 1.00, 0.00, 0.00, 0.00, 0.00, 0.00, 1.00
5258, 0, 198.219, 0.88, 1, 0.00, 0.00, 0.00, 0.00, 0.00, 0.00, 0.00, 0.38, 1.89, 1.39, 0.00, 0.38, 0.00, 0.27, 0.83, 1.73, 1.23, 0.00, 0.00, 0.00, 1.00, 0.00, 0.00, 0.00, 0.00, 1.00, 1.00, 1.00, 1.00, 0.00, 0.00, 0.00, 0.00, 0.00, 1.00
5259, 0, 198.256, 0.88, 1, 0.00, 0.00, 0.00, 0.00, 0.04, 0.03, 0.00, 0.57, 2.03, 1.37, 0.03, 0.56, 0.00, 0.28, 1.06, 1.97, 1.43, 0.00, 0.00, 0.00, 1.00, 0.00, 0.00, 0.00, 0.00, 1.00, 1.00, 1.00, 0.00, 0.00, 0.00, 0.00, 0.00, 0.00, 1.00
5260, 0, 198.294, 0.88, 1, 0.00, 0.00, 0.00, 0.00, 0.06, 0.03, 0.00, 0.43, 2.03, 1.32, 0.03, 0.81, 0.00, 0.30, 1.44, 2.33, 1.72, 0.00, 0.00, 0.00, 1.00, 0.00, 0.00, 0.00, 0.00, 1.00, 1.00, 1.00, 0.00, 0.00, 0.00, 0.00, 1.00, 0.00, 1.00
5261, 0, 198.332, 0.88, 1, 0.00, 0.00, 0.00, 0.00, 0.06, 0.03, 0.00, 0.38, 2.06, 1.44, 0.03, 0.68, 0.00, 0.31, 1.60, 2.45, 1.86, 0.00, 0.00, 0.00, 1.00, 0.00, 0.00, 0.00, 0.00, 1.00, 1.00, 1.00, 0.00, 0.00, 0.00, 0.00, 1.00, 0.00, 1.00
5262, 0, 198.369, 0.88, 1, 0.00, 0.00, 0.00, 0.00, 0.02, 0.00, 0.00, 0.22, 2.06, 1.61, 0.10, 0.59, 0.00, 0.30, 1.82, 2.54, 1.98, 0.00, 0.00, 0.00, 1.00, 0.00, 0.00, 0.00, 0.00, 1.00, 1.00, 1.00, 0.00, 0.00, 0.00, 1.00, 1.00, 0.00, 1.00
5263, 0, 198.407, 0.88, 1, 0.00, 0.00, 0.00, 0.00, 0.00, 0.00, 0.00, 0.30, 2.15, 1.82, 0.10, 0.46, 0.00, 0.22, 1.70, 2.59, 2.09, 0.00, 0.00, 0.00, 1.00, 0.00, 0.00, 0.00, 0.00, 1.00, 1.00, 1.00, 0.00, 0.00, 0.00, 1.00, 1.00, 0.00, 1.00
5264, 0, 198.445, 0.88, 1, 0.00, 0.00, 0.00, 0.00, 0.03, 0.00, 0.00, 0.42, 2.16, 1.95, 0.10, 0.51, 0.00, 0.26, 1.74, 2.54, 2.28, 0.00, 0.00, 0.00, 1.00, 0.00, 0.00, 0.00, 0.00, 1.00, 1.00, 1.00, 0.00, 0.00, 0.00, 1.00, 1.00, 0.00, 1.00
5265, 0, 198.482, 0.88, 1, 0.00, 0.00, 0.00, 0.00, 0.03, 0.00, 0.00, 0.52, 2.05, 2.05, 0.00, 0.53, 0.00, 0.23, 1.70, 2.40, 2.21, 0.00, 0.00, 0.00, 1.00, 0.00, 0.00, 0.00, 0.00, 1.00, 1.00, 1.00, 0.00, 0.00, 0.00, 1.00, 1.00, 0.00, 1.00
5266, 0, 198.520, 0.88, 1, 0.00, 0.00, 0.00, 0.00, 0.03, 0.00, 0.00, 0.58, 1.93, 2.14, 0.00, 0.59, 0.00, 0.37, 1.70, 2.25, 2.08, 0.00, 0.00, 0.00, 1.00, 0.00, 0.00, 0.00, 0.00, 1.00, 1.00, 1.00, 0.00, 0.00, 0.00, 1.00, 1.00, 0.00, 1.00
5267, 0, 198.558, 0.88, 1, 0.00, 0.00, 0.01, 0.00, 0.02, 0.00, 0.00, 0.53, 1.77, 2.21, 0.00, 0.68, 0.00, 0.43, 1.64, 2.21, 1.89, 0.00, 0.00, 0.00, 1.00, 0.00, 0.00, 0.00, 0.00, 1.00, 1.00, 1.00, 1.00, 0.00, 0.00, 1.00, 1.00, 0.00, 1.00
5268, 0, 198.596, 0.88, 1, 0.00, 0.00, 0.03, 0.00, 0.02, 0.00, 0.00, 0.32, 1.59, 1.96, 0.00, 0.73, 0.03, 0.53, 1.65, 2.10, 1.84, 0.00, 0.00, 0.00, 1.00, 0.00, 0.00, 0.00, 0.00, 1.00, 1.00, 1.00, 1.00, 0.00, 0.00, 1.00, 1.00, 0.00, 1.00
5269, 0, 198.633, 0.88, 1, 0.00, 0.00, 0.05, 0.00, 0.04, 0.00, 0.00, 0.19, 1.39, 1.75, 0.00, 0.74, 0.08, 0.53, 1.76, 1.88, 1.82, 0.00, 0.00, 0.00, 1.00, 0.00, 0.00, 0.00, 0.00, 0.00, 1.00, 1.00, 1.00, 0.00, 0.00, 1.00, 1.00, 0.00, 1.00
5270, 0, 198.671, 0.88, 1, 0.02, 0.17, 0.05, 0.00, 0.03, 0.00, 0.00, 0.07, 1.28, 1.22, 0.00, 0.96, 0.08, 0.53, 1.85, 1.83, 1.60, 0.00, 0.00, 0.00, 1.00, 0.00, 0.00, 0.00, 0.00, 0.00, 1.00, 1.00, 1.00, 0.00, 0.00, 1.00, 1.00, 0.00, 1.00
5271, 0, 198.709, 0.88, 1, 0.07, 0.41, 0.02, 0.00, 0.03, 0.00, 0.00, 0.13, 1.36, 1.08, 0.00, 1.15, 0.04, 0.51, 1.79, 1.97, 1.48, 0.00, 0.00, 0.00, 1.00, 0.00, 0.00, 0.00, 0.00, 0.00, 1.00, 1.00, 1.00, 0.00, 0.00, 1.00, 1.00, 0.00, 1.00
5272, 0, 198.746, 0.88, 1, 0.08, 0.41, 0.01, 0.00, 0.00, 0.00, 0.00, 0.25, 1.51, 1.11, 0.00, 1.32, 0.12, 0.60, 1.88, 2.33, 1.34, 0.00, 0.00, 0.00, 1.00, 0.00, 0.00, 0.00, 0.00, 0.00, 0.00, 1.00, 1.00, 0.00, 0.00, 1.00, 1.00, 0.00, 1.00
5273, 0, 198.784, 0.88, 1, 0.06, 0.24, 0.01, 0.00, 0.03, 0.00, 0.00, 0.51, 1.56, 1.39, 0.00, 1.19, 0.25, 0.65, 1.67, 2.69, 1.14, 0.00, 0.00, 0.00, 1.00, 0.00, 0.00, 0.00, 0.00, 0.00, 0.00, 1.00, 1.00, 0.00, 0.00, 1.00, 1.00, 0.00, 1.00
5274, 0, 198.822, 0.88, 1, 0.01, 0.00, 0.01, 0.00, 0.06, 0.00, 0.00, 0.80, 1.65, 1.68, 0.00, 1.06, 0.46, 0.70, 1.61, 3.09, 0.81, 0.00, 0.00, 0.00, 1.00, 0.00, 0.00, 0.00, 0.00, 0.00, 0.00, 1.00, 1.00, 0.00, 0.00, 1.00, 1.00, 0.00, 1.00
5275, 0, 198.860, 0.88, 1, 0.00, 0.04, 0.00, 0.00, 0.08, 0.00, 0.00, 0.97, 1.61, 1.35, 0.00, 1.10, 0.34, 0.62, 1.21, 2.92, 0.75, 0.00, 0.00, 0.00, 1.00, 0.00, 0.00, 0.00, 0.00, 0.00, 0.00, 1.00, 1.00, 0.00, 0.00, 1.00, 1.00, 0.00, 1.00
5276, 0, 198.897, 0.88, 1, 0.00, 0.04, 0.00, 0.00, 0.05, 0.00, 0.00, 0.79, 1.52, 1.22, 0.00, 1.21, 0.25, 0.60, 1.04, 2.31, 0.98, 0.00, 0.00, 0.00, 1.00, 0.00, 0.00, 0.00, 0.00, 0.00, 0.00, 1.00, 1.00, 0.00, 0.00, 1.00, 1.00, 0.00, 1.00
5277, 0, 198.935, 0.88, 1, 0.00, 0.04, 0.00, 0.00, 0.02, 0.00, 0.00, 0.50, 1.32, 1.02, 0.06, 1.53, 0.20, 0.61, 0.65, 1.66, 1.34, 0.00, 0.00, 0.00, 1.00, 0.00, 0.00, 0.00, 0.00, 1.00, 0.00, 1.00, 1.00, 0.00, 0.00, 1.00, 1.00, 0.00, 1.00
5278, 0, 198.973, 0.88, 1, 0.00, 0.00, 0.00, 0.00, 0.00, 0.00, 0.00, 0.27, 1.22, 1.32, 0.07, 1.53, 0.20, 0.67, 0.46, 1.72, 1.39, 0.00, 0.00, 0.00, 1.00, 0.00, 0.00, 0.00, 0.00, 1.00, 1.00, 1.00, 1.00, 0.00, 0.00, 1.00, 1.00, 0.00, 1.00
5279, 0, 199.010, 0.88, 1, 0.00, 0.17, 0.10, 0.00, 0.01, 0.00, 0.00, 0.23, 1.27, 1.58, 0.16, 1.44, 0.16, 0.63, 0.46, 1.90, 1.44, 0.00, 0.00, 0.00, 1.00, 0.00, 0.00, 0.00, 0.00, 1.00, 1.00, 1.00, 1.00, 0.00, 0.00, 0.00, 1.00, 0.00, 1.00
5280, 0, 199.048, 0.88, 1, 0.00, 0.17, 0.10, 0.00, 0.01, 0.00, 0.00, 0.18, 1.40, 1.81, 0.18, 1.37, 0.00, 0.56, 0.55, 2.02, 1.50, 0.00, 0.00, 0.00, 1.00, 0.00, 0.00, 0.00, 0.00, 1.00, 1.00, 1.00, 1.00, 0.00, 0.00, 0.00, 0.00, 0.00, 1.00
5281, 0, 199.086, 0.88, 1, 0.00, 0.17, 0.10, 0.00, 0.01, 0.00, 0.00, 0.11, 1.53, 1.84, 0.17, 1.36, 0.00, 0.52, 0.77, 1.90, 1.53, 0.00, 0.00, 0.00, 1.00, 0.00, 0.00, 0.00, 0.00, 1.00, 1.00, 1.00, 1.00, 0.00, 1.00, 0.00, 0.00, 0.00, 1.00
5282, 0, 199.123, 0.88, 1, 0.00, 0.00, 0.00, 0.00, 0.00, 0.00, 0.00, 0.00, 1.54, 1.59, 0.08, 1.42, 0.00, 0.57, 1.03, 1.83, 1.56, 0.00, 0.00, 0.00, 1.00, 0.00, 0.00, 0.00, 0.00, 1.00, 1.00, 1.00, 1.00, 0.00, 0.00, 1.00, 0.00, 0.00, 1.00
5283, 0, 199.161, 0.88, 1, 0.00, 0.10, 0.07, 0.00, 0.00, 0.00, 0.00, 0.00, 1.56, 1.36, 0.00, 1.33, 0.00, 0.68, 1.29, 2.00, 1.20, 0.00, 0.00, 0.00, 1.00, 0.00, 0.00, 0.00, 0.00, 1.00, 1.00, 1.00, 1.00, 0.00, 1.00, 1.00, 0.00, 0.00, 1.00
5284, 0, 199.199, 0.88, 1, 0.00, 0.10, 0.07, 0.00, 0.01, 0.00, 0.00, 0.00, 1.59, 1.35, 0.00, 1.27, 0.00, 0.72, 1.43, 1.96, 0.88, 0.00, 0.00, 0.00, 1.00, 0.00, 0.00, 0.00, 0.00, 1.00, 1.00, 1.00, 1.00, 0.00, 1.00, 1.00, 0.00, 0.00, 1.00
5285, 0, 199.237, 0.88, 1, 0.00, 0.10, 0.07, 0.00, 0.06, 0.00, 0.00, 0.05, 1.72, 1.43, 0.00, 1.18, 0.00, 0.74, 1.37, 1.90, 0.73, 0.00, 0.00, 0.00, 1.00, 0.00, 0.00, 0.00, 0.00, 1.00, 1.00, 0.00, 1.00, 0.00, 1.00, 1.00, 0.00, 0.00, 1.00
5286, 0, 199.274, 0.88, 1, 0.00, 0.00, 0.00, 0.00, 0.08, 0.00, 0.00, 0.13, 1.85, 1.48, 0.00, 1.04, 0.00, 0.76, 1.31, 1.68, 0.88, 0.00, 0.00, 0.00, 1.00, 0.00, 0.00, 0.00, 0.00, 1.00, 1.00, 0.00, 1.00, 0.00, 1.00, 1.00, 0.00, 0.00, 1.00
5287, 0, 199.312, 0.88, 1, 0.00, 0.00, 0.02, 0.00, 0.12, 0.00, 0.00, 0.34, 1.85, 1.37, 0.00, 0.99, 0.00, 0.75, 1.23, 1.61, 1.04, 0.00, 0.00, 0.00, 1.00, 0.00, 0.00, 0.00, 0.00, 1.00, 1.00, 0.00, 1.00, 0.00, 1.00, 1.00, 0.00, 0.00, 1.00
5288, 0, 199.350, 0.88, 1, 0.00, 0.00, 0.02, 0.00, 0.10, 0.00, 0.00, 0.32, 1.85, 1.27, 0.00, 1.01, 0.00, 0.73, 1.31, 1.55, 0.95, 0.00, 0.00, 0.00, 1.00, 0.00, 0.00, 0.00, 0.00, 1.00, 1.00, 0.00, 1.00, 0.00, 1.00, 1.00, 0.00, 0.00, 1.00
5289, 0, 199.387, 0.88, 1, 0.00, 0.00, 0.02, 0.00, 0.10, 0.00, 0.00, 0.31, 1.83, 1.30, 0.00, 0.99, 0.00, 0.70, 1.28, 1.43, 0.98, 0.00, 0.00, 0.00, 1.00, 0.00, 0.00, 0.00, 0.00, 1.00, 0.00, 0.00, 1.00, 0.00, 1.00, 1.00, 0.00, 0.00, 1.00
5290, 0, 199.425, 0.88, 1, 0.00, 0.06, 0.11, 0.00, 0.19, 0.20, 0.00, 0.19, 1.94, 1.10, 0.00, 0.98, 0.00, 0.72, 1.34, 1.35, 1.13, 0.00, 0.00, 0.00, 1.00, 0.00, 0.00, 0.00, 0.00, 1.00, 0.00, 1.00, 1.00, 0.00, 1.00, 1.00, 0.00, 0.00, 1.00
5291, 0, 199.463, 0.88, 1, 0.00, 0.06, 0.16, 0.00, 0.25, 0.20, 0.00, 0.33, 2.00, 1.01, 0.00, 0.99, 0.00, 0.75, 1.22, 1.40, 1.32, 0.00, 0.00, 0.00, 1.00, 0.00, 0.00, 0.00, 0.00, 1.00, 0.00, 1.00, 1.00, 0.00, 1.00, 1.00, 0.00, 0.00, 1.00
5292, 0, 199.500, 0.88, 1, 0.00, 0.06, 0.21, 0.00, 0.31, 0.20, 0.00, 0.45, 2.06, 0.81, 0.00, 1.00, 0.00, 0.78, 1.19, 1.47, 1.36, 0.00, 0.00, 0.00, 1.00, 0.00, 0.00, 0.00, 0.00, 1.00, 0.00, 1.00, 1.00, 0.00, 1.00, 1.00, 0.00, 0.00, 1.00
5293, 0, 199.538, 0.88, 1, 0.00, 0.00, 0.10, 0.00, 0.26, 0.00, 0.00, 0.44, 2.06, 0.99, 0.00, 0.99, 0.00, 0.79, 1.09, 1.40, 1.22, 0.00, 0.00, 0.00, 1.00, 0.00, 0.00, 0.00, 0.00, 1.00, 0.00, 1.00, 1.00, 0.00, 1.00, 1.00, 0.00, 0.00, 1.00
5294, 0, 199.576, 0.88, 1, 0.00, 0.06, 0.06, 0.00, 0.29, 0.00, 0.00, 0.32, 2.02, 1.08, 0.00, 0.95, 0.00, 0.78, 1.26, 1.30, 1.05, 0.00, 0.00, 0.00, 1.00, 0.00, 0.00, 0.00, 0.00, 1.00, 0.00, 0.00, 1.00, 0.00, 1.00, 1.00, 0.00, 0.00, 1.00
5295, 0, 199.614, 0.88, 1, 0.00, 0.06, 0.01, 0.00, 0.21, 0.00, 0.00, 0.14, 1.85, 0.96, 0.00, 0.94, 0.00, 0.61, 1.44, 1.32, 0.98, 0.00, 0.00, 0.00, 1.00, 0.00, 0.00, 0.00, 0.00, 1.00, 0.00, 0.00, 1.00, 0.00, 1.00, 1.00, 0.00, 0.00, 1.00
5296, 0, 199.651, 0.88, 1, 0.00, 0.09, 0.01, 0.00, 0.11, 0.00, 0.00, 0.18, 1.71, 0.96, 0.00, 0.94, 0.00, 0.45, 1.53, 1.41, 0.96, 0.00, 0.00, 0.00, 1.00, 0.00, 0.00, 0.00, 0.00, 1.00, 1.00, 0.00, 1.00, 0.00, 1.00, 1.00, 0.00, 0.00, 1.00
5297, 0, 199.689, 0.88, 1, 0.00, 0.03, 0.00, 0.00, 0.00, 0.00, 0.00, 0.24, 1.61, 1.01, 0.00, 1.06, 0.00, 0.44, 1.41, 1.61, 1.02, 0.00, 0.00, 0.00, 1.00, 0.00, 0.00, 0.00, 0.00, 1.00, 1.00, 0.00, 1.00, 0.00, 1.00, 1.00, 0.00, 0.00, 1.00
5298, 0, 199.727, 0.88, 1, 0.00, 0.03, 0.00, 0.05, 0.00, 0.00, 0.00, 0.27, 1.62, 1.21, 0.00, 1.18, 0.00, 0.57, 1.24, 1.67, 1.00, 0.00, 0.00, 0.00, 1.00, 0.00, 0.00, 0.00, 0.00, 1.00, 1.00, 0.00, 1.00, 0.00, 1.00, 1.00, 0.00, 0.00, 1.00
5299, 0, 199.764, 0.88, 1, 0.00, 0.26, 0.10, 0.10, 0.00, 0.00, 0.00, 0.15, 1.59, 1.38, 0.00, 1.20, 0.00, 0.64, 1.19, 1.67, 1.30, 0.00, 0.00, 0.00, 1.00, 0.00, 0.00, 0.00, 0.00, 1.00, 1.00, 0.00, 1.00, 0.00, 1.00, 1.00, 0.00, 0.00, 1.00
5300, 0, 199.802, 0.88, 1, 0.00, 0.26, 0.13, 0.10, 0.00, 0.04, 0.00, 0.08, 1.57, 1.73, 0.00, 1.23, 0.00, 0.49, 1.13, 1.56, 1.56, 0.00, 0.00, 0.00, 1.00, 0.00, 0.00, 0.00, 0.00, 1.00, 1.00, 1.00, 1.00, 0.00, 1.00, 1.00, 0.00, 0.00, 1.00
5301, 0, 199.840, 0.88, 1, 0.00, 0.33, 0.13, 0.06, 0.00, 0.04, 0.00, 0.04, 1.63, 1.96, 0.00, 1.23, 0.00, 0.40, 0.93, 1.44, 1.71, 0.00, 0.00, 0.00, 1.00, 0.00, 0.00, 0.00, 0.00, 1.00, 1.00, 1.00, 1.00, 0.00, 1.00, 1.00, 0.00, 0.00, 1.00
5302, 0, 199.878, 0.88, 1, 0.00, 0.07, 0.04, 0.00, 0.00, 0.04, 0.00, 0.12, 1.73, 2.09, 0.00, 1.52, 0.00, 0.43, 0.54, 1.37, 1.61, 0.00, 0.00, 0.00, 1.00, 0.00, 0.00, 0.00, 0.00, 1.00, 1.00, 1.00, 1.00, 0.00, 1.00, 1.00, 0.00, 0.00, 1.00
5303, 0, 199.915, 0.88, 1, 0.00, 0.10, 0.00, 0.00, 0.06, 0.11, 0.00, 0.26, 1.77, 1.80, 0.00, 1.61, 0.00, 0.46, 0.37, 1.43, 1.56, 0.00, 0.00, 0.00, 1.00, 0.00, 0.00, 0.00, 0.00, 1.00, 1.00, 1.00, 1.00, 0.00, 1.00, 1.00, 0.00, 0.00, 1.00
5304, 0, 199.953, 0.88, 1, 0.00, 0.08, 0.00, 0.00, 0.09, 0.27, 0.00, 0.42, 1.75, 1.68, 0.00, 1.75, 0.00, 0.47, 0.36, 1.57, 1.56, 0.00, 0.00, 0.00, 1.00, 0.00, 0.00, 0.00, 0.00, 1.00, 1.00, 1.00, 1.00, 0.00, 1.00, 1.00, 0.00, 0.00, 1.00
5305, 0, 199.991, 0.88, 1, 0.00, 0.16, 0.00, 0.00, 0.09, 0.27, 0.00, 0.34, 1.54, 1.50, 0.06, 1.57, 0.00, 0.41, 0.44, 1.60, 1.36, 0.00, 0.00, 0.00, 1.00, 0.00, 0.00, 0.00, 0.00, 1.00, 1.00, 1.00, 1.00, 0.00, 1.00, 0.00, 0.00, 0.00, 1.00
5306, 0, 200.028, 0.88, 1, 0.00, 0.18, 0.00, 0.00, 0.03, 0.16, 0.00, 0.17, 1.34, 1.58, 0.14, 1.58, 0.00, 0.46, 0.49, 1.56, 1.22, 0.00, 0.00, 0.00, 1.00, 0.00, 0.00, 0.00, 0.00, 1.00, 1.00, 1.00, 1.00, 0.00, 1.00, 0.00, 0.00, 0.00, 1.00
5307, 0, 200.066, 0.88, 1, 0.00, 0.13, 0.00, 0.00, 0.00, 0.00, 0.00, 0.00, 1.20, 1.67, 0.19, 1.64, 0.00, 0.52, 0.58, 1.52, 1.00, 0.00, 0.00, 0.00, 1.00, 0.00, 0.00, 0.00, 0.00, 1.00, 1.00, 1.00, 1.00, 0.00, 1.00, 0.00, 0.00, 0.00, 1.00
5308, 0, 200.104, 0.88, 1, 0.00, 0.04, 0.00, 0.00, 0.00, 0.00, 0.00, 0.00, 1.22, 1.66, 0.14, 1.71, 0.00, 0.61, 0.80, 1.43, 1.11, 0.00, 0.00, 0.00, 1.00, 0.00, 0.00, 0.00, 0.00, 1.00, 1.00, 1.00, 1.00, 0.00, 1.00, 0.00, 0.00, 0.00, 1.00
5309, 0, 200.141, 0.88, 1, 0.00, 0.00, 0.00, 0.00, 0.00, 0.00, 0.00, 0.00, 1.28, 1.73, 0.05, 1.87, 0.00, 0.70, 0.98, 1.13, 1.03, 0.00, 0.00, 0.00, 1.00, 0.00, 0.00, 0.00, 0.00, 1.00, 1.00, 1.00, 1.00, 0.00, 1.00, 0.00, 0.00, 0.00, 1.00
5310, 0, 200.179, 0.88, 1, 0.00, 0.12, 0.01, 0.00, 0.00, 0.00, 0.00, 0.00, 1.31, 1.84, 0.00, 1.83, 0.00, 0.69, 0.97, 0.81, 1.49, 0.00, 0.00, 0.00, 1.00, 0.00, 0.00, 0.00, 0.00, 1.00, 1.00, 1.00, 1.00, 0.00, 1.00, 0.00, 0.00, 0.00, 1.00
5311, 0, 200.217, 0.88, 1, 0.00, 0.34, 0.01, 0.00, 0.00, 0.00, 0.00, 0.00, 1.28, 2.02, 0.00, 1.79, 0.00, 0.67, 0.95, 0.67, 1.45, 0.00, 0.00, 0.00, 1.00, 0.00, 0.00, 0.00, 0.00, 1.00, 1.00, 1.00, 1.00, 0.00, 1.00, 0.00, 0.00, 0.00, 1.00
5312, 0, 200.255, 0.88, 1, 0.00, 0.34, 0.01, 0.00, 0.00, 0.00, 0.00, 0.02, 1.30, 2.11, 0.00, 1.71, 0.00, 0.60, 0.73, 0.72, 1.38, 0.00, 0.00, 0.00, 1.00, 0.00, 0.00, 0.00, 0.00, 1.00, 1.00, 1.00, 1.00, 0.00, 1.00, 0.00, 0.00, 0.00, 1.00
5313, 0, 200.292, 0.88, 1, 0.00, 0.27, 0.00, 0.00, 0.00, 0.00, 0.00, 0.05, 1.31, 2.11, 0.00, 1.76, 0.00, 0.53, 0.64, 0.80, 0.77, 0.00, 0.00, 0.00, 1.00, 0.00, 0.00, 0.00, 0.00, 1.00, 1.00, 1.00, 1.00, 0.00, 1.00, 0.00, 0.00, 0.00, 1.00
5314, 0, 200.330, 0.88, 1, 0.00, 0.05, 0.00, 0.00, 0.00, 0.00, 0.00, 0.07, 1.34, 2.08, 0.00, 1.92, 0.00, 0.56, 0.50, 0.82, 0.55, 0.00, 0.00, 0.00, 1.00, 0.00, 0.00, 0.00, 0.00, 1.00, 1.00, 1.00, 1.00, 0.00, 1.00, 0.00, 0.00, 0.00, 1.00
5315, 0, 200.368, 0.88, 1, 0.00, 0.11, 0.00, 0.00, 0.04, 0.00, 0.00, 0.20, 1.38, 1.98, 0.00, 1.82, 0.00, 0.57, 0.46, 0.57, 0.46, 0.00, 0.00, 0.00, 1.00, 0.00, 0.00, 0.00, 0.00, 1.00, 1.00, 0.00, 1.00, 0.00, 1.00, 0.00, 0.00, 0.00, 1.00
5316, 0, 200.405, 0.88, 1, 0.00, 0.14, 0.00, 0.00, 0.12, 0.00, 0.00, 0.31, 1.45, 1.90, 0.00, 1.71, 0.00, 0.66, 0.52, 0.43, 0.57, 0.00, 0.00, 0.00, 1.00, 0.00, 0.00, 0.00, 0.00, 1.00, 1.00, 0.00, 1.00, 0.00, 1.00, 0.00, 0.00, 0.00, 1.00
5317, 0, 200.443, 0.88, 1, 0.00, 0.42, 0.00, 0.00, 0.12, 0.00, 0.00, 0.41, 1.43, 1.78, 0.00, 1.76, 0.00, 0.62, 0.46, 0.33, 0.55, 0.00, 0.00, 0.00, 1.00, 0.00, 0.00, 0.00, 0.00, 1.00, 1.00, 0.00, 1.00, 0.00, 1.00, 0.00, 0.00, 0.00, 1.00
5318, 0, 200.481, 0.88, 1, 0.00, 0.65, 0.08, 0.00, 0.08, 0.00, 0.00, 0.27, 1.31, 1.71, 0.00, 1.82, 0.00, 0.61, 0.57, 0.56, 0.64, 0.00, 0.00, 0.00, 1.00, 0.00, 0.00, 0.00, 0.00, 1.00, 1.00, 1.00, 1.00, 0.00, 1.00, 0.00, 0.00, 0.00, 1.00
5319, 0, 200.519, 0.88, 1, 0.00, 0.77, 0.17, 0.00, 0.00, 0.00, 0.00, 0.23, 1.20, 1.64, 0.00, 1.98, 0.00, 0.56, 0.65, 0.77, 0.52, 0.00, 0.00, 0.00, 1.00, 0.00, 0.00, 0.00, 0.00, 1.00, 1.00, 1.00, 1.00, 0.00, 1.00, 0.00, 0.00, 0.00, 1.00
5320, 0, 200.556, 0.88, 1, 0.00, 0.73, 0.29, 0.00, 0.08, 0.00, 0.00, 0.23, 1.28, 1.91, 0.00, 2.04, 0.00, 0.67, 0.65, 1.04, 0.69, 0.00, 0.00, 0.00, 1.00, 0.00, 0.00, 0.00, 0.00, 1.00, 1.00, 1.00, 1.00, 0.00, 1.00, 0.00, 0.00, 0.00, 1.00
5321, 0, 200.594, 0.88, 1, 0.11, 0.95, 0.31, 0.00, 0.08, 0.00, 0.00, 0.23, 1.32, 1.99, 0.00, 2.12, 0.00, 0.71, 0.59, 1.15, 0.74, 0.00, 1.00, 0.00, 1.00, 0.00, 0.00, 0.00, 0.00, 1.00, 1.00, 1.00, 1.00, 0.00, 1.00, 0.00, 0.00, 0.00, 1.00
5322, 0, 200.632, 0.88, 1, 0.21, 1.19, 0.31, 0.00, 0.08, 0.00, 0.00, 0.27, 1.34, 1.95, 0.00, 2.14, 0.00, 0.72, 0.42, 1.16, 0.91, 0.00, 1.00, 0.00, 1.00, 0.00, 0.00, 0.00, 0.00, 1.00, 1.00, 1.00, 1.00, 0.00, 1.00, 0.00, 0.00, 0.00, 1.00
5323, 0, 200.669, 0.88, 1, 0.21, 1.09, 0.19, 0.00, 0.00, 0.00, 0.00, 0.15, 1.32, 1.78, 0.00, 2.02, 0.00, 0.58, 0.59, 1.15, 1.04, 0.00, 1.00, 0.00, 1.00, 0.00, 0.00, 0.00, 0.00, 1.00, 1.00, 1.00, 1.00, 0.00, 1.00, 0.00, 0.00, 0.00, 1.00
5324, 0, 200.707, 0.88, 1, 0.13, 0.75, 0.14, 0.00, 0.00, 0.00, 0.00, 0.23, 1.37, 1.86, 0.00, 2.02, 0.00, 0.47, 0.55, 1.06, 1.09, 0.00, 1.00, 0.00, 1.00, 0.00, 0.00, 0.00, 0.00, 1.00, 1.00, 1.00, 1.00, 0.00, 1.00, 0.00, 0.00, 0.00, 1.00
5325, 0, 200.745, 0.88, 1, 0.04, 0.37, 0.05, 0.00, 0.00, 0.00, 0.00, 0.15, 1.50, 1.94, 0.00, 2.10, 0.00, 0.50, 0.77, 1.34, 1.08, 0.00, 1.00, 0.00, 1.00, 0.00, 0.00, 0.00, 0.00, 1.00, 1.00, 1.00, 1.00, 0.00, 1.00, 0.00, 0.00, 0.00, 1.00
5326, 0, 200.782, 0.88, 1, 0.04, 0.37, 0.05, 0.00, 0.00, 0.00, 0.00, 0.15, 1.58, 1.86, 0.00, 2.16, 0.00, 0.58, 0.71, 1.55, 0.88, 0.00, 1.00, 0.00, 1.00, 0.00, 0.00, 0.00, 0.00, 1.00, 1.00, 0.00, 1.00, 0.00, 1.00, 0.00, 0.00, 0.00, 1.00
5327, 0, 200.820, 0.88, 1, 0.00, 0.41, 0.00, 0.00, 0.00, 0.00, 0.00, 0.05, 1.62, 1.50, 0.00, 2.21, 0.00, 0.70, 0.90, 1.86, 0.77, 0.00, 1.00, 0.00, 1.00, 0.00, 0.00, 0.00, 0.00, 1.00, 1.00, 0.00, 1.00, 0.00, 1.00, 0.00, 0.00, 0.00, 1.00
5328, 0, 200.858, 0.88, 1, 0.00, 0.45, 0.00, 0.00, 0.00, 0.03, 0.00, 0.00, 1.57, 1.30, 0.00, 2.05, 0.00, 0.72, 0.90, 1.69, 0.52, 0.00, 1.00, 0.00, 1.00, 0.00, 0.00, 0.00, 0.00, 1.00, 1.00, 0.00, 1.00, 0.00, 1.00, 0.00, 0.00, 0.00, 1.00
5329, 0, 200.896, 0.88, 1, 0.00, 0.62, 0.00, 0.00, 0.00, 0.03, 0.00, 0.01, 1.53, 1.26, 0.00, 2.07, 0.00, 0.75, 1.05, 1.54, 0.43, 0.00, 1.00, 0.00, 1.00, 0.00, 0.00, 0.00, 0.00, 1.00, 1.00, 0.00, 1.00, 0.00, 1.00, 0.00, 0.00, 0.00, 1.00
5330, 0, 200.933, 0.88, 1, 0.00, 0.51, 0.00, 0.00, 0.00, 0.03, 0.00, 0.07, 1.57, 1.51, 0.00, 2.15, 0.00, 0.75, 0.81, 1.22, 0.35, 0.00, 0.00, 0.00, 1.00, 0.00, 0.00, 0.00, 0.00, 1.00, 1.00, 1.00, 1.00, 0.00, 1.00, 0.00, 0.00, 0.00, 1.00
5331, 0, 200.971, 0.88, 1, 0.00, 0.58, 0.00, 0.00, 0.00, 0.00, 0.00, 0.07, 1.60, 1.77, 0.00, 2.31, 0.00, 0.86, 0.81, 1.18, 0.69, 0.00, 1.00, 0.00, 1.00, 0.00, 0.00, 0.00, 0.00, 1.00, 1.00, 1.00, 1.00, 0.00, 1.00, 0.00, 0.00, 0.00, 1.00
5332, 0, 201.009, 0.88, 1, 0.00, 0.56, 0.00, 0.00, 0.00, 0.00, 0.00, 0.06, 1.65, 1.90, 0.05, 2.44, 0.00, 0.95, 0.73, 1.06, 0.86, 0.00, 1.00, 0.00, 1.00, 0.00, 0.00, 0.00, 0.00, 1.00, 1.00, 1.00, 1.00, 0.00, 1.00, 0.00, 0.00, 0.00, 1.00
5333, 0, 201.046, 0.88, 1, 0.00, 0.74, 0.00, 0.00, 0.00, 0.00, 0.00, 0.15, 1.62, 1.89, 0.05, 2.48, 0.00, 1.03, 0.86, 1.19, 0.99, 0.00, 1.00, 0.00, 1.00, 0.00, 0.00, 0.00, 0.00, 1.00, 1.00, 1.00, 1.00, 0.00, 1.00, 0.00, 0.00, 0.00, 1.00
5334, 0, 201.084, 0.88, 1, 0.00, 0.89, 0.00, 0.00, 0.00, 0.00, 0.00, 0.18, 1.55, 1.88, 0.05, 2.45, 0.00, 0.95, 0.82, 1.05, 1.02, 0.00, 1.00, 0.00, 1.00, 0.00, 0.00, 0.00, 0.00, 1.00, 1.00, 1.00, 1.00, 0.00, 1.00, 0.00, 0.00, 0.00, 1.00
5335, 0, 201.122, 0.88, 1, 0.00, 0.92, 0.10, 0.00, 0.00, 0.00, 0.00, 0.18, 1.44, 1.70, 0.07, 2.39, 0.00, 0.87, 1.13, 1.39, 0.91, 0.00, 1.00, 0.00, 1.00, 0.00, 0.00, 0.00, 0.00, 1.00, 1.00, 1.00, 1.00, 0.00, 1.00, 0.00, 0.00, 0.00, 1.00
5336, 0, 201.160, 0.88, 1, 0.00, 0.94, 0.18, 0.00, 0.00, 0.00, 0.00, 0.06, 1.42, 1.60, 0.07, 2.41, 0.00, 0.77, 1.24, 1.61, 0.80, 0.00, 1.00, 0.00, 1.00, 0.00, 0.00, 0.00, 0.00, 1.00, 1.00, 1.00, 1.00, 0.00, 1.00, 0.00, 0.00, 0.00, 1.00
5337, 0, 201.197, 0.88, 1, 0.00, 1.03, 0.22, 0.00, 0.00, 0.06, 0.00, 0.06, 1.48, 1.36, 0.07, 2.55, 0.00, 0.71, 1.47, 1.79, 0.50, 0.00, 1.00, 0.00, 1.00, 0.00, 0.00, 0.00, 0.00, 1.00, 1.00, 1.00, 1.00, 0.00, 1.00, 0.00, 0.00, 0.00, 1.00
5338, 0, 201.235, 0.88, 1, 0.00, 0.94, 0.23, 0.00, 0.00, 0.06, 0.00, 0.06, 1.65, 1.53, 0.00, 2.54, 0.00, 0.69, 1.33, 1.72, 0.32, 0.00, 1.00, 0.00, 1.00, 0.00, 0.00, 0.00, 0.00, 1.00, 1.00, 0.00, 1.00, 0.00, 1.00, 0.00, 0.00, 0.00, 1.00
5339, 0, 201.273, 0.88, 1, 0.00, 0.97, 0.31, 0.00, 0.00, 0.06, 0.00, 0.05, 1.75, 1.73, 0.00, 2.40, 0.00, 0.74, 1.23, 1.74, 0.20, 0.00, 1.00, 0.00, 1.00, 0.00, 0.00, 0.00, 0.00, 1.00, 1.00, 0.00, 1.00, 0.00, 1.00, 0.00, 0.00, 0.00, 1.00
5340, 0, 201.310, 0.88, 1, 0.00, 0.95, 0.27, 0.00, 0.00, 0.00, 0.00, 0.07, 1.75, 1.73, 0.00, 2.33, 0.00, 0.69, 0.88, 1.73, 0.11, 0.00, 1.00, 0.00, 1.00, 0.00, 0.00, 0.00, 0.00, 1.00, 1.00, 0.00, 1.00, 0.00, 1.00, 0.00, 0.00, 0.00, 1.00
5341, 0, 201.348, 0.88, 1, 0.00, 1.07, 0.18, 0.00, 0.00, 0.00, 0.00, 0.09, 1.74, 1.67, 0.00, 2.33, 0.00, 0.61, 0.61, 1.53, 0.23, 0.00, 1.00, 0.00, 1.00, 0.00, 0.00, 0.00, 0.00, 1.00, 1.00, 0.00, 1.00, 0.00, 1.00, 0.00, 0.00, 0.00, 1.00
5342, 0, 201.386, 0.88, 1, 0.00, 1.12, 0.03, 0.00, 0.00, 0.00, 0.00, 0.12, 1.79, 1.50, 0.00, 2.31, 0.00, 0.47, 0.37, 1.39, 0.26, 0.00, 1.00, 0.00, 1.00, 0.00, 0.00, 0.00, 0.00, 1.00, 1.00, 0.00, 1.00, 0.00, 1.00, 0.00, 0.00, 0.00, 1.00
5343, 0, 201.423, 0.88, 1, 0.00, 0.95, 0.04, 0.00, 0.00, 0.00, 0.00, 0.10, 1.86, 1.64, 0.00, 2.23, 0.00, 0.48, 0.36, 1.33, 0.32, 0.00, 1.00, 0.00, 1.00, 0.00, 0.00, 0.00, 0.00, 1.00, 1.00, 0.00, 1.00, 0.00, 1.00, 0.00, 0.00, 0.00, 1.00
5344, 0, 201.461, 0.88, 1, 0.00, 0.84, 0.01, 0.00, 0.00, 0.00, 0.00, 0.12, 1.85, 1.54, 0.00, 2.15, 0.00, 0.45, 0.34, 1.33, 0.26, 0.00, 1.00, 0.00, 1.00, 0.00, 0.00, 0.00, 0.00, 1.00, 1.00, 0.00, 1.00, 0.00, 1.00, 0.00, 0.00, 0.00, 1.00
5345, 0, 201.499, 0.88, 1, 0.00, 0.52, 0.01, 0.00, 0.00, 0.00, 0.00, 0.14, 1.73, 1.55, 0.00, 2.25, 0.00, 0.60, 0.62, 1.32, 0.51, 0.00, 1.00, 0.00, 1.00, 0.00, 0.00, 0.00, 0.00, 1.00, 1.00, 0.00, 1.00, 0.00, 1.00, 0.00, 0.00, 0.00, 1.00
5346, 0, 201.537, 0.88, 1, 0.00, 0.46, 0.04, 0.00, 0.01, 0.00, 0.00, 0.17, 1.66, 1.44, 0.00, 2.38, 0.00, 0.70, 0.72, 1.35, 0.67, 0.00, 1.00, 0.00, 1.00, 0.00, 0.00, 0.00, 0.00, 1.00, 1.00, 0.00, 1.00, 0.00, 1.00, 0.00, 0.00, 0.00, 1.00
5347, 0, 201.574, 0.88, 1, 0.00, 0.40, 0.06, 0.00, 0.04, 0.00, 0.00, 0.20, 1.57, 1.48, 0.00, 2.58, 0.00, 0.80, 0.76, 1.37, 0.71, 0.00, 0.00, 0.00, 1.00, 0.00, 0.00, 0.00, 0.00, 1.00, 1.00, 0.00, 1.00, 0.00, 1.00, 0.00, 0.00, 0.00, 1.00
5348, 0, 201.612, 0.88, 1, 0.00, 0.42, 0.06, 0.00, 0.04, 0.00, 0.00, 0.15, 1.53, 1.43, 0.00, 2.74, 0.00, 0.74, 0.68, 1.33, 0.67, 0.00, 0.00, 0.00, 1.00, 0.00, 0.00, 0.00, 0.00, 1.00, 1.00, 0.00, 1.00, 0.00, 1.00, 0.00, 0.00, 0.00, 1.00
5349, 0, 201.650, 0.88, 1, 0.00, 0.40, 0.08, 0.00, 0.03, 0.00, 0.00, 0.15, 1.53, 1.63, 0.00, 2.80, 0.00, 0.74, 0.68, 1.32, 0.70, 0.00, 0.00, 0.00, 1.00, 0.00, 0.00, 0.00, 0.00, 1.00, 1.00, 0.00, 1.00, 0.00, 1.00, 0.00, 0.00, 0.00, 1.00
5350, 0, 201.687, 0.88, 1, 0.00, 0.44, 0.24, 0.00, 0.02, 0.00, 0.00, 0.25, 1.60, 1.73, 0.00, 2.76, 0.00, 0.75, 0.53, 1.33, 0.56, 0.00, 0.00, 0.00, 1.00, 0.00, 0.00, 0.00, 0.00, 1.00, 1.00, 1.00, 1.00, 0.00, 1.00, 0.00, 0.00, 0.00, 1.00
5351, 0, 201.725, 0.88, 1, 0.00, 0.64, 0.44, 0.00, 0.02, 0.00, 0.00, 0.38, 1.66, 1.91, 0.00, 2.70, 0.00, 0.79, 0.36, 1.37, 0.24, 0.00, 0.00, 0.00, 1.00, 0.00, 0.00, 0.00, 0.00, 1.00, 1.00, 1.00, 1.00, 0.00, 1.00, 0.00, 0.00, 0.00, 1.00
5352, 0, 201.763, 0.88, 1, 0.00, 0.54, 0.48, 0.00, 0.03, 0.00, 0.00, 0.53, 1.74, 2.10, 0.00, 2.79, 0.00, 0.76, 0.26, 1.33, 0.01, 0.00, 0.00, 0.00, 1.00, 0.00, 0.00, 0.00, 0.00, 1.00, 1.00, 1.00, 1.00, 0.00, 1.00, 0.00, 0.00, 0.00, 1.00
5353, 0, 201.801, 0.88, 1, 0.00, 0.33, 0.39, 0.00, 0.01, 0.00, 0.00, 0.37, 1.73, 2.29, 0.00, 2.83, 0.00, 0.73, 0.42, 1.37, 0.04, 0.00, 0.00, 0.00, 1.00, 0.00, 0.00, 0.00, 0.00, 1.00, 1.00, 1.00, 1.00, 0.00, 1.00, 0.00, 0.00, 0.00, 1.00
5354, 0, 201.838, 0.88, 1, 0.00, 0.12, 0.27, 0.00, 0.01, 0.00, 0.00, 0.22, 1.69, 2.30, 0.00, 3.01, 0.00, 0.76, 0.56, 1.44, 0.04, 0.00, 0.00, 0.00, 1.00, 0.00, 0.00, 0.00, 0.00, 1.00, 1.00, 1.00, 1.00, 0.00, 1.00, 0.00, 0.00, 0.00, 1.00
5355, 0, 201.876, 0.88, 1, 0.00, 0.14, 0.33, 0.00, 0.03, 0.00, 0.00, 0.11, 1.75, 2.22, 0.00, 2.62, 0.00, 0.73, 0.61, 1.61, 0.08, 0.00, 0.00, 0.00, 1.00, 0.00, 0.00, 0.00, 0.00, 1.00, 1.00, 1.00, 1.00, 0.00, 1.00, 0.00, 0.00, 0.00, 1.00
5356, 0, 201.914, 0.88, 1, 0.00, 0.12, 0.30, 0.00, 0.05, 0.00, 0.00, 0.12, 1.88, 2.20, 0.00, 2.48, 0.00, 0.74, 0.53, 1.61, 0.17, 0.00, 0.00, 0.00, 1.00, 0.00, 0.00, 0.00, 0.00, 1.00, 1.00, 0.00, 1.00, 0.00, 1.00, 0.00, 0.00, 0.00, 1.00
5357, 0, 201.951, 0.88, 1, 0.00, 0.06, 0.28, 0.00, 0.10, 0.00, 0.00, 0.16, 2.04, 2.35, 0.00, 2.12, 0.00, 0.70, 0.44, 1.57, 0.26, 0.00, 0.00, 0.00, 1.00, 0.00, 0.00, 0.00, 0.00, 1.00, 1.00, 0.00, 1.00, 0.00, 1.00, 0.00, 0.00, 0.00, 1.00
5358, 0, 201.989, 0.88, 1, 0.00, 0.03, 0.13, 0.00, 0.07, 0.00, 0.00, 0.13, 2.04, 2.34, 0.03, 2.19, 0.00, 0.71, 0.31, 1.51, 0.36, 0.00, 0.00, 0.00, 1.00, 0.00, 0.00, 0.00, 0.00, 1.00, 1.00, 0.00, 1.00, 0.00, 1.00, 0.00, 0.00, 0.00, 1.00
5359, 0, 202.027, 0.88, 1, 0.00, 0.15, 0.06, 0.00, 0.05, 0.00, 0.00, 0.20, 2.02, 2.14, 0.12, 2.11, 0.00, 0.66, 0.35, 1.48, 0.52, 0.00, 0.00, 0.00, 1.00, 0.00, 0.00, 0.00, 0.00, 1.00, 1.00, 0.00, 1.00, 0.00, 1.00, 0.00, 0.00, 0.00, 1.00
5360, 0, 202.064, 0.88, 1, 0.00, 0.42, 0.10, 0.00, 0.00, 0.07, 0.00, 0.16, 1.80, 1.83, 0.17, 2.23, 0.00, 0.60, 0.26, 1.38, 0.45, 0.00, 0.00, 0.00, 1.00, 0.00, 0.00, 0.00, 0.00, 1.00, 1.00, 0.00, 1.00, 0.00, 1.00, 0.00, 0.00, 0.00, 1.00
5361, 0, 202.102, 0.88, 1, 0.00, 0.68, 0.21, 0.00, 0.00, 0.10, 0.00, 0.15, 1.57, 1.41, 0.13, 2.17, 0.00, 0.50, 0.17, 1.28, 0.30, 0.00, 0.00, 0.00, 1.00, 0.00, 0.00, 0.00, 0.00, 1.00, 1.00, 0.00, 1.00, 0.00, 1.00, 0.00, 0.00, 0.00, 1.00
5362, 0, 202.140, 0.88, 1, 0.00, 0.76, 0.33, 0.00, 0.00, 0.10, 0.00, 0.07, 1.36, 1.29, 0.05, 2.18, 0.00, 0.46, 0.00, 1.19, 0.02, 0.00, 0.00, 0.00, 1.00, 0.00, 0.00, 0.00, 0.00, 1.00, 1.00, 1.00, 1.00, 0.00, 1.00, 0.00, 0.00, 0.00, 1.00
5363, 0, 202.178, 0.88, 1, 0.00, 0.71, 0.39, 0.00, 0.00, 0.03, 0.00, 0.07, 1.37, 1.29, 0.00, 1.95, 0.00, 0.36, 0.00, 1.13, 0.19, 0.00, 0.00, 0.00, 1.00, 0.00, 0.00, 0.00, 0.00, 1.00, 1.00, 1.00, 1.00, 0.00, 1.00, 0.00, 0.00, 0.00, 1.00
5364, 0, 202.215, 0.88, 1, 0.00, 0.73, 0.49, 0.00, 0.00, 0.00, 0.00, 0.03, 1.41, 1.61, 0.00, 1.88, 0.00, 0.39, 0.00, 1.15, 0.32, 0.00, 0.00, 0.00, 1.00, 0.00, 0.00, 0.00, 0.00, 1.00, 1.00, 0.00, 1.00, 0.00, 1.00, 0.00, 0.00, 0.00, 1.00
5365, 0, 202.253, 0.88, 1, 0.00, 0.83, 0.47, 0.00, 0.00, 0.00, 0.00, 0.23, 1.53, 1.66, 0.00, 1.83, 0.00, 0.41, 0.13, 1.12, 0.39, 0.00, 0.00, 0.00, 1.00, 0.00, 0.00, 0.00, 0.00, 1.00, 1.00, 0.00, 1.00, 0.00, 1.00, 0.00, 0.00, 0.00, 1.00
5366, 0, 202.291, 0.88, 1, 0.00, 0.87, 0.43, 0.00, 0.00, 0.00, 0.00, 0.28, 1.63, 1.65, 0.02, 1.89, 0.00, 0.50, 0.31, 1.10, 0.41, 0.00, 1.00, 0.00, 1.00, 0.00, 0.00, 0.00, 0.00, 1.00, 1.00, 0.00, 1.00, 0.00, 1.00, 0.00, 0.00, 0.00, 1.00
5367, 0, 202.328, 0.88, 1, 0.00, 0.96, 0.43, 0.00, 0.00, 0.00, 0.00, 0.34, 1.74, 1.40, 0.02, 2.00, 0.00, 0.52, 0.43, 1.11, 0.42, 0.00, 1.00, 0.00, 1.00, 0.00, 0.00, 0.00, 0.00, 1.00, 1.00, 0.00, 1.00, 0.00, 1.00, 0.00, 0.00, 0.00, 1.00
5368, 0, 202.366, 0.88, 1, 0.00, 1.08, 0.48, 0.00, 0.00, 0.00, 0.00, 0.15, 1.87, 1.45, 0.03, 2.14, 0.00, 0.68, 0.30, 1.20, 0.34, 0.00, 1.00, 0.00, 1.00, 0.00, 0.00, 0.00, 0.00, 1.00, 1.00, 0.00, 1.00, 0.00, 1.00, 0.00, 0.00, 0.00, 1.00
5369, 0, 202.404, 0.88, 1, 0.00, 1.26, 0.50, 0.00, 0.00, 0.00, 0.00, 0.10, 1.94, 1.56, 0.01, 2.24, 0.00, 0.85, 0.26, 1.35, 0.13, 0.00, 1.00, 0.00, 1.00, 0.00, 0.00, 0.00, 0.00, 1.00, 1.00, 0.00, 1.00, 0.00, 1.00, 0.00, 0.00, 0.00, 1.00
5370, 0, 202.442, 0.88, 1, 0.00, 1.22, 0.32, 0.00, 0.00, 0.00, 0.00, 0.22, 1.85, 1.83, 0.01, 2.49, 0.00, 0.96, 0.26, 1.35, 0.00, 0.00, 1.00, 0.00, 1.00, 0.00, 0.00, 0.00, 0.00, 1.00, 1.00, 1.00, 1.00, 0.00, 1.00, 0.00, 0.00, 0.00, 1.00
5371, 0, 202.479, 0.88, 1, 0.00, 1.06, 0.46, 0.00, 0.00, 0.00, 0.00, 0.43, 1.68, 1.88, 0.00, 2.57, 0.00, 0.88, 0.26, 1.54, 0.00, 0.00, 1.00, 0.00, 1.00, 0.00, 0.00, 0.00, 0.00, 1.00, 1.00, 1.00, 1.00, 0.00, 1.00, 0.00, 0.00, 0.00, 1.00
5372, 0, 202.517, 0.88, 1, 0.00, 0.74, 0.42, 0.00, 0.00, 0.00, 0.00, 0.63, 1.58, 1.95, 0.06, 2.75, 0.00, 0.78, 0.17, 1.61, 0.00, 0.00, 0.00, 0.00, 1.00, 0.00, 0.00, 0.00, 0.00, 1.00, 1.00, 1.00, 1.00, 0.00, 1.00, 0.00, 0.00, 0.00, 1.00
5373, 0, 202.555, 0.88, 1, 0.00, 0.54, 0.52, 0.00, 0.00, 0.00, 0.00, 0.66, 1.64, 1.97, 0.07, 2.76, 0.00, 0.74, 0.34, 1.68, 0.00, 0.00, 0.00, 0.00, 1.00, 0.00, 0.00, 0.00, 0.00, 1.00, 1.00, 1.00, 1.00, 0.00, 1.00, 0.00, 0.00, 0.00, 1.00
5374, 0, 202.592, 0.88, 1, 0.00, 0.46, 0.40, 0.00, 0.00, 0.08, 0.00, 0.67, 1.71, 1.96, 0.07, 2.84, 0.00, 0.70, 0.75, 1.60, 0.00, 0.00, 0.00, 0.00, 1.00, 0.00, 0.00, 0.00, 0.00, 1.00, 1.00, 1.00, 1.00, 0.00, 1.00, 0.00, 0.00, 0.00, 1.00
5375, 0, 202.630, 0.88, 1, 0.00, 0.37, 0.51, 0.00, 0.00, 0.24, 0.00, 0.60, 1.84, 1.76, 0.00, 2.77, 0.00, 0.65, 0.75, 1.55, 0.08, 0.00, 0.00, 0.00, 1.00, 0.00, 0.00, 0.00, 0.00, 1.00, 1.00, 1.00, 1.00, 0.00, 1.00, 0.00, 0.00, 0.00, 1.00
5376, 0, 202.668, 0.88, 1, 0.00, 0.40, 0.57, 0.00, 0.00, 0.26, 0.00, 0.59, 1.93, 1.63, 0.01, 2.64, 0.00, 0.68, 0.47, 1.42, 0.08, 0.00, 0.00, 0.00, 1.00, 0.00, 0.00, 0.00, 0.00, 1.00, 1.00, 1.00, 1.00, 0.00, 1.00, 0.00, 0.00, 0.00, 1.00
5377, 0, 202.705, 0.88, 1, 0.00, 0.46, 0.65, 0.00, 0.00, 0.19, 0.00, 0.42, 2.00, 1.56, 0.01, 2.41, 0.00, 0.73, 0.05, 1.23, 0.08, 0.00, 1.00, 0.00, 1.00, 0.00, 0.00, 0.00, 0.00, 1.00, 1.00, 0.00, 1.00, 0.00, 1.00, 0.00, 0.00, 0.00, 1.00
5378, 0, 202.743, 0.88, 1, 0.00, 0.62, 0.64, 0.00, 0.00, 0.03, 0.00, 0.46, 1.98, 1.59, 0.01, 2.26, 0.00, 0.83, 0.00, 0.98, 0.00, 0.00, 1.00, 0.00, 1.00, 0.00, 0.00, 0.00, 0.00, 1.00, 1.00, 0.00, 1.00, 0.00, 1.00, 0.00, 0.00, 0.00, 1.00
5379, 0, 202.781, 0.88, 1, 0.00, 0.60, 0.61, 0.00, 0.00, 0.00, 0.00, 0.42, 2.02, 1.54, 0.03, 2.33, 0.00, 0.83, 0.00, 0.97, 0.00, 0.00, 1.00, 0.00, 1.00, 0.00, 0.00, 0.00, 0.00, 1.00, 1.00, 0.00, 1.00, 0.00, 1.00, 0.00, 0.00, 0.00, 1.00
5380, 0, 202.819, 0.88, 1, 0.05, 0.68, 0.60, 0.00, 0.00, 0.00, 0.00, 0.38, 1.94, 1.43, 0.03, 2.43, 0.00, 0.81, 0.10, 1.08, 0.00, 0.00, 1.00, 0.00, 1.00, 0.00, 0.00, 0.00, 0.00, 1.00, 1.00, 1.00, 1.00, 0.00, 1.00, 0.00, 0.00, 0.00, 1.00
5381, 0, 202.856, 0.88, 1, 0.05, 0.71, 0.55, 0.00, 0.00, 0.04, 0.00, 0.26, 1.91, 1.35, 0.03, 2.50, 0.00, 0.79, 0.10, 1.33, 0.00, 0.00, 1.00, 0.00, 1.00, 0.00, 0.00, 0.00, 0.00, 1.00, 1.00, 0.00, 1.00, 0.00, 1.00, 0.00, 0.00, 0.00, 1.00
5382, 0, 202.894, 0.88, 1, 0.05, 0.74, 0.56, 0.00, 0.00, 0.20, 0.00, 0.25, 1.86, 1.22, 0.00, 2.43, 0.00, 0.75, 0.16, 1.49, 0.00, 0.00, 1.00, 0.00, 1.00, 0.00, 0.00, 0.00, 0.00, 1.00, 1.00, 1.00, 1.00, 0.00, 1.00, 0.00, 0.00, 0.00, 1.00
5383, 0, 202.932, 0.88, 1, 0.00, 0.49, 0.42, 0.00, 0.00, 0.30, 0.00, 0.24, 1.89, 1.10, 0.00, 2.49, 0.00, 0.73, 0.18, 1.52, 0.02, 0.00, 0.00, 0.00, 1.00, 0.00, 0.00, 0.00, 0.00, 1.00, 1.00, 1.00, 1.00, 0.00, 1.00, 0.00, 0.00, 0.00, 1.00
5384, 0, 202.969, 0.88, 1, 0.00, 0.42, 0.37, 0.00, 0.00, 0.39, 0.00, 0.17, 1.84, 1.07, 0.00, 2.66, 0.00, 0.69, 0.38, 1.44, 0.05, 0.00, 0.00, 0.00, 1.00, 0.00, 0.00, 0.00, 0.00, 1.00, 1.00, 1.00, 1.00, 0.00, 1.00, 0.00, 0.00, 0.00, 1.00
5385, 0, 203.007, 0.88, 1, 0.00, 0.46, 0.25, 0.00, 0.03, 0.40, 0.00, 0.08, 1.80, 1.32, 0.00, 2.57, 0.00, 0.84, 0.39, 1.39, 0.05, 0.00, 0.00, 0.00, 1.00, 0.00, 0.00, 0.00, 0.00, 1.00, 1.00, 1.00, 1.00, 0.00, 1.00, 0.00, 0.00, 0.00, 1.00
5386, 0, 203.045, 0.88, 1, 0.00, 0.82, 0.21, 0.00, 0.07, 0.47, 0.00, 0.18, 1.79, 1.58, 0.12, 2.53, 0.00, 0.97, 0.42, 1.47, 0.03, 0.00, 0.00, 0.00, 1.00, 0.00, 0.00, 0.00, 0.00, 1.00, 1.00, 1.00, 1.00, 0.00, 1.00, 0.00, 0.00, 0.00, 1.00
5387, 0, 203.083, 0.88, 1, 0.00, 1.12, 0.15, 0.00, 0.10, 0.42, 0.00, 0.29, 1.80, 1.75, 0.21, 2.41, 0.00, 1.09, 0.39, 1.60, 0.00, 0.00, 0.00, 0.00, 1.00, 0.00, 0.00, 0.00, 0.00, 1.00, 1.00, 1.00, 1.00, 0.00, 1.00, 0.00, 0.00, 0.00, 1.00
5388, 0, 203.120, 0.88, 1, 0.00, 1.16, 0.14, 0.00, 0.07, 0.35, 0.00, 0.31, 1.82, 1.83, 0.24, 2.53, 0.00, 1.10, 0.43, 1.61, 0.00, 0.00, 0.00, 0.00, 0.00, 0.00, 0.00, 0.00, 0.00, 1.00, 1.00, 1.00, 1.00, 0.00, 1.00, 0.00, 0.00, 0.00, 1.00
5389, 0, 203.158, 0.88, 1, 0.00, 1.03, 0.08, 0.00, 0.03, 0.18, 0.00, 0.25, 1.89, 1.70, 0.15, 2.47, 0.00, 1.05, 0.42, 1.51, 0.06, 0.00, 0.00, 0.00, 0.00, 0.00, 0.00, 0.00, 0.00, 1.00, 1.00, 1.00, 1.00, 0.00, 1.00, 0.00, 0.00, 0.00, 1.00
5390, 0, 203.196, 0.88, 1, 0.00, 0.97, 0.17, 0.00, 0.00, 0.09, 0.00, 0.14, 1.91, 1.75, 0.07, 2.48, 0.00, 1.06, 0.38, 1.24, 0.17, 0.00, 0.00, 0.00, 0.00, 0.00, 0.00, 0.00, 0.00, 1.00, 1.00, 1.00, 1.00, 0.00, 1.00, 0.00, 0.00, 0.00, 1.00
5391, 0, 203.233, 0.88, 1, 0.00, 0.93, 0.29, 0.00, 0.00, 0.00, 0.00, 0.12, 1.95, 1.76, 0.04, 2.51, 0.00, 1.13, 0.42, 1.09, 0.36, 0.00, 0.00, 0.00, 1.00, 0.00, 0.00, 0.00, 0.00, 1.00, 1.00, 1.00, 1.00, 0.00, 1.00, 0.00, 0.00, 0.00, 1.00
5392, 0, 203.271, 0.88, 1, 0.00, 1.05, 0.40, 0.00, 0.00, 0.00, 0.00, 0.17, 1.96, 1.95, 0.01, 2.49, 0.00, 1.20, 0.41, 1.06, 0.39, 0.00, 1.00, 0.00, 1.00, 0.00, 0.00, 0.00, 0.00, 1.00, 1.00, 1.00, 1.00, 0.00, 1.00, 0.00, 0.00, 0.00, 1.00
5393, 0, 203.309, 0.88, 1, 0.00, 1.15, 0.28, 0.00, 0.00, 0.00, 0.00, 0.22, 2.05, 1.94, 0.00, 2.52, 0.00, 1.20, 0.47, 1.16, 0.44, 0.00, 1.00, 0.00, 1.00, 0.00, 0.00, 0.00, 0.00, 1.00, 1.00, 1.00, 1.00, 0.00, 1.00, 0.00, 0.00, 0.00, 1.00
5394, 0, 203.346, 0.88, 1, 0.00, 1.22, 0.18, 0.00, 0.00, 0.00, 0.00, 0.22, 2.11, 1.82, 0.00, 2.51, 0.00, 1.09, 0.53, 1.17, 0.36, 0.00, 1.00, 0.00, 1.00, 0.00, 0.00, 0.00, 0.00, 1.00, 1.00, 1.00, 1.00, 0.00, 1.00, 0.00, 0.00, 0.00, 1.00
5395, 0, 203.384, 0.88, 1, 0.00, 1.22, 0.14, 0.00, 0.00, 0.00, 0.00, 0.16, 1.95, 1.82, 0.00, 2.70, 0.00, 0.99, 0.57, 1.12, 0.41, 0.00, 0.00, 0.00, 1.00, 0.00, 0.00, 0.00, 0.00, 1.00, 1.00, 1.00, 1.00, 0.00, 1.00, 0.00, 0.00, 0.00, 1.00
5396, 0, 203.422, 0.88, 1, 0.00, 1.03, 0.17, 0.00, 0.00, 0.02, 0.00, 0.11, 1.82, 1.79, 0.00, 2.74, 0.00, 0.97, 0.64, 1.20, 0.54, 0.00, 1.00, 0.00, 1.00, 0.00, 0.00, 0.00, 0.00, 1.00, 1.00, 1.00, 1.00, 0.00, 1.00, 0.00, 0.00, 0.00, 1.00
5397, 0, 203.460, 0.88, 1, 0.00, 0.97, 0.13, 0.00, 0.03, 0.02, 0.00, 0.12, 1.69, 1.80, 0.00, 2.85, 0.00, 1.03, 0.68, 1.36, 0.71, 0.00, 1.00, 0.00, 1.00, 0.00, 0.00, 0.00, 0.00, 1.00, 1.00, 1.00, 1.00, 0.00, 1.00, 0.00, 0.00, 0.00, 1.00
5398, 0, 203.497, 0.88, 1, 0.00, 0.93, 0.18, 0.00, 0.05, 0.02, 0.00, 0.22, 1.75, 1.66, 0.00, 2.64, 0.00, 0.97, 0.57, 1.29, 0.57, 0.00, 0.00, 0.00, 1.00, 0.00, 0.00, 0.00, 0.00, 1.00, 1.00, 1.00, 1.00, 0.00, 1.00, 0.00, 0.00, 0.00, 1.00
5399, 0, 203.535, 0.88, 1, 0.00, 1.08, 0.25, 0.00, 0.09, 0.00, 0.00, 0.43, 1.70, 1.51, 0.00, 2.43, 0.00, 0.82, 0.34, 1.17, 0.27, 0.00, 0.00, 0.00, 1.00, 0.00, 0.00, 0.00, 0.00, 1.00, 1.00, 1.00, 1.00, 0.00, 1.00, 0.00, 0.00, 0.00, 1.00
5400, 0, 203.573, 0.88, 1, 0.00, 1.12, 0.28, 0.00, 0.13, 0.06, 0.00, 0.72, 1.68, 1.49, 0.00, 2.29, 0.00, 0.78, 0.14, 1.19, 0.03, 0.00, 0.00, 0.00, 1.00, 0.00, 0.00, 0.00, 0.00, 1.00, 1.00, 1.00, 1.00, 0.00, 1.00, 0.00, 0.00, 0.00, 1.00
5401, 0, 203.610, 0.88, 1, 0.00, 1.10, 0.25, 0.00, 0.10, 0.11, 0.00, 0.77, 1.61, 1.48, 0.00, 2.22, 0.00, 0.84, 0.16, 1.45, 0.14, 0.00, 0.00, 0.00, 0.00, 0.00, 0.00, 0.00, 0.00, 1.00, 1.00, 1.00, 1.00, 0.00, 1.00, 0.00, 0.00, 0.00, 1.00
5402, 0, 203.648, 0.88, 1, 0.00, 0.77, 0.13, 0.00, 0.07, 0.11, 0.00, 0.76, 1.60, 1.62, 0.00, 2.22, 0.00, 0.85, 0.32, 1.56, 0.25, 0.00, 0.00, 0.00, 0.00, 0.00, 0.00, 0.00, 0.00, 1.00, 1.00, 1.00, 1.00, 0.00, 1.00, 0.00, 0.00, 0.00, 1.00
5403, 0, 203.686, 0.88, 1, 0.00, 0.56, 0.11, 0.00, 0.00, 0.04, 0.00, 0.49, 1.53, 1.64, 0.00, 2.12, 0.00, 0.76, 0.30, 1.56, 0.30, 0.00, 0.00, 0.00, 0.00, 0.00, 0.00, 0.00, 0.00, 1.00, 1.00, 1.00, 1.00, 0.00, 1.00, 0.00, 0.00, 0.00, 1.00
5404, 0, 203.724, 0.88, 1, 0.00, 0.40, 0.00, 0.00, 0.00, 0.00, 0.00, 0.41, 1.52, 1.59, 0.00, 2.09, 0.00, 0.71, 0.30, 1.39, 0.25, 0.00, 0.00, 0.00, 0.00, 0.00, 0.00, 0.00, 0.00, 1.00, 1.00, 1.00, 1.00, 0.00, 1.00, 0.00, 0.00, 0.00, 1.00
5405, 0, 203.761, 0.88, 1, 0.00, 0.57, 0.09, 0.00, 0.06, 0.07, 0.00, 0.41, 1.56, 1.47, 0.00, 2.32, 0.00, 0.79, 0.14, 1.56, 0.16, 0.00, 0.00, 0.00, 0.00, 0.00, 0.00, 0.00, 0.00, 1.00, 1.00, 0.00, 1.00, 0.00, 1.00, 0.00, 0.00, 0.00, 1.00
5406, 0, 203.799, 0.88, 1, 0.00, 0.72, 0.16, 0.00, 0.06, 0.18, 0.00, 0.40, 1.61, 1.50, 0.00, 2.50, 0.00, 0.84, 0.14, 1.64, 0.16, 0.00, 0.00, 0.00, 0.00, 0.00, 0.00, 0.00, 0.00, 1.00, 1.00, 0.00, 1.00, 0.00, 1.00, 0.00, 0.00, 0.00, 1.00
5407, 0, 203.837, 0.88, 1, 0.01, 0.82, 0.34, 0.00, 0.07, 0.31, 0.00, 0.39, 1.72, 1.60, 0.00, 2.74, 0.00, 0.86, 0.06, 1.62, 0.28, 0.00, 0.00, 0.00, 0.00, 0.00, 0.00, 0.00, 0.00, 1.00, 1.00, 0.00, 1.00, 0.00, 1.00, 0.00, 0.00, 0.00, 1.00
5408, 0, 203.874, 0.88, 1, 0.08, 0.89, 0.48, 0.00, 0.00, 0.38, 0.00, 0.33, 1.80, 1.68, 0.03, 2.71, 0.00, 0.83, 0.11, 1.46, 0.34, 0.00, 0.00, 0.00, 1.00, 0.00, 0.00, 0.00, 0.00, 1.00, 1.00, 1.00, 1.00, 0.00, 1.00, 0.00, 0.00, 0.00, 1.00
5409, 0, 203.912, 0.88, 1, 0.12, 0.91, 0.68, 0.00, 0.00, 0.27, 0.00, 0.39, 1.86, 1.69, 0.03, 2.77, 0.00, 0.84, 0.20, 1.38, 0.45, 0.00, 0.00, 0.00, 1.00, 0.00, 0.00, 0.00, 0.00, 1.00, 1.00, 1.00, 1.00, 0.00, 1.00, 0.00, 0.00, 0.00, 1.00
5410, 0, 203.950, 0.88, 1, 0.11, 0.78, 0.70, 0.00, 0.06, 0.15, 0.00, 0.36, 1.83, 1.49, 0.03, 2.55, 0.00, 0.88, 0.31, 1.76, 0.41, 0.00, 0.00, 0.00, 1.00, 0.00, 0.00, 0.00, 0.00, 1.00, 1.00, 1.00, 1.00, 0.00, 1.00, 0.00, 0.00, 0.00, 1.00
5411, 0, 203.987, 0.88, 1, 0.04, 0.63, 0.71, 0.00, 0.11, 0.00, 0.00, 0.23, 1.76, 1.39, 0.00, 2.43, 0.00, 0.89, 0.38, 2.01, 0.37, 0.00, 0.00, 0.00, 1.00, 0.00, 0.00, 0.00, 0.00, 1.00, 1.00, 0.00, 1.00, 0.00, 1.00, 0.00, 0.00, 0.00, 1.00
5412, 0, 204.025, 0.88, 1, 0.00, 0.62, 0.64, 0.00, 0.19, 0.00, 0.00, 0.15, 1.80, 1.37, 0.00, 2.19, 0.00, 0.84, 0.37, 2.18, 0.40, 0.00, 0.00, 0.00, 1.00, 0.00, 0.00, 0.00, 0.00, 1.00, 1.00, 0.00, 1.00, 0.00, 1.00, 0.00, 0.00, 0.00, 1.00
5413, 0, 204.063, 0.88, 1, 0.00, 0.82, 0.66, 0.00, 0.13, 0.00, 0.00, 0.11, 1.82, 1.53, 0.00, 2.21, 0.00, 0.81, 0.38, 1.98, 0.44, 0.00, 0.00, 0.00, 1.00, 0.00, 0.00, 0.00, 0.00, 1.00, 1.00, 1.00, 1.00, 0.00, 1.00, 0.00, 0.00, 0.00, 1.00
5414, 0, 204.101, 0.88, 1, 0.00, 0.84, 0.72, 0.00, 0.10, 0.00, 0.00, 0.24, 1.86, 1.48, 0.00, 2.27, 0.00, 0.82, 0.23, 1.78, 0.56, 0.00, 0.00, 0.00, 1.00, 0.00, 0.00, 0.00, 0.00, 1.00, 1.00, 0.00, 1.00, 0.00, 1.00, 0.00, 0.00, 0.00, 1.00
5415, 0, 204.138, 0.88, 1, 0.05, 1.07, 0.64, 0.00, 0.10, 0.00, 0.00, 0.40, 1.87, 1.25, 0.00, 2.12, 0.00, 0.85, 0.31, 1.52, 0.39, 0.00, 1.00, 0.00, 1.00, 0.00, 0.00, 0.00, 0.00, 1.00, 1.00, 0.00, 1.00, 0.00, 1.00, 0.00, 0.00, 0.00, 1.00
5416, 0, 204.176, 0.88, 1, 0.13, 1.17, 0.62, 0.00, 0.15, 0.00, 0.00, 0.53, 1.88, 1.06, 0.00, 2.01, 0.00, 0.86, 0.42, 1.34, 0.32, 0.00, 1.00, 0.00, 1.00, 0.00, 0.00, 0.00, 0.00, 1.00, 1.00, 0.00, 1.00, 0.00, 1.00, 0.00, 0.00, 0.00, 1.00
5417, 0, 204.214, 0.88, 1, 0.23, 1.43, 0.59, 0.00, 0.17, 0.00, 0.00, 0.45, 1.79, 1.22, 0.00, 1.98, 0.00, 0.81, 0.62, 1.28, 0.19, 0.00, 1.00, 0.00, 1.00, 0.00, 0.00, 0.00, 0.00, 1.00, 1.00, 0.00, 1.00, 0.00, 1.00, 0.00, 0.00, 0.00, 1.00
5418, 0, 204.251, 0.88, 1, 0.22, 1.39, 0.78, 0.00, 0.10, 0.00, 0.00, 0.22, 1.66, 1.36, 0.00, 2.10, 0.00, 0.82, 0.55, 1.23, 0.22, 0.00, 0.00, 0.00, 1.00, 0.00, 0.00, 0.00, 0.00, 1.00, 1.00, 0.00, 1.00, 0.00, 1.00, 0.00, 0.00, 0.00, 1.00
5419, 0, 204.289, 0.88, 1, 0.14, 1.20, 0.85, 0.00, 0.07, 0.00, 0.00, 0.18, 1.61, 1.35, 0.00, 2.09, 0.00, 0.69, 0.32, 1.38, 0.11, 0.00, 0.00, 0.00, 0.00, 0.00, 0.00, 0.00, 0.00, 1.00, 1.00, 0.00, 1.00, 0.00, 1.00, 0.00, 0.00, 0.00, 1.00
5420, 0, 204.327, 0.88, 1, 0.04, 0.94, 0.71, 0.00, 0.20, 0.05, 0.00, 0.30, 1.73, 1.35, 0.00, 1.92, 0.00, 0.58, 0.11, 1.31, 0.09, 0.00, 0.00, 0.00, 0.00, 0.00, 0.00, 0.00, 0.00, 1.00, 1.00, 0.00, 1.00, 0.00, 1.00, 0.00, 0.00, 0.00, 1.00
5421, 0, 204.365, 0.88, 1, 0.00, 0.66, 0.59, 0.00, 0.31, 0.11, 0.00, 0.43, 1.87, 1.52, 0.00, 1.90, 0.00, 0.53, 0.00, 1.09, 0.00, 0.00, 0.00, 0.00, 0.00, 0.00, 0.00, 0.00, 0.00, 1.00, 1.00, 0.00, 1.00, 0.00, 1.00, 0.00, 0.00, 0.00, 1.00
5422, 0, 204.402, 0.88, 1, 0.00, 0.56, 0.48, 0.00, 0.41, 0.11, 0.00, 0.55, 1.96, 1.78, 0.00, 1.90, 0.00, 0.57, 0.00, 0.71, 0.00, 0.00, 0.00, 0.00, 0.00, 0.00, 0.00, 0.00, 0.00, 1.00, 1.00, 0.00, 1.00, 0.00, 1.00, 0.00, 0.00, 0.00, 1.00
5423, 0, 204.440, 0.88, 1, 0.00, 0.62, 0.58, 0.00, 0.31, 0.06, 0.00, 0.61, 1.92, 2.00, 0.00, 1.90, 0.00, 0.58, 0.00, 0.80, 0.00, 0.00, 0.00, 0.00, 0.00, 0.00, 0.00, 0.00, 0.00, 1.00, 1.00, 0.00, 1.00, 0.00, 1.00, 0.00, 0.00, 0.00, 1.00
5424, 0, 204.478, 0.88, 1, 0.00, 1.05, 0.65, 0.00, 0.34, 0.00, 0.00, 0.78, 1.83, 2.11, 0.00, 1.91, 0.00, 0.53, 0.06, 0.92, 0.00, 0.00, 0.00, 0.00, 0.00, 0.00, 0.00, 0.00, 0.00, 1.00, 1.00, 0.00, 1.00, 0.00, 1.00, 0.00, 0.00, 0.00, 1.00
5425, 0, 204.515, 0.88, 1, 0.00, 1.25, 0.49, 0.00, 0.23, 0.00, 0.00, 0.66, 1.75, 1.88, 0.00, 2.04, 0.00, 0.67, 0.23, 1.25, 0.00, 0.00, 0.00, 0.00, 0.00, 0.00, 0.00, 0.00, 0.00, 1.00, 1.00, 0.00, 1.00, 0.00, 1.00, 0.00, 0.00, 0.00, 1.00
5426, 0, 204.553, 0.88, 1, 0.00, 1.38, 0.40, 0.00, 0.15, 0.00, 0.00, 0.51, 1.75, 1.45, 0.00, 2.18, 0.00, 0.82, 0.35, 1.37, 0.00, 0.00, 1.00, 0.00, 0.00, 0.00, 0.00, 0.00, 0.00, 1.00, 1.00, 0.00, 1.00, 0.00, 1.00, 0.00, 0.00, 0.00, 1.00
5427, 0, 204.591, 0.88, 1, 0.00, 1.29, 0.42, 0.00, 0.00, 0.12, 0.00, 0.28, 1.79, 1.30, 0.00, 2.30, 0.00, 0.97, 0.55, 1.72, 0.00, 0.00, 1.00, 0.00, 0.00, 0.00, 0.00, 0.00, 0.00, 1.00, 1.00, 0.00, 1.00, 0.00, 1.00, 0.00, 0.00, 0.00, 1.00
5428, 0, 204.628, 0.88, 1, 0.00, 1.36, 0.65, 0.00, 0.00, 0.18, 0.00, 0.16, 1.86, 1.54, 0.00, 2.32, 0.00, 0.93, 0.66, 1.90, 0.08, 0.00, 1.00, 0.00, 0.00, 0.00, 0.00, 0.00, 0.00, 1.00, 1.00, 0.00, 1.00, 0.00, 1.00, 0.00, 0.00, 0.00, 1.00
5429, 0, 204.666, 0.88, 1, 0.00, 1.37, 0.56, 0.00, 0.00, 0.18, 0.00, 0.14, 1.93, 1.72, 0.00, 2.22, 0.00, 0.93, 0.65, 1.94, 0.24, 0.00, 1.00, 0.00, 0.00, 0.00, 0.00, 0.00, 0.00, 1.00, 1.00, 0.00, 1.00, 0.00, 1.00, 0.00, 0.00, 0.00, 1.00
5430, 0, 204.704, 0.88, 1, 0.00, 1.20, 0.46, 0.00, 0.07, 0.10, 0.00, 0.22, 1.90, 1.57, 0.00, 2.29, 0.00, 0.88, 0.53, 1.94, 0.24, 0.00, 0.00, 0.00, 0.00, 0.00, 0.00, 0.00, 0.00, 1.00, 1.00, 0.00, 1.00, 0.00, 1.00, 0.00, 0.00, 0.00, 1.00
5431, 0, 204.742, 0.88, 1, 0.00, 1.09, 0.32, 0.00, 0.11, 0.12, 0.00, 0.24, 1.82, 1.50, 0.00, 2.48, 0.00, 0.81, 0.34, 1.77, 0.16, 0.00, 0.00, 0.00, 0.00, 0.00, 0.00, 0.00, 0.00, 1.00, 1.00, 0.00, 1.00, 0.00, 1.00, 0.00, 0.00, 0.00, 1.00
5432, 0, 204.779, 0.88, 1, 0.00, 0.94, 0.36, 0.00, 0.13, 0.12, 0.00, 0.23, 1.73, 1.42, 0.00, 2.78, 0.00, 0.75, 0.35, 1.66, 0.00, 0.00, 0.00, 0.00, 0.00, 0.00, 0.00, 0.00, 0.00, 1.00, 1.00, 0.00, 1.00, 0.00, 1.00, 0.00, 0.00, 0.00, 1.00
5433, 0, 204.817, 0.88, 1, 0.00, 0.90, 0.41, 0.00, 0.07, 0.10, 0.00, 0.17, 1.71, 1.38, 0.00, 2.77, 0.00, 0.73, 0.33, 1.51, 0.00, 0.00, 0.00, 0.00, 0.00, 0.00, 0.00, 0.00, 0.00, 1.00, 1.00, 0.00, 1.00, 0.00, 1.00, 0.00, 0.00, 0.00, 1.00
5434, 0, 204.855, 0.88, 1, 0.00, 0.80, 0.47, 0.00, 0.04, 0.04, 0.00, 0.18, 1.73, 1.30, 0.00, 2.82, 0.00, 0.77, 0.43, 1.44, 0.00, 0.00, 0.00, 0.00, 0.00, 0.00, 0.00, 0.00, 0.00, 1.00, 1.00, 0.00, 1.00, 0.00, 1.00, 0.00, 0.00, 0.00, 1.00
5435, 0, 204.892, 0.88, 1, 0.00, 1.07, 0.65, 0.00, 0.05, 0.06, 0.00, 0.20, 1.75, 1.57, 0.08, 2.73, 0.00, 0.98, 0.45, 1.59, 0.02, 0.00, 0.00, 0.00, 0.00, 0.00, 0.00, 0.00, 0.00, 1.00, 1.00, 0.00, 1.00, 0.00, 1.00, 0.00, 0.00, 0.00, 1.00
5436, 0, 204.930, 0.88, 1, 0.00, 1.16, 0.65, 0.00, 0.04, 0.09, 0.00, 0.28, 1.74, 1.74, 0.08, 2.55, 0.00, 1.09, 0.38, 1.85, 0.02, 0.00, 0.00, 0.00, 0.00, 0.00, 0.00, 0.00, 0.00, 1.00, 1.00, 0.00, 1.00, 0.00, 1.00, 0.00, 0.00, 0.00, 1.00
5437, 0, 204.968, 0.88, 1, 0.00, 1.41, 0.67, 0.00, 0.03, 0.11, 0.00, 0.35, 1.73, 2.05, 0.08, 2.22, 0.00, 1.09, 0.49, 2.10, 0.03, 0.00, 0.00, 0.00, 0.00, 0.00, 0.00, 0.00, 0.00, 1.00, 1.00, 0.00, 1.00, 0.00, 1.00, 0.00, 0.00, 0.00, 1.00
5438, 0, 205.006, 0.88, 1, 0.00, 1.33, 0.51, 0.00, 0.00, 0.08, 0.00, 0.31, 1.68, 2.11, 0.00, 2.07, 0.00, 0.96, 0.52, 1.96, 0.02, 0.00, 0.00, 0.00, 0.00, 0.00, 0.00, 0.00, 0.00, 1.00, 1.00, 0.00, 1.00, 0.00, 1.00, 0.00, 0.00, 0.00, 1.00
5439, 0, 205.043, 0.88, 1, 0.08, 1.34, 0.51, 0.00, 0.00, 0.10, 0.00, 0.15, 1.74, 2.33, 0.12, 2.11, 0.00, 0.92, 0.60, 1.64, 0.12, 0.00, 0.00, 0.00, 1.00, 0.00, 0.00, 0.00, 0.00, 1.00, 1.00, 0.00, 1.00, 0.00, 1.00, 0.00, 0.00, 0.00, 1.00
5440, 0, 205.081, 0.88, 1, 0.08, 1.27, 0.48, 0.00, 0.16, 0.07, 0.00, 0.13, 1.67, 1.98, 0.12, 2.27, 0.00, 0.89, 0.35, 1.27, 0.10, 0.00, 0.00, 0.00, 1.00, 0.00, 0.00, 0.00, 0.00, 1.00, 1.00, 0.00, 1.00, 0.00, 1.00, 0.00, 0.00, 0.00, 1.00
5441, 0, 205.119, 0.88, 1, 0.08, 1.29, 0.53, 0.00, 0.22, 0.07, 0.00, 0.23, 1.66, 1.66, 0.12, 2.23, 0.00, 0.90, 0.27, 1.23, 0.10, 0.00, 0.00, 0.00, 1.00, 0.00, 0.00, 0.00, 0.00, 1.00, 1.00, 0.00, 1.00, 0.00, 1.00, 0.00, 0.00, 0.00, 1.00
5442, 0, 205.156, 0.88, 1, 0.00, 1.37, 0.58, 0.00, 0.22, 0.00, 0.00, 0.23, 1.57, 1.48, 0.00, 2.21, 0.00, 0.96, 0.31, 1.17, 0.03, 0.00, 0.00, 0.00, 1.00, 0.00, 0.00, 0.00, 0.00, 1.00, 1.00, 0.00, 1.00, 0.00, 1.00, 0.00, 0.00, 0.00, 1.00
5443, 0, 205.194, 0.88, 1, 0.00, 1.41, 0.80, 0.00, 0.09, 0.00, 0.00, 0.14, 1.58, 1.71, 0.01, 2.28, 0.00, 1.04, 0.26, 1.23, 0.05, 0.00, 0.00, 0.00, 1.00, 0.00, 0.00, 0.00, 0.00, 1.00, 1.00, 0.00, 1.00, 0.00, 1.00, 0.00, 0.00, 0.00, 1.00
5444, 0, 205.232, 0.88, 1, 0.00, 1.38, 0.81, 0.00, 0.04, 0.00, 0.00, 0.08, 1.59, 1.70, 0.01, 2.41, 0.00, 1.07, 0.21, 1.24, 0.05, 0.00, 0.00, 0.00, 1.00, 0.00, 0.00, 0.00, 0.00, 1.00, 1.00, 0.00, 1.00, 0.00, 1.00, 0.00, 0.00, 0.00, 1.00
5445, 0, 205.269, 0.88, 1, 0.00, 1.17, 0.75, 0.00, 0.06, 0.00, 0.00, 0.21, 1.68, 1.58, 0.01, 2.37, 0.00, 0.91, 0.09, 1.30, 0.02, 0.00, 0.00, 0.00, 1.00, 0.00, 0.00, 0.00, 0.00, 1.00, 1.00, 0.00, 1.00, 0.00, 1.00, 0.00, 0.00, 0.00, 1.00
5446, 0, 205.307, 0.88, 1, 0.00, 0.94, 0.57, 0.00, 0.05, 0.00, 0.00, 0.28, 1.80, 1.48, 0.00, 2.24, 0.00, 0.81, 0.09, 1.29, 0.00, 0.00, 0.00, 0.00, 1.00, 0.00, 0.00, 0.00, 0.00, 1.00, 1.00, 0.00, 1.00, 0.00, 1.00, 0.00, 0.00, 0.00, 1.00
5447, 0, 205.345, 0.88, 1, 0.00, 0.94, 0.57, 0.00, 0.04, 0.00, 0.00, 0.40, 1.81, 1.58, 0.00, 1.92, 0.00, 0.65, 0.05, 1.21, 0.00, 0.00, 0.00, 0.00, 1.00, 0.00, 0.00, 0.00, 0.00, 1.00, 1.00, 0.00, 1.00, 0.00, 1.00, 0.00, 0.00, 0.00, 1.00
5448, 0, 205.383, 0.88, 1, 0.00, 1.13, 0.57, 0.00, 0.01, 0.00, 0.00, 0.34, 1.73, 1.53, 0.00, 1.88, 0.00, 0.65, 0.00, 1.15, 0.00, 0.00, 0.00, 0.00, 1.00, 0.00, 0.00, 0.00, 0.00, 1.00, 1.00, 0.00, 1.00, 0.00, 1.00, 0.00, 0.00, 0.00, 1.00
5449, 0, 205.420, 0.88, 1, 0.00, 1.13, 0.68, 0.00, 0.02, 0.00, 0.00, 0.34, 1.57, 1.43, 0.00, 1.87, 0.00, 0.66, 0.00, 1.03, 0.00, 0.00, 0.00, 0.00, 0.00, 0.00, 0.00, 0.00, 0.00, 1.00, 1.00, 0.00, 1.00, 0.00, 1.00, 0.00, 0.00, 0.00, 1.00
5450, 0, 205.458, 0.88, 1, 0.00, 1.17, 0.62, 0.00, 0.02, 0.00, 0.00, 0.36, 1.61, 1.29, 0.04, 2.25, 0.00, 0.72, 0.00, 1.32, 0.00, 0.00, 0.00, 0.00, 0.00, 0.00, 0.00, 0.00, 0.00, 1.00, 1.00, 0.00, 1.00, 0.00, 1.00, 0.00, 0.00, 0.00, 1.00
5451, 0, 205.496, 0.88, 1, 0.00, 1.23, 0.52, 0.00, 0.02, 0.00, 0.00, 0.42, 1.75, 1.21, 0.15, 2.54, 0.00, 0.84, 0.22, 1.50, 0.06, 0.00, 0.00, 0.00, 0.00, 0.00, 0.00, 0.00, 0.00, 1.00, 1.00, 0.00, 1.00, 0.00, 1.00, 0.00, 0.00, 0.00, 1.00
5452, 0, 205.533, 0.88, 1, 0.00, 1.46, 0.45, 0.00, 0.04, 0.00, 0.00, 0.48, 1.91, 1.18, 0.30, 2.76, 0.00, 0.93, 0.38, 1.80, 0.12, 0.00, 0.00, 0.00, 0.00, 0.00, 0.00, 0.00, 0.00, 1.00, 1.00, 0.00, 1.00, 0.00, 1.00, 0.00, 0.00, 0.00, 1.00
5453, 0, 205.571, 0.88, 1, 0.00, 1.53, 0.53, 0.00, 0.04, 0.00, 0.00, 0.36, 1.98, 1.15, 0.39, 2.74, 0.00, 0.98, 0.54, 1.68, 0.24, 0.00, 0.00, 0.00, 0.00, 0.00, 0.00, 0.00, 0.00, 1.00, 1.00, 0.00, 1.00, 0.00, 1.00, 0.00, 0.00, 0.00, 1.00
5454, 0, 205.609, 0.88, 1, 0.00, 1.51, 0.54, 0.00, 0.04, 0.00, 0.00, 0.25, 1.96, 1.23, 0.33, 2.68, 0.00, 0.89, 0.62, 1.74, 0.41, 0.00, 0.00, 0.00, 0.00, 0.00, 0.00, 0.00, 0.00, 1.00, 1.00, 0.00, 1.00, 0.00, 1.00, 0.00, 0.00, 0.00, 1.00
5455, 0, 205.647, 0.88, 1, 0.00, 1.60, 0.36, 0.00, 0.02, 0.05, 0.00, 0.16, 1.91, 1.31, 0.19, 2.54, 0.00, 0.88, 0.69, 1.63, 0.35, 0.00, 0.00, 0.00, 0.00, 0.00, 0.00, 0.00, 0.00, 1.00, 1.00, 0.00, 1.00, 0.00, 1.00, 0.00, 0.00, 0.00, 1.00
5456, 0, 205.684, 0.88, 1, 0.00, 1.32, 0.25, 0.00, 0.04, 0.05, 0.00, 0.10, 1.85, 1.44, 0.06, 2.42, 0.00, 0.81, 0.62, 1.30, 0.31, 0.00, 0.00, 0.00, 0.00, 0.00, 0.00, 0.00, 0.00, 1.00, 1.00, 0.00, 1.00, 0.00, 1.00, 0.00, 0.00, 0.00, 1.00
5457, 0, 205.722, 0.88, 1, 0.00, 1.14, 0.27, 0.00, 0.04, 0.24, 0.00, 0.06, 1.78, 1.50, 0.00, 2.29, 0.00, 0.78, 0.56, 1.11, 0.14, 0.00, 0.00, 0.00, 0.00, 0.00, 0.00, 0.00, 0.00, 1.00, 1.00, 0.00, 1.00, 0.00, 1.00, 0.00, 0.00, 0.00, 1.00
5458, 0, 205.760, 0.88, 1, 0.00, 1.06, 0.35, 0.00, 0.02, 0.23, 0.00, 0.08, 1.76, 1.50, 0.00, 2.17, 0.00, 0.70, 0.35, 1.11, 0.15, 0.00, 0.00, 0.00, 0.00, 0.00, 0.00, 0.00, 0.00, 1.00, 1.00, 0.00, 1.00, 0.00, 1.00, 0.00, 0.00, 0.00, 1.00
5459, 0, 205.797, 0.88, 1, 0.00, 1.39, 0.38, 0.00, 0.02, 0.28, 0.00, 0.06, 1.76, 1.52, 0.00, 2.15, 0.00, 0.76, 0.30, 1.18, 0.07, 0.00, 0.00, 0.00, 0.00, 0.00, 0.00, 0.00, 0.00, 1.00, 1.00, 0.00, 1.00, 0.00, 1.00, 0.00, 0.00, 0.00, 1.00
5460, 0, 205.835, 0.88, 1, 0.00, 1.63, 0.47, 0.00, 0.08, 0.19, 0.00, 0.10, 1.78, 1.44, 0.00, 2.10, 0.00, 0.79, 0.06, 1.25, 0.01, 0.00, 0.00, 0.00, 0.00, 0.00, 0.00, 0.00, 0.00, 1.00, 1.00, 0.00, 1.00, 0.00, 1.00, 0.00, 0.00, 0.00, 1.00
5461, 0, 205.873, 0.88, 1, 0.00, 1.51, 0.43, 0.00, 0.15, 0.15, 0.00, 0.17, 1.76, 1.29, 0.00, 2.00, 0.00, 0.82, 0.04, 1.35, 0.00, 0.00, 1.00, 0.00, 0.00, 0.00, 0.00, 0.00, 0.00, 1.00, 1.00, 0.00, 1.00, 0.00, 1.00, 0.00, 0.00, 0.00, 1.00
5462, 0, 205.910, 0.88, 1, 0.02, 1.43, 0.43, 0.00, 0.13, 0.10, 0.00, 0.24, 1.76, 1.21, 0.00, 1.99, 0.00, 0.75, 0.00, 1.51, 0.00, 0.00, 1.00, 0.00, 0.00, 0.00, 0.00, 0.00, 0.00, 1.00, 1.00, 0.00, 1.00, 0.00, 1.00, 0.00, 0.00, 0.00, 1.00
5463, 0, 205.948, 0.88, 1, 0.02, 1.51, 0.23, 0.00, 0.07, 0.00, 0.00, 0.30, 1.74, 1.25, 0.08, 1.87, 0.00, 0.74, 0.10, 1.53, 0.01, 0.00, 1.00, 0.00, 0.00, 0.00, 0.00, 0.00, 0.00, 1.00, 1.00, 1.00, 1.00, 0.00, 1.00, 0.00, 0.00, 0.00, 1.00
5464, 0, 205.986, 0.88, 1, 0.02, 1.63, 0.22, 0.00, 0.00, 0.00, 0.00, 0.28, 1.77, 1.42, 0.14, 1.95, 0.00, 0.75, 0.27, 1.55, 0.02, 0.00, 1.00, 0.00, 0.00, 0.00, 0.00, 0.00, 0.00, 1.00, 1.00, 1.00, 1.00, 0.00, 1.00, 0.00, 0.00, 0.00, 1.00
5465, 0, 206.024, 0.88, 1, 0.00, 1.41, 0.16, 0.00, 0.11, 0.00, 0.00, 0.32, 1.86, 1.54, 0.16, 2.03, 0.00, 0.85, 0.45, 1.68, 0.02, 0.00, 1.00, 0.00, 1.00, 0.00, 0.00, 0.00, 0.00, 1.00, 1.00, 1.00, 1.00, 0.00, 1.00, 0.00, 0.00, 0.00, 1.00
5466, 0, 206.061, 0.88, 1, 0.00, 1.19, 0.13, 0.00, 0.13, 0.00, 0.00, 0.29, 1.86, 1.38, 0.08, 2.19, 0.00, 0.92, 0.46, 1.70, 0.06, 0.00, 0.00, 0.00, 1.00, 0.00, 0.00, 0.00, 0.00, 1.00, 1.00, 1.00, 1.00, 0.00, 1.00, 0.00, 0.00, 0.00, 1.00
5467, 0, 206.099, 0.88, 1, 0.03, 1.16, 0.21, 0.00, 0.14, 0.07, 0.00, 0.26, 1.82, 1.34, 0.02, 2.25, 0.00, 0.86, 0.39, 1.62, 0.05, 0.00, 0.00, 0.00, 1.00, 0.00, 0.00, 0.00, 0.00, 1.00, 1.00, 1.00, 1.00, 0.00, 1.00, 0.00, 0.00, 0.00, 1.00
5468, 0, 206.137, 0.88, 1, 0.03, 1.07, 0.20, 0.00, 0.13, 0.07, 0.00, 0.24, 1.73, 1.32, 0.00, 2.21, 0.00, 0.75, 0.33, 1.45, 0.19, 0.00, 0.00, 0.00, 1.00, 0.00, 0.00, 0.00, 0.00, 1.00, 1.00, 1.00, 1.00, 0.00, 1.00, 0.00, 0.00, 0.00, 1.00
5469, 0, 206.174, 0.88, 1, 0.03, 1.00, 0.40, 0.00, 0.25, 0.07, 0.00, 0.29, 1.70, 1.46, 0.11, 2.17, 0.00, 0.62, 0.27, 1.37, 0.30, 0.00, 0.00, 0.00, 1.00, 0.00, 0.00, 0.00, 0.00, 1.00, 1.00, 1.00, 1.00, 0.00, 1.00, 0.00, 0.00, 0.00, 1.00
5470, 0, 206.212, 0.88, 1, 0.00, 0.92, 0.54, 0.00, 0.26, 0.00, 0.00, 0.39, 1.71, 1.38, 0.11, 2.24, 0.00, 0.68, 0.22, 1.54, 0.31, 0.00, 0.00, 0.00, 1.00, 0.00, 0.00, 0.00, 0.00, 1.00, 1.00, 1.00, 1.00, 0.00, 1.00, 0.00, 0.00, 0.00, 1.00
5471, 0, 206.250, 0.88, 1, 0.00, 1.10, 0.59, 0.00, 0.16, 0.00, 0.00, 0.31, 1.59, 1.47, 0.11, 2.30, 0.00, 0.77, 0.30, 1.74, 0.36, 0.00, 0.00, 0.00, 1.00, 0.00, 0.00, 0.00, 0.00, 1.00, 1.00, 1.00, 1.00, 0.00, 1.00, 0.00, 0.00, 0.00, 1.00
5472, 0, 206.288, 0.88, 1, 0.00, 1.09, 0.55, 0.00, 0.01, 0.00, 0.00, 0.19, 1.51, 1.57, 0.10, 2.42, 0.00, 0.87, 0.49, 1.95, 0.38, 0.00, 0.00, 0.00, 0.00, 0.00, 0.00, 0.00, 0.00, 1.00, 1.00, 1.00, 1.00, 0.00, 1.00, 0.00, 0.00, 0.00, 1.00
5473, 0, 206.325, 0.88, 1, 0.00, 0.99, 0.49, 0.00, 0.00, 0.00, 0.00, 0.06, 1.55, 1.84, 0.25, 2.59, 0.00, 0.89, 0.61, 1.80, 0.66, 0.00, 0.00, 0.00, 1.00, 0.00, 0.00, 0.00, 0.00, 1.00, 1.00, 1.00, 1.00, 0.00, 1.00, 0.00, 0.00, 0.00, 1.00
5474, 0, 206.363, 0.88, 1, 0.00, 0.85, 0.63, 0.00, 0.01, 0.00, 0.00, 0.13, 1.75, 1.93, 0.29, 2.70, 0.00, 0.83, 0.60, 1.67, 0.84, 0.00, 0.00, 0.00, 0.00, 0.00, 0.00, 0.00, 0.00, 1.00, 1.00, 1.00, 1.00, 0.00, 1.00, 0.00, 0.00, 0.00, 1.00
5475, 0, 206.401, 0.88, 1, 0.00, 1.05, 0.70, 0.00, 0.01, 0.00, 0.00, 0.13, 1.88, 1.77, 0.18, 2.58, 0.11, 0.78, 0.47, 1.50, 0.83, 0.00, 0.00, 0.00, 0.00, 0.00, 0.00, 0.00, 0.00, 1.00, 1.00, 1.00, 1.00, 0.00, 1.00, 0.00, 0.00, 0.00, 1.00
5476, 0, 206.438, 0.88, 1, 0.02, 1.24, 0.64, 0.00, 0.01, 0.00, 0.00, 0.08, 1.89, 1.70, 0.04, 2.30, 0.11, 0.71, 0.31, 1.48, 0.69, 0.00, 0.00, 0.00, 0.00, 0.00, 0.00, 0.00, 0.00, 1.00, 1.00, 1.00, 1.00, 0.00, 1.00, 0.00, 0.00, 0.00, 1.00
5477, 0, 206.476, 0.88, 1, 0.05, 1.38, 0.60, 0.00, 0.01, 0.00, 0.00, 0.04, 1.86, 1.69, 0.01, 2.11, 0.11, 0.76, 0.12, 1.55, 0.32, 0.00, 0.00, 0.00, 0.00, 0.00, 0.00, 0.00, 0.00, 1.00, 1.00, 1.00, 1.00, 0.00, 1.00, 0.00, 0.00, 0.00, 1.00
5478, 0, 206.514, 0.88, 1, 0.07, 1.35, 0.56, 0.00, 0.01, 0.00, 0.00, 0.08, 1.81, 1.92, 0.01, 2.13, 0.00, 0.80, 0.01, 1.53, 0.14, 0.00, 1.00, 0.00, 1.00, 0.00, 0.00, 0.00, 0.00, 1.00, 1.00, 1.00, 1.00, 0.00, 1.00, 0.00, 0.00, 0.00, 1.00
5479, 0, 206.551, 0.88, 1, 0.12, 1.41, 0.66, 0.00, 0.01, 0.00, 0.00, 0.22, 1.75, 1.94, 0.01, 2.25, 0.00, 0.78, 0.00, 1.56, 0.03, 0.00, 1.00, 0.00, 1.00, 0.00, 0.00, 0.00, 0.00, 1.00, 1.00, 1.00, 1.00, 0.00, 1.00, 0.00, 0.00, 0.00, 1.00
5480, 0, 206.589, 0.88, 1, 0.09, 1.58, 0.75, 0.00, 0.00, 0.00, 0.00, 0.27, 1.61, 1.93, 0.00, 2.24, 0.00, 0.66, 0.08, 1.59, 0.03, 0.00, 1.00, 0.00, 1.00, 0.00, 0.00, 0.00, 0.00, 1.00, 1.00, 1.00, 1.00, 0.00, 1.00, 0.00, 0.00, 0.00, 1.00
5481, 0, 206.627, 0.88, 1, 0.07, 1.73, 0.71, 0.00, 0.00, 0.00, 0.00, 0.38, 1.56, 1.88, 0.00, 2.33, 0.00, 0.53, 0.09, 1.76, 0.03, 0.00, 1.00, 0.00, 1.00, 0.00, 0.00, 0.00, 0.00, 1.00, 1.00, 1.00, 1.00, 0.00, 1.00, 0.00, 0.00, 0.00, 1.00
5482, 0, 206.665, 0.88, 1, 0.09, 1.72, 0.71, 0.00, 0.00, 0.13, 0.00, 0.34, 1.57, 1.86, 0.00, 2.38, 0.00, 0.43, 0.11, 1.90, 0.00, 0.00, 1.00, 0.00, 1.00, 0.00, 0.00, 0.00, 0.00, 1.00, 1.00, 0.00, 1.00, 0.00, 1.00, 0.00, 0.00, 0.00, 1.00
5483, 0, 206.702, 0.88, 1, 0.11, 1.80, 0.65, 0.00, 0.00, 0.21, 0.00, 0.25, 1.63, 1.89, 0.00, 2.44, 0.00, 0.45, 0.07, 1.85, 0.01, 0.00, 1.00, 0.00, 1.00, 0.00, 0.00, 0.00, 0.00, 1.00, 1.00, 1.00, 1.00, 0.00, 1.00, 0.00, 0.00, 0.00, 1.00
5484, 0, 206.740, 0.88, 1, 0.11, 1.84, 0.70, 0.00, 0.00, 0.21, 0.00, 0.10, 1.63, 1.95, 0.03, 2.40, 0.00, 0.54, 0.21, 1.74, 0.05, 0.00, 1.00, 0.00, 1.00, 0.00, 0.00, 0.00, 0.00, 1.00, 1.00, 0.00, 1.00, 0.00, 1.00, 0.00, 0.00, 0.00, 1.00
5485, 0, 206.778, 0.88, 1, 0.02, 1.70, 0.77, 0.00, 0.01, 0.28, 0.00, 0.01, 1.67, 2.03, 0.03, 2.21, 0.00, 0.62, 0.44, 1.66, 0.20, 0.00, 1.00, 0.00, 1.00, 0.00, 0.00, 0.00, 0.00, 1.00, 1.00, 0.00, 1.00, 0.00, 1.00, 0.00, 0.00, 0.00, 1.00
5486, 0, 206.815, 0.88, 1, 0.00, 1.46, 0.85, 0.00, 0.04, 0.33, 0.00, 0.00, 1.74, 2.00, 0.03, 2.11, 0.00, 0.63, 0.52, 1.62, 0.37, 0.00, 1.00, 0.00, 1.00, 0.00, 0.00, 0.00, 0.00, 1.00, 1.00, 0.00, 1.00, 0.00, 1.00, 0.00, 0.00, 0.00, 1.00
5487, 0, 206.853, 0.88, 1, 0.00, 1.14, 1.02, 0.00, 0.04, 0.33, 0.00, 0.00, 1.86, 1.98, 0.00, 2.02, 0.00, 0.61, 0.44, 1.40, 0.41, 0.00, 1.00, 0.00, 1.00, 0.00, 0.00, 0.00, 0.00, 1.00, 1.00, 0.00, 1.00, 0.00, 1.00, 0.00, 0.00, 0.00, 1.00
5488, 0, 206.891, 0.88, 1, 0.03, 1.13, 1.02, 0.00, 0.03, 0.13, 0.00, 0.00, 1.87, 1.82, 0.00, 2.01, 0.00, 0.70, 0.18, 1.25, 0.27, 0.00, 1.00, 0.00, 1.00, 0.00, 0.00, 0.00, 0.00, 1.00, 1.00, 0.00, 1.00, 0.00, 1.00, 0.00, 0.00, 0.00, 1.00
5489, 0, 206.929, 0.88, 1, 0.03, 1.12, 1.04, 0.00, 0.03, 0.00, 0.00, 0.05, 1.94, 1.57, 0.00, 1.99, 0.00, 0.79, 0.09, 1.29, 0.08, 0.00, 1.00, 0.00, 1.00, 0.00, 0.00, 0.00, 0.00, 1.00, 1.00, 1.00, 1.00, 0.00, 1.00, 0.00, 0.00, 0.00, 1.00
5490, 0, 206.966, 0.88, 1, 0.03, 1.03, 0.77, 0.00, 0.03, 0.00, 0.00, 0.05, 1.88, 1.34, 0.00, 2.30, 0.00, 0.92, 0.16, 1.55, 0.00, 0.00, 1.00, 0.00, 1.00, 0.00, 0.00, 0.00, 0.00, 1.00, 1.00, 1.00, 1.00, 0.00, 1.00, 0.00, 0.00, 0.00, 1.00
5491, 0, 207.004, 0.88, 1, 0.00, 1.02, 0.58, 0.00, 0.03, 0.00, 0.00, 0.05, 1.85, 1.31, 0.00, 2.65, 0.00, 0.97, 0.33, 1.72, 0.00, 0.00, 1.00, 0.00, 0.00, 0.00, 0.00, 0.00, 0.00, 1.00, 1.00, 1.00, 1.00, 0.00, 1.00, 0.00, 0.00, 0.00, 1.00
5492, 0, 207.042, 0.88, 1, 0.00, 0.77, 0.41, 0.00, 0.00, 0.00, 0.00, 0.03, 1.71, 1.25, 0.05, 2.80, 0.00, 1.00, 0.52, 1.70, 0.00, 0.00, 0.00, 0.00, 0.00, 0.00, 0.00, 0.00, 0.00, 1.00, 1.00, 1.00, 1.00, 0.00, 1.00, 0.00, 0.00, 0.00, 1.00
5493, 0, 207.079, 0.88, 1, 0.00, 0.70, 0.45, 0.00, 0.00, 0.00, 0.00, 0.04, 1.74, 1.12, 0.05, 2.61, 0.00, 0.93, 0.60, 1.65, 0.15, 0.00, 0.00, 0.00, 0.00, 0.00, 0.00, 0.00, 0.00, 1.00, 1.00, 1.00, 1.00, 0.00, 1.00, 0.00, 0.00, 0.00, 1.00
5494, 0, 207.117, 0.88, 1, 0.00, 0.48, 0.37, 0.00, 0.00, 0.00, 0.00, 0.15, 1.81, 1.00, 0.05, 2.41, 0.00, 0.85, 0.67, 1.56, 0.15, 0.00, 0.00, 0.00, 0.00, 0.00, 0.00, 0.00, 0.00, 1.00, 1.00, 1.00, 1.00, 0.00, 1.00, 0.00, 0.00, 0.00, 1.00
5495, 0, 207.155, 0.88, 1, 0.00, 0.58, 0.28, 0.00, 0.15, 0.00, 0.00, 0.12, 1.81, 1.02, 0.00, 2.28, 0.00, 0.80, 0.56, 1.62, 0.15, 0.00, 0.00, 0.00, 0.00, 0.00, 0.00, 0.00, 0.00, 1.00, 1.00, 1.00, 1.00, 0.00, 1.00, 0.00, 0.00, 0.00, 1.00
5496, 0, 207.192, 0.88, 1, 0.00, 0.68, 0.27, 0.00, 0.23, 0.00, 0.00, 0.11, 1.75, 1.16, 0.00, 2.21, 0.00, 0.82, 0.51, 1.67, 0.01, 0.00, 0.00, 0.00, 0.00, 0.00, 0.00, 0.00, 0.00, 1.00, 1.00, 1.00, 1.00, 0.00, 1.00, 0.00, 0.00, 0.00, 1.00
5497, 0, 207.230, 0.88, 1, 0.00, 0.82, 0.36, 0.00, 0.34, 0.00, 0.00, 0.00, 1.66, 1.20, 0.00, 2.13, 0.00, 0.87, 0.48, 1.76, 0.04, 0.00, 0.00, 0.00, 0.00, 0.00, 0.00, 0.00, 0.00, 1.00, 1.00, 1.00, 1.00, 0.00, 1.00, 0.00, 0.00, 0.00, 1.00
5498, 0, 207.268, 0.88, 1, 0.00, 0.83, 0.47, 0.00, 0.29, 0.00, 0.00, 0.00, 1.66, 1.23, 0.00, 2.03, 0.00, 0.83, 0.50, 1.82, 0.08, 0.00, 0.00, 0.00, 0.00, 0.00, 0.00, 0.00, 0.00, 1.00, 1.00, 1.00, 1.00, 0.00, 1.00, 0.00, 0.00, 0.00, 1.00
5499, 0, 207.306, 0.88, 1, 0.00, 1.01, 0.56, 0.00, 0.24, 0.00, 0.00, 0.00, 1.62, 1.25, 0.00, 1.98, 0.00, 0.77, 0.37, 1.74, 0.08, 0.00, 0.00, 0.00, 0.00, 0.00, 0.00, 0.00, 0.00, 1.00, 1.00, 1.00, 1.00, 0.00, 1.00, 0.00, 0.00, 0.00, 1.00
5500, 0, 207.343, 0.88, 1, 0.00, 1.01, 0.52, 0.00, 0.14, 0.00, 0.00, 0.00, 1.50, 1.13, 0.09, 2.08, 0.00, 0.80, 0.32, 1.77, 0.04, 0.00, 0.00, 0.00, 0.00, 0.00, 0.00, 0.00, 0.00, 1.00, 1.00, 1.00, 1.00, 0.00, 1.00, 0.00, 0.00, 0.00, 1.00
5501, 0, 207.381, 0.88, 1, 0.00, 1.11, 0.54, 0.00, 0.06, 0.00, 0.00, 0.00, 1.42, 1.18, 0.09, 2.40, 0.00, 0.89, 0.27, 1.58, 0.05, 0.00, 0.00, 0.00, 0.00, 0.00, 0.00, 0.00, 0.00, 1.00, 1.00, 1.00, 1.00, 0.00, 1.00, 0.00, 0.00, 0.00, 1.00
5502, 0, 207.419, 0.88, 1, 0.00, 1.05, 0.43, 0.00, 0.12, 0.00, 0.00, 0.00, 1.29, 1.27, 0.12, 2.57, 0.00, 0.98, 0.40, 1.50, 0.26, 0.00, 1.00, 0.00, 0.00, 0.00, 0.00, 0.00, 0.00, 1.00, 1.00, 1.00, 1.00, 0.00, 1.00, 0.00, 0.00, 0.00, 1.00
5503, 0, 207.456, 0.88, 1, 0.00, 1.10, 0.50, 0.00, 0.22, 0.00, 0.00, 0.03, 1.24, 1.52, 0.03, 2.62, 0.01, 0.90, 0.34, 1.40, 0.26, 0.00, 0.00, 0.00, 0.00, 0.00, 0.00, 0.00, 0.00, 1.00, 1.00, 1.00, 1.00, 0.00, 1.00, 0.00, 0.00, 0.00, 1.00
5504, 0, 207.494, 0.88, 1, 0.00, 1.08, 0.46, 0.00, 0.27, 0.00, 0.00, 0.20, 1.26, 1.73, 0.03, 2.59, 0.01, 0.83, 0.45, 1.33, 0.24, 0.00, 0.00, 0.00, 0.00, 0.00, 0.00, 0.00, 0.00, 1.00, 1.00, 1.00, 1.00, 0.00, 1.00, 0.00, 0.00, 0.00, 1.00
5505, 0, 207.532, 0.88, 1, 0.00, 1.11, 0.48, 0.00, 0.24, 0.00, 0.00, 0.35, 1.39, 1.75, 0.02, 2.77, 0.01, 0.83, 0.61, 1.39, 0.02, 0.00, 0.00, 0.00, 0.00, 0.00, 0.00, 0.00, 0.00, 1.00, 1.00, 1.00, 1.00, 0.00, 1.00, 0.00, 0.00, 0.00, 1.00
5506, 0, 207.570, 0.88, 1, 0.00, 1.09, 0.45, 0.00, 0.15, 0.00, 0.00, 0.35, 1.56, 1.93, 0.02, 2.89, 0.00, 0.87, 0.61, 1.42, 0.02, 0.00, 0.00, 0.00, 1.00, 0.00, 0.00, 0.00, 0.00, 1.00, 1.00, 1.00, 1.00, 0.00, 1.00, 0.00, 0.00, 0.00, 1.00
5507, 0, 207.607, 0.88, 1, 0.00, 1.15, 0.46, 0.00, 0.08, 0.05, 0.00, 0.18, 1.63, 1.98, 0.02, 3.01, 0.00, 0.97, 0.51, 1.61, 0.00, 0.00, 0.00, 0.00, 1.00, 0.00, 0.00, 0.00, 0.00, 1.00, 1.00, 1.00, 1.00, 0.00, 1.00, 0.00, 0.00, 0.00, 1.00
5508, 0, 207.645, 0.88, 1, 0.00, 1.22, 0.56, 0.00, 0.08, 0.05, 0.00, 0.11, 1.70, 2.13, 0.00, 2.92, 0.00, 0.98, 0.33, 1.76, 0.00, 0.00, 0.00, 0.00, 1.00, 0.00, 0.00, 0.00, 0.00, 1.00, 1.00, 1.00, 1.00, 0.00, 1.00, 0.00, 0.00, 0.00, 1.00
5509, 0, 207.683, 0.88, 1, 0.00, 1.31, 0.62, 0.00, 0.14, 0.05, 0.00, 0.27, 1.76, 2.18, 0.04, 2.77, 0.00, 0.92, 0.54, 1.62, 0.00, 0.00, 0.00, 0.00, 1.00, 0.00, 0.00, 0.00, 0.00, 1.00, 1.00, 1.00, 1.00, 0.00, 1.00, 0.00, 0.00, 0.00, 1.00
5510, 0, 207.720, 0.93, 1, 0.00, 1.32, 0.81, 0.00, 0.28, 0.00, 0.00, 0.37, 1.79, 1.71, 0.04, 2.49, 0.00, 0.79, 0.67, 1.71, 0.00, 0.00, 0.00, 0.00, 1.00, 0.00, 0.00, 0.00, 0.00, 1.00, 1.00, 1.00, 1.00, 0.00, 1.00, 0.00, 0.00, 0.00, 1.00
5511, 0, 207.758, 0.88, 1, 0.00, 1.24, 0.89, 0.00, 0.27, 0.00, 0.00, 0.29, 1.67, 1.40, 0.04, 2.16, 0.00, 0.71, 0.63, 1.78, 0.00, 0.00, 0.00, 0.00, 1.00, 0.00, 0.00, 0.00, 0.00, 1.00, 1.00, 1.00, 1.00, 0.00, 1.00, 0.00, 0.00, 0.00, 1.00
5512, 0, 207.796, 0.88, 1, 0.00, 1.18, 0.94, 0.00, 0.28, 0.00, 0.00, 0.10, 1.52, 1.06, 0.00, 1.97, 0.00, 0.74, 0.34, 2.01, 0.07, 0.00, 0.00, 0.00, 0.00, 0.00, 0.00, 0.00, 0.00, 1.00, 1.00, 1.00, 1.00, 0.00, 1.00, 0.00, 0.00, 0.00, 1.00
5513, 0, 207.833, 0.88, 1, 0.00, 1.20, 0.81, 0.00, 0.16, 0.00, 0.00, 0.00, 1.40, 1.15, 0.00, 1.93, 0.08, 0.82, 0.33, 1.90, 0.14, 0.00, 0.00, 0.00, 0.00, 0.00, 0.00, 0.00, 0.00, 1.00, 1.00, 1.00, 1.00, 0.00, 1.00, 0.00, 0.00, 0.00, 1.00
5514, 0, 207.871, 0.88, 1, 0.00, 1.31, 0.72, 0.00, 0.12, 0.00, 0.00, 0.00, 1.38, 1.06, 0.00, 1.98, 0.08, 0.88, 0.46, 1.76, 0.27, 0.00, 0.00, 0.00, 0.00, 0.00, 0.00, 0.00, 0.00, 1.00, 1.00, 1.00, 1.00, 0.00, 1.00, 0.00, 0.00, 0.00, 1.00
5515, 0, 207.909, 0.88, 1, 0.00, 1.37, 0.54, 0.00, 0.03, 0.00, 0.00, 0.04, 1.45, 1.09, 0.38, 2.07, 0.08, 0.85, 0.56, 1.53, 0.20, 0.00, 1.00, 0.00, 1.00, 0.00, 0.00, 0.00, 0.00, 1.00, 1.00, 1.00, 1.00, 0.00, 1.00, 0.00, 0.00, 0.00, 1.00
5516, 0, 207.947, 0.88, 1, 0.00, 1.38, 0.50, 0.00, 0.01, 0.00, 0.00, 0.04, 1.52, 1.12, 0.65, 2.12, 0.00, 0.78, 0.45, 1.39, 0.17, 0.00, 1.00, 0.00, 1.00, 0.00, 0.00, 0.00, 0.00, 1.00, 1.00, 1.00, 1.00, 0.00, 1.00, 0.00, 0.00, 0.00, 1.00
5517, 0, 207.984, 0.88, 1, 0.00, 1.32, 0.40, 0.00, 0.00, 0.00, 0.00, 0.08, 1.58, 1.15, 0.99, 2.23, 0.00, 0.80, 0.25, 1.42, 0.13, 0.00, 1.00, 0.00, 1.00, 0.00, 0.00, 0.00, 0.00, 1.00, 1.00, 1.00, 1.00, 0.00, 1.00, 0.00, 0.00, 0.00, 1.00
5518, 0, 208.022, 0.88, 1, 0.00, 1.24, 0.42, 0.00, 0.00, 0.11, 0.00, 0.07, 1.46, 1.13, 0.83, 2.33, 0.00, 0.79, 0.25, 1.44, 0.32, 0.00, 1.00, 0.00, 1.00, 0.00, 0.00, 0.00, 0.00, 1.00, 1.00, 1.00, 1.00, 0.00, 1.00, 0.00, 0.00, 0.00, 1.00
5519, 0, 208.060, 0.88, 1, 0.00, 0.98, 0.21, 0.00, 0.00, 0.11, 0.00, 0.16, 1.37, 1.13, 0.56, 2.39, 0.00, 0.75, 0.38, 1.54, 0.45, 0.00, 1.00, 0.00, 1.00, 0.00, 0.00, 0.00, 0.00, 1.00, 1.00, 1.00, 1.00, 0.00, 1.00, 0.00, 0.00, 0.00, 1.00
5520, 0, 208.097, 0.88, 1, 0.14, 1.07, 0.24, 0.00, 0.00, 0.11, 0.00, 0.29, 1.38, 1.18, 0.22, 2.33, 0.00, 0.61, 0.41, 1.37, 0.36, 0.00, 1.00, 0.00, 1.00, 0.00, 0.00, 0.00, 0.00, 1.00, 1.00, 1.00, 1.00, 0.00, 1.00, 0.00, 0.00, 0.00, 1.00
5521, 0, 208.135, 0.88, 1, 0.14, 1.20, 0.26, 0.00, 0.00, 0.00, 0.00, 0.31, 1.46, 1.14, 0.00, 2.19, 0.00, 0.49, 0.35, 1.33, 0.17, 0.00, 1.00, 0.00, 1.00, 0.00, 0.00, 0.00, 0.00, 1.00, 1.00, 1.00, 1.00, 0.00, 1.00, 0.00, 0.00, 0.00, 1.00
5522, 0, 208.173, 0.88, 1, 0.14, 1.34, 0.35, 0.00, 0.00, 0.00, 0.00, 0.34, 1.57, 1.05, 0.00, 2.11, 0.00, 0.53, 0.20, 1.23, 0.00, 0.00, 0.00, 0.00, 1.00, 0.00, 0.00, 0.00, 0.00, 1.00, 1.00, 1.00, 1.00, 0.00, 1.00, 0.00, 0.00, 0.00, 1.00
5523, 0, 208.210, 0.88, 1, 0.05, 1.19, 0.27, 0.00, 0.00, 0.02, 0.00, 0.17, 1.61, 1.01, 0.00, 2.10, 0.00, 0.57, 0.19, 1.36, 0.00, 0.00, 0.00, 0.00, 1.00, 0.00, 0.00, 0.00, 0.00, 1.00, 1.00, 1.00, 1.00, 0.00, 1.00, 0.00, 0.00, 0.00, 1.00
5524, 0, 208.248, 0.88, 1, 0.10, 1.13, 0.29, 0.00, 0.00, 0.02, 0.00, 0.12, 1.66, 0.97, 0.00, 2.14, 0.00, 0.61, 0.13, 1.52, 0.00, 0.00, 0.00, 0.00, 1.00, 0.00, 0.00, 0.00, 0.00, 1.00, 1.00, 1.00, 1.00, 0.00, 1.00, 0.00, 0.00, 0.00, 1.00
5525, 0, 208.286, 0.88, 1, 0.10, 1.17, 0.20, 0.00, 0.00, 0.02, 0.00, 0.00, 1.61, 0.90, 0.00, 2.17, 0.00, 0.54, 0.20, 1.50, 0.19, 0.00, 0.00, 0.00, 1.00, 0.00, 0.00, 0.00, 0.00, 1.00, 0.00, 1.00, 1.00, 0.00, 1.00, 0.00, 0.00, 0.00, 1.00
5526, 0, 208.324, 0.88, 1, 0.06, 1.18, 0.13, 0.00, 0.01, 0.00, 0.00, 0.00, 1.53, 0.77, 0.00, 2.14, 0.00, 0.48, 0.24, 1.37, 0.40, 0.00, 0.00, 0.00, 1.00, 0.00, 0.00, 0.00, 0.00, 1.00, 0.00, 1.00, 1.00, 0.00, 1.00, 0.00, 0.00, 0.00, 1.00
5527, 0, 208.361, 0.88, 1, 0.00, 1.22, 0.20, 0.00, 0.01, 0.18, 0.00, 0.00, 1.52, 0.66, 0.00, 1.97, 0.00, 0.53, 0.24, 1.16, 0.41, 0.00, 0.00, 0.00, 1.00, 0.00, 0.00, 0.00, 0.00, 1.00, 0.00, 1.00, 1.00, 0.00, 1.00, 0.00, 0.00, 0.00, 1.00
5528, 0, 208.399, 0.88, 1, 0.00, 1.26, 0.39, 0.00, 0.00, 0.27, 0.00, 0.03, 1.62, 0.81, 0.00, 1.99, 0.00, 0.61, 0.15, 1.17, 0.24, 0.00, 1.00, 0.00, 1.00, 0.00, 0.00, 0.00, 0.00, 1.00, 0.00, 0.00, 1.00, 0.00, 1.00, 0.00, 0.00, 0.00, 1.00
5529, 0, 208.437, 0.88, 1, 0.00, 1.38, 0.64, 0.00, 0.00, 0.33, 0.00, 0.08, 1.81, 1.16, 0.00, 2.14, 0.00, 0.66, 0.18, 1.14, 0.14, 0.00, 1.00, 0.00, 1.00, 0.00, 0.00, 0.00, 0.00, 1.00, 0.00, 0.00, 1.00, 0.00, 1.00, 0.00, 0.00, 0.00, 1.00
5530, 0, 208.474, 0.88, 1, 0.00, 1.30, 0.56, 0.00, 0.03, 0.15, 0.00, 0.18, 1.73, 1.29, 0.05, 2.01, 0.00, 0.67, 0.32, 1.13, 0.22, 0.00, 1.00, 0.00, 1.00, 0.00, 0.00, 0.00, 0.00, 1.00, 1.00, 1.00, 1.00, 0.00, 1.00, 0.00, 0.00, 0.00, 1.00
5531, 0, 208.512, 0.88, 1, 0.00, 1.00, 0.46, 0.00, 0.03, 0.32, 0.00, 0.18, 1.58, 1.32, 0.05, 1.69, 0.00, 0.72, 0.27, 0.89, 0.27, 0.00, 1.00, 0.00, 1.00, 0.00, 0.00, 0.00, 0.00, 1.00, 1.00, 1.00, 1.00, 0.00, 1.00, 0.00, 0.00, 0.00, 1.00
5532, 0, 208.550, 0.88, 1, 0.00, 0.50, 0.28, 0.00, 0.08, 0.43, 0.00, 0.23, 1.37, 1.14, 0.05, 1.31, 0.00, 0.85, 0.14, 0.71, 0.25, 0.00, 1.00, 0.00, 1.00, 0.00, 0.00, 0.00, 0.00, 1.00, 1.00, 1.00, 1.00, 0.00, 1.00, 0.00, 0.00, 0.00, 1.00
5533, 0, 208.588, 0.88, 1, 0.00, 0.39, 0.27, 0.00, 0.06, 0.48, 0.00, 0.30, 1.42, 1.32, 0.00, 1.33, 0.00, 0.86, 0.00, 0.66, 0.16, 0.00, 1.00, 0.00, 1.00, 0.00, 0.00, 0.00, 0.00, 1.00, 1.00, 1.00, 1.00, 0.00, 1.00, 0.00, 0.00, 0.00, 1.00
5534, 0, 208.625, 0.88, 1, 0.06, 0.51, 0.29, 0.00, 0.05, 0.47, 0.00, 0.47, 1.50, 1.62, 0.00, 1.41, 0.00, 0.79, 0.00, 0.81, 0.08, 0.00, 1.00, 0.00, 1.00, 0.00, 0.00, 0.00, 0.00, 1.00, 1.00, 1.00, 1.00, 0.00, 1.00, 0.00, 0.00, 0.00, 1.00
5535, 0, 208.663, 0.88, 1, 0.06, 0.54, 0.44, 0.00, 0.10, 0.34, 0.00, 0.45, 1.61, 1.73, 0.00, 1.64, 0.00, 0.80, 0.00, 0.98, 0.00, 0.00, 1.00, 0.00, 1.00, 0.00, 0.00, 0.00, 0.00, 1.00, 1.00, 1.00, 1.00, 0.00, 1.00, 0.00, 0.00, 0.00, 1.00
5536, 0, 208.701, 0.88, 1, 0.06, 0.64, 0.37, 0.00, 0.22, 0.28, 0.00, 0.34, 1.67, 1.81, 0.00, 1.76, 0.00, 0.79, 0.15, 1.02, 0.13, 0.00, 1.00, 0.00, 1.00, 0.00, 0.00, 0.00, 0.00, 1.00, 1.00, 1.00, 1.00, 0.00, 1.00, 0.00, 0.00, 0.00, 1.00
5537, 0, 208.738, 0.88, 1, 0.02, 0.79, 0.27, 0.00, 0.34, 0.05, 0.00, 0.18, 1.70, 1.72, 0.00, 1.83, 0.00, 0.81, 0.29, 0.97, 0.25, 0.00, 1.00, 0.00, 1.00, 0.00, 0.00, 0.00, 0.00, 1.00, 1.00, 1.00, 1.00, 0.00, 1.00, 0.00, 0.00, 0.00, 1.00
5538, 0, 208.776, 0.88, 1, 0.03, 1.03, 0.11, 0.00, 0.30, 0.00, 0.00, 0.12, 1.66, 1.65, 0.00, 1.71, 0.00, 0.70, 0.43, 0.88, 0.25, 0.00, 1.00, 0.00, 1.00, 0.00, 0.00, 0.00, 0.00, 1.00, 1.00, 1.00, 1.00, 0.00, 1.00, 0.00, 0.00, 0.00, 1.00
5539, 0, 208.814, 0.88, 1, 0.02, 0.97, 0.08, 0.00, 0.22, 0.00, 0.00, 0.06, 1.62, 1.34, 0.00, 1.82, 0.00, 0.77, 0.40, 0.84, 0.13, 0.00, 1.00, 0.00, 1.00, 0.00, 0.00, 0.00, 0.00, 1.00, 1.00, 1.00, 1.00, 0.00, 1.00, 0.00, 0.00, 0.00, 1.00
5540, 0, 208.851, 0.88, 1, 0.01, 1.02, 0.17, 0.00, 0.20, 0.06, 0.00, 0.17, 1.63, 1.14, 0.01, 1.91, 0.00, 0.99, 0.43, 0.74, 0.00, 0.00, 1.00, 0.00, 1.00, 0.00, 0.00, 0.00, 0.00, 1.00, 0.00, 1.00, 1.00, 0.00, 1.00, 0.00, 0.00, 0.00, 1.00
5541, 0, 208.889, 0.88, 1, 0.00, 1.09, 0.12, 0.00, 0.21, 0.06, 0.00, 0.29, 1.66, 1.03, 0.01, 2.07, 0.00, 1.20, 0.38, 0.72, 0.00, 0.00, 1.00, 0.00, 1.00, 0.00, 0.00, 0.00, 0.00, 1.00, 0.00, 1.00, 1.00, 0.00, 1.00, 0.00, 0.00, 0.00, 1.00
5542, 0, 208.927, 0.88, 1, 0.00, 1.29, 0.18, 0.00, 0.28, 0.06, 0.00, 0.42, 1.74, 0.93, 0.01, 2.06, 0.00, 1.28, 0.46, 0.75, 0.00, 0.00, 1.00, 0.00, 1.00, 0.00, 0.00, 0.00, 0.00, 1.00, 0.00, 1.00, 1.00, 0.00, 1.00, 0.00, 0.00, 0.00, 1.00
5543, 0, 208.965, 0.88, 1, 0.00, 1.29, 0.20, 0.00, 0.31, 0.04, 0.00, 0.34, 1.76, 0.63, 0.00, 2.09, 0.00, 1.25, 0.48, 0.98, 0.00, 0.00, 1.00, 0.00, 1.00, 0.00, 0.00, 0.00, 0.00, 1.00, 0.00, 1.00, 1.00, 0.00, 1.00, 0.00, 0.00, 0.00, 1.00
5544, 0, 209.002, 0.88, 1, 0.00, 1.20, 0.27, 0.00, 0.32, 0.15, 0.00, 0.26, 1.79, 0.54, 0.00, 2.08, 0.00, 1.31, 0.50, 1.10, 0.00, 0.00, 1.00, 0.00, 1.00, 0.00, 0.00, 0.00, 0.00, 1.00, 0.00, 1.00, 1.00, 0.00, 1.00, 0.00, 0.00, 0.00, 1.00
5545, 0, 209.040, 0.88, 1, 0.00, 1.02, 0.39, 0.00, 0.33, 0.50, 0.00, 0.14, 1.67, 0.73, 0.00, 2.22, 0.00, 1.24, 0.38, 1.12, 0.03, 0.00, 1.00, 0.00, 1.00, 0.00, 0.00, 0.00, 0.00, 1.00, 0.00, 1.00, 1.00, 0.00, 1.00, 0.00, 0.00, 0.00, 1.00
5546, 0, 209.078, 0.88, 1, 0.00, 0.96, 0.32, 0.00, 0.26, 0.64, 0.00, 0.05, 1.58, 0.96, 0.06, 2.21, 0.00, 1.08, 0.29, 1.02, 0.05, 0.00, 1.00, 0.00, 1.00, 0.00, 0.00, 0.00, 0.00, 1.00, 1.00, 1.00, 1.00, 0.00, 1.00, 0.00, 0.00, 0.00, 1.00
5547, 0, 209.115, 0.88, 1, 0.13, 1.16, 0.26, 0.00, 0.25, 0.80, 0.00, 0.00, 1.56, 1.10, 0.15, 2.18, 0.00, 0.81, 0.27, 0.85, 0.21, 0.00, 1.00, 0.00, 1.00, 0.00, 0.00, 0.00, 0.00, 1.00, 1.00, 1.00, 1.00, 0.00, 1.00, 0.00, 0.00, 0.00, 1.00
5548, 0, 209.153, 0.88, 1, 0.24, 1.14, 0.08, 0.00, 0.13, 0.45, 0.00, 0.00, 1.64, 1.04, 0.27, 2.13, 0.00, 0.70, 0.40, 0.95, 0.35, 0.00, 1.00, 0.00, 1.00, 0.00, 0.00, 0.00, 0.00, 1.00, 1.00, 1.00, 1.00, 0.00, 1.00, 0.00, 0.00, 0.00, 1.00
5549, 0, 209.191, 0.88, 1, 0.30, 1.03, 0.03, 0.00, 0.06, 0.27, 0.00, 0.06, 1.70, 1.00, 0.36, 2.26, 0.00, 0.65, 0.46, 1.08, 0.51, 0.00, 1.00, 0.00, 1.00, 0.00, 0.00, 0.00, 0.00, 1.00, 1.00, 1.00, 1.00, 0.00, 1.00, 0.00, 0.00, 0.00, 1.00
5550, 0, 209.229, 0.88, 1, 0.16, 0.61, 0.11, 0.00, 0.07, 0.07, 0.00, 0.23, 1.71, 0.91, 0.31, 2.11, 0.00, 0.67, 0.63, 1.18, 0.59, 0.00, 1.00, 0.00, 1.00, 0.00, 0.00, 0.00, 0.00, 1.00, 1.00, 1.00, 1.00, 0.00, 1.00, 0.00, 0.00, 0.00, 1.00
5551, 0, 209.266, 0.88, 1, 0.06, 0.56, 0.09, 0.00, 0.12, 0.12, 0.00, 0.34, 1.82, 0.92, 0.18, 1.84, 0.00, 0.65, 0.69, 1.03, 0.60, 0.00, 1.00, 0.00, 1.00, 0.00, 0.00, 0.00, 0.00, 1.00, 1.00, 1.00, 1.00, 0.00, 1.00, 0.00, 0.00, 0.00, 1.00
5552, 0, 209.304, 0.88, 1, 0.00, 0.53, 0.11, 0.00, 0.23, 0.12, 0.00, 0.45, 1.91, 0.92, 0.03, 1.58, 0.00, 0.56, 0.80, 0.86, 0.75, 0.00, 1.00, 0.00, 0.00, 0.00, 0.00, 0.00, 0.00, 1.00, 1.00, 1.00, 1.00, 0.00, 1.00, 0.00, 0.00, 0.00, 1.00
5553, 0, 209.342, 0.88, 1, 0.00, 0.73, 0.07, 0.00, 0.26, 0.04, 0.00, 0.49, 1.97, 0.95, 0.00, 1.64, 0.00, 0.48, 0.73, 0.79, 0.77, 0.00, 1.00, 0.00, 0.00, 0.00, 0.00, 0.00, 0.00, 1.00, 1.00, 1.00, 1.00, 0.00, 1.00, 0.00, 0.00, 0.00, 1.00
5554, 0, 209.379, 0.88, 1, 0.02, 0.64, 0.09, 0.00, 0.28, 0.00, 0.00, 0.52, 1.91, 0.92, 0.08, 1.68, 0.00, 0.47, 0.60, 0.79, 0.77, 0.00, 1.00, 0.00, 0.00, 0.00, 0.00, 0.00, 0.00, 1.00, 1.00, 1.00, 1.00, 0.00, 1.00, 0.00, 0.00, 0.00, 1.00
5555, 0, 209.417, 0.88, 1, 0.02, 0.68, 0.08, 0.00, 0.27, 0.25, 0.00, 0.64, 1.94, 1.16, 0.26, 1.97, 0.00, 0.77, 0.37, 0.97, 0.56, 0.00, 1.00, 0.00, 0.00, 0.00, 0.00, 0.00, 0.00, 1.00, 1.00, 1.00, 1.00, 0.00, 1.00, 0.00, 0.00, 0.00, 1.00
5556, 0, 209.455, 0.88, 1, 0.02, 0.71, 0.08, 0.00, 0.19, 0.44, 0.00, 0.68, 1.91, 1.37, 0.44, 2.13, 0.00, 1.02, 0.23, 1.24, 0.39, 0.00, 1.00, 0.00, 1.00, 0.00, 0.00, 0.00, 0.00, 1.00, 1.00, 1.00, 1.00, 0.00, 1.00, 0.00, 0.00, 0.00, 1.00
5557, 0, 209.492, 0.88, 1, 0.00, 0.88, 0.05, 0.00, 0.18, 0.65, 0.00, 0.80, 1.92, 1.54, 0.57, 2.33, 0.00, 1.28, 0.17, 1.49, 0.20, 0.00, 1.00, 0.00, 1.00, 0.00, 0.00, 0.00, 0.00, 1.00, 1.00, 1.00, 1.00, 0.00, 1.00, 0.00, 0.00, 0.00, 1.00
5558, 0, 209.530, 0.88, 1, 0.00, 0.85, 0.11, 0.00, 0.19, 0.50, 0.00, 0.69, 1.81, 1.44, 0.57, 2.26, 0.00, 1.26, 0.12, 1.44, 0.09, 0.00, 1.00, 0.00, 1.00, 0.00, 0.00, 0.00, 0.00, 1.00, 1.00, 1.00, 1.00, 0.00, 1.00, 0.00, 0.00, 0.00, 1.00
5559, 0, 209.568, 0.88, 1, 0.05, 0.72, 0.19, 0.00, 0.29, 0.48, 0.00, 0.55, 1.78, 1.19, 0.46, 2.20, 0.00, 1.24, 0.06, 1.27, 0.00, 0.00, 1.00, 0.00, 1.00, 0.00, 0.00, 0.00, 0.00, 1.00, 1.00, 1.00, 1.00, 0.00, 1.00, 0.00, 0.00, 0.00, 1.00
5560, 0, 209.606, 0.88, 1, 0.12, 0.56, 0.37, 0.00, 0.29, 0.26, 0.00, 0.47, 1.81, 1.00, 0.42, 2.15, 0.00, 1.18, 0.34, 1.15, 0.03, 0.00, 1.00, 0.00, 1.00, 0.00, 0.00, 0.00, 0.00, 1.00, 1.00, 1.00, 1.00, 0.00, 1.00, 0.00, 0.00, 0.00, 1.00
5561, 0, 209.643, 0.88, 1, 0.12, 0.50, 0.55, 0.00, 0.25, 0.16, 0.00, 0.29, 1.84, 0.73, 0.40, 2.09, 0.00, 1.15, 0.82, 1.16, 0.03, 0.00, 1.00, 0.00, 1.00, 0.00, 0.00, 0.00, 0.00, 1.00, 1.00, 1.00, 1.00, 0.00, 1.00, 0.00, 0.00, 0.00, 1.00
5562, 0, 209.681, 0.88, 1, 0.07, 0.59, 0.62, 0.00, 0.23, 0.00, 0.00, 0.18, 1.83, 0.62, 0.48, 2.09, 0.00, 1.15, 1.32, 1.25, 0.03, 0.00, 1.00, 0.00, 1.00, 0.00, 0.00, 0.00, 0.00, 1.00, 1.00, 1.00, 1.00, 0.00, 1.00, 0.00, 0.00, 0.00, 1.00
5563, 0, 209.719, 0.88, 1, 0.04, 0.76, 0.58, 0.00, 0.17, 0.00, 0.00, 0.00, 1.77, 0.67, 0.51, 2.04, 0.00, 1.10, 1.21, 1.17, 0.05, 0.00, 1.00, 0.00, 1.00, 0.00, 0.00, 0.00, 0.00, 1.00, 1.00, 1.00, 1.00, 0.00, 1.00, 0.00, 0.00, 0.00, 1.00
5564, 0, 209.756, 0.88, 1, 0.03, 0.83, 0.49, 0.00, 0.13, 0.00, 0.00, 0.04, 1.72, 0.81, 0.35, 1.89, 0.00, 0.95, 0.92, 1.23, 0.10, 0.00, 1.00, 0.00, 1.00, 0.00, 0.00, 0.00, 0.00, 1.00, 1.00, 1.00, 1.00, 0.00, 1.00, 0.00, 0.00, 0.00, 1.00
5565, 0, 209.794, 0.88, 1, 0.03, 0.64, 0.35, 0.00, 0.15, 0.17, 0.00, 0.06, 1.59, 0.91, 0.21, 1.83, 0.11, 0.83, 0.47, 1.11, 0.10, 0.00, 1.00, 0.00, 1.00, 0.00, 0.00, 0.00, 0.00, 1.00, 1.00, 1.00, 1.00, 0.00, 1.00, 0.00, 0.00, 0.00, 1.00
5566, 0, 209.832, 0.88, 1, 0.00, 0.34, 0.40, 0.00, 0.19, 0.28, 0.00, 0.15, 1.53, 0.89, 0.00, 1.79, 0.11, 0.83, 0.31, 1.11, 0.05, 0.00, 1.00, 0.00, 1.00, 0.00, 0.00, 0.00, 0.00, 1.00, 1.00, 1.00, 1.00, 0.00, 1.00, 0.00, 0.00, 0.00, 1.00
5567, 0, 209.870, 0.88, 1, 0.00, 0.10, 0.36, 0.00, 0.17, 0.28, 0.00, 0.19, 1.53, 0.83, 0.00, 1.82, 0.11, 0.90, 0.25, 1.19, 0.04, 0.00, 1.00, 0.00, 1.00, 0.00, 0.00, 0.00, 0.00, 1.00, 1.00, 1.00, 1.00, 0.00, 1.00, 0.00, 0.00, 0.00, 1.00
5568, 0, 209.907, 0.88, 1, 0.00, 0.21, 0.36, 0.00, 0.06, 0.19, 0.00, 0.17, 1.60, 0.87, 0.00, 1.90, 0.00, 0.94, 0.20, 1.40, 0.04, 0.00, 1.00, 0.00, 1.00, 0.00, 0.00, 0.00, 0.00, 1.00, 1.00, 1.00, 1.00, 0.00, 1.00, 0.00, 0.00, 0.00, 1.00
5569, 0, 209.945, 0.88, 1, 0.00, 0.45, 0.31, 0.00, 0.02, 0.15, 0.00, 0.08, 1.68, 0.99, 0.00, 2.01, 0.00, 0.97, 0.13, 1.58, 0.04, 0.00, 1.00, 0.00, 1.00, 0.00, 0.00, 0.00, 0.00, 1.00, 1.00, 1.00, 1.00, 0.00, 1.00, 0.00, 0.00, 0.00, 1.00
5570, 0, 209.983, 0.88, 1, 0.10, 0.89, 0.37, 0.00, 0.00, 0.45, 0.00, 0.09, 1.61, 1.18, 0.12, 2.28, 0.00, 1.02, 0.09, 1.70, 0.13, 0.00, 1.00, 0.00, 1.00, 0.00, 0.00, 0.00, 0.00, 1.00, 1.00, 1.00, 1.00, 0.00, 1.00, 0.00, 0.00, 0.00, 1.00
5571, 0, 210.020, 0.88, 1, 0.12, 1.11, 0.37, 0.00, 0.00, 0.53, 0.00, 0.19, 1.55, 1.20, 0.21, 2.34, 0.00, 0.99, 0.20, 1.83, 0.22, 0.00, 1.00, 0.00, 1.00, 0.00, 0.00, 0.00, 0.00, 1.00, 1.00, 1.00, 1.00, 0.00, 1.00, 0.00, 0.00, 0.00, 1.00
5572, 0, 210.058, 0.88, 1, 0.12, 1.20, 0.29, 0.00, 0.00, 0.59, 0.00, 0.32, 1.50, 1.21, 0.32, 2.39, 0.00, 0.94, 0.38, 1.68, 0.22, 0.00, 1.00, 0.00, 1.00, 0.00, 0.00, 0.00, 0.00, 1.00, 1.00, 1.00, 1.00, 0.00, 1.00, 0.00, 0.00, 0.00, 1.00
5573, 0, 210.096, 0.88, 1, 0.02, 0.96, 0.18, 0.00, 0.00, 0.37, 0.00, 0.25, 1.49, 1.21, 0.28, 2.36, 0.00, 0.91, 0.69, 1.45, 0.21, 0.00, 1.00, 0.00, 1.00, 0.00, 0.00, 0.00, 0.00, 1.00, 1.00, 1.00, 1.00, 0.00, 1.00, 0.00, 0.00, 0.00, 1.00
5574, 0, 210.133, 0.88, 1, 0.00, 0.89, 0.11, 0.00, 0.03, 0.54, 0.00, 0.19, 1.52, 1.36, 0.23, 2.37, 0.00, 0.87, 0.93, 1.32, 0.24, 0.00, 1.00, 0.00, 1.00, 0.00, 0.00, 0.00, 0.00, 1.00, 1.00, 1.00, 1.00, 0.00, 1.00, 0.00, 0.00, 0.00, 1.00
5575, 0, 210.171, 0.88, 1, 0.00, 0.83, 0.34, 0.00, 0.14, 0.41, 0.00, 0.20, 1.43, 1.22, 0.38, 2.40, 0.00, 0.84, 0.89, 1.19, 0.31, 0.00, 1.00, 0.00, 1.00, 0.00, 0.00, 0.00, 0.00, 1.00, 1.00, 1.00, 1.00, 0.00, 1.00, 0.00, 0.00, 0.00, 1.00
5576, 0, 210.209, 0.88, 1, 0.00, 1.05, 0.60, 0.00, 0.17, 0.39, 0.00, 0.18, 1.34, 1.19, 0.41, 2.25, 0.00, 0.78, 0.62, 1.11, 0.28, 0.00, 1.00, 0.00, 1.00, 0.00, 0.00, 0.00, 0.00, 1.00, 1.00, 1.00, 1.00, 0.00, 1.00, 0.00, 0.00, 0.00, 1.00
5577, 0, 210.247, 0.88, 1, 0.04, 1.23, 0.87, 0.00, 0.13, 0.06, 0.00, 0.14, 1.25, 1.22, 0.49, 2.23, 0.00, 0.88, 0.41, 0.92, 0.25, 0.00, 1.00, 0.00, 1.00, 0.00, 0.00, 0.00, 0.00, 1.00, 1.00, 1.00, 1.00, 0.00, 1.00, 0.00, 0.00, 0.00, 1.00
5578, 0, 210.284, 0.88, 1, 0.05, 1.52, 0.58, 0.00, 0.03, 0.06, 0.00, 0.07, 1.32, 1.37, 0.31, 2.04, 0.00, 0.94, 0.44, 1.01, 0.18, 0.00, 1.00, 0.00, 1.00, 0.00, 0.00, 0.00, 0.00, 1.00, 1.00, 1.00, 1.00, 0.00, 1.00, 0.00, 0.00, 0.00, 1.00
5579, 0, 210.322, 0.88, 1, 0.10, 1.59, 0.27, 0.00, 0.00, 0.00, 0.00, 0.10, 1.46, 1.40, 0.21, 1.94, 0.00, 0.99, 0.40, 0.93, 0.12, 0.00, 0.00, 0.00, 1.00, 0.00, 0.00, 0.00, 0.00, 1.00, 1.00, 1.00, 1.00, 0.00, 1.00, 0.00, 0.00, 0.00, 1.00
5580, 0, 210.360, 0.88, 1, 0.06, 1.60, 0.15, 0.00, 0.15, 0.03, 0.00, 0.18, 1.58, 1.30, 0.08, 1.83, 0.00, 0.76, 0.32, 0.96, 0.04, 0.00, 1.00, 0.00, 1.00, 0.00, 0.00, 0.00, 0.00, 1.00, 1.00, 1.00, 1.00, 0.00, 1.00, 0.00, 0.00, 0.00, 1.00
5581, 0, 210.397, 0.88, 1, 0.05, 1.61, 0.29, 0.00, 0.26, 0.03, 0.00, 0.25, 1.65, 1.25, 0.00, 1.90, 0.00, 0.66, 0.16, 1.00, 0.04, 0.00, 1.00, 0.00, 1.00, 0.00, 0.00, 0.00, 0.00, 1.00, 1.00, 1.00, 1.00, 0.00, 1.00, 0.00, 0.00, 0.00, 1.00
5582, 0, 210.435, 0.88, 1, 0.00, 1.80, 0.44, 0.00, 0.34, 0.06, 0.00, 0.34, 1.67, 1.23, 0.00, 1.93, 0.00, 0.58, 0.07, 1.08, 0.00, 0.00, 1.00, 0.00, 1.00, 0.00, 0.00, 0.00, 0.00, 1.00, 1.00, 1.00, 1.00, 0.00, 1.00, 0.00, 0.00, 0.00, 1.00
5583, 0, 210.473, 0.88, 1, 0.07, 2.15, 0.47, 0.00, 0.23, 0.11, 0.00, 0.32, 1.57, 1.28, 0.00, 1.83, 0.00, 0.61, 0.01, 0.94, 0.00, 0.00, 1.00, 0.00, 1.00, 0.00, 0.00, 0.00, 0.00, 1.00, 1.00, 1.00, 1.00, 0.00, 1.00, 0.00, 0.00, 0.00, 1.00
5584, 0, 210.511, 0.88, 1, 0.23, 2.36, 0.61, 0.00, 0.18, 0.28, 0.00, 0.18, 1.44, 1.28, 0.00, 1.63, 0.01, 0.52, 0.06, 0.83, 0.00, 0.00, 1.00, 0.00, 1.00, 0.00, 0.00, 0.00, 0.00, 1.00, 1.00, 1.00, 1.00, 0.00, 1.00, 0.00, 0.00, 0.00, 1.00
5585, 0, 210.548, 0.88, 1, 0.47, 2.14, 0.77, 0.00, 0.10, 0.44, 0.00, 0.09, 1.33, 1.30, 0.00, 1.74, 0.09, 0.60, 0.14, 0.66, 0.00, 0.00, 1.00, 0.00, 1.00, 0.00, 0.00, 0.00, 0.00, 1.00, 1.00, 1.00, 1.00, 0.00, 1.00, 0.00, 0.00, 0.00, 1.00
5586, 0, 210.586, 0.88, 1, 0.63, 1.83, 0.87, 0.00, 0.06, 0.45, 0.00, 0.04, 1.36, 1.25, 0.00, 1.86, 0.09, 0.79, 0.29, 0.66, 0.00, 0.00, 1.00, 0.00, 1.00, 0.00, 0.00, 0.00, 0.00, 1.00, 1.00, 1.00, 1.00, 0.00, 1.00, 0.00, 0.00, 0.00, 1.00
5587, 0, 210.624, 0.88, 1, 0.63, 1.50, 0.93, 0.00, 0.02, 0.67, 0.00, 0.04, 1.45, 1.20, 0.00, 2.06, 0.08, 0.92, 0.42, 0.63, 0.05, 0.00, 1.00, 0.00, 1.00, 0.00, 0.00, 0.00, 0.00, 1.00, 1.00, 1.00, 1.00, 0.00, 1.00, 0.00, 0.00, 0.00, 1.00
5588, 0, 210.661, 0.88, 1, 0.53, 1.83, 0.82, 0.00, 0.02, 0.62, 0.00, 0.01, 1.61, 1.11, 0.03, 2.04, 0.00, 0.85, 0.34, 0.71, 0.12, 0.00, 1.00, 0.00, 1.00, 0.00, 0.00, 0.00, 0.00, 1.00, 1.00, 1.00, 1.00, 0.00, 1.00, 0.00, 0.00, 0.00, 1.00
5589, 0, 210.699, 0.88, 1, 0.44, 2.04, 0.68, 0.00, 0.02, 0.53, 0.00, 0.04, 1.73, 1.06, 0.03, 2.06, 0.00, 0.71, 0.22, 0.81, 0.15, 0.00, 1.00, 0.00, 1.00, 0.00, 0.00, 0.00, 0.00, 1.00, 1.00, 1.00, 1.00, 0.00, 1.00, 0.00, 0.00, 0.00, 1.00
5590, 0, 210.737, 0.88, 1, 0.27, 2.03, 0.56, 0.00, 0.00, 0.15, 0.00, 0.04, 1.69, 0.95, 0.03, 2.13, 0.00, 0.69, 0.13, 0.97, 0.10, 0.00, 1.00, 0.00, 1.00, 0.00, 0.00, 0.00, 0.00, 1.00, 1.00, 1.00, 1.00, 0.00, 1.00, 0.00, 0.00, 0.00, 1.00
5591, 0, 210.774, 0.88, 1, 0.13, 1.70, 0.40, 0.00, 0.00, 0.01, 0.00, 0.04, 1.55, 0.96, 0.00, 2.08, 0.00, 0.63, 0.31, 1.14, 0.15, 0.00, 1.00, 0.00, 1.00, 0.00, 0.00, 0.00, 0.00, 1.00, 1.00, 1.00, 1.00, 0.00, 1.00, 0.00, 0.00, 0.00, 1.00
5592, 0, 210.812, 0.88, 1, 0.07, 1.44, 0.36, 0.00, 0.01, 0.04, 0.00, 0.00, 1.51, 1.25, 0.01, 2.10, 0.00, 0.58, 0.42, 1.36, 0.22, 0.00, 1.00, 0.00, 1.00, 0.00, 0.00, 0.00, 0.00, 1.00, 1.00, 1.00, 1.00, 0.00, 1.00, 0.00, 0.00, 0.00, 1.00
5593, 0, 210.850, 0.88, 1, 0.17, 1.33, 0.25, 0.00, 0.03, 0.04, 0.00, 0.01, 1.59, 1.61, 0.01, 2.00, 0.00, 0.48, 0.41, 1.50, 0.25, 0.00, 1.00, 0.00, 1.00, 0.00, 0.00, 0.00, 0.00, 1.00, 1.00, 1.00, 1.00, 0.00, 1.00, 0.00, 0.00, 0.00, 1.00
5594, 0, 210.888, 0.88, 1, 0.32, 1.21, 0.38, 0.00, 0.06, 0.04, 0.00, 0.08, 1.72, 1.75, 0.13, 1.93, 0.00, 0.44, 0.30, 1.59, 0.14, 0.00, 0.00, 0.00, 1.00, 0.00, 0.00, 0.00, 0.00, 1.00, 1.00, 1.00, 1.00, 0.00, 1.00, 0.00, 0.00, 0.00, 1.00
5595, 0, 210.925, 0.88, 1, 0.35, 1.20, 0.47, 0.00, 0.10, 0.00, 0.00, 0.10, 1.65, 1.49, 0.35, 1.82, 0.00, 0.47, 0.19, 1.60, 0.03, 0.00, 0.00, 0.00, 1.00, 0.00, 0.00, 0.00, 0.00, 1.00, 1.00, 1.00, 1.00, 0.00, 1.00, 0.00, 0.00, 0.00, 1.00
5596, 0, 210.963, 0.88, 1, 0.31, 1.34, 0.60, 0.00, 0.14, 0.00, 0.00, 0.17, 1.59, 1.24, 0.55, 1.73, 0.00, 0.46, 0.13, 1.36, 0.04, 0.00, 0.00, 0.00, 1.00, 0.00, 0.00, 0.00, 0.00, 1.00, 1.00, 1.00, 1.00, 0.00, 1.00, 0.00, 0.00, 0.00, 1.00
5597, 0, 211.001, 0.88, 1, 0.16, 1.32, 0.64, 0.00, 0.15, 0.01, 0.00, 0.11, 1.59, 1.15, 0.52, 1.67, 0.00, 0.51, 0.13, 1.18, 0.04, 0.00, 0.00, 0.00, 1.00, 0.00, 0.00, 0.00, 0.00, 1.00, 1.00, 1.00, 1.00, 0.00, 1.00, 0.00, 0.00, 0.00, 1.00
5598, 0, 211.038, 0.88, 1, 0.06, 1.43, 0.72, 0.00, 0.13, 0.01, 0.00, 0.09, 1.64, 1.08, 0.39, 1.70, 0.00, 0.52, 0.09, 0.90, 0.12, 0.00, 0.00, 0.00, 1.00, 0.00, 0.00, 0.00, 0.00, 1.00, 1.00, 1.00, 1.00, 0.00, 1.00, 0.00, 0.00, 0.00, 1.00
5599, 0, 211.076, 0.88, 1, 0.05, 1.48, 0.83, 0.00, 0.14, 0.01, 0.00, 0.01, 1.63, 1.00, 0.37, 1.81, 0.00, 0.55, 0.17, 0.87, 0.15, 0.00, 0.00, 0.00, 1.00, 0.00, 0.00, 0.00, 0.00, 1.00, 1.00, 1.00, 1.00, 0.00, 1.00, 0.00, 0.00, 0.00, 1.00
5600, 0, 211.114, 0.88, 1, 0.05, 1.58, 0.88, 0.00, 0.09, 0.00, 0.00, 0.06, 1.54, 1.03, 0.28, 2.00, 0.00, 0.48, 0.10, 0.97, 0.15, 0.00, 1.00, 0.00, 1.00, 0.00, 0.00, 0.00, 0.00, 1.00, 1.00, 1.00, 1.00, 0.00, 1.00, 0.00, 0.00, 0.00, 1.00
5601, 0, 211.152, 0.88, 1, 0.05, 1.33, 0.89, 0.00, 0.07, 0.00, 0.00, 0.10, 1.47, 1.14, 0.18, 2.10, 0.00, 0.44, 0.08, 1.14, 0.07, 0.00, 1.00, 0.00, 0.00, 0.00, 0.00, 0.00, 0.00, 1.00, 1.00, 1.00, 1.00, 0.00, 1.00, 0.00, 0.00, 0.00, 1.00
5602, 0, 211.189, 0.88, 1, 0.00, 1.14, 0.64, 0.00, 0.00, 0.00, 0.00, 0.10, 1.36, 1.40, 0.21, 2.12, 0.00, 0.44, 0.25, 1.15, 0.00, 0.00, 1.00, 0.00, 1.00, 0.00, 0.00, 0.00, 0.00, 1.00, 1.00, 0.00, 1.00, 0.00, 1.00, 0.00, 0.00, 0.00, 1.00
5603, 0, 211.227, 0.88, 1, 0.00, 0.93, 0.58, 0.00, 0.00, 0.00, 0.00, 0.04, 1.32, 1.52, 0.21, 2.02, 0.00, 0.41, 0.39, 1.11, 0.13, 0.00, 1.00, 0.00, 0.00, 0.00, 0.00, 0.00, 0.00, 1.00, 1.00, 0.00, 1.00, 0.00, 1.00, 0.00, 0.00, 0.00, 1.00
5604, 0, 211.265, 0.88, 1, 0.00, 0.91, 0.55, 0.00, 0.02, 0.00, 0.00, 0.00, 1.34, 1.63, 0.20, 1.85, 0.00, 0.36, 0.40, 1.08, 0.13, 0.00, 1.00, 0.00, 0.00, 0.00, 0.00, 0.00, 0.00, 1.00, 1.00, 0.00, 1.00, 0.00, 1.00, 0.00, 0.00, 0.00, 1.00
5605, 0, 211.302, 0.88, 1, 0.00, 0.75, 0.77, 0.00, 0.04, 0.00, 0.00, 0.00, 1.41, 1.73, 0.21, 1.86, 0.00, 0.49, 0.18, 0.94, 0.13, 0.00, 0.00, 0.00, 0.00, 0.00, 0.00, 0.00, 0.00, 1.00, 1.00, 1.00, 1.00, 0.00, 1.00, 0.00, 0.00, 0.00, 1.00
5606, 0, 211.340, 0.88, 1, 0.00, 0.79, 0.57, 0.00, 0.10, 0.00, 0.00, 0.00, 1.51, 1.67, 0.21, 1.91, 0.00, 0.71, 0.08, 0.80, 0.00, 0.00, 0.00, 0.00, 0.00, 0.00, 0.00, 0.00, 0.00, 1.00, 1.00, 1.00, 1.00, 0.00, 1.00, 0.00, 0.00, 0.00, 1.00
5607, 0, 211.378, 0.88, 1, 0.01, 0.86, 0.43, 0.00, 0.19, 0.00, 0.00, 0.00, 1.56, 1.64, 0.21, 1.95, 0.00, 0.87, 0.13, 0.69, 0.00, 0.00, 0.00, 0.00, 0.00, 0.00, 0.00, 0.00, 0.00, 1.00, 1.00, 1.00, 1.00, 0.00, 1.00, 0.00, 0.00, 0.00, 1.00
5608, 0, 211.415, 0.88, 1, 0.02, 1.21, 0.23, 0.00, 0.30, 0.00, 0.00, 0.00, 1.65, 1.56, 0.02, 1.85, 0.03, 0.80, 0.26, 0.88, 0.00, 0.00, 0.00, 0.00, 0.00, 0.00, 0.00, 0.00, 0.00, 1.00, 1.00, 1.00, 1.00, 0.00, 1.00, 0.00, 0.00, 0.00, 1.00
5609, 0, 211.453, 0.88, 1, 0.02, 1.39, 0.35, 0.00, 0.32, 0.00, 0.00, 0.00, 1.64, 1.67, 0.10, 1.85, 0.03, 0.70, 0.37, 0.96, 0.00, 0.00, 0.00, 0.00, 0.00, 0.00, 0.00, 0.00, 0.00, 1.00, 1.00, 1.00, 1.00, 0.00, 1.00, 0.00, 0.00, 0.00, 1.00
5610, 0, 211.491, 0.88, 1, 0.01, 1.02, 0.29, 0.00, 0.25, 0.00, 0.00, 0.24, 1.73, 1.66, 0.27, 1.94, 0.03, 0.69, 0.51, 1.31, 0.00, 0.00, 1.00, 0.00, 1.00, 0.00, 0.00, 0.00, 0.00, 1.00, 1.00, 1.00, 1.00, 0.00, 1.00, 0.00, 0.00, 0.00, 1.00
5611, 0, 211.529, 0.88, 1, 0.00, 0.63, 0.43, 0.00, 0.18, 0.00, 0.00, 0.27, 1.84, 1.73, 0.51, 2.11, 0.00, 0.75, 0.43, 1.42, 0.00, 0.00, 1.00, 0.00, 1.00, 0.00, 0.00, 0.00, 0.00, 1.00, 1.00, 1.00, 1.00, 0.00, 1.00, 0.00, 0.00, 0.00, 1.00
5612, 0, 211.566, 0.88, 1, 0.00, 0.34, 0.55, 0.00, 0.13, 0.00, 0.00, 0.41, 1.93, 1.56, 0.68, 2.13, 0.00, 0.80, 0.29, 1.66, 0.00, 0.00, 1.00, 0.00, 1.00, 0.00, 0.00, 0.00, 0.00, 1.00, 1.00, 1.00, 1.00, 0.00, 1.00, 0.00, 0.00, 0.00, 1.00
5613, 0, 211.604, 0.88, 1, 0.00, 0.56, 0.85, 0.00, 0.10, 0.06, 0.00, 0.23, 1.92, 1.49, 0.59, 2.00, 0.00, 0.70, 0.15, 1.47, 0.00, 0.00, 1.00, 0.00, 1.00, 0.00, 0.00, 0.00, 0.00, 1.00, 1.00, 1.00, 1.00, 0.00, 1.00, 0.00, 0.00, 0.00, 1.00
5614, 0, 211.642, 0.88, 1, 0.10, 0.68, 0.64, 0.00, 0.03, 0.06, 0.00, 0.25, 1.85, 1.24, 0.58, 1.93, 0.00, 0.54, 0.10, 1.33, 0.00, 0.00, 1.00, 0.00, 1.00, 0.00, 0.00, 0.00, 0.00, 1.00, 1.00, 1.00, 1.00, 0.00, 1.00, 0.00, 0.00, 0.00, 1.00
5615, 0, 211.679, 0.88, 1, 0.10, 0.82, 0.62, 0.00, 0.00, 0.06, 0.00, 0.11, 1.69, 1.35, 0.37, 1.98, 0.00, 0.46, 0.22, 1.20, 0.05, 0.00, 1.00, 0.00, 1.00, 0.00, 0.00, 0.00, 0.00, 1.00, 1.00, 1.00, 1.00, 0.00, 1.00, 0.00, 0.00, 0.00, 1.00
5616, 0, 211.717, 0.88, 1, 0.10, 0.97, 0.52, 0.00, 0.00, 0.00, 0.00, 0.05, 1.51, 1.52, 0.34, 2.12, 0.00, 0.47, 0.28, 1.06, 0.09, 0.00, 1.00, 0.00, 1.00, 0.00, 0.00, 0.00, 0.00, 1.00, 1.00, 1.00, 1.00, 0.00, 1.00, 0.00, 0.00, 0.00, 1.00
5617, 0, 211.755, 0.88, 1, 0.00, 0.94, 0.66, 0.00, 0.04, 0.00, 0.00, 0.09, 1.42, 1.71, 0.11, 2.11, 0.00, 0.53, 0.40, 1.15, 0.09, 0.00, 1.00, 0.00, 0.00, 0.00, 0.00, 0.00, 0.00, 1.00, 1.00, 1.00, 1.00, 0.00, 1.00, 0.00, 0.00, 0.00, 1.00
5618, 0, 211.793, 0.88, 1, 0.07, 1.01, 0.86, 0.00, 0.12, 0.00, 0.00, 0.09, 1.32, 1.71, 0.10, 2.03, 0.00, 0.48, 0.45, 1.22, 0.07, 0.00, 1.00, 0.00, 0.00, 0.00, 0.00, 0.00, 0.00, 1.00, 1.00, 1.00, 1.00, 0.00, 1.00, 0.00, 0.00, 0.00, 1.00
5619, 0, 211.830, 0.88, 1, 0.10, 0.98, 0.93, 0.00, 0.24, 0.00, 0.00, 0.09, 1.29, 1.60, 0.06, 1.92, 0.00, 0.46, 0.44, 1.42, 0.02, 0.00, 1.00, 0.00, 1.00, 0.00, 0.00, 0.00, 0.00, 1.00, 1.00, 1.00, 1.00, 0.00, 1.00, 0.00, 0.00, 0.00, 1.00
5620, 0, 211.868, 0.88, 1, 0.26, 1.13, 1.17, 0.00, 0.19, 0.00, 0.00, 0.02, 1.30, 1.66, 0.11, 1.85, 0.01, 0.43, 0.58, 1.45, 0.19, 0.00, 0.00, 0.00, 0.00, 0.00, 0.00, 0.00, 0.00, 1.00, 1.00, 1.00, 1.00, 0.00, 1.00, 0.00, 0.00, 0.00, 1.00
5621, 0, 211.906, 0.88, 1, 0.27, 1.04, 1.16, 0.00, 0.12, 0.00, 0.00, 0.02, 1.43, 1.53, 0.10, 1.80, 0.01, 0.46, 0.68, 1.32, 0.36, 0.00, 0.00, 0.00, 0.00, 0.00, 0.00, 0.00, 0.00, 1.00, 1.00, 1.00, 1.00, 0.00, 1.00, 0.00, 0.00, 0.00, 1.00
5622, 0, 211.943, 0.88, 1, 0.24, 1.04, 1.10, 0.00, 0.07, 0.00, 0.00, 0.06, 1.59, 1.44, 0.17, 1.87, 0.01, 0.52, 0.88, 1.07, 0.36, 0.00, 1.00, 0.00, 0.00, 0.00, 0.00, 0.00, 0.00, 1.00, 1.00, 1.00, 1.00, 0.00, 1.00, 0.00, 0.00, 0.00, 1.00
5623, 0, 211.981, 0.88, 1, 0.08, 1.11, 0.84, 0.00, 0.11, 0.00, 0.00, 0.04, 1.56, 1.30, 0.12, 2.09, 0.00, 0.57, 1.03, 1.02, 0.37, 0.00, 1.00, 0.00, 1.00, 0.00, 0.00, 0.00, 0.00, 1.00, 1.00, 1.00, 1.00, 0.00, 1.00, 0.00, 0.00, 0.00, 1.00
5624, 0, 212.019, 0.88, 1, 0.00, 1.11, 0.62, 0.00, 0.14, 0.00, 0.00, 0.04, 1.45, 1.33, 0.09, 2.15, 0.00, 0.62, 1.00, 1.06, 0.38, 0.00, 1.00, 0.00, 1.00, 0.00, 0.00, 0.00, 0.00, 1.00, 1.00, 1.00, 1.00, 0.00, 1.00, 0.00, 0.00, 0.00, 1.00
5625, 0, 212.056, 0.88, 1, 0.07, 1.20, 0.57, 0.00, 0.22, 0.08, 0.00, 0.00, 1.29, 1.30, 0.01, 2.01, 0.00, 0.54, 0.77, 1.05, 0.52, 0.00, 1.00, 0.00, 1.00, 0.00, 0.00, 0.00, 0.00, 1.00, 1.00, 1.00, 1.00, 0.00, 1.00, 0.00, 0.00, 0.00, 1.00
5626, 0, 212.094, 0.88, 1, 0.14, 1.39, 0.62, 0.00, 0.22, 0.09, 0.00, 0.00, 1.26, 1.29, 0.00, 1.83, 0.00, 0.45, 0.34, 0.91, 0.34, 0.00, 1.00, 0.00, 1.00, 0.00, 0.00, 0.00, 0.00, 1.00, 1.00, 1.00, 1.00, 0.00, 1.00, 0.00, 1.00, 0.00, 1.00
5627, 0, 212.132, 0.88, 1, 0.28, 1.72, 0.70, 0.00, 0.19, 0.11, 0.00, 0.00, 1.29, 1.28, 0.00, 1.84, 0.00, 0.38, 0.10, 0.78, 0.25, 0.00, 1.00, 0.00, 1.00, 0.00, 0.00, 0.00, 0.00, 1.00, 1.00, 1.00, 1.00, 0.00, 1.00, 0.00, 1.00, 0.00, 1.00
5628, 0, 212.170, 0.88, 1, 0.27, 1.74, 0.69, 0.00, 0.09, 0.03, 0.00, 0.02, 1.25, 1.22, 0.00, 1.89, 0.00, 0.38, 0.00, 0.77, 0.24, 0.00, 1.00, 0.00, 1.00, 0.00, 0.00, 0.00, 0.00, 1.00, 1.00, 1.00, 1.00, 0.00, 1.00, 0.00, 1.00, 0.00, 1.00
5629, 0, 212.207, 0.88, 1, 0.29, 1.63, 0.59, 0.00, 0.19, 0.02, 0.00, 0.07, 1.14, 1.05, 0.00, 2.01, 0.00, 0.39, 0.00, 0.74, 0.28, 0.00, 1.00, 0.00, 1.00, 0.00, 0.00, 0.00, 0.00, 1.00, 1.00, 1.00, 1.00, 0.00, 1.00, 0.00, 1.00, 0.00, 1.00
5630, 0, 212.245, 0.88, 1, 0.22, 1.42, 0.43, 0.00, 0.21, 0.00, 0.00, 0.33, 1.31, 1.01, 0.00, 1.69, 0.00, 0.42, 0.00, 0.79, 0.17, 0.00, 1.00, 0.00, 1.00, 0.00, 0.00, 0.00, 0.00, 1.00, 1.00, 1.00, 1.00, 0.00, 1.00, 0.00, 1.00, 0.00, 1.00
5631, 0, 212.283, 0.88, 1, 0.25, 1.53, 0.41, 0.00, 0.18, 0.00, 0.00, 0.48, 1.55, 1.24, 0.00, 1.52, 0.00, 0.48, 0.08, 0.90, 0.20, 0.00, 1.00, 0.00, 1.00, 0.00, 0.00, 0.00, 0.00, 1.00, 1.00, 1.00, 1.00, 0.00, 1.00, 0.00, 1.00, 0.00, 1.00
5632, 0, 212.320, 0.88, 1, 0.23, 1.26, 0.36, 0.00, 0.16, 0.00, 0.00, 0.63, 1.76, 1.48, 0.04, 1.18, 0.00, 0.57, 0.24, 1.11, 0.16, 0.00, 1.00, 0.00, 1.00, 0.00, 0.00, 0.00, 0.00, 1.00, 1.00, 1.00, 1.00, 0.00, 1.00, 0.00, 1.00, 0.00, 1.00
5633, 0, 212.358, 0.88, 1, 0.36, 1.37, 0.49, 0.00, 0.14, 0.00, 0.00, 0.46, 1.72, 1.63, 0.05, 1.31, 0.00, 0.54, 0.38, 1.37, 0.14, 0.00, 0.00, 0.00, 1.00, 0.00, 0.00, 0.00, 0.00, 1.00, 1.00, 1.00, 1.00, 0.00, 1.00, 0.00, 1.00, 0.00, 1.00
5634, 0, 212.396, 0.88, 1, 0.39, 1.25, 0.58, 0.00, 0.13, 0.06, 0.00, 0.45, 1.70, 1.68, 0.05, 1.47, 0.00, 0.53, 0.30, 1.52, 0.00, 0.00, 0.00, 0.00, 1.00, 0.00, 0.00, 0.00, 0.00, 1.00, 1.00, 1.00, 1.00, 0.00, 1.00, 0.00, 1.00, 0.00, 1.00
5635, 0, 212.434, 0.88, 1, 0.35, 1.34, 0.60, 0.00, 0.01, 0.15, 0.00, 0.28, 1.59, 1.60, 0.01, 1.78, 0.09, 0.54, 0.42, 1.74, 0.12, 0.00, 0.00, 0.00, 1.00, 0.00, 0.00, 0.00, 0.00, 1.00, 1.00, 1.00, 1.00, 0.00, 1.00, 0.00, 1.00, 0.00, 1.00
5636, 0, 212.471, 0.88, 1, 0.15, 1.12, 0.49, 0.00, 0.00, 0.15, 0.00, 0.31, 1.52, 1.30, 0.08, 1.92, 0.11, 0.62, 0.45, 1.78, 0.17, 0.00, 0.00, 0.00, 1.00, 0.00, 0.00, 0.00, 0.00, 1.00, 1.00, 1.00, 1.00, 0.00, 1.00, 0.00, 1.00, 0.00, 1.00
5637, 0, 212.509, 0.88, 1, 0.02, 0.96, 0.38, 0.00, 0.00, 0.10, 0.00, 0.24, 1.40, 0.96, 0.19, 2.02, 0.19, 0.64, 0.70, 1.86, 0.21, 0.00, 1.00, 0.00, 1.00, 0.00, 0.00, 0.00, 0.00, 1.00, 1.00, 1.00, 1.00, 0.00, 1.00, 0.00, 1.00, 0.00, 1.00
5638, 0, 212.547, 0.88, 1, 0.00, 0.85, 0.36, 0.00, 0.00, 0.10, 0.00, 0.28, 1.57, 1.02, 0.19, 2.02, 0.09, 0.61, 0.62, 1.84, 0.08, 0.00, 1.00, 0.00, 1.00, 0.00, 0.00, 0.00, 0.00, 1.00, 1.00, 1.00, 1.00, 0.00, 1.00, 0.00, 1.00, 0.00, 1.00
5639, 0, 212.584, 0.88, 1, 0.01, 0.83, 0.37, 0.00, 0.00, 0.22, 0.00, 0.22, 1.68, 1.25, 0.19, 2.24, 0.08, 0.60, 0.55, 1.58, 0.05, 0.00, 1.00, 0.00, 1.00, 0.00, 0.00, 0.00, 0.00, 1.00, 1.00, 1.00, 1.00, 0.00, 1.00, 0.00, 1.00, 0.00, 1.00
5640, 0, 212.622, 0.88, 1, 0.01, 0.81, 0.40, 0.00, 0.24, 0.48, 0.00, 0.23, 1.82, 1.36, 0.08, 2.15, 0.11, 0.63, 0.69, 1.38, 0.18, 0.00, 1.00, 0.00, 1.00, 0.00, 0.00, 0.00, 0.00, 1.00, 1.00, 1.00, 1.00, 0.00, 1.00, 0.00, 1.00, 0.00, 1.00
5641, 0, 212.660, 0.88, 1, 0.01, 0.81, 0.54, 0.00, 0.42, 0.39, 0.00, 0.28, 1.89, 1.24, 0.08, 2.14, 0.12, 0.72, 0.83, 1.27, 0.21, 0.00, 0.00, 0.00, 0.00, 0.00, 0.00, 0.00, 0.00, 1.00, 1.00, 1.00, 1.00, 0.00, 1.00, 0.00, 1.00, 0.00, 1.00
5642, 0, 212.697, 0.88, 1, 0.00, 0.73, 0.62, 0.00, 0.60, 0.38, 0.00, 0.33, 1.99, 1.23, 0.00, 2.10, 0.12, 0.74, 1.12, 1.48, 0.19, 0.00, 0.00, 0.00, 0.00, 0.00, 0.00, 0.00, 0.00, 1.00, 1.00, 1.00, 1.00, 0.00, 1.00, 0.00, 1.00, 0.00, 1.00
5643, 0, 212.735, 0.88, 1, 0.00, 0.61, 0.45, 0.00, 0.53, 0.11, 0.00, 0.50, 2.18, 1.25, 0.00, 2.11, 0.01, 0.76, 1.13, 1.63, 0.03, 0.00, 0.00, 0.00, 0.00, 0.00, 0.00, 0.00, 0.00, 1.00, 1.00, 1.00, 1.00, 0.00, 1.00, 0.00, 1.00, 0.00, 1.00
5644, 0, 212.773, 0.88, 1, 0.00, 0.53, 0.22, 0.00, 0.50, 0.11, 0.00, 0.61, 2.29, 1.34, 0.00, 2.01, 0.00, 0.70, 1.23, 1.68, 0.00, 0.00, 0.00, 0.00, 0.00, 0.00, 0.00, 0.00, 0.00, 1.00, 1.00, 1.00, 1.00, 0.00, 1.00, 1.00, 1.00, 0.00, 1.00
5645, 0, 212.811, 0.88, 1, 0.00, 0.50, 0.00, 0.00, 0.56, 0.27, 0.00, 0.70, 2.24, 1.46, 0.00, 1.83, 0.00, 0.64, 1.45, 1.78, 0.18, 0.00, 0.00, 0.00, 0.00, 0.00, 0.00, 0.00, 0.00, 1.00, 1.00, 1.00, 1.00, 0.00, 1.00, 1.00, 1.00, 0.00, 1.00
5646, 0, 212.848, 0.88, 1, 0.00, 0.55, 0.00, 0.00, 0.59, 0.59, 0.00, 0.59, 2.12, 1.67, 0.00, 1.79, 0.00, 0.51, 1.59, 1.87, 0.49, 0.00, 0.00, 0.00, 1.00, 0.00, 0.00, 0.00, 1.00, 1.00, 1.00, 1.00, 1.00, 0.00, 1.00, 1.00, 1.00, 0.00, 1.00
5647, 0, 212.886, 0.88, 1, 0.00, 0.50, 0.00, 0.00, 0.63, 0.78, 0.00, 0.57, 2.06, 1.64, 0.00, 1.75, 0.00, 0.44, 1.64, 1.82, 0.55, 0.00, 0.00, 0.00, 1.00, 0.00, 0.00, 0.00, 1.00, 1.00, 1.00, 1.00, 1.00, 0.00, 1.00, 1.00, 1.00, 0.00, 1.00
5648, 0, 212.924, 0.88, 1, 0.00, 0.32, 0.00, 0.00, 0.65, 0.56, 0.00, 0.71, 2.19, 1.69, 0.00, 1.89, 0.00, 0.47, 1.32, 1.82, 0.51, 0.00, 0.00, 0.00, 1.00, 1.00, 0.00, 0.00, 1.00, 1.00, 1.00, 1.00, 1.00, 0.00, 1.00, 1.00, 1.00, 0.00, 1.00
5649, 0, 212.961, 0.88, 1, 0.00, 0.15, 0.00, 0.00, 0.71, 0.39, 0.00, 0.87, 2.33, 1.69, 0.00, 2.10, 0.03, 0.48, 1.22, 1.81, 0.22, 0.00, 0.00, 0.00, 1.00, 1.00, 0.00, 0.00, 1.00, 1.00, 1.00, 1.00, 1.00, 0.00, 1.00, 1.00, 1.00, 0.00, 1.00
5650, 0, 212.999, 0.88, 1, 0.00, 0.11, 0.00, 0.00, 0.82, 0.36, 0.00, 0.97, 2.38, 1.65, 0.09, 2.43, 0.03, 0.63, 1.04, 1.75, 0.15, 0.00, 0.00, 0.00, 1.00, 1.00, 0.00, 0.00, 1.00, 1.00, 1.00, 1.00, 1.00, 0.00, 1.00, 1.00, 1.00, 0.00, 1.00
5651, 0, 213.037, 0.88, 1, 0.00, 0.11, 0.04, 0.00, 0.95, 0.56, 0.00, 0.86, 2.23, 1.51, 0.10, 2.38, 0.03, 0.69, 0.96, 1.62, 0.01, 0.00, 0.00, 0.00, 1.00, 1.00, 0.00, 0.00, 1.00, 1.00, 1.00, 1.00, 1.00, 0.00, 1.00, 1.00, 1.00, 0.00, 1.00
5652, 0, 213.075, 0.88, 1, 0.00, 0.08, 0.10, 0.00, 1.09, 0.73, 0.00, 0.75, 2.07, 1.43, 0.10, 2.30, 0.00, 0.82, 0.77, 1.56, 0.00, 0.00, 0.00, 0.00, 1.00, 1.00, 0.00, 0.00, 1.00, 1.00, 1.00, 1.00, 1.00, 0.00, 1.00, 0.00, 1.00, 0.00, 1.00
5653, 0, 213.112, 0.88, 1, 0.00, 0.00, 0.21, 0.00, 1.21, 0.96, 0.00, 0.61, 2.01, 1.58, 0.01, 1.98, 0.00, 0.76, 0.73, 1.56, 0.00, 0.00, 0.00, 0.00, 1.00, 1.00, 0.00, 0.00, 1.00, 1.00, 1.00, 1.00, 1.00, 0.00, 1.00, 0.00, 1.00, 0.00, 0.00
5654, 0, 213.150, 0.88, 1, 0.00, 0.00, 0.27, 0.00, 1.20, 0.93, 0.00, 0.61, 2.09, 1.60, 0.00, 2.03, 0.00, 0.78, 0.77, 1.46, 0.00, 0.00, 0.00, 0.00, 1.00, 1.00, 0.00, 0.00, 1.00, 1.00, 1.00, 1.00, 1.00, 0.00, 1.00, 0.00, 1.00, 0.00, 0.00
5655, 0, 213.188, 0.88, 1, 0.00, 0.08, 0.20, 0.00, 1.16, 0.80, 0.00, 0.71, 2.23, 1.55, 0.00, 1.95, 0.09, 0.73, 0.94, 1.46, 0.00, 0.00, 0.00, 0.00, 1.00, 1.00, 0.00, 0.00, 1.00, 1.00, 1.00, 1.00, 1.00, 0.00, 1.00, 0.00, 1.00, 0.00, 0.00
5656, 0, 213.225, 0.88, 1, 0.00, 0.14, 0.09, 0.00, 1.09, 0.62, 0.00, 0.84, 2.32, 1.45, 0.00, 1.97, 0.18, 0.68, 1.11, 1.53, 0.00, 0.00, 0.00, 0.00, 1.00, 1.00, 0.00, 0.00, 1.00, 1.00, 1.00, 1.00, 1.00, 0.00, 1.00, 1.00, 1.00, 0.00, 0.00
5657, 0, 213.263, 0.88, 1, 0.00, 0.14, 0.00, 0.00, 0.99, 0.57, 0.00, 1.06, 2.37, 1.38, 0.09, 1.82, 0.18, 0.70, 1.11, 1.58, 0.00, 0.00, 0.00, 0.00, 1.00, 1.00, 0.00, 0.00, 1.00, 1.00, 1.00, 1.00, 1.00, 0.00, 1.00, 1.00, 1.00, 0.00, 0.00
5658, 0, 213.301, 0.88, 1, 0.00, 0.06, 0.00, 0.00, 0.78, 0.46, 0.00, 1.12, 2.28, 1.42, 0.34, 1.83, 0.25, 0.69, 1.10, 1.47, 0.06, 0.00, 0.00, 0.00, 1.00, 0.00, 0.00, 0.00, 1.00, 1.00, 1.00, 1.00, 1.00, 0.00, 1.00, 1.00, 1.00, 0.00, 0.00
5659, 0, 213.338, 0.88, 1, 0.00, 0.00, 0.00, 0.00, 0.57, 0.30, 0.00, 1.19, 2.24, 1.60, 0.67, 1.88, 0.34, 0.73, 1.08, 1.40, 0.09, 0.00, 0.00, 0.00, 1.00, 0.00, 0.00, 0.00, 1.00, 1.00, 1.00, 1.00, 1.00, 0.00, 1.00, 1.00, 1.00, 0.00, 1.00
5660, 0, 213.376, 0.88, 1, 0.00, 0.00, 0.00, 0.00, 0.50, 0.38, 0.00, 1.16, 2.21, 1.63, 0.57, 1.73, 0.41, 0.65, 1.26, 1.14, 0.11, 0.00, 0.00, 0.00, 1.00, 0.00, 0.00, 0.00, 1.00, 1.00, 1.00, 1.00, 1.00, 0.00, 1.00, 1.00, 1.00, 0.00, 1.00
5661, 0, 213.414, 0.88, 1, 0.00, 0.00, 0.00, 0.00, 0.53, 0.45, 0.00, 1.18, 2.26, 1.53, 0.33, 1.59, 0.26, 0.74, 1.36, 1.02, 0.05, 0.00, 0.00, 0.00, 1.00, 0.00, 0.00, 0.00, 1.00, 1.00, 1.00, 1.00, 1.00, 0.00, 1.00, 1.00, 1.00, 0.00, 1.00
5662, 0, 213.452, 0.88, 1, 0.00, 0.00, 0.00, 0.00, 0.66, 0.41, 0.00, 1.40, 2.29, 1.40, 0.00, 1.38, 0.07, 0.92, 1.44, 0.93, 0.02, 0.00, 0.00, 0.00, 0.00, 0.00, 0.00, 0.00, 1.00, 1.00, 1.00, 1.00, 1.00, 0.00, 1.00, 1.00, 1.00, 0.00, 1.00
5663, 0, 213.489, 0.88, 1, 0.00, 0.00, 0.00, 0.00, 0.75, 0.14, 0.00, 1.61, 2.33, 1.32, 0.00, 1.28, 0.00, 0.96, 1.35, 1.19, 0.00, 0.00, 0.00, 0.00, 1.00, 0.00, 0.00, 0.00, 1.00, 1.00, 1.00, 1.00, 1.00, 0.00, 1.00, 1.00, 1.00, 0.00, 1.00
5664, 0, 213.527, 0.88, 1, 0.00, 0.00, 0.00, 0.00, 0.90, 0.02, 0.00, 1.79, 2.34, 1.41, 0.07, 1.12, 0.00, 0.89, 1.04, 1.39, 0.00, 0.00, 0.00, 0.00, 1.00, 0.00, 0.00, 0.00, 1.00, 1.00, 1.00, 1.00, 1.00, 0.00, 1.00, 1.00, 1.00, 0.00, 1.00
5665, 0, 213.565, 0.88, 1, 0.00, 0.00, 0.01, 0.00, 0.90, 0.08, 0.00, 1.63, 2.31, 1.40, 0.07, 1.17, 0.03, 0.69, 0.76, 1.41, 0.00, 0.00, 0.00, 0.00, 0.00, 1.00, 0.00, 0.00, 1.00, 1.00, 1.00, 1.00, 1.00, 0.00, 1.00, 1.00, 1.00, 0.00, 1.00
5666, 0, 213.602, 0.88, 1, 0.00, 0.00, 0.01, 0.00, 0.88, 0.07, 0.00, 1.49, 2.26, 1.35, 0.07, 1.43, 0.05, 0.62, 0.67, 1.47, 0.00, 0.00, 0.00, 0.00, 0.00, 1.00, 0.00, 0.00, 1.00, 1.00, 1.00, 1.00, 1.00, 0.00, 1.00, 0.00, 1.00, 0.00, 1.00
5667, 0, 213.640, 0.88, 1, 0.00, 0.00, 0.01, 0.00, 0.88, 0.11, 0.00, 1.54, 2.25, 1.05, 0.09, 1.67, 0.22, 0.58, 0.80, 1.54, 0.00, 0.00, 0.00, 0.00, 0.00, 1.00, 0.00, 0.00, 1.00, 1.00, 1.00, 1.00, 1.00, 0.00, 1.00, 1.00, 1.00, 0.00, 0.00
5668, 0, 213.678, 0.88, 1, 0.00, 0.00, 0.00, 0.00, 0.90, 0.06, 0.00, 1.62, 2.22, 1.02, 0.09, 1.65, 0.19, 0.67, 0.84, 1.54, 0.00, 0.00, 1.00, 0.00, 0.00, 1.00, 0.00, 0.00, 1.00, 1.00, 1.00, 1.00, 1.00, 0.00, 1.00, 1.00, 1.00, 0.00, 0.00
5669, 0, 213.716, 0.88, 1, 0.00, 0.00, 0.00, 0.00, 0.90, 0.20, 0.00, 1.70, 2.21, 1.04, 0.13, 1.69, 0.17, 0.70, 0.84, 1.33, 0.00, 0.00, 1.00, 0.00, 0.00, 1.00, 0.00, 0.00, 1.00, 1.00, 1.00, 1.00, 1.00, 0.00, 1.00, 0.00, 1.00, 0.00, 1.00
5670, 0, 213.753, 0.88, 1, 0.00, 0.00, 0.00, 0.00, 0.79, 0.37, 0.00, 1.42, 2.08, 1.18, 0.04, 1.80, 0.00, 1.04, 0.70, 1.00, 0.00, 0.00, 1.00, 0.00, 0.00, 1.00, 0.00, 0.00, 1.00, 1.00, 1.00, 1.00, 1.00, 0.00, 1.00, 0.00, 1.00, 0.00, 1.00
5671, 0, 213.791, 0.88, 1, 0.00, 0.00, 0.00, 0.03, 0.65, 0.37, 0.00, 1.18, 1.99, 1.36, 0.04, 2.09, 0.00, 1.14, 0.49, 1.06, 0.09, 0.00, 1.00, 0.00, 1.00, 0.00, 0.00, 0.00, 1.00, 1.00, 1.00, 1.00, 1.00, 0.00, 1.00, 0.00, 1.00, 0.00, 1.00
5672, 0, 213.829, 0.88, 1, 0.00, 0.02, 0.00, 0.09, 0.48, 0.22, 0.00, 0.84, 1.84, 1.67, 0.00, 2.24, 0.00, 1.30, 0.38, 1.27, 0.09, 0.00, 1.00, 0.00, 1.00, 0.00, 0.00, 0.00, 1.00, 1.00, 1.00, 1.00, 1.00, 0.00, 1.00, 0.00, 1.00, 0.00, 0.00
5673, 0, 213.866, 0.88, 1, 0.00, 0.06, 0.00, 0.09, 0.33, 0.01, 0.00, 0.78, 1.79, 2.01, 0.00, 2.26, 0.00, 1.14, 0.31, 1.55, 0.09, 0.00, 1.00, 0.00, 1.00, 0.00, 0.00, 0.00, 1.00, 1.00, 1.00, 1.00, 1.00, 0.00, 1.00, 0.00, 1.00, 0.00, 0.00
5674, 0, 213.904, 0.88, 1, 0.00, 0.06, 0.00, 0.06, 0.24, 0.01, 0.00, 0.65, 1.71, 1.86, 0.00, 2.10, 0.00, 1.09, 0.53, 1.49, 0.05, 0.00, 1.00, 0.00, 1.00, 0.00, 0.00, 0.00, 1.00, 1.00, 1.00, 1.00, 1.00, 0.00, 1.00, 0.00, 1.00, 0.00, 0.00
5675, 0, 213.942, 0.88, 1, 0.00, 0.06, 0.00, 0.00, 0.26, 0.01, 0.00, 0.71, 1.64, 1.33, 0.16, 2.05, 0.12, 0.98, 0.48, 1.21, 0.05, 0.00, 1.00, 0.00, 1.00, 0.00, 0.00, 0.00, 1.00, 1.00, 1.00, 1.00, 1.00, 0.00, 1.00, 0.00, 1.00, 0.00, 0.00
5676, 0, 213.979, 0.88, 1, 0.00, 0.01, 0.00, 0.00, 0.32, 0.00, 0.00, 0.75, 1.56, 1.04, 0.22, 1.98, 0.32, 0.95, 0.37, 1.01, 0.06, 0.00, 0.00, 0.00, 1.00, 0.00, 0.00, 0.00, 1.00, 1.00, 1.00, 1.00, 1.00, 0.00, 1.00, 0.00, 1.00, 0.00, 0.00
5677, 0, 214.017, 0.88, 1, 0.00, 0.01, 0.00, 0.00, 0.42, 0.00, 0.00, 0.90, 1.55, 1.12, 0.22, 2.07, 0.41, 0.96, 0.16, 0.99, 0.01, 0.00, 0.00, 0.00, 1.00, 0.00, 0.00, 0.00, 1.00, 1.00, 1.00, 1.00, 1.00, 0.00, 1.00, 0.00, 1.00, 0.00, 0.00
5678, 0, 214.055, 0.93, 1, 0.00, 0.00, 0.00, 0.00, 0.46, 0.19, 0.00, 0.95, 1.44, 1.14, 0.10, 1.93, 0.33, 0.98, 0.05, 0.79, 0.01, 0.00, 0.00, 0.00, 1.00, 0.00, 0.00, 0.00, 1.00, 1.00, 1.00, 1.00, 1.00, 0.00, 1.00, 0.00, 1.00, 0.00, 0.00
5679, 0, 214.093, 0.88, 1, 0.00, 0.00, 0.00, 0.00, 0.49, 0.43, 0.00, 1.01, 1.35, 0.95, 0.03, 1.92, 0.13, 0.97, 0.05, 0.52, 0.00, 0.00, 0.00, 0.00, 1.00, 0.00, 0.00, 0.00, 1.00, 1.00, 1.00, 1.00, 1.00, 0.00, 1.00, 0.00, 1.00, 0.00, 0.00
5680, 0, 214.130, 0.88, 1, 0.00, 0.00, 0.00, 0.00, 0.44, 0.49, 0.00, 1.17, 1.24, 0.79, 0.30, 1.86, 0.04, 1.07, 0.00, 0.27, 0.00, 0.00, 0.00, 0.00, 1.00, 0.00, 0.00, 0.00, 1.00, 1.00, 1.00, 1.00, 1.00, 0.00, 1.00, 0.00, 1.00, 0.00, 0.00
5681, 0, 214.168, 0.88, 1, 0.00, 0.00, 0.02, 0.00, 0.36, 0.34, 0.00, 0.96, 1.24, 1.06, 0.26, 1.95, 0.00, 1.19, 0.00, 0.43, 0.00, 0.00, 0.00, 0.00, 1.00, 0.00, 0.00, 0.00, 1.00, 1.00, 0.00, 1.00, 1.00, 0.00, 1.00, 0.00, 1.00, 0.00, 0.00
5682, 0, 214.206, 0.88, 1, 0.00, 0.00, 0.07, 0.00, 0.36, 0.29, 0.00, 0.90, 1.29, 1.32, 0.26, 2.00, 0.00, 1.34, 0.00, 0.62, 0.00, 0.00, 0.00, 0.00, 1.00, 0.00, 0.00, 0.00, 1.00, 1.00, 0.00, 1.00, 1.00, 0.00, 1.00, 0.00, 0.00, 0.00, 0.00
5683, 0, 214.243, 0.88, 1, 0.00, 0.00, 0.07, 0.02, 0.39, 0.37, 0.00, 0.65, 1.34, 1.36, 0.00, 1.91, 0.00, 1.27, 0.00, 0.51, 0.00, 0.00, 0.00, 0.00, 1.00, 0.00, 0.00, 0.00, 1.00, 1.00, 1.00, 1.00, 1.00, 0.00, 1.00, 0.00, 0.00, 0.00, 0.00
5684, 0, 214.281, 0.88, 1, 0.00, 0.00, 0.05, 0.07, 0.48, 0.48, 0.00, 0.83, 1.42, 1.39, 0.00, 1.80, 0.00, 1.22, 0.00, 0.35, 0.06, 0.00, 0.00, 0.00, 1.00, 0.00, 0.00, 0.00, 0.00, 1.00, 1.00, 1.00, 1.00, 0.00, 1.00, 0.00, 0.00, 0.00, 0.00
5685, 0, 214.319, 0.88, 1, 0.00, 0.00, 0.00, 0.07, 0.35, 0.31, 0.00, 0.74, 1.40, 1.65, 0.00, 1.70, 0.00, 1.06, 0.04, 0.47, 0.06, 0.00, 0.00, 0.00, 1.00, 0.00, 0.00, 0.00, 0.00, 1.00, 1.00, 1.00, 1.00, 0.00, 1.00, 0.00, 1.00, 0.00, 0.00
5686, 0, 214.357, 0.88, 1, 0.00, 0.00, 0.01, 0.06, 0.28, 0.17, 0.00, 0.79, 1.30, 1.84, 0.00, 1.62, 0.00, 0.92, 0.04, 0.77, 0.06, 0.00, 0.00, 0.00, 1.00, 0.00, 0.00, 0.00, 0.00, 1.00, 1.00, 1.00, 1.00, 0.00, 1.00, 0.00, 1.00, 0.00, 0.00
5687, 0, 214.394, 0.88, 1, 0.00, 0.00, 0.01, 0.00, 0.22, 0.00, 0.00, 0.67, 1.25, 1.98, 0.00, 1.50, 0.00, 0.79, 0.04, 1.00, 0.00, 0.00, 0.00, 0.00, 1.00, 0.00, 0.00, 0.00, 0.00, 1.00, 1.00, 1.00, 1.00, 0.00, 1.00, 0.00, 1.00, 0.00, 0.00
5688, 0, 214.432, 0.88, 1, 0.00, 0.00, 0.01, 0.00, 0.27, 0.00, 0.00, 0.61, 1.37, 1.79, 0.00, 1.38, 0.00, 0.80, 0.32, 1.04, 0.00, 0.00, 0.00, 0.00, 1.00, 0.00, 0.00, 0.00, 0.00, 1.00, 1.00, 1.00, 1.00, 0.00, 1.00, 0.00, 1.00, 0.00, 0.00
5689, 0, 214.470, 0.88, 1, 0.00, 0.00, 0.00, 0.00, 0.33, 0.00, 0.00, 0.56, 1.56, 1.78, 0.00, 1.30, 0.00, 0.85, 0.61, 1.17, 0.00, 0.00, 0.00, 0.00, 1.00, 0.00, 0.00, 0.00, 0.00, 1.00, 1.00, 1.00, 1.00, 0.00, 1.00, 0.00, 1.00, 0.00, 1.00
5690, 0, 214.507, 0.88, 1, 0.00, 0.00, 0.00, 0.08, 0.46, 0.05, 0.00, 0.55, 1.78, 1.59, 0.00, 1.36, 0.00, 0.90, 0.61, 1.14, 0.00, 0.00, 0.00, 0.00, 1.00, 0.00, 0.00, 0.00, 0.00, 1.00, 1.00, 1.00, 1.00, 0.00, 0.00, 0.00, 1.00, 0.00, 1.00
5691, 0, 214.545, 0.93, 1, 0.00, 0.00, 0.00, 0.09, 0.56, 0.05, 0.00, 0.58, 1.89, 1.62, 0.00, 1.34, 0.00, 0.83, 0.29, 0.87, 0.00, 0.00, 0.00, 0.00, 1.00, 0.00, 0.00, 0.00, 1.00, 1.00, 1.00, 1.00, 1.00, 0.00, 1.00, 0.00, 1.00, 0.00, 1.00
5692, 0, 214.583, 0.93, 1, 0.00, 0.00, 0.00, 0.09, 0.62, 0.05, 0.00, 0.66, 1.94, 1.43, 0.00, 1.48, 0.00, 0.76, 0.00, 0.50, 0.00, 0.00, 0.00, 0.00, 1.00, 0.00, 0.00, 0.00, 1.00, 1.00, 1.00, 1.00, 1.00, 0.00, 0.00, 0.00, 1.00, 0.00, 1.00
5693, 0, 214.620, 0.88, 1, 0.00, 0.00, 0.00, 0.07, 0.51, 0.00, 0.00, 0.56, 1.82, 1.19, 0.00, 1.54, 0.00, 0.75, 0.00, 0.44, 0.00, 0.00, 0.00, 0.00, 1.00, 0.00, 0.00, 0.00, 1.00, 1.00, 1.00, 1.00, 1.00, 0.00, 0.00, 0.00, 1.00, 0.00, 1.00
5694, 0, 214.658, 0.88, 1, 0.00, 0.00, 0.00, 0.07, 0.46, 0.00, 0.00, 0.54, 1.71, 0.88, 0.00, 1.66, 0.00, 0.74, 0.00, 0.48, 0.00, 0.00, 0.00, 0.00, 1.00, 0.00, 0.00, 0.00, 1.00, 1.00, 1.00, 1.00, 1.00, 0.00, 0.00, 0.00, 1.00, 0.00, 1.00
5695, 0, 214.696, 0.88, 1, 0.00, 0.00, 0.00, 0.07, 0.50, 0.12, 0.00, 0.56, 1.66, 0.62, 0.10, 1.34, 0.00, 0.89, 0.02, 0.68, 0.05, 0.00, 0.00, 0.00, 1.00, 0.00, 0.00, 0.00, 1.00, 1.00, 1.00, 1.00, 1.00, 0.00, 0.00, 0.00, 1.00, 0.00, 1.00
5696, 0, 214.734, 0.88, 1, 0.00, 0.00, 0.00, 0.00, 0.53, 0.12, 0.00, 0.68, 1.61, 0.84, 0.10, 1.21, 0.00, 0.98, 0.02, 0.69, 0.05, 0.00, 0.00, 0.00, 1.00, 0.00, 0.00, 0.00, 1.00, 1.00, 0.00, 1.00, 1.00, 0.00, 0.00, 0.00, 1.00, 0.00, 1.00
5697, 0, 214.771, 0.88, 1, 0.00, 0.00, 0.00, 0.00, 0.61, 0.27, 0.00, 0.76, 1.59, 0.83, 0.10, 1.17, 0.00, 1.12, 0.02, 0.82, 0.05, 0.00, 0.00, 0.00, 1.00, 0.00, 0.00, 0.00, 1.00, 1.00, 0.00, 1.00, 1.00, 0.00, 0.00, 0.00, 1.00, 0.00, 1.00
5698, 0, 214.809, 0.88, 1, 0.00, 0.00, 0.00, 0.00, 0.57, 0.15, 0.00, 0.76, 1.62, 0.92, 0.00, 1.41, 0.00, 1.14, 0.00, 0.88, 0.00, 0.00, 0.00, 0.00, 1.00, 0.00, 0.00, 0.00, 1.00, 1.00, 0.00, 1.00, 1.00, 0.00, 0.00, 0.00, 1.00, 0.00, 1.00
5699, 0, 214.847, 0.88, 1, 0.00, 0.00, 0.00, 0.00, 0.67, 0.15, 0.00, 0.72, 1.68, 0.76, 0.00, 1.41, 0.00, 1.14, 0.00, 1.14, 0.00, 0.00, 0.00, 0.00, 1.00, 0.00, 0.00, 0.00, 1.00, 1.00, 0.00, 1.00, 1.00, 0.00, 0.00, 0.00, 1.00, 0.00, 1.00
5700, 0, 214.884, 0.88, 1, 0.00, 0.00, 0.00, 0.00, 0.59, 0.08, 0.00, 0.63, 1.87, 1.14, 0.00, 1.20, 0.00, 1.04, 0.07, 1.24, 0.00, 0.00, 1.00, 0.00, 1.00, 0.00, 0.00, 0.00, 1.00, 1.00, 1.00, 1.00, 1.00, 0.00, 0.00, 0.00, 1.00, 0.00, 1.00
5701, 0, 214.922, 0.88, 1, 0.00, 0.00, 0.00, 0.00, 0.56, 0.08, 0.00, 0.51, 1.98, 1.46, 0.00, 1.05, 0.00, 0.94, 0.14, 1.32, 0.00, 0.00, 1.00, 0.00, 1.00, 1.00, 0.00, 0.00, 1.00, 1.00, 0.00, 1.00, 1.00, 0.00, 0.00, 0.00, 1.00, 0.00, 1.00
5702, 0, 214.960, 0.88, 1, 0.00, 0.00, 0.00, 0.00, 0.56, 0.15, 0.00, 0.56, 2.11, 1.71, 0.00, 0.84, 0.00, 0.89, 0.37, 1.07, 0.00, 0.00, 1.00, 0.00, 1.00, 1.00, 0.00, 0.00, 1.00, 1.00, 0.00, 1.00, 1.00, 0.00, 0.00, 0.00, 1.00, 0.00, 1.00
5703, 0, 214.998, 0.88, 1, 0.00, 0.00, 0.00, 0.00, 0.70, 0.43, 0.00, 0.65, 2.04, 1.47, 0.00, 0.73, 0.00, 0.87, 0.40, 0.94, 0.00, 0.00, 1.00, 0.00, 1.00, 1.00, 0.00, 0.00, 1.00, 1.00, 1.00, 1.00, 1.00, 0.00, 0.00, 0.00, 1.00, 0.00, 1.00
5704, 0, 215.035, 0.88, 1, 0.00, 0.00, 0.00, 0.00, 0.88, 0.92, 0.00, 0.76, 2.01, 1.24, 0.00, 0.68, 0.00, 0.82, 0.42, 0.85, 0.00, 0.00, 1.00, 0.00, 1.00, 1.00, 0.00, 0.00, 1.00, 1.00, 1.00, 1.00, 1.00, 0.00, 0.00, 0.00, 1.00, 0.00, 1.00
5705, 0, 215.073, 0.88, 1, 0.00, 0.07, 0.00, 0.00, 0.89, 1.14, 0.00, 0.67, 2.02, 1.31, 0.00, 0.80, 0.00, 0.71, 0.23, 0.97, 0.00, 0.00, 1.00, 0.00, 1.00, 1.00, 0.00, 0.00, 1.00, 1.00, 1.00, 1.00, 1.00, 0.00, 0.00, 0.00, 1.00, 0.00, 1.00
5706, 0, 215.111, 0.88, 1, 0.00, 0.07, 0.00, 0.00, 0.87, 0.78, 0.00, 0.70, 2.04, 1.63, 0.00, 0.87, 0.00, 0.79, 0.30, 1.04, 0.00, 0.00, 1.00, 0.00, 1.00, 1.00, 0.00, 0.00, 1.00, 1.00, 1.00, 1.00, 1.00, 0.00, 0.00, 0.00, 1.00, 0.00, 1.00
5707, 0, 215.148, 0.93, 1, 0.00, 0.07, 0.00, 0.00, 0.84, 0.29, 0.00, 0.73, 2.05, 1.98, 0.00, 0.93, 0.00, 0.89, 0.39, 1.07, 0.00, 0.00, 1.00, 0.00, 1.00, 1.00, 0.00, 0.00, 1.00, 1.00, 1.00, 1.00, 1.00, 0.00, 0.00, 0.00, 1.00, 0.00, 1.00
5708, 0, 215.186, 0.93, 1, 0.00, 0.00, 0.00, 0.00, 0.85, 0.00, 0.00, 0.97, 2.11, 1.98, 0.00, 0.87, 0.00, 1.05, 0.46, 1.17, 0.00, 0.00, 1.00, 0.00, 1.00, 1.00, 0.00, 0.00, 1.00, 1.00, 1.00, 1.00, 1.00, 0.00, 0.00, 0.00, 1.00, 0.00, 1.00
5709, 0, 215.224, 0.93, 1, 0.00, 0.00, 0.00, 0.00, 0.81, 0.03, 0.00, 1.25, 2.14, 1.69, 0.00, 0.85, 0.00, 1.02, 0.33, 1.19, 0.00, 0.00, 1.00, 0.00, 1.00, 1.00, 0.00, 0.00, 1.00, 1.00, 1.00, 1.00, 1.00, 0.00, 0.00, 0.00, 1.00, 0.00, 1.00
5710, 0, 215.261, 0.88, 1, 0.00, 0.00, 0.00, 0.00, 0.78, 0.08, 0.00, 1.36, 2.08, 1.13, 0.00, 0.78, 0.00, 0.91, 0.16, 1.30, 0.00, 0.00, 1.00, 0.00, 1.00, 1.00, 0.00, 0.00, 1.00, 1.00, 0.00, 1.00, 1.00, 0.00, 0.00, 0.00, 1.00, 0.00, 1.00
5711, 0, 215.299, 0.88, 1, 0.00, 0.00, 0.00, 0.00, 0.80, 0.21, 0.00, 1.22, 2.02, 0.69, 0.00, 0.76, 0.00, 0.83, 0.07, 1.16, 0.00, 0.00, 0.00, 0.00, 1.00, 1.00, 0.00, 0.00, 1.00, 1.00, 0.00, 1.00, 1.00, 0.00, 0.00, 0.00, 1.00, 0.00, 1.00
5712, 0, 215.337, 0.88, 1, 0.00, 0.00, 0.00, 0.00, 0.74, 0.32, 0.00, 0.85, 1.93, 0.53, 0.00, 0.82, 0.00, 0.87, 0.02, 1.08, 0.00, 0.00, 0.00, 0.00, 1.00, 0.00, 0.00, 0.00, 1.00, 1.00, 0.00, 1.00, 1.00, 0.00, 0.00, 0.00, 0.00, 0.00, 1.00
5713, 0, 215.375, 0.88, 1, 0.00, 0.00, 0.00, 0.00, 0.68, 0.39, 0.00, 0.66, 1.94, 0.74, 0.00, 0.88, 0.00, 0.99, 0.00, 0.95, 0.00, 0.00, 0.00, 0.00, 1.00, 0.00, 0.00, 0.00, 1.00, 1.00, 0.00, 1.00, 1.00, 0.00, 0.00, 0.00, 0.00, 0.00, 1.00
5714, 0, 215.412, 0.88, 1, 0.00, 0.00, 0.00, 0.00, 0.65, 0.42, 0.00, 0.65, 1.86, 0.93, 0.00, 0.86, 0.00, 1.01, 0.00, 0.89, 0.00, 0.00, 0.00, 0.00, 1.00, 0.00, 0.00, 0.00, 1.00, 1.00, 0.00, 1.00, 1.00, 0.00, 0.00, 0.00, 0.00, 0.00, 1.00
5715, 0, 215.450, 0.88, 1, 0.00, 0.00, 0.00, 0.00, 0.78, 0.28, 0.00, 0.81, 1.82, 1.02, 0.00, 0.56, 0.00, 0.81, 0.00, 0.86, 0.00, 0.00, 0.00, 0.00, 1.00, 0.00, 0.00, 0.00, 1.00, 1.00, 0.00, 1.00, 1.00, 0.00, 0.00, 0.00, 0.00, 0.00, 1.00
5716, 0, 215.488, 0.88, 1, 0.00, 0.00, 0.00, 0.00, 0.81, 0.17, 0.00, 0.99, 1.81, 1.12, 0.00, 0.47, 0.00, 0.56, 0.00, 0.93, 0.00, 0.00, 0.00, 0.00, 1.00, 0.00, 0.00, 0.00, 1.00, 1.00, 0.00, 1.00, 1.00, 0.00, 0.00, 0.00, 0.00, 0.00, 1.00
5717, 0, 215.525, 0.88, 1, 0.00, 0.00, 0.00, 0.00, 0.77, 0.00, 0.00, 1.12, 1.77, 1.11, 0.00, 0.42, 0.00, 0.39, 0.00, 1.19, 0.00, 0.00, 0.00, 0.00, 1.00, 0.00, 0.00, 0.00, 1.00, 1.00, 0.00, 1.00, 1.00, 0.00, 0.00, 0.00, 0.00, 0.00, 1.00
5718, 0, 215.563, 0.98, 1, 0.00, 0.00, 0.00, 0.00, 0.71, 0.00, 0.00, 0.99, 1.74, 0.96, 0.00, 0.66, 0.00, 0.42, 0.00, 1.31, 0.00, 0.00, 1.00, 0.00, 1.00, 0.00, 0.00, 0.00, 1.00, 1.00, 0.00, 1.00, 1.00, 0.00, 0.00, 0.00, 0.00, 0.00, 1.00
5719, 0, 215.601, 0.88, 1, 0.00, 0.00, 0.00, 0.00, 0.69, 0.00, 0.00, 0.80, 1.67, 0.73, 0.00, 0.72, 0.00, 0.48, 0.00, 1.31, 0.00, 0.00, 1.00, 0.00, 1.00, 0.00, 0.00, 0.00, 1.00, 1.00, 0.00, 1.00, 1.00, 0.00, 0.00, 0.00, 0.00, 0.00, 1.00
5720, 0, 215.639, 0.88, 1, 0.00, 0.00, 0.00, 0.00, 0.72, 0.06, 0.00, 0.64, 1.70, 0.46, 0.00, 0.78, 0.00, 0.59, 0.00, 1.03, 0.00, 0.00, 1.00, 0.00, 1.00, 0.00, 0.00, 0.00, 1.00, 1.00, 0.00, 1.00, 1.00, 0.00, 0.00, 0.00, 0.00, 0.00, 1.00
5721, 0, 215.676, 0.88, 1, 0.00, 0.02, 0.00, 0.00, 0.64, 0.18, 0.00, 0.59, 1.73, 0.35, 0.00, 0.86, 0.00, 0.58, 0.00, 0.88, 0.00, 0.00, 1.00, 0.00, 1.00, 0.00, 0.00, 0.00, 0.00, 1.00, 0.00, 1.00, 1.00, 0.00, 0.00, 0.00, 0.00, 0.00, 1.00
5722, 0, 215.714, 0.88, 1, 0.00, 0.14, 0.00, 0.00, 0.56, 0.18, 0.00, 0.53, 1.70, 0.42, 0.00, 0.95, 0.00, 0.52, 0.00, 0.61, 0.00, 0.00, 1.00, 0.00, 1.00, 0.00, 0.00, 0.00, 0.00, 1.00, 0.00, 1.00, 1.00, 0.00, 0.00, 0.00, 0.00, 0.00, 1.00
5723, 0, 215.752, 0.88, 1, 0.00, 0.32, 0.00, 0.00, 0.44, 0.12, 0.00, 0.57, 1.64, 0.84, 0.00, 0.92, 0.00, 0.30, 0.00, 0.55, 0.00, 0.00, 1.00, 0.00, 1.00, 0.00, 0.00, 0.00, 0.00, 1.00, 0.00, 1.00, 1.00, 0.00, 0.00, 0.00, 0.00, 0.00, 1.00
5724, 0, 215.789, 0.88, 1, 0.00, 0.50, 0.00, 0.00, 0.35, 0.00, 0.00, 0.63, 1.65, 1.17, 0.00, 0.75, 0.00, 0.20, 0.00, 0.48, 0.00, 0.00, 0.00, 0.00, 1.00, 0.00, 0.00, 0.00, 0.00, 1.00, 1.00, 1.00, 1.00, 0.00, 0.00, 0.00, 0.00, 0.00, 1.00
5725, 0, 215.827, 0.88, 1, 0.00, 0.47, 0.00, 0.00, 0.22, 0.00, 0.00, 0.63, 1.66, 1.23, 0.00, 0.58, 0.00, 0.19, 0.00, 0.70, 0.00, 0.00, 0.00, 0.00, 1.00, 0.00, 0.00, 0.00, 0.00, 1.00, 1.00, 1.00, 1.00, 0.00, 0.00, 0.00, 0.00, 0.00, 1.00
5726, 0, 215.865, 0.88, 1, 0.00, 0.29, 0.00, 0.00, 0.11, 0.00, 0.00, 0.59, 1.69, 1.04, 0.00, 0.51, 0.00, 0.16, 0.05, 0.78, 0.00, 0.00, 0.00, 0.00, 1.00, 0.00, 0.00, 0.00, 0.00, 1.00, 1.00, 1.00, 1.00, 0.00, 0.00, 0.00, 0.00, 0.00, 1.00
5727, 0, 215.902, 0.88, 1, 0.00, 0.09, 0.00, 0.00, 0.09, 0.23, 0.00, 0.61, 1.63, 1.01, 0.00, 0.67, 0.00, 0.09, 0.05, 0.94, 0.00, 0.00, 0.00, 0.00, 1.00, 0.00, 0.00, 0.00, 1.00, 1.00, 1.00, 1.00, 1.00, 0.00, 0.00, 0.00, 0.00, 0.00, 1.00
5728, 0, 215.940, 0.93, 1, 0.00, 0.01, 0.00, 0.00, 0.19, 0.23, 0.00, 0.68, 1.76, 1.08, 0.00, 0.86, 0.00, 0.33, 0.21, 1.07, 0.00, 0.00, 0.00, 0.00, 1.00, 0.00, 0.00, 0.00, 1.00, 1.00, 1.00, 1.00, 1.00, 0.00, 0.00, 0.00, 0.00, 0.00, 1.00
5729, 0, 215.978, 0.93, 1, 0.00, 0.00, 0.00, 0.00, 0.36, 0.23, 0.00, 0.79, 1.86, 1.27, 0.00, 1.03, 0.00, 0.67, 0.28, 1.04, 0.00, 0.00, 0.00, 0.00, 1.00, 0.00, 0.00, 0.00, 1.00, 1.00, 1.00, 1.00, 1.00, 0.00, 0.00, 0.00, 1.00, 0.00, 1.00
5730, 0, 216.016, 0.93, 1, 0.00, 0.00, 0.00, 0.00, 0.51, 0.08, 0.00, 0.87, 1.95, 1.32, 0.00, 1.18, 0.00, 0.90, 0.28, 1.09, 0.00, 0.00, 1.00, 0.00, 1.00, 0.00, 0.00, 0.00, 1.00, 1.00, 1.00, 1.00, 1.00, 0.00, 0.00, 0.00, 1.00, 0.00, 1.00
5731, 0, 216.053, 0.88, 1, 0.00, 0.08, 0.00, 0.13, 0.62, 0.11, 0.00, 1.07, 1.85, 1.46, 0.00, 1.22, 0.00, 0.84, 0.12, 0.92, 0.00, 0.00, 1.00, 0.00, 1.00, 0.00, 0.00, 0.00, 1.00, 1.00, 1.00, 1.00, 1.00, 0.00, 0.00, 0.00, 1.00, 0.00, 1.00
5732, 0, 216.091, 0.93, 1, 0.00, 0.08, 0.00, 0.15, 0.76, 0.20, 0.00, 1.26, 1.80, 1.76, 0.00, 1.49, 0.00, 0.79, 0.00, 1.05, 0.00, 0.00, 0.00, 0.00, 1.00, 0.00, 0.00, 0.00, 1.00, 1.00, 1.00, 1.00, 1.00, 0.00, 0.00, 0.00, 1.00, 0.00, 1.00
5733, 0, 216.129, 0.98, 1, 0.00, 0.08, 0.00, 0.15, 0.87, 0.35, 0.00, 1.31, 1.77, 1.75, 0.00, 1.40, 0.00, 0.86, 0.00, 0.97, 0.00, 0.00, 0.00, 0.00, 1.00, 0.00, 0.00, 0.00, 1.00, 1.00, 1.00, 1.00, 1.00, 0.00, 0.00, 0.00, 1.00, 0.00, 1.00
5734, 0, 216.166, 0.98, 1, 0.00, 0.00, 0.02, 0.05, 0.90, 0.33, 0.00, 1.39, 1.80, 1.69, 0.00, 1.45, 0.00, 0.80, 0.00, 0.90, 0.00, 0.00, 0.00, 0.00, 1.00, 0.00, 0.00, 0.00, 1.00, 1.00, 1.00, 1.00, 1.00, 0.00, 0.00, 0.00, 1.00, 0.00, 1.00
5735, 0, 216.204, 0.98, 1, 0.00, 0.00, 0.02, 0.04, 0.75, 0.23, 0.00, 1.34, 1.92, 1.40, 0.00, 1.40, 0.00, 0.69, 0.22, 0.98, 0.00, 0.00, 0.00, 0.00, 1.00, 0.00, 0.00, 0.00, 1.00, 1.00, 1.00, 1.00, 1.00, 0.00, 0.00, 0.00, 1.00, 0.00, 1.00
5736, 0, 216.242, 0.88, 1, 0.00, 0.00, 0.02, 0.04, 0.59, 0.00, 0.00, 1.41, 2.09, 1.39, 0.00, 1.53, 0.00, 0.58, 0.40, 1.05, 0.00, 0.00, 0.00, 0.00, 1.00, 0.00, 0.00, 0.00, 1.00, 1.00, 1.00, 1.00, 1.00, 0.00, 0.00, 0.00, 1.00, 0.00, 1.00
5737, 0, 216.280, 0.88, 1, 0.00, 0.00, 0.00, 0.00, 0.55, 0.00, 0.00, 1.23, 2.26, 1.30, 0.03, 1.43, 0.00, 0.68, 0.64, 1.33, 0.00, 0.00, 0.00, 0.00, 1.00, 0.00, 0.00, 0.00, 1.00, 1.00, 1.00, 1.00, 1.00, 0.00, 0.00, 0.00, 1.00, 0.00, 1.00
5738, 0, 216.317, 0.98, 1, 0.00, 0.00, 0.00, 0.00, 0.61, 0.00, 0.00, 1.09, 2.27, 1.38, 0.03, 1.29, 0.00, 0.77, 0.64, 1.32, 0.00, 0.00, 0.00, 0.00, 1.00, 0.00, 0.00, 0.00, 1.00, 1.00, 1.00, 1.00, 1.00, 0.00, 0.00, 0.00, 1.00, 0.00, 1.00
5739, 0, 216.355, 0.93, 1, 0.00, 0.00, 0.00, 0.00, 0.69, 0.01, 0.00, 0.98, 2.26, 1.26, 0.03, 1.20, 0.00, 0.71, 0.59, 1.28, 0.00, 0.00, 0.00, 0.00, 1.00, 0.00, 0.00, 0.00, 1.00, 1.00, 1.00, 1.00, 1.00, 0.00, 0.00, 0.00, 1.00, 0.00, 1.00
5740, 0, 216.393, 0.88, 1, 0.00, 0.00, 0.01, 0.00, 0.70, 0.21, 0.00, 0.99, 2.13, 1.33, 0.00, 1.23, 0.00, 0.72, 0.49, 1.36, 0.00, 0.00, 0.00, 0.00, 1.00, 0.00, 0.00, 0.00, 1.00, 1.00, 1.00, 1.00, 1.00, 0.00, 0.00, 0.00, 1.00, 0.00, 1.00
5741, 0, 216.430, 0.98, 1, 0.00, 0.11, 0.02, 0.02, 0.66, 0.21, 0.00, 0.90, 2.04, 1.30, 0.00, 1.16, 0.00, 0.63, 0.48, 1.42, 0.00, 0.00, 0.00, 0.00, 1.00, 0.00, 0.00, 0.00, 1.00, 1.00, 0.00, 1.00, 1.00, 0.00, 0.00, 0.00, 1.00, 0.00, 1.00
5742, 0, 216.468, 0.88, 1, 0.00, 0.18, 0.06, 0.04, 0.59, 0.19, 0.00, 0.84, 1.97, 1.42, 0.00, 0.95, 0.00, 0.71, 0.60, 1.61, 0.00, 0.00, 0.00, 0.00, 1.00, 0.00, 0.00, 0.00, 1.00, 1.00, 1.00, 1.00, 1.00, 0.00, 0.00, 1.00, 1.00, 0.00, 1.00
5743, 0, 216.506, 0.88, 1, 0.00, 0.22, 0.05, 0.04, 0.46, 0.00, 0.00, 0.78, 1.94, 1.18, 0.00, 0.89, 0.00, 0.55, 0.74, 1.67, 0.00, 0.00, 0.00, 0.00, 1.00, 0.00, 0.00, 0.00, 1.00, 1.00, 1.00, 1.00, 1.00, 0.00, 0.00, 1.00, 1.00, 0.00, 1.00
5744, 0, 216.543, 0.88, 1, 0.00, 0.18, 0.04, 0.02, 0.42, 0.03, 0.00, 0.84, 1.87, 1.10, 0.00, 0.94, 0.00, 0.48, 0.70, 1.84, 0.01, 0.00, 0.00, 0.00, 1.00, 0.00, 0.00, 0.00, 1.00, 1.00, 1.00, 1.00, 1.00, 0.00, 0.00, 1.00, 1.00, 0.00, 1.00
5745, 0, 216.581, 0.88, 1, 0.00, 0.11, 0.00, 0.00, 0.48, 0.03, 0.00, 0.83, 1.82, 1.00, 0.00, 1.14, 0.00, 0.37, 0.81, 1.90, 0.01, 0.00, 1.00, 0.00, 1.00, 0.00, 0.00, 0.00, 1.00, 1.00, 1.00, 1.00, 1.00, 0.00, 0.00, 1.00, 1.00, 0.00, 1.00
5746, 0, 216.619, 0.88, 1, 0.00, 0.07, 0.00, 0.00, 0.60, 0.03, 0.00, 0.80, 1.79, 1.31, 0.00, 1.16, 0.00, 0.31, 0.89, 1.81, 0.01, 0.00, 1.00, 0.00, 1.00, 0.00, 0.00, 0.00, 1.00, 1.00, 1.00, 1.00, 1.00, 0.00, 0.00, 1.00, 1.00, 0.00, 1.00
5747, 0, 216.657, 0.88, 1, 0.00, 0.00, 0.00, 0.00, 0.63, 0.00, 0.00, 0.77, 1.75, 1.43, 0.00, 1.05, 0.00, 0.32, 1.17, 1.65, 0.01, 0.00, 1.00, 0.00, 1.00, 0.00, 0.00, 0.00, 1.00, 1.00, 1.00, 0.00, 1.00, 0.00, 0.00, 1.00, 1.00, 0.00, 1.00
5748, 0, 216.694, 0.88, 1, 0.00, 0.00, 0.00, 0.00, 0.55, 0.00, 0.00, 0.74, 1.75, 1.64, 0.00, 0.76, 0.00, 0.31, 1.13, 1.45, 0.01, 0.00, 1.00, 0.00, 1.00, 0.00, 0.00, 0.00, 1.00, 1.00, 1.00, 0.00, 1.00, 0.00, 0.00, 1.00, 1.00, 0.00, 1.00
5749, 0, 216.732, 0.88, 1, 0.00, 0.00, 0.00, 0.00, 0.60, 0.19, 0.00, 0.89, 1.82, 1.39, 0.00, 0.53, 0.00, 0.28, 1.14, 1.50, 0.01, 0.00, 1.00, 0.00, 1.00, 0.00, 0.00, 0.00, 1.00, 1.00, 1.00, 0.00, 1.00, 0.00, 0.00, 1.00, 1.00, 0.00, 1.00
5750, 0, 216.770, 0.88, 1, 0.00, 0.00, 0.00, 0.00, 0.65, 0.47, 0.00, 1.22, 1.88, 1.18, 0.00, 0.55, 0.00, 0.35, 0.81, 1.32, 0.00, 0.00, 1.00, 0.00, 1.00, 0.00, 0.00, 0.00, 1.00, 1.00, 1.00, 0.00, 0.00, 0.00, 0.00, 1.00, 1.00, 0.00, 1.00
5751, 0, 216.807, 0.98, 1, 0.00, 0.00, 0.00, 0.00, 0.71, 0.68, 0.00, 1.42, 1.98, 1.08, 0.00, 0.53, 0.00, 0.48, 0.71, 1.21, 0.00, 0.00, 1.00, 0.00, 1.00, 0.00, 0.00, 0.00, 1.00, 1.00, 1.00, 1.00, 0.00, 0.00, 0.00, 1.00, 1.00, 0.00, 1.00
5752, 0, 216.845, 0.98, 1, 0.00, 0.00, 0.00, 0.00, 0.70, 0.70, 0.00, 1.44, 1.94, 1.19, 0.00, 0.60, 0.00, 0.58, 0.45, 0.85, 0.00, 0.00, 0.00, 0.00, 1.00, 0.00, 0.00, 0.00, 1.00, 1.00, 1.00, 1.00, 0.00, 0.00, 0.00, 1.00, 1.00, 0.00, 1.00
5753, 0, 216.883, 0.88, 1, 0.00, 0.00, 0.00, 0.00, 0.76, 0.50, 0.00, 1.29, 2.00, 1.40, 0.00, 0.64, 0.00, 0.58, 0.61, 0.92, 0.00, 0.00, 0.00, 0.00, 1.00, 0.00, 0.00, 0.00, 1.00, 1.00, 1.00, 1.00, 0.00, 0.00, 0.00, 1.00, 1.00, 0.00, 1.00
5754, 0, 216.920, 0.88, 1, 0.00, 0.00, 0.00, 0.00, 0.82, 0.36, 0.00, 1.28, 1.97, 1.54, 0.00, 0.80, 0.00, 0.56, 0.65, 0.99, 0.00, 0.00, 0.00, 0.00, 1.00, 0.00, 0.00, 0.00, 1.00, 1.00, 1.00, 1.00, 1.00, 0.00, 0.00, 1.00, 1.00, 0.00, 1.00
5755, 0, 216.958, 0.88, 1, 0.00, 0.00, 0.00, 0.00, 0.82, 0.15, 0.00, 1.18, 2.02, 1.44, 0.02, 1.06, 0.00, 0.62, 0.79, 1.04, 0.00, 0.00, 0.00, 0.00, 1.00, 1.00, 0.00, 0.00, 1.00, 1.00, 1.00, 1.00, 0.00, 0.00, 0.00, 1.00, 1.00, 0.00, 1.00
5756, 0, 216.996, 0.88, 1, 0.00, 0.00, 0.00, 0.00, 0.84, 0.12, 0.00, 0.98, 2.03, 1.27, 0.02, 1.00, 0.00, 0.64, 0.61, 1.03, 0.00, 0.00, 0.00, 0.00, 1.00, 1.00, 0.00, 0.00, 1.00, 1.00, 1.00, 1.00, 1.00, 0.00, 0.00, 1.00, 1.00, 0.00, 1.00
5757, 0, 217.034, 0.88, 1, 0.00, 0.00, 0.00, 0.11, 0.81, 0.05, 0.00, 0.79, 1.97, 1.22, 0.02, 0.86, 0.00, 0.66, 0.60, 1.04, 0.00, 0.00, 0.00, 0.00, 1.00, 1.00, 0.00, 0.00, 1.00, 1.00, 1.00, 1.00, 1.00, 0.00, 0.00, 1.00, 1.00, 0.00, 1.00
5758, 0, 217.071, 0.88, 1, 0.00, 0.00, 0.00, 0.11, 0.86, 0.29, 0.00, 0.84, 1.96, 1.41, 0.00, 0.71, 0.00, 0.60, 0.60, 1.19, 0.00, 0.00, 0.00, 0.00, 1.00, 1.00, 0.00, 0.00, 1.00, 1.00, 1.00, 1.00, 1.00, 0.00, 0.00, 1.00, 1.00, 0.00, 1.00
5759, 0, 217.109, 0.93, 1, 0.00, 0.00, 0.00, 0.11, 0.95, 0.45, 0.00, 0.97, 1.94, 1.60, 0.00, 0.75, 0.00, 0.54, 0.77, 1.27, 0.00, 0.00, 0.00, 0.00, 1.00, 1.00, 0.00, 0.00, 1.00, 1.00, 1.00, 1.00, 1.00, 0.00, 0.00, 1.00, 1.00, 0.00, 1.00
5760, 0, 217.147, 0.93, 1, 0.00, 0.00, 0.00, 0.00, 1.01, 0.45, 0.00, 1.23, 1.93, 1.42, 0.00, 0.84, 0.00, 0.41, 0.65, 1.41, 0.00, 0.00, 0.00, 0.00, 1.00, 1.00, 0.00, 0.00, 1.00, 1.00, 1.00, 1.00, 1.00, 0.00, 0.00, 1.00, 1.00, 0.00, 1.00
5761, 0, 217.184, 0.88, 1, 0.00, 0.00, 0.00, 0.00, 0.94, 0.26, 0.00, 1.32, 1.91, 1.38, 0.00, 0.77, 0.00, 0.33, 0.59, 1.40, 0.00, 0.00, 0.00, 0.00, 1.00, 1.00, 0.00, 0.00, 1.00, 1.00, 1.00, 1.00, 1.00, 0.00, 0.00, 1.00, 1.00, 0.00, 1.00
5762, 0, 217.222, 0.88, 1, 0.00, 0.00, 0.00, 0.00, 0.93, 0.10, 0.00, 1.36, 1.87, 1.41, 0.00, 0.76, 0.00, 0.21, 0.54, 1.42, 0.00, 0.00, 0.00, 0.00, 1.00, 1.00, 0.00, 0.00, 1.00, 1.00, 1.00, 1.00, 1.00, 0.00, 0.00, 1.00, 1.00, 0.00, 1.00
5763, 0, 217.260, 0.98, 1, 0.00, 0.00, 0.00, 0.01, 0.89, 0.14, 0.00, 1.31, 1.89, 1.53, 0.00, 0.69, 0.00, 0.20, 0.65, 1.41, 0.00, 0.00, 1.00, 0.00, 1.00, 1.00, 0.00, 0.00, 1.00, 1.00, 1.00, 1.00, 1.00, 0.00, 0.00, 1.00, 1.00, 0.00, 1.00
5764, 0, 217.298, 0.88, 1, 0.00, 0.00, 0.00, 0.01, 0.88, 0.10, 0.00, 1.28, 1.88, 1.64, 0.00, 0.61, 0.00, 0.18, 0.75, 1.52, 0.00, 0.00, 1.00, 0.00, 1.00, 0.00, 0.00, 0.00, 1.00, 1.00, 1.00, 1.00, 1.00, 0.00, 0.00, 1.00, 1.00, 0.00, 1.00
5765, 0, 217.335, 0.93, 1, 0.00, 0.00, 0.00, 0.01, 0.72, 0.24, 0.00, 1.39, 1.80, 1.46, 0.00, 0.45, 0.07, 0.14, 0.71, 1.50, 0.00, 0.00, 1.00, 0.00, 1.00, 0.00, 0.00, 0.00, 1.00, 1.00, 1.00, 1.00, 1.00, 0.00, 0.00, 1.00, 1.00, 0.00, 1.00
5766, 0, 217.373, 0.98, 1, 0.00, 0.06, 0.00, 0.00, 0.69, 0.32, 0.00, 1.34, 1.67, 1.47, 0.00, 0.49, 0.07, 0.09, 0.58, 1.47, 0.00, 0.00, 1.00, 0.00, 1.00, 0.00, 0.00, 0.00, 1.00, 1.00, 1.00, 1.00, 1.00, 0.00, 0.00, 1.00, 1.00, 0.00, 1.00
5767, 0, 217.411, 0.93, 1, 0.01, 0.10, 0.00, 0.02, 0.71, 0.75, 0.00, 1.32, 1.44, 1.17, 0.00, 0.44, 0.07, 0.06, 0.28, 1.41, 0.00, 0.00, 1.00, 0.00, 1.00, 0.00, 0.00, 0.00, 1.00, 1.00, 1.00, 1.00, 1.00, 0.00, 0.00, 1.00, 1.00, 0.00, 1.00
5768, 0, 217.448, 0.93, 1, 0.11, 0.33, 0.00, 0.09, 0.54, 0.74, 0.00, 1.10, 1.23, 1.26, 0.00, 0.54, 0.00, 0.07, 0.14, 1.47, 0.00, 0.00, 1.00, 0.00, 1.00, 0.00, 0.00, 0.00, 1.00, 1.00, 1.00, 1.00, 1.00, 0.00, 0.00, 1.00, 1.00, 0.00, 1.00
5769, 0, 217.486, 0.93, 1, 0.18, 0.28, 0.00, 0.12, 0.34, 0.63, 0.00, 1.03, 1.09, 1.23, 0.00, 0.57, 0.00, 0.06, 0.11, 1.54, 0.08, 0.00, 0.00, 0.00, 1.00, 0.00, 0.00, 0.00, 1.00, 1.00, 0.00, 1.00, 1.00, 0.00, 0.00, 0.00, 1.00, 0.00, 1.00
5770, 0, 217.524, 0.93, 1, 0.19, 0.24, 0.00, 0.11, 0.08, 0.19, 0.00, 0.88, 0.92, 1.18, 0.03, 0.92, 0.01, 0.12, 0.11, 1.13, 0.32, 0.00, 0.00, 0.00, 1.00, 0.00, 0.00, 0.00, 1.00, 1.00, 0.00, 1.00, 1.00, 0.00, 1.00, 0.00, 0.00, 0.00, 1.00
5771, 0, 217.561, 0.88, 1, 0.12, 0.00, 0.00, 0.03, 0.05, 0.00, 0.00, 0.86, 0.84, 0.91, 0.03, 1.09, 0.06, 0.22, 0.08, 0.69, 0.58, 0.00, 0.00, 0.00, 1.00, 0.00, 0.00, 0.00, 1.00, 1.00, 0.00, 1.00, 1.00, 0.00, 1.00, 0.00, 0.00, 0.00, 1.00
5772, 0, 217.599, 0.88, 1, 0.06, 0.00, 0.00, 0.00, 0.00, 0.00, 0.00, 0.73, 0.87, 0.72, 0.03, 1.34, 0.06, 0.41, 0.00, 0.30, 0.84, 0.00, 0.00, 0.00, 1.00, 0.00, 0.00, 0.00, 0.00, 1.00, 0.00, 1.00, 1.00, 0.00, 1.00, 0.00, 0.00, 0.00, 1.00
5773, 0, 217.637, 0.93, 1, 0.03, 0.00, 0.00, 0.00, 0.03, 0.00, 0.00, 0.63, 0.94, 0.82, 0.00, 1.31, 0.05, 0.45, 0.00, 0.34, 0.80, 0.00, 0.00, 0.00, 1.00, 0.00, 0.00, 0.00, 0.00, 1.00, 0.00, 1.00, 1.00, 0.00, 1.00, 0.00, 0.00, 0.00, 1.00
5774, 0, 217.675, 0.93, 1, 0.00, 0.00, 0.00, 0.00, 0.03, 0.00, 0.00, 0.56, 0.92, 0.95, 0.00, 1.29, 0.00, 0.41, 0.00, 0.66, 0.75, 0.00, 0.00, 0.00, 1.00, 0.00, 0.00, 0.00, 0.00, 1.00, 0.00, 1.00, 1.00, 0.00, 1.00, 0.00, 0.00, 0.00, 1.00
5775, 0, 217.712, 0.93, 1, 0.00, 0.00, 0.00, 0.00, 0.03, 0.00, 0.00, 0.36, 0.78, 0.96, 0.00, 1.07, 0.00, 0.35, 0.00, 1.02, 0.56, 0.00, 0.00, 0.00, 1.00, 0.00, 0.00, 0.00, 0.00, 0.00, 0.00, 1.00, 1.00, 0.00, 1.00, 0.00, 0.00, 0.00, 1.00
5776, 0, 217.750, 0.93, 1, 0.03, 0.00, 0.00, 0.00, 0.12, 0.02, 0.00, 0.29, 0.70, 0.77, 0.00, 1.05, 0.00, 0.33, 0.00, 1.24, 0.49, 0.00, 0.00, 0.00, 1.00, 0.00, 0.00, 0.00, 0.00, 0.00, 0.00, 1.00, 1.00, 0.00, 1.00, 0.00, 1.00, 0.00, 1.00
5777, 0, 217.788, 0.93, 1, 0.06, 0.00, 0.00, 0.00, 0.22, 0.02, 0.00, 0.22, 0.67, 0.63, 0.00, 1.05, 0.03, 0.33, 0.00, 1.24, 0.41, 0.00, 0.00, 0.00, 0.00, 0.00, 0.00, 0.00, 0.00, 0.00, 0.00, 1.00, 1.00, 0.00, 1.00, 0.00, 1.00, 0.00, 1.00
5778, 0, 217.825, 0.93, 1, 0.12, 0.00, 0.00, 0.00, 0.23, 0.02, 0.00, 0.27, 0.59, 0.68, 0.04, 1.20, 0.03, 0.45, 0.00, 1.19, 0.42, 0.00, 0.00, 0.00, 0.00, 0.00, 0.00, 0.00, 0.00, 0.00, 0.00, 1.00, 1.00, 0.00, 1.00, 0.00, 1.00, 0.00, 1.00
5779, 0, 217.863, 0.88, 1, 0.22, 0.02, 0.00, 0.00, 0.21, 0.00, 0.00, 0.21, 0.59, 0.85, 0.04, 1.30, 0.03, 0.55, 0.00, 1.29, 0.42, 0.00, 0.00, 0.00, 0.00, 0.00, 0.00, 0.00, 0.00, 0.00, 0.00, 1.00, 1.00, 0.00, 1.00, 0.00, 1.00, 0.00, 1.00
5780, 0, 217.901, 0.88, 1, 0.19, 0.02, 0.00, 0.00, 0.11, 0.00, 0.00, 0.13, 0.56, 0.88, 0.04, 0.99, 0.00, 0.64, 0.00, 1.38, 0.29, 0.00, 0.00, 0.00, 0.00, 0.00, 0.00, 0.00, 0.00, 0.00, 0.00, 1.00, 1.00, 0.00, 1.00, 0.00, 1.00, 0.00, 1.00
5781, 0, 217.939, 0.88, 1, 0.14, 0.02, 0.00, 0.00, 0.23, 0.00, 0.00, 0.07, 0.64, 0.93, 0.00, 0.58, 0.03, 0.63, 0.00, 1.25, 0.13, 0.00, 0.00, 0.00, 1.00, 0.00, 0.00, 0.00, 0.00, 0.00, 0.00, 1.00, 0.00, 0.00, 1.00, 0.00, 1.00, 0.00, 1.00
5782, 0, 217.976, 0.88, 1, 0.00, 0.00, 0.00, 0.00, 0.28, 0.00, 0.00, 0.11, 0.67, 1.01, 0.00, 0.17, 0.03, 0.71, 0.00, 1.15, 0.00, 0.00, 0.00, 0.00, 1.00, 0.00, 0.00, 0.00, 0.00, 0.00, 0.00, 1.00, 0.00, 0.00, 1.00, 0.00, 1.00, 0.00, 1.00
5783, 0, 218.014, 0.93, 1, 0.00, 0.00, 0.00, 0.00, 0.36, 0.01, 0.00, 0.20, 0.78, 1.07, 0.00, 0.24, 0.03, 0.69, 0.18, 1.19, 0.01, 0.00, 0.00, 0.00, 1.00, 0.00, 0.00, 0.00, 0.00, 0.00, 1.00, 1.00, 0.00, 0.00, 1.00, 0.00, 1.00, 0.00, 1.00
5784, 0, 218.052, 0.88, 1, 0.00, 0.00, 0.00, 0.00, 0.27, 0.02, 0.00, 0.33, 0.83, 1.07, 0.00, 0.34, 0.00, 0.63, 0.45, 1.44, 0.02, 0.00, 0.00, 0.00, 1.00, 0.00, 0.00, 0.00, 0.00, 1.00, 1.00, 1.00, 0.00, 0.00, 1.00, 0.00, 1.00, 0.00, 1.00
5785, 0, 218.089, 0.88, 1, 0.00, 0.00, 0.00, 0.00, 0.13, 0.02, 0.00, 0.34, 1.00, 1.01, 0.00, 0.45, 0.00, 0.36, 0.59, 1.75, 0.02, 0.00, 0.00, 0.00, 1.00, 0.00, 0.00, 0.00, 0.00, 1.00, 1.00, 1.00, 0.00, 0.00, 1.00, 0.00, 1.00, 0.00, 1.00
5786, 0, 218.127, 0.88, 1, 0.00, 0.00, 0.00, 0.00, 0.05, 0.01, 0.00, 0.38, 1.14, 1.04, 0.00, 0.51, 0.00, 0.25, 0.54, 1.76, 0.01, 0.00, 0.00, 0.00, 1.00, 0.00, 0.00, 0.00, 0.00, 1.00, 1.00, 1.00, 0.00, 0.00, 1.00, 0.00, 0.00, 0.00, 1.00
5787, 0, 218.165, 0.93, 1, 0.00, 0.00, 0.00, 0.00, 0.00, 0.00, 0.00, 0.40, 1.33, 1.06, 0.00, 0.69, 0.00, 0.14, 0.38, 1.71, 0.01, 0.00, 0.00, 0.00, 1.00, 0.00, 0.00, 0.00, 0.00, 1.00, 1.00, 1.00, 1.00, 0.00, 1.00, 0.00, 0.00, 0.00, 1.00
5788, 0, 218.202, 0.93, 1, 0.00, 0.00, 0.00, 0.00, 0.00, 0.00, 0.00, 0.31, 1.35, 1.09, 0.00, 0.84, 0.00, 0.23, 0.41, 1.47, 0.02, 0.00, 0.00, 0.00, 1.00, 0.00, 0.00, 0.00, 0.00, 1.00, 1.00, 1.00, 1.00, 0.00, 1.00, 0.00, 0.00, 0.00, 1.00
5789, 0, 218.240, 0.88, 1, 0.00, 0.00, 0.00, 0.00, 0.00, 0.00, 0.00, 0.16, 1.33, 1.27, 0.00, 1.06, 0.00, 0.29, 0.41, 1.22, 0.09, 0.00, 0.00, 0.00, 1.00, 0.00, 0.00, 0.00, 0.00, 1.00, 1.00, 1.00, 1.00, 0.00, 1.00, 0.00, 0.00, 0.00, 1.00
5790, 0, 218.278, 0.88, 1, 0.00, 0.00, 0.00, 0.00, 0.12, 0.00, 0.00, 0.13, 1.38, 1.22, 0.00, 1.04, 0.00, 0.23, 0.55, 1.27, 0.12, 0.00, 0.00, 0.00, 1.00, 0.00, 0.00, 0.00, 0.00, 1.00, 1.00, 1.00, 1.00, 0.00, 0.00, 0.00, 0.00, 0.00, 1.00
5791, 0, 218.316, 0.98, 1, 0.00, 0.00, 0.00, 0.00, 0.24, 0.00, 0.00, 0.24, 1.50, 1.21, 0.00, 1.00, 0.00, 0.17, 0.64, 1.26, 0.13, 0.00, 0.00, 0.00, 1.00, 0.00, 0.00, 0.00, 0.00, 1.00, 1.00, 0.00, 1.00, 0.00, 0.00, 1.00, 1.00, 0.00, 1.00
5792, 0, 218.353, 0.88, 1, 0.00, 0.00, 0.00, 0.00, 0.34, 0.00, 0.00, 0.31, 1.59, 0.85, 0.00, 0.74, 0.00, 0.13, 0.74, 1.36, 0.18, 0.00, 0.00, 0.00, 1.00, 0.00, 0.00, 0.00, 0.00, 1.00, 1.00, 0.00, 1.00, 0.00, 0.00, 1.00, 1.00, 0.00, 1.00
5793, 0, 218.391, 0.88, 1, 0.00, 0.00, 0.00, 0.00, 0.33, 0.00, 0.00, 0.36, 1.60, 0.89, 0.00, 0.74, 0.00, 0.17, 0.65, 1.32, 0.14, 0.00, 0.00, 0.00, 1.00, 0.00, 0.00, 0.00, 0.00, 1.00, 1.00, 0.00, 1.00, 0.00, 0.00, 1.00, 1.00, 0.00, 1.00
5794, 0, 218.429, 0.88, 1, 0.02, 0.00, 0.00, 0.00, 0.31, 0.02, 0.00, 0.46, 1.58, 1.02, 0.00, 0.73, 0.00, 0.15, 0.48, 1.36, 0.12, 0.00, 0.00, 0.00, 1.00, 0.00, 0.00, 0.00, 0.00, 1.00, 1.00, 0.00, 1.00, 0.00, 0.00, 1.00, 1.00, 0.00, 1.00
5795, 0, 218.466, 0.88, 1, 0.07, 0.00, 0.00, 0.00, 0.21, 0.02, 0.00, 0.59, 1.62, 1.30, 0.00, 0.73, 0.00, 0.16, 0.31, 1.41, 0.16, 0.00, 0.00, 0.00, 1.00, 0.00, 0.00, 0.00, 0.00, 1.00, 1.00, 0.00, 1.00, 0.00, 0.00, 1.00, 1.00, 0.00, 1.00
5796, 0, 218.504, 0.88, 1, 0.12, 0.00, 0.00, 0.00, 0.11, 0.02, 0.00, 0.60, 1.63, 1.41, 0.00, 0.66, 0.00, 0.18, 0.20, 1.26, 0.31, 0.00, 0.00, 0.00, 1.00, 0.00, 0.00, 0.00, 0.00, 1.00, 1.00, 1.00, 1.00, 0.00, 0.00, 1.00, 1.00, 0.00, 1.00
5797, 0, 218.542, 0.88, 1, 0.16, 0.20, 0.00, 0.00, 0.00, 0.00, 0.00, 0.51, 1.63, 1.50, 0.00, 0.69, 0.00, 0.28, 0.33, 1.25, 0.45, 0.00, 0.00, 0.00, 1.00, 0.00, 0.00, 0.00, 0.00, 1.00, 1.00, 1.00, 1.00, 0.00, 0.00, 1.00, 1.00, 0.00, 1.00
5798, 0, 218.580, 0.88, 1, 0.11, 0.22, 0.00, 0.00, 0.00, 0.00, 0.00, 0.38, 1.63, 1.44, 0.00, 0.84, 0.00, 0.28, 0.54, 1.37, 0.45, 0.00, 0.00, 0.00, 1.00, 0.00, 0.00, 0.00, 0.00, 1.00, 1.00, 1.00, 0.00, 0.00, 0.00, 1.00, 1.00, 0.00, 1.00
5799, 0, 218.617, 0.88, 1, 0.06, 0.22, 0.00, 0.00, 0.00, 0.00, 0.00, 0.33, 1.58, 1.28, 0.00, 0.88, 0.00, 0.31, 0.85, 1.62, 0.51, 0.00, 0.00, 0.00, 1.00, 0.00, 0.00, 0.00, 0.00, 1.00, 1.00, 1.00, 0.00, 0.00, 0.00, 1.00, 1.00, 0.00, 1.00
5800, 0, 218.655, 0.88, 1, 0.00, 0.02, 0.00, 0.00, 0.00, 0.00, 0.00, 0.31, 1.58, 1.12, 0.00, 0.75, 0.00, 0.29, 1.04, 1.90, 0.58, 0.00, 0.00, 0.00, 1.00, 0.00, 0.00, 0.00, 0.00, 1.00, 1.00, 1.00, 1.00, 0.00, 0.00, 1.00, 1.00, 0.00, 1.00
5801, 0, 218.693, 0.88, 1, 0.00, 0.00, 0.00, 0.00, 0.11, 0.00, 0.00, 0.49, 1.67, 1.25, 0.00, 0.70, 0.00, 0.36, 1.29, 2.25, 0.51, 0.00, 0.00, 0.00, 1.00, 0.00, 0.00, 0.00, 0.00, 1.00, 1.00, 1.00, 1.00, 0.00, 0.00, 1.00, 1.00, 0.00, 1.00
5802, 0, 218.730, 0.93, 1, 0.00, 0.00, 0.00, 0.00, 0.22, 0.00, 0.00, 0.66, 1.81, 1.45, 0.00, 0.72, 0.00, 0.40, 1.46, 2.52, 0.37, 0.00, 0.00, 0.00, 1.00, 0.00, 0.00, 0.00, 0.00, 1.00, 1.00, 1.00, 1.00, 0.00, 0.00, 1.00, 1.00, 0.00, 1.00
5803, 0, 218.768, 0.88, 1, 0.00, 0.00, 0.00, 0.00, 0.33, 0.08, 0.00, 0.80, 1.88, 1.46, 0.00, 0.87, 0.00, 0.43, 1.48, 2.56, 0.29, 0.00, 0.00, 0.00, 1.00, 0.00, 0.00, 0.00, 0.00, 1.00, 1.00, 1.00, 1.00, 0.00, 0.00, 1.00, 1.00, 0.00, 1.00
5804, 0, 218.806, 0.88, 1, 0.00, 0.00, 0.00, 0.00, 0.40, 0.08, 0.00, 0.74, 1.88, 1.32, 0.00, 0.96, 0.00, 0.43, 1.36, 2.27, 0.47, 0.00, 0.00, 0.00, 1.00, 0.00, 0.00, 0.00, 0.00, 1.00, 1.00, 1.00, 1.00, 0.00, 0.00, 1.00, 1.00, 0.00, 1.00
5805, 0, 218.843, 0.88, 1, 0.00, 0.00, 0.00, 0.00, 0.33, 0.08, 0.00, 0.83, 1.74, 1.21, 0.00, 0.88, 0.10, 0.39, 0.88, 1.65, 0.55, 0.00, 0.00, 0.00, 1.00, 0.00, 0.00, 0.00, 0.00, 1.00, 1.00, 1.00, 1.00, 0.00, 0.00, 1.00, 1.00, 0.00, 1.00
5806, 0, 218.881, 0.88, 1, 0.00, 0.00, 0.00, 0.00, 0.22, 0.00, 0.00, 0.85, 1.62, 1.25, 0.00, 0.56, 0.10, 0.36, 0.46, 1.25, 0.55, 0.00, 0.00, 0.00, 1.00, 0.00, 0.00, 0.00, 0.00, 1.00, 1.00, 1.00, 0.00, 0.00, 0.00, 0.00, 0.00, 0.00, 1.00
5807, 0, 218.919, 0.93, 1, 0.00, 0.00, 0.00, 0.00, 0.09, 0.00, 0.00, 0.89, 1.44, 1.30, 0.00, 0.30, 0.10, 0.29, 0.06, 1.06, 0.50, 0.00, 0.00, 0.00, 1.00, 0.00, 0.00, 0.00, 0.00, 1.00, 0.00, 1.00, 0.00, 0.00, 0.00, 0.00, 0.00, 0.00, 1.00
5808, 0, 218.957, 0.88, 1, 0.00, 0.00, 0.00, 0.00, 0.09, 0.00, 0.00, 0.75, 1.38, 1.29, 0.00, 0.21, 0.01, 0.27, 0.04, 1.16, 0.61, 0.00, 0.00, 0.00, 1.00, 0.00, 0.00, 0.00, 0.00, 1.00, 0.00, 1.00, 0.00, 0.00, 0.00, 0.00, 0.00, 0.00, 1.00
5809, 0, 218.994, 0.93, 1, 0.00, 0.00, 0.00, 0.00, 0.12, 0.00, 0.00, 0.76, 1.36, 1.15, 0.00, 0.44, 0.01, 0.20, 0.13, 1.38, 0.67, 0.00, 0.00, 0.00, 1.00, 0.00, 0.00, 0.00, 0.00, 1.00, 0.00, 1.00, 0.00, 0.00, 0.00, 0.00, 0.00, 0.00, 1.00
5810, 0, 219.032, 0.93, 1, 0.00, 0.00, 0.00, 0.00, 0.09, 0.00, 0.00, 0.68, 1.21, 1.16, 0.00, 0.49, 0.01, 0.24, 0.13, 1.31, 0.44, 0.00, 0.00, 0.00, 1.00, 0.00, 0.00, 0.00, 0.00, 1.00, 1.00, 1.00, 0.00, 0.00, 0.00, 0.00, 0.00, 0.00, 1.00
5811, 0, 219.070, 0.88, 1, 0.00, 0.00, 0.05, 0.00, 0.09, 0.00, 0.00, 0.62, 1.09, 1.39, 0.00, 0.54, 0.00, 0.27, 0.09, 1.32, 0.39, 0.00, 0.00, 0.00, 1.00, 0.00, 0.00, 0.00, 0.00, 1.00, 1.00, 1.00, 0.00, 0.00, 0.00, 0.00, 0.00, 0.00, 1.00
5812, 0, 219.107, 0.88, 1, 0.00, 0.00, 0.10, 0.00, 0.06, 0.00, 0.00, 0.48, 0.99, 1.82, 0.00, 0.50, 0.00, 0.31, 0.00, 1.17, 0.34, 0.00, 0.00, 0.00, 1.00, 0.00, 0.00, 0.00, 0.00, 1.00, 1.00, 1.00, 1.00, 0.00, 0.00, 0.00, 1.00, 0.00, 1.00
5813, 0, 219.145, 0.93, 1, 0.00, 0.00, 0.20, 0.00, 0.08, 0.02, 0.00, 0.57, 1.09, 1.94, 0.00, 0.53, 0.00, 0.26, 0.00, 1.38, 0.35, 0.00, 0.00, 0.00, 1.00, 0.00, 0.00, 0.00, 0.00, 1.00, 1.00, 1.00, 1.00, 0.00, 0.00, 0.00, 1.00, 0.00, 1.00
5814, 0, 219.183, 0.93, 1, 0.00, 0.00, 0.23, 0.00, 0.08, 0.02, 0.00, 0.62, 1.19, 1.89, 0.00, 0.62, 0.00, 0.18, 0.00, 1.48, 0.15, 0.00, 0.00, 0.00, 1.00, 0.00, 0.00, 0.00, 0.00, 1.00, 1.00, 1.00, 0.00, 0.00, 0.00, 0.00, 0.00, 0.00, 1.00
5815, 0, 219.221, 0.93, 1, 0.00, 0.00, 0.19, 0.00, 0.13, 0.02, 0.00, 0.78, 1.17, 1.39, 0.00, 0.45, 0.02, 0.25, 0.00, 1.35, 0.13, 0.00, 0.00, 0.00, 1.00, 0.00, 0.00, 0.00, 0.00, 1.00, 1.00, 1.00, 1.00, 0.00, 0.00, 0.00, 1.00, 0.00, 1.00
5816, 0, 219.258, 0.88, 1, 0.00, 0.00, 0.09, 0.00, 0.09, 0.00, 0.00, 0.69, 1.05, 1.27, 0.00, 0.29, 0.02, 0.29, 0.00, 1.25, 0.11, 0.00, 0.00, 0.00, 1.00, 0.00, 0.00, 0.00, 0.00, 1.00, 1.00, 1.00, 1.00, 0.00, 0.00, 0.00, 1.00, 0.00, 1.00
5817, 0, 219.296, 0.88, 1, 0.00, 0.00, 0.00, 0.00, 0.05, 0.00, 0.00, 0.64, 0.93, 1.04, 0.00, 0.39, 0.02, 0.33, 0.02, 1.51, 0.22, 0.00, 0.00, 0.00, 1.00, 0.00, 0.00, 0.00, 0.00, 1.00, 1.00, 1.00, 0.00, 0.00, 0.00, 0.00, 1.00, 0.00, 1.00
5818, 0, 219.334, 0.88, 1, 0.00, 0.00, 0.00, 0.08, 0.00, 0.00, 0.00, 0.53, 1.00, 0.98, 0.00, 0.49, 0.00, 0.35, 0.12, 1.84, 0.40, 0.00, 0.00, 0.00, 1.00, 0.00, 0.00, 0.00, 0.00, 1.00, 1.00, 1.00, 0.00, 0.00, 0.00, 0.00, 1.00, 0.00, 1.00
5819, 0, 219.371, 0.88, 1, 0.00, 0.00, 0.00, 0.08, 0.00, 0.00, 0.00, 0.55, 1.10, 0.81, 0.00, 0.55, 0.00, 0.36, 0.37, 2.14, 0.54, 0.00, 0.00, 0.00, 1.00, 0.00, 0.00, 0.00, 0.00, 0.00, 0.00, 1.00, 0.00, 0.00, 0.00, 0.00, 1.00, 0.00, 1.00
5820, 0, 219.409, 0.88, 1, 0.00, 0.00, 0.00, 0.08, 0.01, 0.00, 0.00, 0.52, 1.22, 0.85, 0.00, 0.34, 0.04, 0.34, 0.78, 2.09, 0.52, 0.00, 0.00, 0.00, 1.00, 0.00, 0.00, 0.00, 0.00, 0.00, 0.00, 1.00, 0.00, 0.00, 0.00, 0.00, 1.00, 0.00, 1.00
5821, 0, 219.447, 0.88, 1, 0.00, 0.00, 0.00, 0.01, 0.05, 0.00, 0.00, 0.40, 1.12, 1.00, 0.00, 0.24, 0.11, 0.30, 0.95, 2.14, 0.24, 0.00, 0.00, 0.00, 1.00, 0.00, 0.00, 0.00, 0.00, 0.00, 0.00, 1.00, 0.00, 0.00, 0.00, 0.00, 1.00, 0.00, 1.00
5822, 0, 219.484, 0.88, 1, 0.00, 0.00, 0.00, 0.02, 0.27, 0.08, 0.00, 0.39, 1.10, 0.90, 0.00, 0.14, 0.20, 0.17, 0.91, 2.06, 0.15, 0.00, 0.00, 0.00, 1.00, 0.00, 0.00, 0.00, 0.00, 0.00, 0.00, 1.00, 0.00, 0.00, 0.00, 0.00, 1.00, 0.00, 1.00
5823, 0, 219.522, 0.93, 1, 0.02, 0.00, 0.00, 0.14, 0.27, 0.16, 0.00, 0.35, 0.89, 0.68, 0.00, 0.01, 0.16, 0.16, 0.52, 1.93, 0.07, 0.00, 0.00, 0.00, 1.00, 0.00, 0.00, 0.00, 0.00, 0.00, 0.00, 1.00, 0.00, 0.00, 0.00, 0.00, 1.00, 0.00, 1.00
5824, 0, 219.560, 0.93, 1, 0.02, 0.00, 0.00, 0.19, 0.23, 0.16, 0.00, 0.45, 0.85, 0.53, 0.00, 0.05, 0.33, 0.12, 0.37, 1.79, 0.04, 0.00, 0.00, 0.00, 1.00, 0.00, 0.00, 0.00, 0.00, 0.00, 0.00, 1.00, 0.00, 0.00, 0.00, 0.00, 1.00, 0.00, 1.00
5825, 0, 219.598, 0.93, 1, 0.02, 0.00, 0.00, 0.18, 0.14, 0.27, 0.00, 0.25, 0.63, 0.57, 0.00, 0.39, 0.39, 0.21, 0.41, 1.85, 0.00, 0.00, 0.00, 0.00, 1.00, 0.00, 0.00, 0.00, 0.00, 0.00, 0.00, 1.00, 0.00, 0.00, 0.00, 0.00, 1.00, 0.00, 1.00
5826, 0, 219.635, 0.98, 1, 0.00, 0.00, 0.00, 0.06, 0.26, 0.36, 0.00, 0.14, 0.56, 0.63, 0.00, 0.79, 0.53, 0.26, 0.57, 2.00, 0.00, 0.00, 0.00, 0.00, 1.00, 0.00, 0.00, 0.00, 0.00, 0.00, 0.00, 1.00, 0.00, 0.00, 0.00, 0.00, 1.00, 0.00, 1.00
5827, 0, 219.673, 0.98, 1, 0.00, 0.00, 0.00, 0.00, 0.37, 0.43, 0.00, 0.12, 0.44, 0.84, 0.00, 0.88, 0.28, 0.28, 0.65, 2.18, 0.08, 0.00, 0.00, 0.00, 1.00, 0.00, 0.00, 0.00, 0.00, 0.00, 1.00, 1.00, 0.00, 0.00, 1.00, 0.00, 1.00, 0.00, 1.00
5828, 0, 219.711, 0.93, 1, 0.00, 0.00, 0.00, 0.00, 0.27, 0.23, 0.00, 0.12, 0.41, 0.90, 0.00, 0.68, 0.13, 0.29, 0.61, 2.31, 0.23, 0.00, 0.00, 0.00, 1.00, 0.00, 0.00, 0.00, 0.00, 0.00, 1.00, 1.00, 0.00, 0.00, 1.00, 0.00, 1.00, 0.00, 1.00
5829, 0, 219.748, 0.93, 1, 0.02, 0.00, 0.00, 0.00, 0.18, 0.07, 0.00, 0.28, 0.44, 1.11, 0.00, 0.35, 0.00, 0.36, 0.59, 2.37, 0.23, 0.00, 0.00, 0.00, 1.00, 0.00, 0.00, 0.00, 0.00, 0.00, 1.00, 1.00, 0.00, 0.00, 1.00, 0.00, 1.00, 0.00, 1.00
5830, 0, 219.786, 0.93, 1, 0.02, 0.00, 0.00, 0.04, 0.16, 0.14, 0.00, 0.16, 0.55, 0.69, 0.00, 0.21, 0.00, 0.43, 0.74, 2.07, 0.15, 0.00, 0.00, 0.00, 1.00, 0.00, 0.00, 0.00, 0.00, 0.00, 0.00, 1.00, 0.00, 0.00, 1.00, 0.00, 1.00, 0.00, 1.00
5831, 0, 219.824, 0.98, 1, 0.02, 0.00, 0.00, 0.04, 0.21, 0.14, 0.00, 0.16, 0.62, 0.57, 0.00, 0.08, 0.00, 0.45, 0.86, 1.73, 0.03, 0.00, 0.00, 0.00, 1.00, 0.00, 0.00, 0.00, 0.00, 0.00, 0.00, 0.00, 0.00, 0.00, 1.00, 0.00, 1.00, 0.00, 0.00
5832, 0, 219.862, 0.98, 1, 0.00, 0.00, 0.00, 0.04, 0.25, 0.17, 0.00, 0.00, 0.63, 0.23, 0.00, 0.00, 0.00, 0.39, 1.01, 1.41, 0.05, 0.00, 0.00, 0.00, 1.00, 0.00, 0.00, 0.00, 0.00, 0.00, 0.00, 0.00, 0.00, 0.00, 1.00, 0.00, 1.00, 0.00, 0.00
5833, 0, 219.899, 0.98, 1, 0.00, 0.00, 0.00, 0.00, 0.15, 0.07, 0.00, 0.00, 0.52, 0.31, 0.00, 0.00, 0.00, 0.32, 1.12, 1.44, 0.05, 0.00, 0.00, 0.00, 1.00, 0.00, 0.00, 0.00, 0.00, 0.00, 0.00, 0.00, 0.00, 0.00, 1.00, 0.00, 1.00, 0.00, 0.00
5834, 0, 219.937, 0.98, 1, 0.00, 0.00, 0.00, 0.00, 0.07, 0.07, 0.00, 0.00, 0.45, 0.16, 0.00, 0.00, 0.00, 0.40, 1.42, 1.40, 0.14, 0.00, 0.00, 0.00, 1.00, 0.00, 0.00, 0.00, 0.00, 0.00, 0.00, 0.00, 0.00, 0.00, 1.00, 1.00, 0.00, 0.00, 0.00
5835, 0, 219.975, 0.98, 1, 0.00, 0.00, 0.00, 0.00, 0.00, 0.17, 0.00, 0.00, 0.33, 0.07, 0.00, 0.06, 0.00, 0.32, 1.27, 1.02, 0.12, 0.00, 0.00, 0.00, 1.00, 0.00, 0.00, 0.00, 0.00, 0.00, 0.00, 1.00, 0.00, 0.00, 1.00, 1.00, 0.00, 0.00, 0.00
5836, 0, 220.012, 0.93, 1, 0.00, 0.00, 0.00, 0.00, 0.00, 0.20, 0.00, 0.00, 0.29, 0.00, 0.00, 0.06, 0.00, 0.23, 1.20, 0.86, 0.11, 0.00, 0.00, 0.00, 1.00, 0.00, 0.00, 0.00, 0.00, 0.00, 0.00, 1.00, 0.00, 0.00, 1.00, 1.00, 0.00, 0.00, 0.00
5837, 0, 220.050, 0.98, 1, 0.00, 0.00, 0.00, 0.00, 0.00, 0.42, 0.00, 0.00, 0.36, 0.00, 0.00, 0.18, 0.00, 0.04, 0.89, 0.67, 0.00, 0.00, 0.00, 0.00, 1.00, 0.00, 0.00, 0.00, 0.00, 0.00, 0.00, 1.00, 0.00, 0.00, 1.00, 1.00, 0.00, 0.00, 0.00
5838, 0, 220.088, 0.98, 1, 0.03, 0.00, 0.00, 0.00, 0.00, 0.56, 0.00, 0.13, 0.42, 0.05, 0.00, 0.12, 0.30, 0.01, 1.16, 1.00, 0.00, 0.00, 0.00, 0.00, 1.00, 0.00, 0.00, 0.00, 0.00, 0.00, 0.00, 1.00, 0.00, 0.00, 1.00, 1.00, 0.00, 0.00, 0.00
5839, 0, 220.125, 0.98, 1, 0.03, 0.00, 0.00, 0.00, 0.00, 0.72, 0.01, 0.34, 0.45, 0.05, 0.00, 0.42, 0.49, 0.01, 1.29, 1.10, 0.00, 0.00, 0.00, 0.00, 1.00, 0.00, 0.00, 0.00, 0.00, 0.00, 0.00, 1.00, 0.00, 0.00, 1.00, 1.00, 0.00, 0.00, 0.00
5840, 0, 220.163, 0.98, 1, 0.03, 0.00, 0.00, 0.00, 0.06, 0.50, 0.01, 0.85, 0.44, 0.12, 0.00, 0.49, 0.48, 0.03, 1.52, 1.29, 0.00, 0.00, 0.00, 0.00, 1.00, 0.00, 0.00, 0.00, 0.00, 0.00, 0.00, 1.00, 0.00, 0.00, 1.00, 1.00, 0.00, 0.00, 0.00
5841, 0, 220.201, 0.98, 1, 0.00, 0.00, 0.00, 0.00, 0.06, 0.24, 0.01, 1.29, 0.50, 0.24, 0.00, 0.60, 0.19, 0.06, 1.55, 1.19, 0.00, 0.00, 0.00, 0.00, 1.00, 0.00, 0.00, 0.00, 1.00, 0.00, 0.00, 0.00, 0.00, 0.00, 1.00, 1.00, 0.00, 0.00, 0.00
5842, 0, 220.239, 0.98, 1, 0.00, 0.00, 0.01, 0.00, 0.06, 0.00, 0.00, 1.62, 0.54, 0.30, 0.00, 0.43, 0.00, 0.11, 1.47, 0.96, 0.00, 0.00, 0.00, 0.00, 1.00, 0.00, 0.00, 0.00, 1.00, 0.00, 0.00, 0.00, 0.00, 0.00, 1.00, 1.00, 0.00, 0.00, 0.00
5843, 0, 220.276, 0.98, 1, 0.00, 0.00, 0.01, 0.00, 0.00, 0.00, 0.00, 1.56, 0.50, 0.51, 0.00, 0.41, 0.00, 0.17, 1.18, 0.76, 0.00, 0.00, 0.00, 0.00, 1.00, 0.00, 0.00, 0.00, 1.00, 0.00, 0.00, 0.00, 0.00, 0.00, 1.00, 1.00, 0.00, 0.00, 0.00
5844, 0, 220.314, 0.98, 1, 0.00, 0.10, 0.01, 0.00, 0.00, 0.00, 0.00, 1.44, 0.50, 0.58, 0.00, 0.53, 0.00, 0.23, 1.03, 0.55, 0.00, 0.00, 0.00, 0.00, 1.00, 0.00, 0.00, 0.00, 1.00, 0.00, 0.00, 0.00, 0.00, 0.00, 1.00, 1.00, 0.00, 0.00, 0.00
5845, 0, 220.352, 0.98, 1, 0.00, 0.20, 0.00, 0.00, 0.06, 0.02, 0.00, 1.05, 0.65, 0.62, 0.00, 0.40, 0.00, 0.18, 1.18, 0.52, 0.00, 0.00, 0.00, 0.00, 1.00, 0.00, 0.00, 0.00, 0.00, 0.00, 0.00, 0.00, 0.00, 0.00, 1.00, 1.00, 0.00, 0.00, 0.00
5846, 0, 220.389, 0.98, 1, 0.00, 0.20, 0.00, 0.00, 0.06, 0.02, 0.00, 0.78, 0.80, 0.47, 0.00, 0.23, 0.00, 0.09, 1.44, 0.61, 0.00, 0.00, 0.00, 0.00, 1.00, 0.00, 0.00, 0.00, 0.00, 0.00, 0.00, 0.00, 0.00, 0.00, 1.00, 1.00, 0.00, 0.00, 0.00
5847, 0, 220.427, 0.98, 1, 0.00, 0.17, 0.00, 0.00, 0.06, 0.02, 0.00, 0.59, 0.95, 0.30, 0.00, 0.00, 0.00, 0.05, 1.71, 0.78, 0.00, 0.00, 0.00, 0.00, 1.00, 0.00, 0.00, 0.00, 0.00, 0.00, 0.00, 0.00, 0.00, 0.00, 1.00, 1.00, 0.00, 0.00, 0.00
5848, 0, 220.465, 0.98, 1, 0.00, 0.07, 0.00, 0.00, 0.06, 0.00, 0.00, 0.63, 0.89, 0.39, 0.00, 0.10, 0.00, 0.09, 1.44, 0.88, 0.00, 0.00, 0.00, 0.00, 1.00, 0.00, 0.00, 0.00, 0.00, 0.00, 0.00, 0.00, 0.00, 0.00, 1.00, 1.00, 0.00, 0.00, 0.00
5849, 0, 220.503, 0.98, 1, 0.00, 0.11, 0.00, 0.00, 0.12, 0.00, 0.00, 0.64, 0.85, 0.49, 0.00, 0.18, 0.00, 0.13, 1.32, 0.74, 0.00, 0.00, 0.00, 0.00, 1.00, 0.00, 0.00, 0.00, 0.00, 0.00, 0.00, 0.00, 0.00, 0.00, 1.00, 1.00, 0.00, 0.00, 0.00
5850, 0, 220.540, 0.98, 1, 0.00, 0.05, 0.00, 0.07, 0.17, 0.00, 0.00, 0.75, 0.84, 0.57, 0.00, 0.18, 0.00, 0.08, 1.33, 0.71, 0.00, 0.00, 0.00, 0.00, 1.00, 0.00, 0.00, 0.00, 0.00, 0.00, 0.00, 0.00, 0.00, 0.00, 1.00, 1.00, 0.00, 0.00, 0.00
5851, 0, 220.578, 0.98, 1, 0.00, 0.05, 0.00, 0.12, 0.12, 0.00, 0.00, 0.84, 0.83, 0.64, 0.00, 0.08, 0.00, 0.04, 1.28, 0.71, 0.00, 0.00, 0.00, 0.00, 1.00, 0.00, 0.00, 0.00, 0.00, 0.00, 0.00, 0.00, 0.00, 0.00, 1.00, 1.00, 0.00, 0.00, 0.00
5852, 0, 220.616, 0.98, 1, 0.00, 0.01, 0.00, 0.34, 0.05, 0.00, 0.00, 0.76, 0.76, 0.64, 0.00, 0.00, 0.00, 0.01, 1.27, 0.67, 0.00, 0.00, 0.00, 0.00, 1.00, 0.00, 0.00, 0.00, 0.00, 0.00, 0.00, 0.00, 0.00, 0.00, 1.00, 0.00, 0.00, 0.00, 0.00
5853, 0, 220.653, 0.98, 1, 0.00, 0.01, 0.00, 0.28, 0.01, 0.00, 0.00, 0.59, 0.65, 0.62, 0.00, 0.00, 0.00, 0.01, 0.90, 0.77, 0.00, 0.00, 0.00, 0.00, 1.00, 0.00, 0.00, 0.00, 0.00, 0.00, 0.00, 0.00, 0.00, 0.00, 1.00, 0.00, 0.00, 0.00, 0.00
5854, 0, 220.691, 0.98, 1, 0.00, 0.11, 0.00, 0.22, 0.06, 0.00, 0.00, 0.59, 0.68, 0.50, 0.00, 0.00, 0.01, 0.12, 0.95, 0.67, 0.00, 0.00, 0.00, 0.00, 1.00, 0.00, 0.00, 0.00, 0.00, 1.00, 0.00, 0.00, 0.00, 0.00, 1.00, 0.00, 0.00, 0.00, 0.00
5855, 0, 220.729, 0.98, 1, 0.00, 0.10, 0.00, 0.00, 0.08, 0.00, 0.00, 0.79, 0.80, 0.31, 0.12, 0.00, 0.25, 0.12, 1.12, 0.55, 0.00, 0.00, 0.00, 0.00, 1.00, 0.00, 0.00, 0.00, 0.00, 1.00, 0.00, 0.00, 0.00, 0.00, 1.00, 0.00, 0.00, 0.00, 0.00
5856, 0, 220.766, 0.98, 1, 0.00, 0.10, 0.00, 0.00, 0.09, 0.00, 0.00, 0.90, 0.84, 0.39, 0.20, 0.00, 0.48, 0.12, 1.31, 0.30, 0.00, 0.00, 0.00, 0.00, 1.00, 0.00, 0.00, 0.00, 0.00, 1.00, 0.00, 0.00, 0.00, 0.00, 1.00, 1.00, 0.00, 0.00, 0.00
5857, 0, 220.804, 0.98, 1, 0.00, 0.00, 0.00, 0.00, 0.04, 0.00, 0.00, 1.11, 0.82, 0.61, 0.33, 0.00, 0.48, 0.02, 1.36, 0.26, 0.00, 0.00, 0.00, 0.00, 1.00, 0.00, 0.00, 0.00, 0.00, 1.00, 0.00, 0.00, 0.00, 0.00, 1.00, 1.00, 0.00, 0.00, 0.00
5858, 0, 220.842, 0.98, 1, 0.00, 0.00, 0.00, 0.00, 0.01, 0.00, 0.00, 1.09, 0.69, 0.83, 0.21, 0.00, 0.24, 0.00, 1.08, 0.24, 0.00, 0.00, 0.00, 0.00, 1.00, 0.00, 0.00, 0.00, 0.00, 1.00, 0.00, 0.00, 0.00, 0.00, 1.00, 1.00, 0.00, 0.00, 0.00
5859, 0, 220.880, 0.93, 1, 0.00, 0.06, 0.00, 0.00, 0.01, 0.00, 0.00, 1.04, 0.62, 0.93, 0.13, 0.00, 0.00, 0.00, 0.88, 0.15, 0.00, 0.00, 0.00, 0.00, 1.00, 0.00, 0.00, 0.00, 0.00, 1.00, 0.00, 0.00, 0.00, 1.00, 1.00, 1.00, 0.00, 0.00, 0.00
5860, 0, 220.917, 0.88, 1, 0.01, 0.06, 0.00, 0.00, 0.00, 0.00, 0.00, 1.10, 0.63, 0.56, 0.01, 0.35, 0.34, 0.00, 0.94, 0.39, 0.00, 0.00, 0.00, 0.00, 1.00, 0.00, 0.00, 0.00, 0.00, 1.00, 0.00, 0.00, 0.00, 0.00, 1.00, 1.00, 0.00, 0.00, 0.00
5861, 0, 220.955, 0.93, 1, 0.05, 0.06, 0.00, 0.00, 0.00, 0.00, 0.00, 1.35, 0.72, 0.31, 0.03, 0.65, 0.70, 0.00, 1.12, 0.69, 0.00, 0.00, 0.00, 0.00, 1.00, 0.00, 0.00, 0.00, 0.00, 1.00, 0.00, 0.00, 0.00, 0.00, 1.00, 1.00, 0.00, 0.00, 0.00
5862, 0, 220.993, 0.93, 1, 0.19, 0.00, 0.00, 0.02, 0.04, 0.02, 0.00, 1.53, 0.79, 0.00, 0.24, 0.71, 0.70, 0.00, 1.27, 0.69, 0.00, 0.00, 0.00, 0.00, 1.00, 0.00, 0.00, 0.00, 0.00, 1.00, 0.00, 0.00, 0.00, 0.00, 0.00, 1.00, 0.00, 0.00, 0.00
5863, 0, 221.030, 0.98, 1, 0.34, 0.00, 0.00, 0.02, 0.04, 0.07, 0.00, 1.53, 0.70, 0.14, 0.57, 0.48, 0.36, 0.00, 1.25, 0.66, 0.01, 0.00, 0.00, 0.00, 1.00, 0.00, 0.00, 0.00, 0.00, 1.00, 0.00, 0.00, 0.00, 0.00, 0.00, 1.00, 0.00, 0.00, 0.00
5864, 0, 221.068, 0.88, 1, 0.40, 0.00, 0.00, 0.14, 0.04, 0.07, 0.00, 1.66, 0.59, 0.17, 0.71, 0.19, 0.00, 0.00, 0.93, 0.35, 0.01, 0.00, 0.00, 0.00, 1.00, 0.00, 0.00, 0.00, 1.00, 1.00, 0.00, 0.00, 0.00, 0.00, 0.00, 0.00, 0.00, 0.00, 0.00
5865, 0, 221.106, 0.98, 1, 0.39, 0.00, 0.00, 0.12, 0.00, 0.05, 0.07, 1.62, 0.41, 0.23, 0.72, 0.13, 0.00, 0.03, 0.55, 0.35, 0.01, 0.00, 0.00, 0.00, 1.00, 0.00, 0.00, 0.00, 1.00, 1.00, 0.00, 1.00, 0.00, 0.00, 0.00, 0.00, 0.00, 0.00, 0.00
5866, 0, 221.144, 0.98, 1, 0.37, 0.00, 0.00, 0.12, 0.00, 0.11, 0.17, 1.74, 0.35, 0.49, 0.49, 0.05, 0.01, 0.03, 0.13, 0.01, 0.00, 0.00, 0.00, 0.00, 1.00, 0.00, 0.00, 0.00, 1.00, 1.00, 0.00, 1.00, 0.00, 0.00, 0.00, 0.00, 0.00, 0.00, 0.00
5867, 0, 221.181, 0.98, 1, 0.41, 0.00, 0.00, 0.00, 0.00, 0.19, 0.28, 1.71, 0.29, 0.88, 0.41, 0.06, 0.02, 0.03, 0.00, 0.00, 0.00, 0.00, 0.00, 0.00, 1.00, 0.00, 0.00, 0.00, 1.00, 1.00, 0.00, 1.00, 0.00, 0.00, 1.00, 0.00, 0.00, 0.00, 0.00
5868, 0, 221.219, 0.98, 1, 0.45, 0.00, 0.00, 0.00, 0.00, 0.28, 0.30, 2.02, 0.32, 1.15, 0.34, 0.11, 0.02, 0.00, 0.00, 0.00, 0.00, 0.00, 0.00, 0.00, 1.00, 0.00, 0.00, 0.00, 1.00, 1.00, 0.00, 1.00, 0.00, 0.00, 1.00, 0.00, 0.00, 0.00, 0.00
5869, 0, 221.257, 0.98, 1, 0.42, 0.00, 0.00, 0.00, 0.00, 0.25, 0.25, 2.02, 0.31, 0.81, 0.58, 0.30, 0.00, 0.05, 0.00, 0.00, 0.00, 0.00, 0.00, 0.00, 1.00, 0.00, 1.00, 0.00, 1.00, 1.00, 0.00, 1.00, 0.00, 0.00, 1.00, 0.00, 0.00, 0.00, 0.00
5870, 0, 221.294, 0.98, 1, 0.48, 0.00, 0.00, 0.00, 0.00, 0.17, 0.25, 2.22, 0.23, 0.69, 0.50, 0.41, 0.00, 0.24, 0.00, 0.00, 0.00, 0.00, 0.00, 0.00, 1.00, 0.00, 1.00, 0.00, 1.00, 1.00, 0.00, 1.00, 0.00, 0.00, 1.00, 0.00, 0.00, 0.00, 0.00
5871, 0, 221.332, 0.98, 1, 0.42, 0.00, 0.00, 0.00, 0.01, 0.08, 0.25, 2.26, 0.14, 0.47, 0.34, 0.51, 0.13, 0.33, 0.00, 0.00, 0.00, 0.00, 0.00, 0.00, 1.00, 0.00, 1.00, 0.00, 1.00, 0.00, 0.00, 1.00, 0.00, 0.00, 1.00, 0.00, 0.00, 0.00, 0.00
5872, 0, 221.370, 0.98, 1, 0.41, 0.00, 0.00, 0.00, 0.01, 0.00, 0.31, 2.31, 0.03, 0.58, 0.00, 0.44, 0.29, 0.37, 0.00, 0.00, 0.00, 0.00, 0.00, 0.00, 1.00, 0.00, 1.00, 0.00, 1.00, 0.00, 0.00, 1.00, 0.00, 0.00, 0.00, 0.00, 0.00, 0.00, 0.00
5873, 0, 221.407, 0.98, 1, 0.41, 0.00, 0.00, 0.00, 0.01, 0.00, 0.33, 2.15, 0.04, 0.51, 0.00, 0.44, 0.36, 0.27, 0.00, 0.00, 0.05, 0.00, 0.00, 0.00, 1.00, 0.00, 1.00, 0.00, 1.00, 0.00, 0.00, 1.00, 0.00, 0.00, 0.00, 0.00, 0.00, 0.00, 0.00
5874, 0, 221.445, 0.98, 1, 0.49, 0.00, 0.00, 0.00, 0.00, 0.11, 0.44, 2.00, 0.09, 0.54, 0.00, 0.35, 0.37, 0.25, 0.00, 0.00, 0.17, 0.00, 0.00, 0.00, 1.00, 0.00, 1.00, 0.00, 1.00, 0.00, 0.00, 1.00, 0.00, 0.00, 0.00, 0.00, 0.00, 0.00, 0.00
5875, 0, 221.483, 0.98, 1, 0.59, 0.00, 0.00, 0.00, 0.00, 0.11, 0.33, 1.75, 0.23, 0.50, 0.05, 0.23, 0.21, 0.22, 0.09, 0.00, 0.25, 0.00, 0.00, 0.00, 1.00, 0.00, 1.00, 0.00, 1.00, 0.00, 0.00, 1.00, 0.00, 0.00, 0.00, 0.00, 0.00, 0.00, 0.00
5876, 0, 221.521, 0.88, 1, 0.54, 0.00, 0.00, 0.00, 0.00, 0.11, 0.20, 1.44, 0.31, 0.49, 0.08, 0.11, 0.14, 0.13, 0.09, 0.00, 0.26, 0.00, 0.00, 0.00, 0.00, 0.00, 0.00, 0.00, 0.00, 1.00, 0.00, 1.00, 0.00, 0.00, 0.00, 0.00, 0.00, 0.00, 0.00
5877, 0, 221.558, 0.93, 1, 0.42, 0.00, 0.00, 0.00, 0.00, 0.00, 0.00, 1.18, 0.36, 0.58, 0.20, 0.13, 0.00, 0.15, 0.09, 0.00, 0.32, 0.00, 0.00, 0.00, 0.00, 0.00, 0.00, 0.00, 0.00, 1.00, 0.00, 1.00, 0.00, 0.00, 0.00, 0.00, 0.00, 0.00, 0.00
5878, 0, 221.596, 0.93, 1, 0.25, 0.00, 0.00, 0.00, 0.00, 0.00, 0.00, 1.03, 0.29, 0.66, 0.48, 0.25, 0.00, 0.15, 0.00, 0.00, 0.34, 0.00, 0.00, 0.00, 0.00, 0.00, 0.00, 0.00, 0.00, 1.00, 0.00, 1.00, 0.00, 0.00, 0.00, 0.00, 0.00, 0.00, 0.00
5879, 0, 221.634, 0.93, 1, 0.20, 0.00, 0.00, 0.00, 0.00, 0.00, 0.00, 0.91, 0.20, 0.51, 0.66, 0.24, 0.00, 0.16, 0.00, 0.00, 0.37, 0.00, 0.00, 0.00, 0.00, 0.00, 0.00, 0.00, 0.00, 1.00, 0.00, 1.00, 0.00, 0.00, 0.00, 0.00, 0.00, 0.00, 0.00
5880, 0, 221.671, 0.98, 1, 0.36, 0.08, 0.00, 0.00, 0.00, 0.00, 0.05, 1.19, 0.14, 0.27, 0.57, 0.26, 0.00, 0.08, 0.20, 0.00, 0.54, 0.00, 0.00, 0.00, 0.00, 0.00, 0.00, 0.00, 0.00, 0.00, 0.00, 1.00, 0.00, 0.00, 0.00, 0.00, 0.00, 0.00, 0.00
5881, 0, 221.709, 0.88, 1, 0.50, 0.12, 0.00, 0.00, 0.00, 0.00, 0.10, 1.55, 0.06, 0.07, 0.25, 0.28, 0.00, 0.01, 0.25, 0.00, 0.76, 0.00, 0.00, 0.00, 1.00, 0.00, 0.00, 0.00, 1.00, 0.00, 0.00, 1.00, 0.00, 0.00, 0.00, 0.00, 0.00, 0.00, 0.00
5882, 0, 221.747, 0.88, 1, 0.63, 0.15, 0.00, 0.00, 0.00, 0.00, 0.10, 2.02, 0.05, 0.00, 0.15, 0.45, 0.00, 0.00, 0.41, 0.07, 0.92, 0.00, 0.00, 0.00, 1.00, 0.00, 0.00, 0.00, 1.00, 0.00, 0.00, 1.00, 0.00, 0.00, 0.00, 0.00, 0.00, 0.00, 0.00
5883, 0, 221.785, 0.88, 1, 0.60, 0.07, 0.00, 0.00, 0.00, 0.00, 0.05, 2.09, 0.10, 0.00, 0.49, 0.47, 0.00, 0.05, 0.27, 0.13, 0.74, 0.00, 0.00, 0.00, 1.00, 0.00, 0.00, 0.00, 1.00, 0.00, 0.00, 1.00, 0.00, 0.00, 0.00, 0.00, 0.00, 0.00, 0.00
5884, 0, 221.822, 0.88, 1, 0.65, 0.03, 0.00, 0.00, 0.00, 0.00, 0.00, 2.09, 0.18, 0.00, 0.77, 0.34, 0.00, 0.10, 0.27, 0.17, 0.59, 0.00, 0.00, 0.00, 1.00, 0.00, 0.00, 0.00, 1.00, 0.00, 0.00, 1.00, 0.00, 0.00, 1.00, 0.00, 0.00, 0.00, 0.00
5885, 0, 221.860, 0.88, 1, 0.60, 0.08, 0.00, 0.00, 0.00, 0.00, 0.00, 1.97, 0.22, 0.00, 0.82, 0.31, 0.00, 0.12, 0.12, 0.10, 0.57, 0.00, 0.00, 0.00, 1.00, 0.00, 0.00, 0.00, 1.00, 0.00, 0.00, 1.00, 0.00, 0.00, 1.00, 0.00, 0.00, 0.00, 0.00
5886, 0, 221.898, 0.88, 1, 0.57, 0.10, 0.00, 0.00, 0.00, 0.00, 0.00, 1.80, 0.16, 0.00, 0.73, 0.23, 0.00, 0.11, 0.05, 0.04, 0.63, 0.00, 0.00, 0.00, 1.00, 0.00, 0.00, 0.00, 1.00, 0.00, 0.00, 1.00, 0.00, 0.00, 1.00, 0.00, 0.00, 0.00, 0.00
5887, 0, 221.935, 0.93, 1, 0.44, 0.11, 0.00, 0.00, 0.00, 0.00, 0.00, 1.72, 0.17, 0.00, 0.76, 0.29, 0.00, 0.06, 0.25, 0.03, 0.46, 0.00, 0.00, 0.00, 1.00, 0.00, 0.00, 0.00, 1.00, 0.00, 0.00, 1.00, 0.00, 0.00, 1.00, 0.00, 0.00, 0.00, 0.00
5888, 0, 221.973, 0.98, 1, 0.32, 0.03, 0.00, 0.00, 0.00, 0.00, 0.00, 1.53, 0.30, 0.51, 0.58, 0.16, 0.00, 0.04, 0.41, 0.03, 0.25, 0.00, 0.00, 0.00, 1.00, 0.00, 0.00, 0.00, 1.00, 0.00, 0.00, 1.00, 0.00, 0.00, 1.00, 1.00, 0.00, 0.00, 0.00
5889, 0, 222.011, 0.93, 1, 0.21, 0.01, 0.00, 0.00, 0.00, 0.00, 0.00, 1.58, 0.43, 0.82, 0.41, 0.11, 0.00, 0.00, 0.63, 0.03, 0.05, 0.00, 0.00, 0.00, 1.00, 0.00, 0.00, 0.00, 1.00, 0.00, 0.00, 1.00, 0.00, 0.00, 1.00, 1.00, 0.00, 0.00, 0.00
5890, 0, 222.048, 0.98, 1, 0.11, 0.00, 0.00, 0.00, 0.13, 0.00, 0.09, 1.22, 0.61, 1.02, 0.10, 0.00, 0.00, 0.07, 0.68, 0.00, 0.04, 0.00, 0.00, 0.00, 1.00, 0.00, 0.00, 0.00, 1.00, 1.00, 0.00, 0.00, 0.00, 0.00, 1.00, 1.00, 0.00, 0.00, 0.00
5891, 0, 222.086, 0.98, 1, 0.06, 0.00, 0.00, 0.00, 0.20, 0.00, 0.17, 1.04, 0.68, 0.68, 0.10, 0.00, 0.00, 0.08, 0.82, 0.06, 0.02, 0.00, 0.00, 0.00, 1.00, 0.00, 0.00, 0.00, 1.00, 1.00, 0.00, 0.00, 0.00, 0.00, 1.00, 1.00, 0.00, 0.00, 0.00
5892, 0, 222.124, 0.98, 1, 0.00, 0.00, 0.00, 0.00, 0.27, 0.00, 0.34, 0.73, 0.77, 0.59, 0.00, 0.00, 0.00, 0.08, 0.84, 0.06, 0.00, 0.00, 0.00, 0.00, 1.00, 0.00, 0.00, 0.00, 1.00, 1.00, 0.00, 0.00, 0.00, 0.00, 1.00, 1.00, 0.00, 0.00, 0.00
5893, 0, 222.162, 0.98, 1, 0.00, 0.00, 0.00, 0.00, 0.14, 0.00, 0.35, 0.71, 0.81, 0.73, 0.00, 0.04, 0.00, 0.02, 0.63, 0.15, 0.04, 0.00, 0.00, 0.00, 1.00, 0.00, 0.00, 0.00, 1.00, 1.00, 0.00, 0.00, 0.00, 0.00, 1.00, 1.00, 0.00, 0.00, 0.00
5894, 0, 222.199, 0.98, 1, 0.00, 0.00, 0.00, 0.00, 0.07, 0.00, 0.33, 0.73, 0.83, 0.87, 0.00, 0.04, 0.00, 0.01, 0.60, 0.09, 0.04, 0.00, 0.00, 0.00, 1.00, 0.00, 0.00, 0.00, 1.00, 1.00, 0.00, 0.00, 0.00, 0.00, 1.00, 1.00, 0.00, 0.00, 0.00
5895, 0, 222.237, 0.98, 1, 0.12, 0.20, 0.00, 0.00, 0.00, 0.00, 0.16, 0.91, 0.76, 0.98, 0.00, 0.07, 0.00, 0.00, 0.97, 0.35, 0.04, 0.00, 0.00, 0.00, 1.00, 0.00, 0.00, 0.00, 1.00, 1.00, 0.00, 0.00, 0.00, 0.00, 1.00, 1.00, 0.00, 0.00, 0.00
5896, 0, 222.275, 0.93, 1, 0.20, 0.21, 0.00, 0.00, 0.00, 0.00, 0.06, 1.11, 0.65, 1.02, 0.00, 0.03, 0.00, 0.00, 1.54, 0.47, 0.00, 0.00, 0.00, 0.00, 1.00, 0.00, 0.00, 0.00, 1.00, 1.00, 1.00, 0.00, 0.00, 0.00, 1.00, 1.00, 1.00, 0.00, 0.00
5897, 0, 222.312, 0.93, 1, 0.28, 0.21, 0.00, 0.00, 0.00, 0.00, 0.03, 1.25, 0.57, 1.13, 0.00, 0.03, 0.00, 0.00, 1.90, 0.63, 0.00, 0.00, 0.00, 0.00, 1.00, 0.00, 0.00, 0.00, 1.00, 1.00, 1.00, 0.00, 0.00, 0.00, 1.00, 1.00, 1.00, 0.00, 0.00
5898, 0, 222.350, 0.93, 1, 0.22, 0.28, 0.00, 0.00, 0.00, 0.00, 0.03, 1.13, 0.60, 1.11, 0.02, 0.00, 0.00, 0.00, 1.79, 0.74, 0.00, 0.00, 0.00, 0.00, 1.00, 0.00, 0.00, 0.00, 0.00, 1.00, 1.00, 0.00, 0.00, 0.00, 1.00, 1.00, 1.00, 0.00, 0.00
5899, 0, 222.388, 0.93, 1, 0.14, 0.30, 0.00, 0.00, 0.00, 0.00, 0.03, 0.83, 0.63, 1.09, 0.26, 0.00, 0.00, 0.00, 1.54, 0.76, 0.00, 0.00, 0.00, 0.00, 1.00, 0.00, 0.00, 0.00, 0.00, 1.00, 1.00, 0.00, 0.00, 0.00, 1.00, 1.00, 1.00, 0.00, 0.00
5900, 0, 222.426, 0.93, 1, 0.06, 0.30, 0.00, 0.00, 0.00, 0.00, 0.00, 0.42, 0.70, 1.05, 0.48, 0.00, 0.00, 0.06, 1.04, 0.95, 0.00, 0.00, 0.00, 0.00, 1.00, 0.00, 0.00, 0.00, 0.00, 1.00, 1.00, 0.00, 0.00, 0.00, 1.00, 1.00, 1.00, 0.00, 0.00
5901, 0, 222.463, 0.93, 1, 0.01, 0.02, 0.00, 0.00, 0.00, 0.00, 0.00, 0.10, 0.79, 1.04, 0.47, 0.01, 0.00, 0.06, 0.73, 1.10, 0.00, 0.00, 0.00, 0.00, 1.00, 0.00, 0.00, 0.00, 0.00, 1.00, 1.00, 0.00, 0.00, 0.00, 1.00, 0.00, 0.00, 0.00, 0.00
5902, 0, 222.501, 0.93, 1, 0.00, 0.00, 0.00, 0.00, 0.00, 0.00, 0.00, 0.02, 0.85, 0.83, 0.22, 0.01, 0.00, 0.06, 0.46, 1.35, 0.00, 0.00, 1.00, 0.00, 1.00, 0.00, 0.00, 0.00, 0.00, 1.00, 1.00, 0.00, 0.00, 0.00, 1.00, 0.00, 0.00, 0.00, 0.00
5903, 0, 222.539, 0.93, 1, 0.05, 0.00, 0.00, 0.00, 0.01, 0.07, 0.07, 0.02, 0.81, 0.66, 0.00, 0.01, 0.00, 0.00, 0.41, 1.34, 0.00, 0.00, 0.00, 0.00, 1.00, 0.00, 0.00, 0.00, 0.00, 1.00, 1.00, 0.00, 0.00, 0.00, 1.00, 0.00, 0.00, 0.00, 0.00
5904, 0, 222.576, 0.98, 1, 0.05, 0.00, 0.00, 0.00, 0.10, 0.07, 0.08, 0.08, 0.79, 0.59, 0.08, 0.00, 0.00, 0.02, 0.35, 1.10, 0.00, 0.00, 0.00, 0.00, 1.00, 0.00, 0.00, 0.00, 0.00, 1.00, 1.00, 0.00, 0.00, 0.00, 1.00, 0.00, 0.00, 0.00, 0.00
5905, 0, 222.614, 0.98, 1, 0.06, 0.03, 0.00, 0.00, 0.10, 0.07, 0.08, 0.38, 0.69, 0.74, 0.17, 0.09, 0.00, 0.02, 0.31, 0.62, 0.00, 0.00, 0.00, 0.00, 1.00, 0.00, 0.00, 0.00, 0.00, 1.00, 1.00, 0.00, 0.00, 0.00, 1.00, 1.00, 0.00, 0.00, 0.00
5906, 0, 222.652, 0.98, 1, 0.01, 0.05, 0.00, 0.00, 0.09, 0.00, 0.01, 0.55, 0.63, 0.90, 0.27, 0.12, 0.00, 0.02, 0.34, 0.33, 0.00, 0.00, 0.00, 0.00, 1.00, 0.00, 0.00, 0.00, 0.00, 1.00, 1.00, 0.00, 0.00, 0.00, 1.00, 1.00, 0.00, 0.00, 0.00
5907, 0, 222.689, 0.98, 1, 0.01, 0.05, 0.00, 0.00, 0.03, 0.00, 0.00, 0.77, 0.60, 1.08, 0.38, 0.12, 0.00, 0.00, 0.51, 0.31, 0.00, 0.00, 0.00, 0.00, 1.00, 0.00, 0.00, 0.00, 0.00, 1.00, 1.00, 0.00, 0.00, 0.00, 1.00, 1.00, 0.00, 0.00, 0.00
5908, 0, 222.727, 0.98, 1, 0.00, 0.01, 0.00, 0.00, 0.03, 0.00, 0.00, 0.79, 0.65, 1.19, 0.40, 0.06, 0.00, 0.00, 0.75, 0.49, 0.00, 0.00, 0.00, 0.00, 1.00, 0.00, 0.00, 0.00, 0.00, 1.00, 1.00, 0.00, 0.00, 0.00, 1.00, 1.00, 0.00, 0.00, 0.00
5909, 0, 222.765, 0.98, 1, 0.03, 0.00, 0.00, 0.00, 0.03, 0.00, 0.00, 1.06, 0.68, 1.31, 0.49, 0.08, 0.00, 0.00, 0.83, 0.63, 0.00, 0.00, 0.00, 0.00, 1.00, 0.00, 0.00, 0.00, 0.00, 1.00, 1.00, 0.00, 0.00, 0.00, 1.00, 1.00, 0.00, 0.00, 0.00
5910, 0, 222.803, 0.98, 1, 0.03, 0.00, 0.00, 0.00, 0.06, 0.00, 0.00, 1.06, 0.65, 1.34, 0.31, 0.08, 0.00, 0.00, 0.78, 0.38, 0.00, 0.00, 0.00, 0.00, 1.00, 0.00, 0.00, 0.00, 0.00, 1.00, 1.00, 0.00, 0.00, 0.00, 1.00, 1.00, 0.00, 0.00, 0.00
5911, 0, 222.840, 0.98, 1, 0.03, 0.00, 0.00, 0.00, 0.13, 0.00, 0.00, 0.96, 0.67, 1.36, 0.19, 0.05, 0.00, 0.00, 0.67, 0.23, 0.00, 0.00, 0.00, 0.00, 1.00, 0.00, 0.00, 0.00, 0.00, 1.00, 1.00, 0.00, 0.00, 0.00, 1.00, 1.00, 0.00, 0.00, 0.00
5912, 0, 222.878, 0.98, 1, 0.00, 0.00, 0.00, 0.00, 0.20, 0.00, 0.00, 0.78, 0.73, 1.32, 0.00, 0.00, 0.00, 0.00, 0.74, 0.15, 0.00, 0.00, 0.00, 0.00, 1.00, 0.00, 0.00, 0.00, 0.00, 1.00, 1.00, 0.00, 0.00, 0.00, 1.00, 1.00, 0.00, 0.00, 0.00
5913, 0, 222.916, 0.98, 1, 0.00, 0.00, 0.00, 0.00, 0.14, 0.00, 0.00, 0.88, 0.75, 1.36, 0.00, 0.00, 0.00, 0.00, 0.90, 0.20, 0.00, 0.00, 0.00, 0.00, 1.00, 0.00, 0.00, 0.00, 0.00, 1.00, 1.00, 0.00, 0.00, 0.00, 1.00, 1.00, 0.00, 0.00, 0.00
5914, 0, 222.953, 0.88, 1, 0.00, 0.00, 0.00, 0.00, 0.07, 0.00, 0.00, 1.08, 0.77, 1.25, 0.00, 0.00, 0.00, 0.00, 0.98, 0.17, 0.04, 0.00, 0.00, 0.00, 1.00, 0.00, 0.00, 0.00, 0.00, 1.00, 1.00, 0.00, 0.00, 0.00, 0.00, 1.00, 0.00, 0.00, 0.00
5915, 0, 222.991, 0.93, 1, 0.00, 0.00, 0.00, 0.00, 0.00, 0.00, 0.00, 0.97, 0.71, 1.16, 0.00, 0.00, 0.00, 0.00, 1.22, 0.29, 0.04, 0.00, 0.00, 0.00, 1.00, 0.00, 0.00, 0.00, 0.00, 1.00, 1.00, 0.00, 0.00, 0.00, 0.00, 1.00, 0.00, 0.00, 0.00
5916, 0, 223.029, 0.88, 1, 0.00, 0.00, 0.00, 0.00, 0.00, 0.00, 0.00, 0.72, 0.70, 0.97, 0.00, 0.00, 0.00, 0.00, 1.30, 0.41, 0.04, 0.00, 0.00, 0.00, 1.00, 0.00, 0.00, 0.00, 0.00, 1.00, 1.00, 0.00, 0.00, 0.00, 0.00, 1.00, 0.00, 0.00, 0.00
5917, 0, 223.067, 0.88, 1, 0.06, 0.00, 0.00, 0.00, 0.00, 0.00, 0.00, 0.45, 0.60, 1.08, 0.00, 0.00, 0.00, 0.00, 1.35, 0.50, 0.00, 0.00, 0.00, 0.00, 1.00, 0.00, 0.00, 0.00, 0.00, 1.00, 1.00, 0.00, 0.00, 0.00, 0.00, 1.00, 0.00, 0.00, 0.00
5918, 0, 223.104, 0.98, 1, 0.06, 0.00, 0.00, 0.00, 0.00, 0.00, 0.00, 0.52, 0.57, 1.06, 0.00, 0.00, 0.00, 0.07, 1.32, 0.47, 0.00, 0.00, 0.00, 0.00, 1.00, 0.00, 0.00, 0.00, 0.00, 1.00, 1.00, 0.00, 0.00, 0.00, 0.00, 1.00, 0.00, 0.00, 0.00
5919, 0, 223.142, 0.98, 1, 0.06, 0.00, 0.00, 0.00, 0.00, 0.00, 0.00, 0.68, 0.54, 1.08, 0.00, 0.00, 0.00, 0.16, 1.30, 0.58, 0.00, 0.00, 0.00, 0.00, 1.00, 0.00, 0.00, 0.00, 0.00, 1.00, 1.00, 0.00, 0.00, 0.00, 0.00, 1.00, 0.00, 0.00, 0.00
5920, 0, 223.180, 0.98, 1, 0.00, 0.00, 0.00, 0.15, 0.00, 0.00, 0.00, 0.71, 0.49, 0.93, 0.00, 0.00, 0.33, 0.16, 1.37, 0.49, 0.00, 0.00, 0.00, 0.00, 1.00, 0.00, 0.00, 0.00, 0.00, 1.00, 1.00, 0.00, 0.00, 0.00, 0.00, 1.00, 0.00, 0.00, 0.00
5921, 0, 223.217, 0.98, 1, 0.01, 0.00, 0.00, 0.15, 0.00, 0.00, 0.00, 0.57, 0.49, 1.14, 0.07, 0.00, 0.49, 0.09, 1.32, 0.37, 0.00, 0.00, 0.00, 0.00, 1.00, 0.00, 0.00, 0.00, 0.00, 1.00, 0.00, 0.00, 0.00, 0.00, 0.00, 1.00, 0.00, 0.00, 0.00
5922, 0, 223.255, 0.93, 1, 0.18, 0.02, 0.00, 0.15, 0.00, 0.00, 0.09, 0.32, 0.53, 1.23, 0.46, 0.00, 0.74, 0.00, 1.37, 0.23, 0.00, 0.00, 0.00, 0.00, 1.00, 0.00, 0.00, 0.00, 0.00, 1.00, 0.00, 0.00, 0.00, 0.00, 0.00, 1.00, 0.00, 0.00, 0.00
5923, 0, 223.293, 0.88, 1, 0.25, 0.02, 0.00, 0.00, 0.00, 0.00, 0.13, 0.13, 0.67, 1.31, 1.02, 0.00, 0.46, 0.00, 1.26, 0.23, 0.00, 0.00, 0.00, 0.00, 1.00, 0.00, 0.00, 0.00, 0.00, 1.00, 0.00, 0.00, 0.00, 0.00, 1.00, 1.00, 0.00, 0.00, 0.00
5924, 0, 223.330, 0.88, 1, 0.25, 0.02, 0.00, 0.00, 0.00, 0.00, 0.13, 0.05, 0.77, 0.97, 1.23, 0.00, 0.36, 0.00, 1.19, 0.17, 0.00, 0.00, 0.00, 0.00, 1.00, 0.00, 0.00, 0.00, 0.00, 1.00, 0.00, 0.00, 0.00, 0.00, 1.00, 1.00, 0.00, 0.00, 0.00
5925, 0, 223.368, 0.93, 1, 0.08, 0.00, 0.00, 0.00, 0.00, 0.00, 0.05, 0.61, 0.86, 1.31, 0.84, 0.00, 0.11, 0.02, 0.94, 0.13, 0.00, 0.00, 0.00, 0.00, 1.00, 0.00, 0.00, 0.00, 0.00, 1.00, 1.00, 0.00, 0.00, 0.00, 1.00, 1.00, 0.00, 0.00, 0.00
5926, 0, 223.406, 0.98, 1, 0.00, 0.00, 0.00, 0.00, 0.00, 0.00, 0.02, 1.07, 0.92, 1.57, 0.28, 0.00, 0.05, 0.02, 1.03, 0.24, 0.00, 0.00, 0.00, 0.00, 1.00, 0.00, 0.00, 0.00, 0.00, 1.00, 1.00, 0.00, 0.00, 0.00, 1.00, 1.00, 0.00, 0.00, 0.00
5927, 0, 223.444, 0.98, 1, 0.00, 0.00, 0.00, 0.12, 0.00, 0.00, 0.07, 1.52, 0.85, 1.91, 0.00, 0.00, 0.00, 0.02, 0.98, 0.25, 0.00, 0.00, 0.00, 0.00, 1.00, 0.00, 0.00, 0.00, 0.00, 1.00, 1.00, 0.00, 0.00, 0.00, 1.00, 0.00, 0.00, 0.00, 0.00
5928, 0, 223.481, 0.98, 1, 0.05, 0.00, 0.00, 0.12, 0.00, 0.00, 0.06, 1.37, 0.76, 1.86, 0.00, 0.08, 0.00, 0.10, 0.86, 0.33, 0.00, 0.00, 0.00, 0.00, 1.00, 0.00, 0.00, 0.00, 0.00, 1.00, 1.00, 0.00, 0.00, 0.00, 1.00, 1.00, 0.00, 0.00, 0.00
5929, 0, 223.519, 0.98, 1, 0.08, 0.00, 0.00, 0.12, 0.00, 0.00, 0.06, 1.30, 0.67, 1.86, 0.02, 0.13, 0.00, 0.19, 0.66, 0.41, 0.00, 0.00, 0.00, 0.00, 1.00, 0.00, 0.00, 0.00, 0.00, 1.00, 1.00, 0.00, 0.00, 0.00, 1.00, 1.00, 0.00, 0.00, 0.00
5930, 0, 223.557, 0.98, 1, 0.08, 0.00, 0.00, 0.00, 0.00, 0.00, 0.01, 1.08, 0.65, 1.55, 0.26, 0.13, 0.00, 0.25, 0.59, 0.39, 0.00, 0.00, 0.00, 0.00, 1.00, 0.00, 0.00, 0.00, 0.00, 1.00, 1.00, 0.00, 0.00, 0.00, 1.00, 1.00, 0.00, 0.00, 0.00
5931, 0, 223.594, 0.98, 1, 0.03, 0.00, 0.00, 0.00, 0.00, 0.00, 0.01, 0.76, 0.58, 1.32, 0.51, 0.05, 0.00, 0.18, 0.55, 0.18, 0.00, 0.00, 0.00, 0.00, 1.00, 0.00, 0.00, 0.00, 0.00, 1.00, 1.00, 0.00, 0.00, 0.00, 1.00, 1.00, 0.00, 0.00, 0.00
5932, 0, 223.632, 0.98, 1, 0.00, 0.00, 0.00, 0.00, 0.00, 0.00, 0.00, 0.69, 0.55, 1.22, 0.50, 0.00, 0.00, 0.08, 0.66, 0.04, 0.00, 0.00, 0.00, 0.00, 1.00, 0.00, 0.00, 0.00, 0.00, 1.00, 1.00, 0.00, 0.00, 0.00, 1.00, 1.00, 0.00, 0.00, 0.00
5933, 0, 223.670, 0.98, 1, 0.00, 0.00, 0.00, 0.00, 0.00, 0.00, 0.00, 0.78, 0.61, 1.66, 0.25, 0.01, 0.01, 0.03, 0.70, 0.18, 0.00, 0.00, 0.00, 0.00, 1.00, 0.00, 0.00, 0.00, 0.00, 1.00, 1.00, 0.00, 0.00, 0.00, 1.00, 1.00, 0.00, 0.00, 0.00
5934, 0, 223.708, 0.98, 1, 0.00, 0.00, 0.00, 0.00, 0.00, 0.00, 0.02, 0.84, 0.71, 1.64, 0.00, 0.01, 0.01, 0.00, 0.89, 0.21, 0.00, 0.00, 0.00, 0.00, 1.00, 0.00, 0.00, 0.00, 0.00, 1.00, 1.00, 0.00, 0.00, 0.00, 1.00, 1.00, 0.00, 0.00, 0.00
5935, 0, 223.745, 0.98, 1, 0.00, 0.00, 0.00, 0.00, 0.00, 0.08, 0.02, 0.82, 0.79, 1.39, 0.00, 0.01, 0.39, 0.00, 1.17, 0.17, 0.00, 0.00, 0.00, 0.00, 1.00, 0.00, 0.00, 0.00, 0.00, 1.00, 1.00, 0.00, 0.00, 0.00, 1.00, 1.00, 0.00, 0.00, 0.00
5936, 0, 223.783, 0.98, 1, 0.00, 0.00, 0.00, 0.00, 0.00, 0.15, 0.06, 0.87, 0.74, 0.98, 0.06, 0.00, 0.48, 0.01, 1.64, 0.03, 0.00, 0.00, 0.00, 0.00, 1.00, 0.00, 0.00, 0.00, 0.00, 1.00, 0.00, 0.00, 0.00, 0.00, 1.00, 1.00, 0.00, 0.00, 0.00
5937, 0, 223.821, 0.93, 1, 0.00, 0.00, 0.00, 0.00, 0.00, 0.15, 0.03, 1.06, 0.69, 0.74, 0.20, 0.00, 0.62, 0.01, 1.83, 0.00, 0.00, 0.00, 0.00, 0.00, 1.00, 0.00, 0.00, 0.00, 0.00, 1.00, 0.00, 0.00, 0.00, 0.00, 1.00, 1.00, 0.00, 0.00, 0.00
5938, 0, 223.858, 0.98, 1, 0.00, 0.00, 0.00, 0.00, 0.00, 0.06, 0.03, 1.16, 0.62, 0.69, 0.44, 0.00, 0.45, 0.01, 1.85, 0.00, 0.00, 0.00, 0.00, 0.00, 1.00, 0.00, 0.00, 0.00, 0.00, 1.00, 0.00, 0.00, 0.00, 0.00, 1.00, 1.00, 0.00, 0.00, 0.00
5939, 0, 223.896, 0.88, 1, 0.02, 0.00, 0.00, 0.00, 0.00, 0.00, 0.00, 1.36, 0.60, 0.50, 0.71, 0.00, 0.55, 0.00, 1.58, 0.00, 0.00, 0.00, 0.00, 0.00, 1.00, 0.00, 0.00, 0.00, 0.00, 1.00, 0.00, 0.00, 0.00, 0.00, 1.00, 1.00, 0.00, 0.00, 0.00
5940, 0, 223.934, 0.88, 1, 0.08, 0.00, 0.00, 0.00, 0.00, 0.00, 0.25, 1.71, 0.60, 0.56, 0.57, 0.00, 0.41, 0.00, 1.48, 0.00, 0.00, 0.00, 0.00, 0.00, 1.00, 0.00, 0.00, 0.00, 1.00, 1.00, 0.00, 0.00, 0.00, 0.00, 1.00, 1.00, 0.00, 0.00, 0.00
5941, 0, 223.971, 0.93, 1, 0.12, 0.00, 0.00, 0.00, 0.00, 0.00, 0.53, 2.00, 0.66, 0.66, 0.33, 0.00, 0.20, 0.00, 1.24, 0.00, 0.00, 0.00, 0.00, 0.00, 1.00, 0.00, 0.00, 0.00, 1.00, 1.00, 0.00, 0.00, 0.00, 0.00, 1.00, 1.00, 0.00, 0.00, 0.00
5942, 0, 224.009, 0.93, 1, 0.10, 0.00, 0.00, 0.00, 0.00, 0.00, 0.62, 2.05, 0.78, 0.98, 0.00, 0.00, 0.00, 0.00, 1.05, 0.00, 0.01, 0.00, 1.00, 0.00, 1.00, 0.00, 0.00, 0.00, 1.00, 1.00, 0.00, 0.00, 0.00, 0.00, 1.00, 1.00, 0.00, 0.00, 0.00
5943, 0, 224.047, 0.98, 1, 0.04, 0.00, 0.00, 0.00, 0.09, 0.00, 0.48, 1.73, 0.85, 0.89, 0.00, 0.00, 0.00, 0.00, 0.97, 0.00, 0.07, 0.00, 1.00, 0.00, 1.00, 0.00, 0.00, 0.00, 1.00, 1.00, 0.00, 0.00, 0.00, 0.00, 1.00, 1.00, 0.00, 0.00, 0.00
5944, 0, 224.085, 0.98, 1, 0.06, 0.00, 0.00, 0.00, 0.18, 0.00, 0.27, 1.52, 0.90, 0.92, 0.00, 0.00, 0.00, 0.00, 0.84, 0.00, 0.09, 0.00, 1.00, 0.00, 1.00, 0.00, 0.00, 0.00, 1.00, 1.00, 0.00, 0.00, 0.00, 0.00, 1.00, 1.00, 0.00, 0.00, 0.00
5945, 0, 224.122, 0.98, 1, 0.12, 0.02, 0.00, 0.00, 0.18, 0.00, 0.18, 1.26, 0.94, 0.67, 0.27, 0.40, 0.05, 0.00, 1.13, 0.00, 0.08, 0.00, 1.00, 0.00, 1.00, 0.00, 0.00, 0.00, 1.00, 1.00, 0.00, 0.00, 0.00, 0.00, 1.00, 1.00, 0.00, 0.00, 0.00
5946, 0, 224.160, 0.98, 1, 0.17, 0.02, 0.00, 0.00, 0.10, 0.00, 0.08, 1.38, 1.03, 0.84, 0.32, 0.79, 0.05, 0.00, 1.10, 0.00, 0.01, 0.00, 1.00, 0.00, 1.00, 0.00, 0.00, 0.00, 1.00, 1.00, 0.00, 0.00, 0.00, 0.00, 1.00, 0.00, 0.00, 0.00, 0.00
5947, 0, 224.198, 0.98, 1, 0.17, 0.06, 0.00, 0.00, 0.00, 0.00, 0.00, 1.43, 1.12, 0.82, 0.48, 1.11, 0.05, 0.00, 1.15, 0.00, 0.00, 0.00, 0.00, 0.00, 1.00, 0.00, 0.00, 0.00, 1.00, 1.00, 0.00, 0.00, 0.00, 0.00, 1.00, 0.00, 0.00, 0.00, 0.00
5948, 0, 224.235, 0.98, 1, 0.12, 0.04, 0.00, 0.00, 0.00, 0.00, 0.00, 1.58, 1.23, 1.12, 0.24, 0.87, 0.00, 0.00, 0.87, 0.00, 0.00, 0.00, 1.00, 0.00, 1.00, 0.00, 0.00, 0.00, 1.00, 1.00, 0.00, 0.00, 0.00, 0.00, 1.00, 0.00, 0.00, 0.00, 0.00
5949, 0, 224.273, 0.98, 1, 0.06, 0.08, 0.00, 0.09, 0.08, 0.00, 0.00, 1.44, 1.26, 1.15, 0.22, 0.48, 0.00, 0.00, 0.90, 0.00, 0.00, 0.00, 1.00, 0.00, 1.00, 0.00, 0.00, 0.00, 1.00, 1.00, 0.00, 0.00, 0.00, 0.00, 1.00, 0.00, 0.00, 0.00, 0.00
5950, 0, 224.311, 0.93, 1, 0.15, 0.04, 0.03, 0.09, 0.19, 0.00, 0.00, 1.52, 1.19, 0.80, 1.09, 0.27, 0.16, 0.00, 1.41, 0.00, 0.00, 0.00, 0.00, 0.00, 1.00, 0.00, 0.00, 0.00, 1.00, 1.00, 0.00, 0.00, 0.00, 0.00, 1.00, 1.00, 0.00, 0.00, 0.00
5951, 0, 224.349, 0.98, 1, 0.24, 0.04, 0.03, 0.09, 0.21, 0.00, 0.00, 1.62, 1.11, 0.54, 2.05, 0.13, 0.17, 0.00, 1.84, 0.00, 0.00, 0.00, 1.00, 0.00, 1.00, 0.00, 0.00, 0.00, 1.00, 1.00, 0.00, 0.00, 0.00, 0.00, 1.00, 1.00, 0.00, 0.00, 0.00
5952, 0, 224.386, 0.98, 1, 0.26, 0.00, 0.03, 0.00, 0.16, 0.00, 0.00, 1.83, 1.01, 0.22, 2.29, 0.39, 0.36, 0.04, 2.03, 0.00, 0.00, 0.00, 1.00, 0.00, 1.00, 0.00, 0.00, 0.00, 1.00, 1.00, 0.00, 0.00, 0.00, 0.00, 1.00, 1.00, 0.00, 0.00, 0.00
5953, 0, 224.424, 0.98, 1, 0.14, 0.00, 0.00, 0.00, 0.11, 0.00, 0.00, 1.87, 1.01, 0.56, 1.66, 0.53, 0.20, 0.04, 1.87, 0.00, 0.00, 0.00, 1.00, 0.00, 1.00, 0.00, 0.00, 0.00, 1.00, 1.00, 0.00, 0.00, 0.00, 0.00, 1.00, 1.00, 0.00, 0.00, 0.00
5954, 0, 224.462, 0.98, 1, 0.05, 0.00, 0.00, 0.00, 0.10, 0.00, 0.00, 1.90, 1.01, 0.54, 0.83, 0.50, 0.19, 0.04, 1.66, 0.00, 0.00, 0.00, 1.00, 0.00, 1.00, 0.00, 0.00, 0.00, 1.00, 1.00, 0.00, 0.00, 0.00, 0.00, 1.00, 1.00, 0.00, 0.00, 0.00
5955, 0, 224.499, 0.98, 1, 0.03, 0.00, 0.00, 0.00, 0.16, 0.09, 0.01, 1.85, 0.89, 0.96, 1.03, 0.56, 0.08, 0.00, 1.57, 0.00, 0.00, 0.00, 0.00, 0.00, 1.00, 0.00, 0.00, 0.00, 1.00, 1.00, 0.00, 1.00, 0.00, 0.00, 1.00, 1.00, 0.00, 0.00, 0.00
5956, 0, 224.537, 0.98, 1, 0.00, 0.00, 0.00, 0.00, 0.09, 0.09, 0.01, 1.70, 0.82, 1.02, 0.97, 0.71, 0.08, 0.00, 1.32, 0.00, 0.00, 0.00, 0.00, 0.00, 1.00, 0.00, 0.00, 0.00, 1.00, 1.00, 0.00, 1.00, 0.00, 0.00, 1.00, 1.00, 0.00, 0.00, 0.00
5957, 0, 224.575, 0.98, 1, 0.00, 0.00, 0.00, 0.00, 0.08, 0.09, 0.01, 1.56, 0.77, 1.27, 0.92, 0.90, 0.08, 0.00, 1.14, 0.00, 0.04, 0.00, 0.00, 0.00, 1.00, 0.00, 0.00, 0.00, 1.00, 1.00, 0.00, 1.00, 0.00, 0.00, 1.00, 1.00, 0.00, 0.00, 0.00
5958, 0, 224.612, 0.93, 1, 0.00, 0.00, 0.00, 0.00, 0.00, 0.00, 0.04, 1.54, 0.84, 1.08, 0.47, 0.69, 0.00, 0.00, 0.85, 0.00, 0.07, 0.00, 0.00, 0.00, 1.00, 0.00, 0.00, 0.00, 1.00, 1.00, 0.00, 1.00, 0.00, 0.00, 1.00, 0.00, 0.00, 0.00, 0.00
5959, 0, 224.650, 0.93, 1, 0.00, 0.00, 0.00, 0.00, 0.01, 0.00, 0.04, 1.68, 0.88, 0.77, 0.25, 0.49, 0.00, 0.00, 0.53, 0.00, 0.13, 0.00, 0.00, 0.00, 1.00, 0.00, 0.00, 0.00, 1.00, 1.00, 0.00, 1.00, 0.00, 0.00, 1.00, 0.00, 0.00, 0.00, 0.00
5960, 0, 224.688, 0.93, 1, 0.00, 0.00, 0.00, 0.00, 0.05, 0.00, 0.04, 1.62, 0.73, 0.44, 0.24, 0.50, 0.00, 0.00, 0.39, 0.00, 0.09, 0.00, 0.00, 0.00, 1.00, 0.00, 0.00, 0.00, 1.00, 1.00, 0.00, 1.00, 0.00, 0.00, 1.00, 0.00, 0.00, 0.00, 0.00
5961, 0, 224.726, 0.98, 1, 0.20, 0.00, 0.00, 0.00, 0.05, 0.00, 0.00, 1.60, 0.54, 0.17, 0.21, 0.72, 0.00, 0.01, 0.25, 0.02, 0.06, 0.00, 0.00, 0.00, 1.00, 0.00, 0.00, 0.00, 0.00, 1.00, 0.00, 1.00, 0.00, 0.00, 1.00, 0.00, 0.00, 0.00, 0.00
5962, 0, 224.763, 0.98, 1, 0.29, 0.00, 0.00, 0.00, 0.05, 0.00, 0.01, 1.72, 0.36, 0.12, 0.44, 0.87, 0.00, 0.01, 0.43, 0.05, 0.00, 0.00, 0.00, 0.00, 1.00, 0.00, 0.00, 0.00, 0.00, 1.00, 0.00, 1.00, 0.00, 0.00, 1.00, 0.00, 0.00, 0.00, 0.00
5963, 0, 224.801, 0.98, 1, 0.29, 0.00, 0.00, 0.11, 0.06, 0.00, 0.05, 1.91, 0.26, 0.06, 0.41, 0.92, 0.00, 0.01, 0.40, 0.05, 0.00, 0.00, 0.00, 0.00, 1.00, 0.00, 0.00, 0.00, 0.00, 1.00, 0.00, 1.00, 0.00, 0.00, 1.00, 0.00, 0.00, 0.00, 0.00
5964, 0, 224.839, 0.98, 1, 0.09, 0.00, 0.00, 0.20, 0.12, 0.00, 0.07, 2.01, 0.26, 0.06, 0.58, 0.79, 0.00, 0.00, 0.60, 0.08, 0.00, 0.00, 0.00, 0.00, 1.00, 0.00, 0.00, 0.00, 0.00, 0.00, 0.00, 1.00, 0.00, 0.00, 1.00, 0.00, 0.00, 0.00, 0.00
5965, 0, 224.876, 0.98, 1, 0.03, 0.00, 0.00, 0.27, 0.11, 0.00, 0.07, 2.04, 0.15, 0.00, 0.84, 0.46, 0.00, 0.00, 0.50, 0.04, 0.08, 0.00, 0.00, 0.00, 1.00, 0.00, 0.00, 0.00, 0.00, 0.00, 0.00, 1.00, 0.00, 0.00, 1.00, 0.00, 0.00, 0.00, 0.00
5966, 0, 224.914, 0.98, 1, 0.03, 0.00, 0.00, 0.19, 0.05, 0.00, 0.20, 2.05, 0.09, 0.00, 0.79, 0.21, 0.00, 0.00, 0.37, 0.04, 0.08, 0.00, 0.00, 0.00, 1.00, 0.00, 0.00, 0.00, 0.00, 0.00, 0.00, 1.00, 0.00, 0.00, 1.00, 0.00, 0.00, 0.00, 0.00
5967, 0, 224.952, 0.98, 1, 0.17, 0.00, 0.00, 0.12, 0.00, 0.00, 0.34, 2.08, 0.00, 0.00, 0.62, 0.00, 0.00, 0.00, 0.18, 0.00, 0.08, 0.00, 0.00, 0.00, 1.00, 0.00, 0.00, 0.00, 0.00, 0.00, 0.00, 1.00, 0.00, 0.00, 1.00, 0.00, 0.00, 0.00, 0.00
5968, 0, 224.990, 0.98, 1, 0.22, 0.00, 0.00, 0.14, 0.00, 0.09, 0.42, 1.84, 0.02, 0.00, 0.02, 0.00, 0.00, 0.00, 0.00, 0.00, 0.00, 0.00, 0.00, 0.00, 1.00, 0.00, 0.00, 0.00, 1.00, 0.00, 0.00, 1.00, 0.00, 0.00, 1.00, 0.00, 0.00, 0.00, 0.00
5969, 0, 225.027, 0.98, 1, 0.25, 0.00, 0.01, 0.11, 0.00, 0.24, 0.34, 1.70, 0.07, 0.00, 0.00, 0.00, 0.00, 0.00, 0.00, 0.00, 0.00, 0.00, 0.00, 0.00, 1.00, 0.00, 0.00, 0.00, 1.00, 0.00, 0.00, 1.00, 0.00, 0.00, 1.00, 0.00, 0.00, 0.00, 0.00
5970, 0, 225.065, 0.98, 1, 0.16, 0.13, 0.03, 0.09, 0.00, 0.24, 0.27, 1.69, 0.28, 0.46, 0.00, 0.12, 0.00, 0.00, 0.16, 0.24, 0.01, 0.00, 0.00, 0.00, 1.00, 0.00, 0.00, 0.00, 0.00, 0.00, 0.00, 1.00, 0.00, 0.00, 1.00, 0.00, 0.00, 0.00, 0.00
5971, 0, 225.103, 0.98, 1, 0.14, 0.15, 0.03, 0.00, 0.00, 0.14, 0.28, 1.67, 0.37, 0.92, 0.00, 0.16, 0.00, 0.00, 0.16, 0.34, 0.01, 0.00, 0.00, 0.00, 1.00, 0.00, 0.00, 0.00, 0.00, 0.00, 1.00, 1.00, 0.00, 0.00, 1.00, 0.00, 0.00, 0.00, 0.00
5972, 0, 225.140, 0.98, 1, 0.14, 0.15, 0.02, 0.00, 0.00, 0.00, 0.32, 1.48, 0.37, 1.23, 0.00, 0.16, 0.00, 0.00, 0.16, 0.34, 0.12, 0.00, 0.00, 0.00, 1.00, 0.00, 0.00, 0.00, 0.00, 0.00, 1.00, 1.00, 0.00, 0.00, 1.00, 0.00, 0.00, 0.00, 0.00
5973, 0, 225.178, 0.98, 1, 0.09, 0.02, 0.00, 0.00, 0.00, 0.00, 0.31, 1.20, 0.22, 1.23, 0.00, 0.05, 0.00, 0.00, 0.00, 0.10, 0.11, 0.00, 0.00, 0.00, 1.00, 0.00, 0.00, 0.00, 0.00, 0.00, 1.00, 1.00, 0.00, 0.00, 1.00, 0.00, 0.00, 0.00, 0.00
5974, 0, 225.216, 0.98, 1, 0.08, 0.00, 0.00, 0.00, 0.00, 0.00, 0.30, 1.21, 0.20, 1.20, 0.00, 0.06, 0.00, 0.00, 0.00, 0.00, 0.11, 0.00, 0.00, 0.00, 1.00, 0.00, 0.00, 0.00, 0.00, 1.00, 1.00, 0.00, 0.00, 0.00, 1.00, 0.00, 0.00, 0.00, 0.00
5975, 0, 225.253, 0.98, 1, 0.18, 0.11, 0.00, 0.00, 0.00, 0.00, 0.17, 1.50, 0.41, 1.26, 0.00, 0.06, 0.00, 0.00, 0.30, 0.00, 0.00, 0.00, 1.00, 0.00, 1.00, 0.00, 0.00, 0.00, 0.00, 1.00, 1.00, 0.00, 0.00, 0.00, 1.00, 0.00, 0.00, 0.00, 0.00
5976, 0, 225.291, 0.98, 1, 0.30, 0.21, 0.00, 0.00, 0.00, 0.00, 0.08, 1.76, 0.60, 1.14, 0.00, 0.06, 0.00, 0.00, 0.64, 0.00, 0.00, 0.00, 1.00, 0.00, 1.00, 0.00, 0.00, 0.00, 0.00, 1.00, 1.00, 0.00, 0.00, 0.00, 1.00, 0.00, 0.00, 0.00, 0.00
5977, 0, 225.329, 0.98, 1, 0.34, 0.28, 0.00, 0.00, 0.00, 0.00, 0.00, 1.62, 0.78, 1.11, 0.00, 0.00, 0.00, 0.00, 0.93, 0.05, 0.00, 0.00, 1.00, 0.00, 1.00, 0.00, 0.00, 0.00, 0.00, 1.00, 1.00, 0.00, 0.00, 0.00, 1.00, 1.00, 0.00, 0.00, 0.00
5978, 0, 225.367, 0.88, 1, 0.21, 0.17, 0.00, 0.00, 0.00, 0.00, 0.00, 1.25, 0.76, 1.12, 0.00, 0.00, 0.00, 0.00, 0.85, 0.06, 0.02, 0.00, 1.00, 0.00, 1.00, 0.00, 0.00, 0.00, 0.00, 1.00, 1.00, 0.00, 0.00, 0.00, 1.00, 1.00, 0.00, 0.00, 0.00
5979, 0, 225.404, 0.88, 1, 0.08, 0.07, 0.00, 0.00, 0.00, 0.00, 0.00, 0.78, 0.77, 0.98, 0.00, 0.00, 0.00, 0.00, 0.81, 0.06, 0.05, 0.00, 1.00, 0.00, 1.00, 0.00, 0.00, 0.00, 0.00, 1.00, 0.00, 0.00, 0.00, 0.00, 1.00, 1.00, 0.00, 0.00, 0.00
5980, 0, 225.442, 0.88, 1, 0.00, 0.00, 0.00, 0.00, 0.00, 0.00, 0.11, 0.77, 0.83, 0.81, 0.06, 0.00, 0.00, 0.00, 0.65, 0.02, 0.05, 0.00, 0.00, 0.00, 1.00, 0.00, 0.00, 0.00, 0.00, 1.00, 1.00, 0.00, 0.00, 0.00, 1.00, 1.00, 0.00, 0.00, 0.00
5981, 0, 225.480, 0.88, 1, 0.00, 0.00, 0.00, 0.00, 0.00, 0.00, 0.11, 0.82, 0.81, 0.57, 0.27, 0.00, 0.00, 0.00, 0.50, 0.00, 0.03, 0.00, 0.00, 0.00, 1.00, 0.00, 0.00, 0.00, 0.00, 1.00, 1.00, 0.00, 0.00, 0.00, 1.00, 1.00, 0.00, 0.00, 0.00
5982, 0, 225.517, 0.88, 1, 0.00, 0.00, 0.00, 0.00, 0.00, 0.00, 0.11, 0.97, 0.77, 0.52, 0.47, 0.00, 0.00, 0.00, 0.25, 0.00, 0.00, 0.00, 0.00, 0.00, 1.00, 0.00, 0.00, 0.00, 0.00, 1.00, 0.00, 0.00, 0.00, 0.00, 1.00, 1.00, 0.00, 0.00, 0.00
5983, 0, 225.555, 0.88, 1, 0.00, 0.00, 0.00, 0.03, 0.00, 0.00, 0.06, 0.92, 0.68, 0.42, 0.41, 0.00, 0.12, 0.00, 0.21, 0.00, 0.04, 0.00, 0.00, 0.00, 1.00, 0.00, 0.00, 0.00, 0.00, 1.00, 0.00, 0.00, 0.00, 0.00, 1.00, 0.00, 0.00, 0.00, 0.00
5984, 0, 225.593, 0.93, 1, 0.00, 0.00, 0.00, 0.03, 0.00, 0.00, 0.18, 0.82, 0.65, 0.29, 0.64, 0.00, 0.12, 0.00, 0.46, 0.00, 0.11, 0.00, 0.00, 0.00, 1.00, 0.00, 0.00, 0.00, 0.00, 1.00, 0.00, 0.00, 0.00, 0.00, 1.00, 0.00, 0.00, 0.00, 0.00
5985, 0, 225.631, 0.98, 1, 0.09, 0.00, 0.00, 0.03, 0.00, 0.00, 0.22, 0.88, 0.48, 0.24, 0.44, 0.00, 0.12, 0.02, 0.66, 0.00, 0.12, 0.00, 0.00, 0.00, 1.00, 0.00, 0.00, 0.00, 0.00, 0.00, 0.00, 0.00, 0.00, 0.00, 1.00, 0.00, 0.00, 0.00, 0.00
5986, 0, 225.668, 0.98, 1, 0.12, 0.00, 0.00, 0.00, 0.00, 0.00, 0.16, 0.82, 0.29, 0.17, 0.44, 0.00, 0.00, 0.09, 0.91, 0.00, 0.15, 0.00, 0.00, 0.00, 1.00, 0.00, 0.00, 0.00, 0.00, 0.00, 0.00, 0.00, 0.00, 0.00, 1.00, 0.00, 0.00, 0.00, 0.00
5987, 0, 225.706, 0.98, 1, 0.16, 0.00, 0.00, 0.00, 0.00, 0.00, 0.04, 0.91, 0.18, 0.27, 0.00, 0.00, 0.00, 0.11, 0.93, 0.00, 0.25, 0.00, 0.00, 0.00, 1.00, 0.00, 0.00, 0.00, 0.00, 0.00, 0.00, 0.00, 0.00, 0.00, 1.00, 0.00, 0.00, 0.00, 0.00
5988, 0, 225.744, 0.98, 1, 0.21, 0.00, 0.00, 0.00, 0.00, 0.00, 0.00, 0.76, 0.26, 0.24, 0.00, 0.00, 0.00, 0.10, 0.76, 0.00, 0.45, 0.00, 0.00, 0.00, 1.00, 0.00, 0.00, 0.00, 0.00, 0.00, 0.00, 0.00, 0.00, 0.00, 1.00, 0.00, 0.00, 0.00, 0.00
5989, 0, 225.781, 0.93, 1, 0.27, 0.00, 0.00, 0.00, 0.00, 0.00, 0.02, 0.67, 0.35, 0.36, 0.00, 0.00, 0.00, 0.09, 0.40, 0.00, 0.38, 0.00, 0.00, 0.00, 1.00, 0.00, 0.00, 0.00, 0.00, 0.00, 0.00, 0.00, 0.00, 0.00, 1.00, 0.00, 0.00, 0.00, 0.00
5990, 0, 225.819, 0.88, 1, 0.33, 0.00, 0.00, 0.00, 0.00, 0.00, 0.02, 0.46, 0.39, 0.51, 0.00, 0.00, 0.00, 0.12, 0.20, 0.00, 0.53, 0.00, 0.00, 0.00, 1.00, 0.00, 0.00, 0.00, 0.00, 0.00, 0.00, 0.00, 0.00, 0.00, 1.00, 0.00, 0.00, 0.00, 0.00
5991, 0, 225.857, 0.88, 1, 0.19, 0.00, 0.00, 0.00, 0.00, 0.00, 0.02, 0.24, 0.32, 0.67, 0.00, 0.00, 0.00, 0.14, 0.32, 0.00, 0.57, 0.00, 0.00, 0.00, 1.00, 0.00, 0.00, 0.00, 0.00, 0.00, 0.00, 0.00, 0.00, 0.00, 1.00, 0.00, 0.00, 0.00, 0.00
5992, 0, 225.894, 0.93, 1, 0.10, 0.00, 0.00, 0.00, 0.00, 0.00, 0.00, 0.07, 0.24, 0.50, 0.00, 0.00, 0.00, 0.17, 0.50, 0.00, 0.75, 0.00, 0.00, 0.00, 1.00, 0.00, 0.00, 0.00, 0.00, 0.00, 0.00, 0.00, 0.00, 0.00, 1.00, 0.00, 0.00, 0.00, 0.00
5993, 0, 225.932, 0.98, 1, 0.00, 0.10, 0.00, 0.00, 0.00, 0.00, 0.00, 0.00, 0.24, 0.38, 0.07, 0.00, 0.00, 0.13, 0.50, 0.00, 0.60, 0.00, 0.00, 0.00, 1.00, 0.00, 0.00, 0.00, 0.00, 0.00, 0.00, 0.00, 0.00, 0.00, 1.00, 0.00, 0.00, 0.00, 0.00
5994, 0, 225.970, 0.98, 1, 0.00, 0.19, 0.00, 0.00, 0.00, 0.00, 0.00, 0.00, 0.33, 0.25, 0.07, 0.00, 0.00, 0.11, 0.58, 0.00, 0.37, 0.00, 0.00, 0.00, 1.00, 0.00, 0.00, 0.00, 0.00, 0.00, 0.00, 0.00, 0.00, 0.00, 1.00, 0.00, 0.00, 0.00, 0.00
5995, 0, 226.008, 0.98, 1, 0.06, 0.19, 0.00, 0.00, 0.00, 0.00, 0.05, 0.17, 0.38, 0.36, 0.07, 0.00, 0.00, 0.01, 0.43, 0.00, 0.19, 0.00, 0.00, 0.00, 1.00, 0.00, 0.00, 0.00, 0.00, 0.00, 0.00, 0.00, 0.00, 0.00, 1.00, 0.00, 0.00, 0.00, 0.00
5996, 0, 226.045, 0.98, 1, 0.10, 0.09, 0.00, 0.00, 0.00, 0.00, 0.10, 0.22, 0.35, 0.44, 0.00, 0.00, 0.00, 0.00, 0.49, 0.00, 0.01, 0.00, 0.00, 0.00, 1.00, 0.00, 0.00, 0.00, 0.00, 0.00, 0.00, 0.00, 0.00, 0.00, 1.00, 0.00, 0.00, 0.00, 0.00
5997, 0, 226.083, 0.98, 1, 0.15, 0.00, 0.00, 0.00, 0.00, 0.00, 0.16, 0.35, 0.21, 0.53, 0.00, 0.00, 0.00, 0.00, 0.32, 0.00, 0.08, 0.00, 0.00, 0.00, 1.00, 0.00, 0.00, 0.00, 0.00, 0.00, 0.00, 0.00, 0.00, 0.00, 1.00, 0.00, 0.00, 0.00, 0.00
5998, 0, 226.121, 0.98, 1, 0.10, 0.00, 0.00, 0.00, 0.00, 0.00, 0.16, 0.23, 0.19, 0.42, 0.00, 0.00, 0.00, 0.00, 0.35, 0.00, 0.12, 0.00, 0.00, 0.00, 1.00, 0.00, 0.00, 0.00, 0.00, 0.00, 0.00, 0.00, 0.00, 0.00, 1.00, 0.00, 0.00, 0.00, 0.00
5999, 0, 226.158, 0.98, 1, 0.11, 0.00, 0.00, 0.00, 0.00, 0.00, 0.17, 0.23, 0.22, 0.21, 0.00, 0.00, 0.00, 0.00, 0.26, 0.00, 0.11, 0.00, 0.00, 0.00, 1.00, 0.00, 0.00, 0.00, 0.00, 0.00, 0.00, 0.00, 0.00, 0.00, 1.00, 0.00, 0.00, 0.00, 0.00
6000, 0, 226.196, 0.98, 1, 0.07, 0.00, 0.00, 0.00, 0.00, 0.00, 0.10, 0.40, 0.28, 0.15, 0.00, 0.00, 0.00, 0.01, 0.26, 0.14, 0.08, 0.00, 0.00, 0.00, 1.00, 0.00, 0.00, 0.00, 0.00, 0.00, 0.00, 0.00, 0.00, 0.00, 1.00, 0.00, 0.00, 0.00, 0.00
6001, 0, 226.234, 0.93, 1, 0.05, 0.00, 0.00, 0.00, 0.00, 0.00, 0.06, 0.54, 0.26, 0.24, 0.00, 0.00, 0.00, 0.03, 0.23, 0.18, 0.06, 0.00, 0.00, 0.00, 1.00, 0.00, 0.00, 0.00, 0.00, 0.00, 0.00, 0.00, 0.00, 0.00, 1.00, 0.00, 0.00, 0.00, 0.00
6002, 0, 226.271, 0.98, 1, 0.00, 0.00, 0.00, 0.00, 0.00, 0.00, 0.00, 0.68, 0.31, 0.25, 0.00, 0.00, 0.00, 0.03, 0.39, 0.18, 0.06, 0.00, 0.00, 0.00, 1.00, 0.00, 0.00, 0.00, 0.00, 0.00, 0.00, 0.00, 0.00, 0.00, 1.00, 0.00, 0.00, 0.00, 0.00
6003, 0, 226.309, 0.98, 1, 0.00, 0.00, 0.00, 0.00, 0.00, 0.00, 0.00, 0.59, 0.39, 0.10, 0.00, 0.04, 0.00, 0.02, 0.51, 0.06, 0.08, 0.00, 0.00, 0.00, 1.00, 0.00, 0.00, 0.00, 0.00, 0.00, 0.00, 0.00, 0.00, 0.00, 1.00, 0.00, 0.00, 0.00, 0.00
6004, 0, 226.347, 0.93, 1, 0.00, 0.00, 0.00, 0.00, 0.00, 0.00, 0.00, 0.70, 0.47, 0.01, 0.00, 0.18, 0.00, 0.00, 0.75, 0.02, 0.13, 0.00, 0.00, 0.00, 1.00, 0.00, 0.00, 0.00, 0.00, 0.00, 0.00, 0.00, 0.00, 0.00, 1.00, 0.00, 0.00, 0.00, 0.00
6005, 0, 226.385, 0.98, 1, 0.00, 0.00, 0.00, 0.00, 0.00, 0.00, 0.05, 0.61, 0.46, 0.34, 0.00, 0.18, 0.00, 0.00, 0.49, 0.03, 0.13, 0.00, 0.00, 0.00, 1.00, 0.00, 0.00, 0.00, 0.00, 0.00, 0.00, 0.00, 0.00, 0.00, 1.00, 0.00, 0.00, 0.00, 0.00
6006, 0, 226.422, 0.98, 1, 0.00, 0.00, 0.00, 0.00, 0.00, 0.00, 0.05, 0.52, 0.34, 0.67, 0.04, 0.14, 0.00, 0.00, 0.28, 0.02, 0.18, 0.00, 0.00, 0.00, 1.00, 0.00, 0.00, 0.00, 0.00, 0.00, 0.00, 0.00, 0.00, 0.00, 1.00, 0.00, 0.00, 0.00, 0.00
6007, 0, 226.460, 0.98, 1, 0.10, 0.00, 0.00, 0.00, 0.00, 0.00, 0.07, 0.44, 0.27, 0.96, 0.18, 0.11, 0.00, 0.00, 0.03, 0.07, 0.12, 0.00, 0.00, 0.00, 1.00, 0.00, 0.00, 0.00, 0.00, 0.00, 1.00, 0.00, 0.00, 0.00, 1.00, 0.00, 0.00, 0.00, 0.00
6008, 0, 226.498, 0.98, 1, 0.20, 0.00, 0.00, 0.00, 0.00, 0.00, 0.09, 0.60, 0.16, 1.00, 0.23, 0.19, 0.00, 0.00, 0.00, 0.16, 0.12, 0.00, 0.00, 0.00, 1.00, 0.00, 0.00, 0.00, 0.00, 0.00, 1.00, 0.00, 0.00, 0.00, 1.00, 0.00, 0.00, 0.00, 0.00
6009, 0, 226.535, 0.98, 1, 0.20, 0.00, 0.00, 0.00, 0.00, 0.07, 0.14, 0.64, 0.19, 1.02, 0.19, 0.26, 0.00, 0.02, 0.00, 0.28, 0.00, 0.00, 0.00, 0.00, 1.00, 0.00, 0.00, 0.00, 0.00, 0.00, 1.00, 0.00, 0.00, 0.00, 1.00, 0.00, 0.00, 0.00, 0.00
6010, 0, 226.573, 0.98, 1, 0.10, 0.00, 0.05, 0.08, 0.00, 0.07, 0.12, 0.64, 0.14, 0.72, 0.63, 0.15, 0.00, 0.02, 0.03, 0.23, 0.00, 0.00, 0.00, 0.00, 1.00, 0.00, 0.00, 0.00, 0.00, 0.00, 1.00, 0.00, 0.00, 0.00, 1.00, 0.00, 0.00, 0.00, 0.00
6011, 0, 226.611, 0.98, 1, 0.00, 0.00, 0.08, 0.18, 0.00, 0.07, 0.05, 0.59, 0.12, 0.34, 1.14, 0.07, 0.00, 0.02, 0.06, 0.12, 0.00, 0.00, 0.00, 0.00, 1.00, 0.00, 0.00, 0.00, 0.00, 0.00, 0.00, 0.00, 0.00, 0.00, 1.00, 0.00, 0.00, 0.00, 0.00
6012, 0, 226.649, 0.98, 1, 0.00, 0.00, 0.19, 0.43, 0.00, 0.00, 0.09, 0.61, 0.13, 0.10, 1.14, 0.00, 0.00, 0.00, 0.06, 0.00, 0.01, 0.00, 0.00, 0.00, 1.00, 0.00, 0.00, 0.00, 0.00, 0.00, 0.00, 0.00, 0.00, 0.00, 1.00, 0.00, 0.00, 0.00, 0.00
6013, 0, 226.686, 0.98, 1, 0.00, 0.00, 0.18, 0.53, 0.02, 0.00, 0.15, 0.62, 0.16, 0.17, 0.58, 0.00, 0.00, 0.00, 0.04, 0.10, 0.09, 0.00, 0.00, 0.00, 1.00, 0.00, 0.00, 0.00, 0.00, 0.00, 0.00, 1.00, 0.00, 0.00, 1.00, 0.00, 0.00, 0.00, 0.00
6014, 0, 226.724, 0.98, 1, 0.00, 0.00, 0.15, 0.58, 0.02, 0.00, 0.22, 0.80, 0.19, 0.26, 0.03, 0.07, 0.00, 0.07, 0.03, 0.20, 0.09, 0.00, 0.00, 0.00, 1.00, 0.00, 0.00, 0.00, 0.00, 0.00, 0.00, 1.00, 0.00, 0.00, 1.00, 0.00, 0.00, 0.00, 0.00
6015, 0, 226.762, 0.98, 1, 0.00, 0.00, 0.04, 0.33, 0.02, 0.00, 0.15, 0.77, 0.16, 0.46, 0.03, 0.07, 0.00, 0.16, 0.17, 0.49, 0.08, 0.00, 0.00, 0.00, 1.00, 0.00, 0.00, 0.00, 0.00, 0.00, 0.00, 1.00, 0.00, 0.00, 1.00, 0.00, 0.00, 0.00, 0.00
6016, 0, 226.799, 0.98, 1, 0.00, 0.00, 0.00, 0.14, 0.00, 0.00, 0.10, 0.79, 0.19, 0.82, 0.00, 0.12, 0.00, 0.24, 0.30, 0.80, 0.00, 0.00, 0.00, 0.00, 1.00, 0.00, 0.00, 0.00, 0.00, 0.00, 1.00, 1.00, 0.00, 0.00, 1.00, 0.00, 0.00, 0.00, 0.00
6017, 0, 226.837, 0.98, 1, 0.00, 0.00, 0.00, 0.01, 0.00, 0.00, 0.07, 0.58, 0.20, 1.14, 0.00, 0.06, 0.00, 0.26, 0.42, 1.09, 0.00, 0.00, 0.00, 0.00, 1.00, 0.00, 0.00, 0.00, 0.00, 0.00, 1.00, 1.00, 0.00, 0.00, 1.00, 0.00, 0.00, 0.00, 0.00
6018, 0, 226.875, 0.98, 1, 0.00, 0.00, 0.00, 0.02, 0.00, 0.00, 0.12, 0.69, 0.25, 1.07, 0.00, 0.06, 0.00, 0.19, 0.33, 1.05, 0.03, 0.00, 0.00, 0.00, 1.00, 0.00, 0.00, 0.00, 0.00, 0.00, 1.00, 1.00, 0.00, 0.00, 1.00, 0.00, 0.00, 0.00, 0.00
6019, 0, 226.912, 0.98, 1, 0.05, 0.00, 0.00, 0.02, 0.00, 0.00, 0.22, 0.74, 0.19, 0.70, 0.07, 0.05, 0.00, 0.16, 0.23, 0.87, 0.03, 0.00, 0.00, 0.00, 1.00, 0.00, 0.00, 0.00, 0.00, 0.00, 1.00, 1.00, 0.00, 0.00, 1.00, 0.00, 0.00, 0.00, 0.00
6020, 0, 226.950, 0.98, 1, 0.08, 0.00, 0.00, 0.00, 0.00, 0.00, 0.18, 0.85, 0.12, 0.52, 0.20, 0.17, 0.00, 0.08, 0.09, 0.48, 0.03, 0.00, 0.00, 0.00, 1.00, 0.00, 0.00, 0.00, 0.00, 0.00, 1.00, 1.00, 0.00, 0.00, 1.00, 0.00, 0.00, 0.00, 0.00
6021, 0, 226.988, 0.98, 1, 0.08, 0.00, 0.00, 0.00, 0.00, 0.00, 0.11, 0.85, 0.09, 0.63, 0.31, 0.30, 0.00, 0.05, 0.04, 0.42, 0.00, 0.00, 0.00, 0.00, 1.00, 0.00, 0.00, 0.00, 0.00, 0.00, 1.00, 0.00, 0.00, 0.00, 1.00, 0.00, 0.00, 0.00, 0.00
6022, 0, 227.026, 0.98, 1, 0.04, 0.00, 0.00, 0.00, 0.00, 0.00, 0.00, 0.75, 0.16, 0.88, 0.29, 0.32, 0.00, 0.00, 0.00, 0.43, 0.00, 0.00, 0.00, 0.00, 1.00, 0.00, 0.00, 0.00, 0.00, 0.00, 1.00, 0.00, 0.00, 0.00, 1.00, 0.00, 0.00, 0.00, 0.00
6023, 0, 227.063, 0.98, 1, 0.01, 0.00, 0.00, 0.00, 0.00, 0.00, 0.00, 0.66, 0.27, 1.02, 0.17, 0.20, 0.00, 0.01, 0.01, 0.63, 0.00, 0.00, 0.00, 0.00, 1.00, 0.00, 0.00, 0.00, 0.00, 0.00, 1.00, 0.00, 0.00, 0.00, 1.00, 0.00, 0.00, 0.00, 0.00
6024, 0, 227.101, 0.98, 1, 0.01, 0.00, 0.00, 0.00, 0.00, 0.00, 0.00, 0.61, 0.38, 1.03, 0.11, 0.06, 0.00, 0.03, 0.18, 0.56, 0.00, 0.00, 0.00, 0.00, 1.00, 0.00, 0.00, 0.00, 0.00, 0.00, 1.00, 0.00, 0.00, 0.00, 1.00, 0.00, 0.00, 0.00, 0.00
6025, 0, 227.139, 0.98, 1, 0.04, 0.00, 0.00, 0.00, 0.00, 0.12, 0.00, 0.49, 0.37, 1.10, 0.05, 0.01, 0.00, 0.03, 0.25, 0.60, 0.00, 0.00, 0.00, 0.00, 1.00, 0.00, 0.00, 0.00, 0.00, 0.00, 1.00, 0.00, 0.00, 0.00, 1.00, 0.00, 0.00, 0.00, 0.00
6026, 0, 227.176, 0.98, 1, 0.13, 0.02, 0.00, 0.01, 0.00, 0.12, 0.00, 0.30, 0.29, 1.17, 0.05, 0.00, 0.00, 0.02, 0.31, 0.65, 0.00, 0.00, 0.00, 0.00, 1.00, 0.00, 0.00, 0.00, 0.00, 0.00, 1.00, 0.00, 0.00, 0.00, 1.00, 1.00, 0.00, 0.00, 0.00
6027, 0, 227.214, 0.98, 1, 0.16, 0.02, 0.00, 0.13, 0.00, 0.12, 0.00, 0.18, 0.20, 1.38, 0.00, 0.00, 0.00, 0.01, 0.28, 0.78, 0.00, 0.00, 0.00, 0.00, 1.00, 0.00, 0.00, 0.00, 0.00, 0.00, 1.00, 0.00, 0.00, 0.00, 1.00, 1.00, 0.00, 0.00, 0.00
6028, 0, 227.252, 0.98, 1, 0.12, 0.02, 0.00, 0.13, 0.00, 0.00, 0.01, 0.08, 0.26, 1.69, 0.00, 0.00, 0.00, 0.03, 0.43, 0.72, 0.00, 0.00, 0.00, 0.00, 1.00, 0.00, 0.00, 0.00, 0.00, 1.00, 1.00, 0.00, 0.00, 0.00, 1.00, 1.00, 0.00, 0.00, 0.00
6029, 0, 227.290, 0.98, 1, 0.04, 0.00, 0.00, 0.12, 0.00, 0.00, 0.03, 0.12, 0.40, 1.93, 0.00, 0.00, 0.00, 0.03, 0.61, 0.72, 0.00, 0.00, 0.00, 0.00, 1.00, 0.00, 0.00, 0.00, 0.00, 1.00, 1.00, 0.00, 0.00, 0.00, 1.00, 1.00, 0.00, 0.00, 0.00
6030, 0, 227.327, 0.98, 1, 0.00, 0.00, 0.00, 0.00, 0.10, 0.00, 0.03, 0.32, 0.61, 1.75, 0.03, 0.00, 0.00, 0.03, 0.79, 0.73, 0.00, 0.00, 0.00, 0.00, 1.00, 0.00, 0.00, 0.00, 0.00, 1.00, 1.00, 0.00, 0.00, 0.00, 1.00, 1.00, 0.00, 0.00, 0.00
6031, 0, 227.365, 0.98, 1, 0.00, 0.00, 0.00, 0.00, 0.15, 0.00, 0.08, 0.62, 0.74, 1.52, 0.03, 0.00, 0.00, 0.00, 0.99, 0.81, 0.00, 0.00, 0.00, 0.00, 1.00, 0.00, 0.00, 0.00, 0.00, 1.00, 1.00, 0.00, 0.00, 0.00, 1.00, 1.00, 1.00, 0.00, 0.00
6032, 0, 227.403, 0.98, 1, 0.12, 0.00, 0.00, 0.00, 0.25, 0.01, 0.07, 0.85, 0.90, 1.42, 0.03, 0.00, 0.00, 0.00, 1.31, 0.87, 0.00, 0.00, 0.00, 0.00, 1.00, 0.00, 0.00, 0.00, 0.00, 1.00, 1.00, 0.00, 0.00, 0.00, 1.00, 1.00, 1.00, 0.00, 0.00
6033, 0, 227.440, 0.98, 1, 0.15, 0.05, 0.00, 0.00, 0.17, 0.01, 0.11, 0.87, 0.93, 1.62, 0.00, 0.00, 0.00, 0.00, 1.57, 1.00, 0.00, 0.00, 1.00, 0.00, 1.00, 0.00, 0.00, 0.00, 0.00, 1.00, 1.00, 0.00, 0.00, 0.00, 1.00, 1.00, 1.00, 0.00, 0.00
6034, 0, 227.478, 0.98, 1, 0.15, 0.05, 0.00, 0.00, 0.16, 0.01, 0.06, 0.83, 0.92, 1.64, 0.00, 0.00, 0.00, 0.00, 1.74, 1.08, 0.00, 0.00, 1.00, 0.00, 1.00, 0.00, 0.00, 0.00, 0.00, 1.00, 1.00, 0.00, 0.00, 0.00, 1.00, 1.00, 1.00, 0.00, 0.00
6035, 0, 227.516, 0.98, 1, 0.10, 0.10, 0.00, 0.00, 0.11, 0.00, 0.04, 0.95, 0.87, 1.75, 0.00, 0.11, 0.05, 0.00, 1.47, 1.24, 0.00, 0.00, 0.00, 0.00, 1.00, 0.00, 0.00, 0.00, 0.00, 1.00, 1.00, 0.00, 0.00, 0.00, 1.00, 1.00, 1.00, 0.00, 0.00
6036, 0, 227.553, 0.98, 1, 0.07, 0.05, 0.00, 0.00, 0.14, 0.00, 0.00, 1.08, 0.82, 1.76, 0.00, 0.11, 0.05, 0.00, 1.26, 1.35, 0.00, 0.00, 0.00, 0.00, 1.00, 0.00, 0.00, 0.00, 0.00, 1.00, 1.00, 0.00, 0.00, 0.00, 0.00, 1.00, 1.00, 0.00, 0.00
6037, 0, 227.591, 0.98, 1, 0.07, 0.05, 0.00, 0.00, 0.16, 0.20, 0.00, 1.13, 0.75, 1.74, 0.00, 0.20, 0.05, 0.00, 1.10, 1.35, 0.00, 0.00, 0.00, 0.00, 1.00, 0.00, 0.00, 0.00, 0.00, 1.00, 1.00, 0.00, 0.00, 0.00, 0.00, 1.00, 1.00, 0.00, 0.00
6038, 0, 227.629, 0.98, 1, 0.00, 0.00, 0.00, 0.00, 0.12, 0.20, 0.00, 0.94, 0.59, 1.46, 0.00, 0.09, 0.00, 0.04, 1.11, 1.03, 0.07, 0.00, 0.00, 0.00, 1.00, 0.00, 0.00, 0.00, 0.00, 0.00, 1.00, 0.00, 0.00, 0.00, 0.00, 1.00, 1.00, 0.00, 0.00
6039, 0, 227.667, 0.98, 1, 0.00, 0.00, 0.00, 0.00, 0.07, 0.20, 0.00, 0.93, 0.49, 1.22, 0.00, 0.09, 0.00, 0.05, 1.07, 0.91, 0.07, 0.00, 0.00, 0.00, 1.00, 0.00, 0.00, 0.00, 0.00, 0.00, 1.00, 0.00, 0.00, 0.00, 0.00, 1.00, 0.00, 0.00, 0.00
6040, 0, 227.704, 0.98, 1, 0.17, 0.08, 0.00, 0.00, 0.00, 0.00, 0.00, 0.69, 0.39, 1.03, 0.30, 0.09, 0.00, 0.10, 0.63, 0.57, 0.07, 0.00, 0.00, 0.00, 1.00, 0.00, 0.00, 0.00, 0.00, 0.00, 1.00, 0.00, 0.00, 0.00, 0.00, 1.00, 0.00, 0.00, 0.00
6041, 0, 227.742, 0.98, 1, 0.30, 0.17, 0.00, 0.01, 0.00, 0.00, 0.00, 0.56, 0.38, 0.87, 0.65, 0.25, 0.00, 0.09, 0.32, 0.48, 0.00, 0.00, 0.00, 0.00, 1.00, 0.00, 0.00, 0.00, 0.00, 0.00, 1.00, 0.00, 0.00, 0.00, 0.00, 1.00, 0.00, 0.00, 0.00
6042, 0, 227.780, 0.98, 1, 0.38, 0.17, 0.00, 0.10, 0.00, 0.00, 0.00, 0.17, 0.38, 0.86, 0.79, 0.27, 0.00, 0.21, 0.01, 0.19, 0.00, 0.00, 0.00, 0.00, 1.00, 0.00, 0.00, 0.00, 0.00, 0.00, 1.00, 0.00, 0.00, 0.00, 0.00, 1.00, 0.00, 0.00, 0.00
6043, 0, 227.817, 0.98, 1, 0.30, 0.35, 0.00, 0.10, 0.00, 0.00, 0.01, 0.10, 0.46, 0.68, 0.49, 0.17, 0.00, 0.16, 0.16, 0.17, 0.05, 0.00, 0.00, 0.00, 1.00, 0.00, 0.00, 0.00, 0.00, 0.00, 1.00, 0.00, 0.00, 0.00, 0.00, 1.00, 0.00, 0.00, 0.00
6044, 0, 227.855, 0.98, 1, 0.17, 0.48, 0.00, 0.09, 0.00, 0.00, 0.05, 0.14, 0.52, 0.55, 0.14, 0.02, 0.00, 0.13, 0.31, 0.12, 0.05, 0.00, 0.00, 0.00, 1.00, 0.00, 0.00, 0.00, 0.00, 0.00, 0.00, 0.00, 0.00, 0.00, 0.00, 1.00, 0.00, 0.00, 0.00
6045, 0, 227.893, 0.98, 1, 0.30, 0.55, 0.00, 0.00, 0.00, 0.00, 0.17, 0.37, 0.47, 0.23, 0.04, 0.05, 0.00, 0.01, 0.69, 0.08, 0.05, 0.00, 0.00, 0.00, 1.00, 0.00, 0.00, 0.00, 0.00, 1.00, 0.00, 0.00, 0.00, 0.00, 1.00, 1.00, 0.00, 0.00, 0.00
6046, 0, 227.931, 0.98, 1, 0.20, 0.32, 0.00, 0.00, 0.00, 0.00, 0.15, 0.58, 0.42, 0.14, 0.04, 0.05, 0.00, 0.01, 0.77, 0.21, 0.00, 0.00, 0.00, 0.00, 1.00, 0.00, 0.00, 0.00, 0.00, 1.00, 0.00, 0.00, 0.00, 0.00, 1.00, 1.00, 0.00, 0.00, 0.00
6047, 0, 227.968, 0.98, 1, 0.36, 0.18, 0.00, 0.00, 0.00, 0.00, 0.12, 0.60, 0.28, 0.13, 0.23, 0.05, 0.00, 0.00, 1.01, 0.39, 0.26, 0.00, 0.00, 0.00, 1.00, 0.00, 0.00, 0.00, 0.00, 1.00, 0.00, 0.00, 0.00, 0.00, 1.00, 1.00, 0.00, 0.00, 0.00
6048, 0, 228.006, 0.93, 1, 0.29, 0.23, 0.00, 0.00, 0.00, 0.00, 0.00, 0.52, 0.25, 0.15, 0.53, 0.00, 0.00, 0.00, 0.98, 0.41, 0.58, 0.00, 0.00, 0.00, 1.00, 0.00, 0.00, 0.00, 0.00, 1.00, 0.00, 0.00, 0.00, 0.00, 1.00, 1.00, 0.00, 0.00, 0.00
6049, 0, 228.044, 0.93, 1, 0.54, 0.36, 0.00, 0.00, 0.00, 0.00, 0.00, 0.55, 0.25, 0.20, 0.86, 0.00, 0.00, 0.00, 1.15, 0.40, 0.86, 0.00, 0.00, 0.00, 1.00, 0.00, 0.00, 0.00, 0.00, 1.00, 0.00, 1.00, 0.00, 0.00, 1.00, 1.00, 0.00, 0.00, 0.00
6050, 0, 228.081, 0.88, 1, 0.64, 0.36, 0.00, 0.00, 0.00, 0.00, 0.00, 0.44, 0.31, 0.08, 0.67, 0.05, 0.00, 0.09, 1.11, 0.35, 1.00, 0.00, 0.00, 0.00, 1.00, 0.00, 0.00, 0.00, 0.00, 1.00, 0.00, 0.00, 0.00, 0.00, 1.00, 1.00, 0.00, 0.00, 0.00
6051, 0, 228.119, 0.88, 1, 0.78, 0.31, 0.00, 0.00, 0.00, 0.00, 0.00, 0.30, 0.33, 0.05, 0.33, 0.08, 0.00, 0.14, 1.15, 0.43, 1.09, 0.00, 0.00, 0.00, 1.00, 0.00, 0.00, 0.00, 0.00, 1.00, 0.00, 0.00, 0.00, 0.00, 1.00, 1.00, 0.00, 0.00, 0.00
6052, 0, 228.157, 0.88, 1, 0.73, 0.22, 0.00, 0.00, 0.00, 0.00, 0.00, 0.15, 0.24, 0.00, 0.00, 0.08, 0.00, 0.21, 0.99, 0.42, 0.96, 0.00, 0.00, 0.00, 1.00, 0.00, 0.00, 0.00, 0.00, 1.00, 0.00, 0.00, 0.00, 0.00, 1.00, 1.00, 0.00, 0.00, 0.00
6053, 0, 228.194, 0.88, 1, 0.74, 0.29, 0.00, 0.00, 0.00, 0.00, 0.00, 0.29, 0.30, 0.00, 0.00, 0.08, 0.00, 0.16, 0.89, 0.45, 0.68, 0.00, 0.00, 0.00, 1.00, 0.00, 0.00, 0.00, 0.00, 1.00, 0.00, 0.00, 0.00, 0.00, 1.00, 1.00, 0.00, 0.00, 0.00
6054, 0, 228.232, 0.88, 1, 0.76, 0.65, 0.00, 0.00, 0.00, 0.00, 0.00, 0.48, 0.39, 0.00, 0.00, 0.11, 0.00, 0.10, 0.85, 0.37, 0.32, 0.00, 0.00, 0.00, 1.00, 0.00, 0.00, 0.00, 0.00, 1.00, 0.00, 0.00, 0.00, 0.00, 1.00, 1.00, 0.00, 0.00, 0.00
6055, 0, 228.270, 0.93, 1, 0.60, 0.58, 0.00, 0.00, 0.00, 0.00, 0.10, 0.50, 0.60, 0.00, 0.00, 0.11, 0.00, 0.03, 0.82, 0.23, 0.35, 0.00, 1.00, 0.00, 1.00, 0.00, 0.00, 0.00, 0.00, 1.00, 0.00, 0.00, 0.00, 0.00, 1.00, 1.00, 0.00, 0.00, 0.00
6056, 0, 228.308, 0.93, 1, 0.34, 0.56, 0.00, 0.00, 0.00, 0.00, 0.18, 0.32, 0.64, 0.12, 0.00, 0.05, 0.00, 0.00, 0.73, 0.20, 0.36, 0.00, 1.00, 0.00, 1.00, 0.00, 0.00, 0.00, 0.00, 1.00, 0.00, 0.00, 0.00, 0.00, 0.00, 1.00, 0.00, 0.00, 0.00
6057, 0, 228.345, 0.98, 1, 0.07, 0.25, 0.00, 0.00, 0.00, 0.00, 0.26, 0.11, 0.64, 0.20, 0.00, 0.00, 0.00, 0.00, 0.52, 0.22, 0.43, 0.00, 0.00, 0.00, 1.00, 0.00, 0.00, 0.00, 0.00, 1.00, 0.00, 0.00, 0.00, 0.00, 0.00, 1.00, 0.00, 0.00, 0.00
6058, 0, 228.383, 0.98, 1, 0.07, 0.27, 0.00, 0.00, 0.00, 0.00, 0.16, 0.09, 0.51, 0.32, 0.00, 0.00, 0.00, 0.00, 0.81, 0.62, 0.36, 0.00, 0.00, 0.00, 1.00, 0.00, 0.00, 0.00, 0.00, 1.00, 0.00, 0.00, 0.00, 0.00, 0.00, 1.00, 0.00, 0.00, 0.00
6059, 0, 228.421, 0.93, 1, 0.19, 0.25, 0.00, 0.00, 0.00, 0.00, 0.16, 0.10, 0.44, 0.25, 0.00, 0.00, 0.00, 0.00, 1.01, 0.93, 0.24, 0.00, 0.00, 0.00, 1.00, 0.00, 0.00, 0.00, 0.00, 1.00, 0.00, 0.00, 0.00, 0.00, 0.00, 1.00, 1.00, 0.00, 0.00
6060, 0, 228.458, 0.93, 1, 0.30, 0.18, 0.00, 0.00, 0.00, 0.00, 0.08, 0.13, 0.36, 0.17, 0.00, 0.06, 0.00, 0.00, 1.31, 1.25, 0.17, 0.00, 0.00, 0.00, 1.00, 0.00, 0.00, 0.00, 0.00, 1.00, 0.00, 0.00, 0.00, 0.00, 0.00, 1.00, 1.00, 0.00, 0.00
6061, 0, 228.496, 0.88, 1, 0.38, 0.16, 0.00, 0.00, 0.00, 0.00, 0.08, 0.17, 0.43, 0.05, 0.00, 0.09, 0.00, 0.00, 1.34, 1.54, 0.10, 0.00, 0.00, 0.00, 1.00, 0.00, 0.00, 0.00, 0.00, 0.00, 0.00, 0.00, 0.00, 0.00, 0.00, 1.00, 1.00, 0.00, 0.00
6062, 0, 228.534, 0.93, 1, 0.35, 0.06, 0.00, 0.00, 0.00, 0.00, 0.00, 0.33, 0.51, 0.02, 0.00, 0.15, 0.00, 0.00, 1.55, 1.84, 0.19, 0.00, 0.00, 0.00, 1.00, 0.00, 0.00, 0.00, 0.00, 0.00, 0.00, 0.00, 0.00, 0.00, 0.00, 1.00, 1.00, 0.00, 0.00
6063, 0, 228.572, 0.93, 1, 0.34, 0.03, 0.00, 0.00, 0.00, 0.00, 0.00, 0.38, 0.59, 0.02, 0.00, 0.16, 0.00, 0.00, 1.52, 1.85, 0.12, 0.00, 0.00, 0.00, 1.00, 0.00, 0.00, 0.00, 0.00, 0.00, 0.00, 0.00, 0.00, 0.00, 0.00, 1.00, 1.00, 0.00, 0.00
6064, 0, 228.609, 0.93, 1, 0.31, 0.03, 0.00, 0.00, 0.00, 0.00, 0.00, 0.56, 0.51, 0.02, 0.10, 0.26, 0.00, 0.00, 1.27, 1.58, 0.11, 0.00, 0.00, 0.00, 1.00, 0.00, 0.00, 0.00, 0.00, 0.00, 0.00, 0.00, 0.00, 0.00, 0.00, 1.00, 1.00, 0.00, 0.00
6065, 0, 228.647, 0.98, 1, 0.22, 0.03, 0.00, 0.00, 0.00, 0.00, 0.00, 0.68, 0.41, 0.29, 0.16, 0.29, 0.00, 0.09, 0.72, 0.95, 0.02, 0.00, 0.00, 0.00, 1.00, 0.00, 0.00, 0.00, 0.00, 0.00, 0.00, 0.00, 0.00, 0.00, 0.00, 1.00, 0.00, 0.00, 0.00
6066, 0, 228.685, 0.98, 1, 0.10, 0.00, 0.00, 0.00, 0.00, 0.00, 0.00, 0.78, 0.24, 0.60, 0.16, 0.23, 0.00, 0.20, 0.29, 0.66, 0.02, 0.00, 0.00, 0.00, 1.00, 0.00, 0.00, 0.00, 0.00, 0.00, 1.00, 0.00, 0.00, 0.00, 0.00, 0.00, 0.00, 0.00, 0.00
6067, 0, 228.722, 0.98, 1, 0.15, 0.00, 0.00, 0.00, 0.00, 0.04, 0.07, 0.70, 0.14, 0.95, 0.07, 0.11, 0.00, 0.26, 0.10, 0.47, 0.00, 0.00, 0.00, 0.00, 1.00, 0.00, 0.00, 0.00, 0.00, 0.00, 1.00, 0.00, 0.00, 0.00, 0.00, 0.00, 0.00, 0.00, 0.00
6068, 0, 228.760, 0.98, 1, 0.31, 0.00, 0.00, 0.00, 0.00, 0.14, 0.08, 0.64, 0.03, 0.87, 0.00, 0.02, 0.00, 0.17, 0.27, 0.59, 0.00, 0.00, 0.00, 0.00, 1.00, 0.00, 0.00, 0.00, 0.00, 0.00, 1.00, 1.00, 0.00, 0.00, 0.00, 0.00, 0.00, 0.00, 0.00
6069, 0, 228.798, 0.98, 1, 0.41, 0.00, 0.00, 0.00, 0.00, 0.14, 0.11, 0.69, 0.00, 0.56, 0.00, 0.02, 0.00, 0.06, 0.50, 0.71, 0.00, 0.00, 0.00, 0.00, 1.00, 0.00, 0.00, 0.00, 0.00, 0.00, 1.00, 1.00, 0.00, 0.00, 0.00, 0.00, 0.00, 0.00, 0.00
6070, 0, 228.835, 0.98, 1, 0.30, 0.00, 0.00, 0.00, 0.00, 0.10, 0.04, 0.71, 0.00, 0.21, 0.00, 0.00, 0.00, 0.00, 0.45, 0.48, 0.00, 0.00, 0.00, 0.00, 1.00, 0.00, 0.00, 0.00, 0.00, 0.00, 0.00, 0.00, 0.00, 0.00, 0.00, 0.00, 0.00, 0.00, 0.00
6071, 0, 228.873, 0.98, 1, 0.20, 0.00, 0.00, 0.00, 0.00, 0.00, 0.05, 0.66, 0.00, 0.00, 0.00, 0.00, 0.01, 0.00, 0.26, 0.27, 0.00, 0.00, 0.00, 0.00, 1.00, 0.00, 0.00, 0.00, 0.00, 0.00, 0.00, 0.00, 0.00, 0.00, 0.00, 0.00, 0.00, 0.00, 0.00
6072, 0, 228.911, 0.98, 1, 0.09, 0.00, 0.00, 0.00, 0.00, 0.00, 0.01, 0.66, 0.06, 0.07, 0.00, 0.00, 0.01, 0.00, 0.05, 0.01, 0.00, 0.00, 0.00, 0.00, 1.00, 0.00, 0.00, 0.00, 0.00, 0.00, 0.00, 0.00, 0.00, 0.00, 0.00, 0.00, 0.00, 0.00, 0.00
6073, 0, 228.949, 0.98, 1, 0.13, 0.00, 0.00, 0.00, 0.00, 0.00, 0.01, 0.58, 0.10, 0.28, 0.00, 0.00, 0.00, 0.00, 0.02, 0.01, 0.00, 0.00, 0.00, 0.00, 1.00, 0.00, 0.00, 0.00, 0.00, 0.00, 0.00, 0.00, 0.00, 0.00, 0.00, 0.00, 0.00, 0.00, 0.00
6074, 0, 228.986, 0.98, 1, 0.15, 0.00, 0.00, 0.00, 0.00, 0.00, 0.00, 0.53, 0.10, 0.44, 0.00, 0.02, 0.00, 0.03, 0.02, 0.05, 0.00, 0.00, 0.00, 0.00, 1.00, 0.00, 0.00, 0.00, 0.00, 0.00, 0.00, 0.00, 0.00, 0.00, 0.00, 0.00, 0.00, 0.00, 0.00
6075, 0, 229.024, 0.98, 1, 0.24, 0.00, 0.00, 0.00, 0.00, 0.00, 0.00, 0.29, 0.15, 0.43, 0.05, 0.03, 0.00, 0.06, 0.26, 0.08, 0.00, 0.00, 0.00, 0.00, 1.00, 0.00, 0.00, 0.00, 0.00, 0.00, 0.00, 0.00, 0.00, 0.00, 0.00, 0.00, 0.00, 0.00, 0.00
6076, 0, 229.062, 0.98, 1, 0.25, 0.00, 0.00, 0.00, 0.00, 0.16, 0.00, 0.14, 0.18, 0.35, 0.11, 0.06, 0.00, 0.11, 0.59, 0.12, 0.00, 0.00, 0.00, 0.00, 1.00, 0.00, 0.00, 0.00, 0.00, 0.00, 0.00, 0.00, 0.00, 0.00, 0.00, 0.00, 0.00, 0.00, 0.00
6077, 0, 229.099, 0.98, 1, 0.20, 0.00, 0.00, 0.00, 0.00, 0.16, 0.00, 0.00, 0.31, 0.44, 0.42, 0.04, 0.00, 0.09, 0.88, 0.08, 0.00, 0.00, 0.00, 0.00, 1.00, 0.00, 0.00, 0.00, 0.00, 0.00, 0.00, 0.00, 0.00, 0.00, 1.00, 0.00, 0.00, 0.00, 0.00
6078, 0, 229.137, 0.98, 1, 0.10, 0.00, 0.00, 0.00, 0.00, 0.16, 0.00, 0.00, 0.31, 0.55, 0.49, 0.03, 0.00, 0.14, 0.81, 0.09, 0.00, 0.00, 0.00, 0.00, 1.00, 0.00, 0.00, 0.00, 0.00, 0.00, 0.00, 0.00, 0.00, 0.00, 1.00, 0.00, 0.00, 0.00, 0.00
6079, 0, 229.175, 0.98, 1, 0.01, 0.00, 0.00, 0.00, 0.00, 0.00, 0.00, 0.00, 0.26, 0.61, 0.48, 0.24, 0.00, 0.27, 0.49, 0.18, 0.00, 0.00, 0.00, 0.00, 1.00, 0.00, 0.00, 0.00, 0.00, 0.00, 0.00, 0.00, 1.00, 0.00, 1.00, 0.00, 0.00, 0.00, 0.00
6080, 0, 229.213, 0.98, 1, 0.00, 0.00, 0.00, 0.00, 0.00, 0.00, 0.00, 0.29, 0.29, 0.43, 0.32, 0.53, 0.05, 0.33, 0.43, 0.32, 0.01, 0.00, 0.00, 0.00, 1.00, 0.00, 0.00, 0.00, 0.00, 0.00, 1.00, 1.00, 1.00, 0.00, 0.00, 0.00, 0.00, 0.00, 0.00
6081, 0, 229.250, 0.98, 1, 0.00, 0.00, 0.00, 0.00, 0.00, 0.00, 0.00, 0.70, 0.29, 0.26, 0.67, 0.88, 0.05, 0.26, 0.67, 0.44, 0.01, 0.00, 0.00, 0.00, 1.00, 0.00, 0.00, 0.00, 0.00, 0.00, 1.00, 1.00, 1.00, 0.00, 0.00, 0.00, 0.00, 0.00, 0.00
6082, 0, 229.288, 0.98, 1, 0.00, 0.00, 0.00, 0.00, 0.00, 0.00, 0.00, 1.06, 0.29, 0.07, 0.83, 1.05, 0.05, 0.07, 1.03, 0.65, 0.01, 0.00, 0.00, 0.00, 1.00, 0.00, 0.00, 0.00, 1.00, 0.00, 1.00, 1.00, 1.00, 0.00, 1.00, 0.00, 0.00, 0.00, 0.00
6083, 0, 229.326, 0.98, 1, 0.00, 0.00, 0.00, 0.00, 0.00, 0.00, 0.00, 1.13, 0.14, 0.01, 0.85, 1.24, 0.00, 0.00, 1.10, 0.60, 0.06, 0.00, 0.00, 0.00, 1.00, 0.00, 0.00, 0.00, 1.00, 0.00, 0.00, 1.00, 1.00, 0.00, 1.00, 0.00, 0.00, 0.00, 0.00
6084, 0, 229.363, 0.98, 1, 0.00, 0.00, 0.00, 0.00, 0.00, 0.00, 0.00, 1.09, 0.05, 0.01, 0.62, 1.37, 0.00, 0.00, 0.97, 0.55, 0.14, 0.00, 0.00, 0.00, 1.00, 0.00, 0.00, 0.00, 1.00, 0.00, 0.00, 1.00, 1.00, 0.00, 1.00, 0.00, 0.00, 0.00, 0.00
6085, 0, 229.401, 0.98, 1, 0.16, 0.00, 0.00, 0.00, 0.00, 0.00, 0.00, 0.97, 0.02, 0.05, 0.45, 1.21, 0.00, 0.00, 0.60, 0.22, 0.24, 0.00, 0.00, 0.00, 1.00, 0.00, 0.00, 0.00, 1.00, 0.00, 0.00, 1.00, 1.00, 0.00, 1.00, 0.00, 0.00, 0.00, 0.00
6086, 0, 229.439, 0.98, 1, 0.46, 0.00, 0.00, 0.00, 0.00, 0.00, 0.01, 0.84, 0.01, 0.07, 0.28, 0.84, 0.00, 0.00, 0.30, 0.13, 0.37, 0.00, 0.00, 0.00, 1.00, 0.00, 0.00, 0.00, 0.00, 0.00, 0.00, 1.00, 1.00, 0.00, 1.00, 0.00, 0.00, 0.00, 0.00
6087, 0, 229.476, 0.88, 1, 0.71, 0.04, 0.00, 0.00, 0.00, 0.00, 0.11, 0.86, 0.00, 0.07, 0.04, 0.37, 0.02, 0.00, 0.00, 0.08, 0.61, 0.00, 0.00, 0.00, 1.00, 0.00, 0.00, 0.00, 0.00, 0.00, 0.00, 1.00, 0.00, 0.00, 1.00, 0.00, 0.00, 0.00, 0.00
6088, 0, 229.514, 0.93, 1, 0.76, 0.04, 0.00, 0.00, 0.00, 0.00, 0.29, 0.63, 0.00, 0.02, 0.00, 0.11, 0.02, 0.00, 0.00, 0.20, 0.85, 0.00, 0.00, 0.00, 1.00, 0.00, 0.00, 0.00, 0.00, 0.00, 0.00, 1.00, 0.00, 0.00, 1.00, 0.00, 0.00, 0.00, 0.00
6089, 0, 229.552, 0.88, 1, 0.54, 0.04, 0.00, 0.00, 0.00, 0.00, 0.51, 0.40, 0.00, 0.00, 0.00, 0.00, 0.08, 0.00, 0.00, 0.39, 1.09, 0.00, 0.00, 0.00, 1.00, 0.00, 0.00, 0.00, 0.00, 0.00, 0.00, 1.00, 0.00, 0.00, 1.00, 0.00, 0.00, 0.00, 0.00
6090, 0, 229.590, 0.98, 1, 0.41, 0.00, 0.00, 0.00, 0.00, 0.00, 0.41, 0.05, 0.00, 0.00, 0.00, 0.00, 0.06, 0.00, 0.03, 0.50, 1.09, 0.00, 0.00, 0.00, 1.00, 0.00, 0.00, 0.00, 0.00, 0.00, 0.00, 1.00, 0.00, 0.00, 1.00, 0.00, 0.00, 0.00, 0.00
6091, 0, 229.627, 0.98, 1, 0.36, 0.08, 0.00, 0.00, 0.00, 0.00, 0.23, 0.23, 0.00, 0.00, 0.00, 0.00, 0.06, 0.00, 0.15, 0.68, 1.01, 0.00, 0.00, 0.00, 1.00, 0.00, 0.00, 0.00, 0.00, 0.00, 0.00, 1.00, 0.00, 0.00, 0.00, 0.00, 0.00, 0.00, 0.00
6092, 0, 229.665, 0.98, 1, 0.41, 0.29, 0.00, 0.00, 0.00, 0.00, 0.03, 0.21, 0.00, 0.00, 0.00, 0.00, 0.00, 0.00, 0.29, 0.59, 0.73, 0.00, 0.00, 0.00, 1.00, 0.00, 0.00, 0.00, 0.00, 0.00, 0.00, 1.00, 0.00, 0.00, 0.00, 1.00, 0.00, 0.00, 0.00
6093, 0, 229.703, 0.93, 1, 0.42, 0.39, 0.00, 0.00, 0.00, 0.15, 0.06, 0.18, 0.00, 0.00, 0.00, 0.00, 0.05, 0.00, 0.50, 0.45, 0.68, 0.00, 0.00, 0.00, 1.00, 0.00, 0.00, 0.00, 0.00, 0.00, 0.00, 1.00, 0.00, 0.00, 0.00, 1.00, 0.00, 0.00, 0.00
6094, 0, 229.740, 0.93, 1, 0.39, 0.53, 0.00, 0.00, 0.00, 0.15, 0.06, 0.07, 0.09, 0.31, 0.00, 0.00, 0.06, 0.00, 0.59, 0.30, 0.86, 0.00, 0.00, 0.00, 1.00, 0.00, 0.00, 0.00, 0.00, 0.00, 0.00, 1.00, 0.00, 0.00, 0.00, 1.00, 0.00, 0.00, 0.00
6095, 0, 229.778, 0.93, 1, 0.60, 0.48, 0.00, 0.00, 0.00, 0.15, 0.03, 0.15, 0.33, 0.31, 0.03, 0.08, 0.20, 0.00, 0.74, 0.19, 1.06, 0.00, 0.00, 0.00, 1.00, 0.00, 0.00, 0.00, 0.00, 1.00, 0.00, 1.00, 0.00, 0.00, 0.00, 1.00, 0.00, 0.00, 0.00
6096, 0, 229.816, 0.88, 1, 0.85, 0.49, 0.00, 0.00, 0.00, 0.00, 0.00, 0.21, 0.57, 0.31, 0.03, 0.14, 0.19, 0.00, 0.81, 0.15, 1.16, 0.00, 0.00, 0.00, 1.00, 0.00, 0.00, 0.00, 0.00, 1.00, 0.00, 1.00, 0.00, 0.00, 0.00, 1.00, 0.00, 0.00, 0.00
6097, 0, 229.854, 0.88, 1, 0.92, 0.30, 0.00, 0.00, 0.00, 0.00, 0.00, 0.23, 0.76, 0.06, 0.08, 0.25, 0.33, 0.00, 1.01, 0.23, 1.07, 0.00, 0.00, 0.00, 1.00, 0.00, 0.00, 0.00, 0.00, 1.00, 0.00, 0.00, 0.00, 0.00, 0.00, 1.00, 0.00, 0.00, 0.00
6098, 0, 229.891, 0.88, 1, 0.72, 0.22, 0.00, 0.00, 0.00, 0.00, 0.00, 0.17, 0.78, 0.06, 0.10, 0.18, 0.26, 0.00, 1.11, 0.45, 0.89, 0.00, 0.00, 0.00, 1.00, 0.00, 0.00, 0.00, 0.00, 1.00, 0.00, 0.00, 0.00, 0.00, 0.00, 1.00, 0.00, 0.00, 0.00
6099, 0, 229.929, 0.93, 1, 0.39, 0.12, 0.00, 0.00, 0.00, 0.00, 0.00, 0.21, 0.80, 0.07, 0.10, 0.15, 0.23, 0.00, 1.07, 0.57, 0.54, 0.00, 0.00, 0.00, 1.00, 0.00, 0.00, 0.00, 0.00, 1.00, 0.00, 0.00, 0.00, 0.00, 0.00, 1.00, 0.00, 0.00, 0.00
6100, 0, 229.967, 0.93, 1, 0.28, 0.10, 0.00, 0.00, 0.00, 0.00, 0.07, 0.18, 0.64, 0.41, 0.06, 0.12, 0.10, 0.01, 0.76, 0.35, 0.19, 0.00, 0.00, 0.00, 1.00, 0.00, 0.00, 0.00, 0.00, 1.00, 0.00, 0.00, 0.00, 0.00, 1.00, 1.00, 0.00, 0.00, 0.00
6101, 0, 230.004, 0.93, 1, 0.13, 0.00, 0.00, 0.00, 0.00, 0.00, 0.11, 0.33, 0.51, 0.89, 0.00, 0.15, 0.04, 0.10, 0.45, 0.38, 0.00, 0.00, 0.00, 0.00, 1.00, 0.00, 0.00, 0.00, 0.00, 1.00, 1.00, 0.00, 0.00, 0.00, 1.00, 1.00, 0.00, 0.00, 0.00
6102, 0, 230.042, 0.93, 1, 0.08, 0.00, 0.00, 0.00, 0.00, 0.00, 0.12, 0.40, 0.36, 1.28, 0.00, 0.14, 0.04, 0.19, 0.34, 0.49, 0.00, 0.00, 0.00, 0.00, 1.00, 0.00, 0.00, 0.00, 0.00, 1.00, 1.00, 0.00, 0.00, 0.00, 1.00, 1.00, 0.00, 0.00, 0.00
6103, 0, 230.080, 0.93, 1, 0.04, 0.00, 0.00, 0.00, 0.00, 0.00, 0.05, 0.42, 0.38, 1.24, 0.00, 0.06, 0.00, 0.21, 0.34, 0.81, 0.22, 0.00, 0.00, 0.00, 1.00, 0.00, 0.00, 0.00, 0.00, 1.00, 1.00, 0.00, 0.00, 0.00, 1.00, 1.00, 0.00, 0.00, 0.00
6104, 0, 230.117, 0.93, 1, 0.10, 0.07, 0.00, 0.00, 0.00, 0.00, 0.03, 0.34, 0.35, 0.75, 0.00, 0.05, 0.00, 0.15, 0.34, 0.66, 0.22, 0.00, 0.00, 0.00, 1.00, 0.00, 0.00, 0.00, 0.00, 1.00, 1.00, 0.00, 0.00, 0.00, 0.00, 1.00, 0.00, 0.00, 0.00
6105, 0, 230.155, 0.98, 1, 0.19, 0.07, 0.00, 0.00, 0.02, 0.06, 0.02, 0.49, 0.29, 0.34, 0.36, 0.22, 0.00, 0.20, 0.44, 0.57, 0.22, 0.00, 0.00, 0.00, 1.00, 0.00, 0.00, 0.00, 0.00, 1.00, 1.00, 0.00, 0.00, 0.00, 1.00, 1.00, 0.00, 0.00, 0.00
6106, 0, 230.193, 0.98, 1, 0.15, 0.07, 0.00, 0.00, 0.02, 0.06, 0.02, 0.57, 0.18, 0.12, 0.44, 0.37, 0.15, 0.22, 0.67, 0.45, 0.17, 0.00, 0.00, 0.00, 1.00, 0.00, 0.00, 0.00, 0.00, 1.00, 1.00, 0.00, 0.00, 0.00, 0.00, 0.00, 0.00, 0.00, 0.00
6107, 0, 230.231, 0.98, 1, 0.18, 0.01, 0.00, 0.00, 0.04, 0.06, 0.00, 0.80, 0.11, 0.33, 0.44, 0.59, 0.17, 0.31, 0.84, 0.75, 0.17, 0.00, 0.00, 0.00, 1.00, 0.00, 0.00, 0.00, 0.00, 1.00, 0.00, 0.00, 0.00, 0.00, 0.00, 0.00, 0.00, 0.00, 0.00
6108, 0, 230.268, 0.98, 1, 0.18, 0.06, 0.00, 0.00, 0.02, 0.00, 0.00, 0.81, 0.09, 0.62, 0.08, 0.60, 0.24, 0.26, 0.86, 1.11, 0.17, 0.00, 0.00, 0.00, 1.00, 0.00, 0.00, 0.00, 0.00, 1.00, 0.00, 0.00, 0.00, 0.00, 0.00, 0.00, 1.00, 0.00, 0.00
6109, 0, 230.306, 0.98, 1, 0.18, 0.06, 0.00, 0.00, 0.03, 0.00, 0.00, 0.91, 0.16, 0.94, 0.00, 0.44, 0.23, 0.21, 0.94, 1.28, 0.00, 0.00, 0.00, 0.00, 1.00, 0.00, 0.00, 0.00, 0.00, 1.00, 0.00, 0.00, 0.00, 0.00, 0.00, 1.00, 1.00, 0.00, 0.00
6110, 0, 230.344, 0.93, 1, 0.08, 0.07, 0.00, 0.00, 0.01, 0.00, 0.00, 1.01, 0.27, 0.81, 0.00, 0.20, 0.21, 0.13, 1.17, 1.29, 0.00, 0.00, 0.00, 0.00, 1.00, 0.00, 0.00, 0.00, 0.00, 1.00, 0.00, 0.00, 0.00, 0.00, 1.00, 1.00, 1.00, 0.00, 0.00
6111, 0, 230.381, 0.93, 1, 0.03, 0.02, 0.00, 0.02, 0.01, 0.00, 0.00, 1.13, 0.38, 0.66, 0.09, 0.00, 0.14, 0.11, 1.26, 1.03, 0.13, 0.00, 0.00, 0.00, 1.00, 0.00, 0.00, 0.00, 0.00, 1.00, 0.00, 0.00, 0.00, 0.00, 1.00, 1.00, 1.00, 0.00, 0.00
6112, 0, 230.419, 0.93, 1, 0.27, 0.19, 0.00, 0.02, 0.00, 0.00, 0.00, 1.17, 0.43, 0.25, 0.32, 0.00, 0.00, 0.15, 1.20, 1.01, 0.20, 0.00, 0.00, 0.00, 1.00, 0.00, 0.00, 0.00, 0.00, 1.00, 0.00, 0.00, 0.00, 0.00, 0.00, 1.00, 0.00, 0.00, 0.00
6113, 0, 230.457, 0.88, 1, 0.31, 0.18, 0.00, 0.02, 0.00, 0.00, 0.00, 1.17, 0.48, 0.34, 0.74, 0.01, 0.00, 0.15, 0.97, 0.76, 0.24, 0.00, 0.00, 0.00, 1.00, 0.00, 0.00, 0.00, 0.00, 1.00, 0.00, 0.00, 0.00, 0.00, 0.00, 1.00, 0.00, 0.00, 0.00
6114, 0, 230.495, 0.93, 1, 0.30, 0.18, 0.00, 0.00, 0.00, 0.00, 0.00, 1.17, 0.50, 0.45, 1.07, 0.04, 0.00, 0.14, 0.94, 0.71, 0.22, 0.00, 0.00, 0.00, 1.00, 0.00, 0.00, 0.00, 0.00, 1.00, 0.00, 0.00, 0.00, 0.00, 0.00, 1.00, 0.00, 0.00, 0.00
6115, 0, 230.532, 0.93, 1, 0.18, 0.32, 0.00, 0.00, 0.00, 0.00, 0.00, 1.12, 0.47, 0.56, 1.39, 0.04, 0.00, 0.10, 0.97, 0.69, 0.15, 0.00, 0.00, 0.00, 1.00, 0.00, 0.00, 0.00, 0.00, 1.00, 0.00, 0.00, 0.00, 0.00, 0.00, 1.00, 0.00, 0.00, 0.00
6116, 0, 230.570, 0.93, 1, 0.21, 0.44, 0.00, 0.00, 0.00, 0.00, 0.00, 0.89, 0.43, 0.66, 1.33, 0.06, 0.00, 0.06, 0.99, 0.97, 0.10, 0.00, 0.00, 0.00, 1.00, 0.00, 0.00, 0.00, 0.00, 1.00, 0.00, 0.00, 0.00, 0.00, 0.00, 1.00, 0.00, 0.00, 0.00
6117, 0, 230.608, 0.98, 1, 0.22, 0.61, 0.00, 0.03, 0.00, 0.00, 0.00, 0.89, 0.38, 0.54, 1.11, 0.15, 0.00, 0.04, 0.90, 1.00, 0.00, 0.00, 0.00, 0.00, 1.00, 0.00, 0.00, 0.00, 0.00, 1.00, 0.00, 0.00, 0.00, 0.00, 0.00, 1.00, 0.00, 0.00, 0.00
6118, 0, 230.645, 0.98, 1, 0.17, 0.30, 0.00, 0.03, 0.00, 0.00, 0.00, 1.00, 0.36, 0.55, 0.77, 0.28, 0.01, 0.07, 0.80, 0.96, 0.00, 0.00, 0.00, 0.00, 1.00, 0.00, 0.00, 0.00, 0.00, 1.00, 0.00, 0.00, 0.00, 0.00, 0.00, 1.00, 0.00, 0.00, 0.00
6119, 0, 230.683, 0.98, 1, 0.27, 0.35, 0.00, 0.03, 0.00, 0.00, 0.00, 1.03, 0.31, 0.44, 0.67, 0.34, 0.01, 0.12, 0.75, 0.73, 0.00, 0.00, 0.00, 0.00, 1.00, 0.00, 0.00, 0.00, 0.00, 1.00, 0.00, 1.00, 0.00, 0.00, 0.00, 1.00, 0.00, 0.00, 0.00
6120, 0, 230.721, 0.98, 1, 0.27, 0.18, 0.00, 0.00, 0.00, 0.00, 0.00, 0.99, 0.32, 0.33, 0.46, 0.30, 0.19, 0.08, 0.60, 0.60, 0.00, 0.00, 0.00, 0.00, 1.00, 0.00, 0.00, 0.00, 0.00, 1.00, 0.00, 1.00, 0.00, 0.00, 0.00, 1.00, 0.00, 0.00, 0.00
6121, 0, 230.758, 0.98, 1, 0.31, 0.18, 0.00, 0.00, 0.00, 0.00, 0.00, 0.98, 0.31, 0.17, 0.26, 0.31, 0.17, 0.07, 0.31, 0.44, 0.00, 0.00, 0.00, 0.00, 1.00, 0.00, 0.00, 0.00, 0.00, 0.00, 0.00, 1.00, 0.00, 0.00, 0.00, 1.00, 0.00, 0.00, 0.00
6122, 0, 230.796, 0.98, 1, 0.26, 0.00, 0.00, 0.00, 0.00, 0.00, 0.00, 1.00, 0.21, 0.00, 0.00, 0.36, 0.17, 0.08, 0.08, 0.45, 0.00, 0.00, 0.00, 0.00, 1.00, 0.00, 0.00, 0.00, 0.00, 0.00, 0.00, 1.00, 0.00, 0.00, 0.00, 1.00, 0.00, 0.00, 0.00
6123, 0, 230.834, 0.98, 1, 0.39, 0.00, 0.00, 0.00, 0.00, 0.10, 0.00, 0.85, 0.19, 0.35, 0.00, 0.38, 0.00, 0.18, 0.02, 0.54, 0.00, 0.00, 0.00, 0.00, 1.00, 0.00, 0.00, 0.00, 0.00, 0.00, 0.00, 1.00, 0.00, 0.00, 0.00, 1.00, 0.00, 0.00, 0.00
6124, 0, 230.872, 0.98, 1, 0.37, 0.10, 0.00, 0.03, 0.00, 0.11, 0.00, 0.51, 0.33, 0.72, 0.03, 0.37, 0.10, 0.22, 0.08, 0.55, 0.00, 0.00, 0.00, 0.00, 1.00, 0.00, 0.00, 0.00, 0.00, 0.00, 0.00, 1.00, 0.00, 0.00, 0.00, 1.00, 0.00, 0.00, 0.00
6125, 0, 230.909, 0.98, 1, 0.33, 0.24, 0.00, 0.02, 0.01, 0.11, 0.00, 0.44, 0.54, 0.99, 0.17, 0.39, 0.10, 0.17, 0.38, 0.68, 0.00, 0.00, 0.00, 0.00, 1.00, 0.00, 0.00, 0.00, 0.00, 0.00, 0.00, 0.00, 0.00, 0.00, 0.00, 1.00, 0.00, 0.00, 0.00
6126, 0, 230.947, 0.98, 1, 0.20, 0.36, 0.00, 0.02, 0.01, 0.00, 0.00, 0.40, 0.64, 0.90, 0.37, 0.47, 0.10, 0.11, 0.64, 0.83, 0.00, 0.00, 0.00, 0.00, 1.00, 0.00, 0.00, 0.00, 0.00, 0.00, 0.00, 0.00, 0.00, 0.00, 0.00, 1.00, 0.00, 0.00, 0.00
6127, 0, 230.985, 0.98, 1, 0.14, 0.52, 0.06, 0.00, 0.01, 0.00, 0.00, 0.49, 0.63, 0.87, 0.34, 0.35, 0.00, 0.04, 0.75, 0.91, 0.00, 0.00, 0.00, 0.00, 1.00, 0.00, 0.00, 0.00, 0.00, 1.00, 0.00, 0.00, 0.00, 0.00, 0.00, 1.00, 0.00, 0.00, 0.00
6128, 0, 231.022, 0.98, 1, 0.09, 0.53, 0.06, 0.00, 0.00, 0.00, 0.00, 0.37, 0.61, 0.80, 0.19, 0.19, 0.00, 0.03, 0.79, 0.71, 0.00, 0.00, 0.00, 0.00, 1.00, 0.00, 0.00, 0.00, 0.00, 1.00, 0.00, 0.00, 0.00, 0.00, 0.00, 1.00, 0.00, 0.00, 0.00
6129, 0, 231.060, 0.98, 1, 0.06, 0.51, 0.06, 0.04, 0.00, 0.00, 0.00, 0.26, 0.70, 0.72, 0.03, 0.09, 0.00, 0.00, 0.78, 0.58, 0.00, 0.00, 0.00, 0.00, 1.00, 0.00, 0.00, 0.00, 0.00, 1.00, 0.00, 0.00, 0.00, 0.00, 0.00, 1.00, 0.00, 0.00, 0.00
6130, 0, 231.098, 0.93, 1, 0.01, 0.24, 0.00, 0.04, 0.08, 0.00, 0.00, 0.25, 0.77, 0.43, 0.03, 0.09, 0.00, 0.07, 0.99, 0.55, 0.00, 0.00, 0.00, 0.00, 1.00, 0.00, 0.00, 0.00, 0.00, 1.00, 0.00, 0.00, 0.00, 0.00, 1.00, 1.00, 0.00, 0.00, 0.00
6131, 0, 231.136, 0.98, 1, 0.00, 0.09, 0.00, 0.08, 0.08, 0.00, 0.00, 0.21, 0.90, 0.40, 0.03, 0.09, 0.00, 0.07, 1.05, 0.61, 0.00, 0.00, 0.00, 0.00, 1.00, 0.00, 0.00, 0.00, 0.00, 1.00, 0.00, 0.00, 0.00, 0.00, 1.00, 1.00, 0.00, 0.00, 0.00
6132, 0, 231.173, 0.98, 1, 0.00, 0.00, 0.00, 0.09, 0.08, 0.00, 0.00, 0.14, 0.95, 0.47, 0.00, 0.00, 0.00, 0.07, 1.15, 0.68, 0.00, 0.00, 0.00, 0.00, 1.00, 0.00, 0.00, 0.00, 0.00, 1.00, 0.00, 0.00, 0.00, 0.00, 1.00, 1.00, 0.00, 0.00, 0.00
6133, 0, 231.211, 0.98, 1, 0.00, 0.00, 0.00, 0.09, 0.00, 0.00, 0.00, 0.03, 0.97, 0.63, 0.00, 0.00, 0.00, 0.01, 0.86, 0.58, 0.00, 0.00, 0.00, 0.00, 1.00, 0.00, 0.00, 0.00, 0.00, 1.00, 0.00, 0.00, 0.00, 0.00, 1.00, 1.00, 0.00, 0.00, 0.00
6134, 0, 231.249, 0.98, 1, 0.00, 0.00, 0.00, 0.04, 0.00, 0.00, 0.00, 0.02, 0.91, 0.70, 0.00, 0.11, 0.00, 0.10, 0.46, 0.52, 0.00, 0.00, 0.00, 0.00, 1.00, 0.00, 0.00, 0.00, 0.00, 1.00, 0.00, 0.00, 0.00, 0.00, 1.00, 1.00, 0.00, 0.00, 0.00
6135, 0, 231.286, 0.98, 1, 0.00, 0.00, 0.00, 0.00, 0.05, 0.02, 0.00, 0.17, 0.73, 0.46, 0.23, 0.15, 0.00, 0.20, 0.43, 0.49, 0.00, 0.00, 0.00, 0.00, 1.00, 0.00, 0.00, 0.00, 0.00, 1.00, 0.00, 1.00, 0.00, 0.00, 1.00, 1.00, 0.00, 0.00, 0.00
6136, 0, 231.324, 0.98, 1, 0.00, 0.00, 0.00, 0.00, 0.05, 0.02, 0.00, 0.36, 0.56, 0.26, 0.32, 0.25, 0.00, 0.32, 0.65, 0.72, 0.00, 0.00, 0.00, 0.00, 1.00, 0.00, 0.00, 0.00, 0.00, 0.00, 0.00, 1.00, 0.00, 0.00, 1.00, 1.00, 0.00, 0.00, 0.00
6137, 0, 231.362, 0.98, 1, 0.00, 0.00, 0.00, 0.04, 0.05, 0.02, 0.00, 0.56, 0.43, 0.06, 0.47, 0.17, 0.00, 0.35, 1.02, 0.83, 0.07, 0.00, 0.00, 0.00, 1.00, 0.00, 0.00, 0.00, 0.00, 0.00, 0.00, 1.00, 0.00, 0.00, 1.00, 1.00, 0.00, 0.00, 0.00
6138, 0, 231.399, 0.98, 1, 0.00, 0.00, 0.00, 0.07, 0.00, 0.00, 0.00, 0.77, 0.34, 0.10, 0.39, 0.27, 0.00, 0.36, 0.92, 0.94, 0.07, 0.00, 0.00, 0.00, 1.00, 0.00, 0.00, 0.00, 0.00, 0.00, 0.00, 1.00, 0.00, 0.00, 1.00, 1.00, 0.00, 0.00, 0.00
6139, 0, 231.437, 0.98, 1, 0.00, 0.00, 0.00, 0.23, 0.00, 0.00, 0.00, 0.92, 0.21, 0.08, 0.59, 0.27, 0.00, 0.32, 0.80, 0.75, 0.07, 0.00, 0.00, 0.00, 1.00, 0.00, 0.00, 0.00, 0.00, 0.00, 0.00, 1.00, 0.00, 0.00, 1.00, 1.00, 0.00, 0.00, 0.00
6140, 0, 231.475, 0.98, 1, 0.13, 0.00, 0.00, 0.32, 0.00, 0.00, 0.00, 1.30, 0.10, 0.04, 0.79, 0.24, 0.24, 0.19, 0.42, 0.68, 0.00, 0.00, 0.00, 0.00, 1.00, 0.00, 0.00, 0.00, 0.00, 0.00, 0.00, 1.00, 0.00, 0.00, 1.00, 1.00, 0.00, 0.00, 0.00
6141, 0, 231.513, 0.98, 1, 0.21, 0.17, 0.00, 0.47, 0.00, 0.00, 0.00, 1.35, 0.06, 0.21, 0.68, 0.13, 0.42, 0.08, 0.19, 0.44, 0.00, 0.00, 0.00, 0.00, 1.00, 0.00, 0.00, 0.00, 0.00, 0.00, 0.00, 1.00, 0.00, 0.00, 1.00, 0.00, 0.00, 0.00, 0.00
6142, 0, 231.550, 0.98, 1, 0.32, 0.32, 0.00, 0.58, 0.01, 0.00, 0.07, 1.66, 0.07, 0.26, 0.38, 0.07, 0.54, 0.03, 0.00, 0.57, 0.06, 0.00, 0.00, 0.00, 1.00, 0.00, 0.00, 0.00, 0.00, 0.00, 0.00, 1.00, 0.00, 0.00, 1.00, 0.00, 0.00, 0.00, 0.00
6143, 0, 231.588, 0.98, 1, 0.20, 0.36, 0.00, 0.50, 0.01, 0.00, 0.10, 1.42, 0.07, 0.28, 0.14, 0.11, 0.44, 0.06, 0.00, 0.47, 0.06, 0.00, 0.00, 0.00, 1.00, 0.00, 0.00, 0.00, 0.00, 0.00, 0.00, 1.00, 0.00, 1.00, 1.00, 0.00, 0.00, 0.00, 0.00
6144, 0, 231.626, 0.88, 1, 0.16, 0.25, 0.00, 0.42, 0.01, 0.00, 0.15, 1.33, 0.04, 0.07, 0.20, 0.08, 0.38, 0.10, 0.00, 0.44, 0.10, 0.00, 0.00, 0.00, 1.00, 0.00, 0.00, 0.00, 0.00, 0.00, 0.00, 1.00, 0.00, 1.00, 1.00, 0.00, 0.00, 0.00, 0.00
6145, 0, 231.663, 0.88, 1, 0.26, 0.10, 0.00, 0.15, 0.00, 0.00, 0.14, 0.76, 0.02, 0.02, 0.53, 0.16, 0.53, 0.13, 0.00, 0.58, 0.16, 0.00, 0.00, 0.00, 1.00, 0.00, 0.00, 0.00, 0.00, 0.00, 0.00, 1.00, 0.00, 1.00, 1.00, 0.00, 0.00, 0.00, 0.00
6146, 0, 231.701, 0.88, 1, 0.40, 0.10, 0.00, 0.17, 0.00, 0.00, 0.17, 0.54, 0.00, 0.00, 0.89, 0.21, 0.63, 0.22, 0.00, 0.90, 0.28, 0.00, 0.00, 0.00, 1.00, 0.00, 0.00, 0.00, 0.00, 0.00, 0.00, 1.00, 0.00, 1.00, 1.00, 0.00, 0.00, 0.00, 0.00
6147, 0, 231.739, 0.98, 1, 0.51, 0.04, 0.00, 0.19, 0.00, 0.00, 0.19, 0.21, 0.00, 0.00, 1.31, 0.26, 0.83, 0.29, 0.00, 1.19, 0.34, 0.00, 0.00, 0.00, 1.00, 0.00, 0.00, 0.00, 0.00, 0.00, 0.00, 1.00, 0.00, 1.00, 0.00, 0.00, 0.00, 0.00, 0.00
6148, 0, 231.777, 0.98, 1, 0.42, 0.04, 0.00, 0.19, 0.00, 0.00, 0.18, 0.25, 0.00, 0.00, 1.06, 0.14, 0.88, 0.35, 0.00, 1.13, 0.41, 0.00, 0.00, 0.00, 1.00, 0.00, 0.00, 0.00, 0.00, 0.00, 0.00, 1.00, 0.00, 1.00, 0.00, 0.00, 0.00, 0.00, 0.00
6149, 0, 231.814, 0.98, 1, 0.49, 0.00, 0.00, 0.12, 0.00, 0.00, 0.29, 0.32, 0.00, 0.00, 0.60, 0.21, 0.84, 0.31, 0.11, 0.96, 0.42, 0.00, 0.00, 0.00, 1.00, 0.00, 0.00, 0.00, 0.00, 0.00, 0.00, 1.00, 0.00, 1.00, 1.00, 0.00, 0.00, 0.00, 0.00
6150, 0, 231.852, 0.98, 1, 0.38, 0.00, 0.00, 0.00, 0.00, 0.00, 0.27, 0.74, 0.00, 0.00, 0.08, 0.32, 0.77, 0.27, 0.17, 0.95, 0.32, 0.00, 0.00, 0.00, 1.00, 0.00, 0.00, 0.00, 0.00, 0.00, 0.00, 1.00, 0.00, 1.00, 0.00, 0.00, 0.00, 0.00, 0.00
6151, 0, 231.890, 0.98, 1, 0.33, 0.00, 0.00, 0.00, 0.00, 0.00, 0.22, 0.93, 0.00, 0.00, 0.00, 0.32, 0.52, 0.17, 0.38, 0.81, 0.13, 0.00, 0.00, 0.00, 1.00, 0.00, 0.00, 0.00, 0.00, 0.00, 0.00, 1.00, 0.00, 1.00, 0.00, 0.00, 0.00, 0.00, 0.00
6152, 0, 231.927, 0.98, 1, 0.23, 0.00, 0.00, 0.02, 0.00, 0.00, 0.04, 0.86, 0.00, 0.00, 0.00, 0.16, 0.38, 0.08, 0.49, 0.73, 0.00, 0.00, 0.00, 0.00, 1.00, 0.00, 0.00, 0.00, 0.00, 0.00, 0.00, 1.00, 0.00, 1.00, 0.00, 0.00, 0.00, 0.00, 0.00
6153, 0, 231.965, 0.98, 1, 0.23, 0.00, 0.00, 0.02, 0.00, 0.00, 0.00, 0.64, 0.00, 0.00, 0.00, 0.00, 0.22, 0.01, 0.55, 0.44, 0.00, 0.00, 0.00, 0.00, 1.00, 0.00, 0.00, 0.00, 0.00, 0.00, 0.00, 1.00, 0.00, 1.00, 0.00, 0.00, 0.00, 0.00, 0.00
6154, 0, 232.003, 0.93, 1, 0.22, 0.00, 0.00, 0.02, 0.00, 0.00, 0.00, 0.54, 0.00, 0.00, 0.00, 0.00, 0.22, 0.00, 0.34, 0.31, 0.00, 0.00, 0.00, 0.00, 1.00, 0.00, 0.00, 0.00, 0.00, 0.00, 0.00, 1.00, 0.00, 1.00, 0.00, 0.00, 0.00, 0.00, 0.00
6155, 0, 232.040, 0.88, 1, 0.27, 0.00, 0.00, 0.00, 0.00, 0.00, 0.06, 1.05, 0.00, 0.13, 0.00, 0.03, 0.35, 0.00, 0.24, 0.51, 0.16, 0.00, 0.00, 0.00, 1.00, 0.00, 0.00, 0.00, 0.00, 0.00, 0.00, 1.00, 0.00, 1.00, 0.00, 0.00, 0.00, 0.00, 0.00
6156, 0, 232.078, 0.93, 1, 0.39, 0.00, 0.00, 0.00, 0.00, 0.00, 0.11, 1.43, 0.00, 0.25, 0.00, 0.10, 0.51, 0.00, 0.22, 0.92, 0.35, 0.00, 0.00, 0.00, 1.00, 0.00, 0.00, 0.00, 0.00, 0.00, 0.00, 1.00, 0.00, 1.00, 0.00, 0.00, 1.00, 0.00, 0.00
6157, 0, 232.116, 0.93, 1, 0.43, 0.00, 0.00, 0.00, 0.00, 0.00, 0.12, 1.77, 0.00, 0.45, 0.04, 0.14, 0.49, 0.00, 0.51, 1.23, 0.42, 0.00, 0.00, 0.00, 1.00, 0.00, 0.00, 0.00, 0.00, 0.00, 0.00, 1.00, 0.00, 1.00, 0.00, 0.00, 0.00, 0.00, 0.00
6158, 0, 232.154, 0.98, 1, 0.26, 0.00, 0.00, 0.00, 0.00, 0.00, 0.06, 1.23, 0.21, 0.47, 0.04, 0.14, 0.29, 0.09, 0.75, 1.46, 0.26, 0.00, 0.00, 0.00, 1.00, 0.00, 0.00, 0.00, 0.00, 0.00, 0.00, 1.00, 0.00, 0.00, 0.00, 1.00, 0.00, 0.00, 0.00
6159, 0, 232.191, 0.98, 1, 0.14, 0.00, 0.00, 0.00, 0.00, 0.00, 0.01, 0.65, 0.45, 0.46, 0.04, 0.10, 0.04, 0.13, 1.02, 1.52, 0.07, 0.00, 0.00, 0.00, 1.00, 0.00, 0.00, 0.00, 0.00, 1.00, 0.00, 1.00, 0.00, 0.00, 0.00, 1.00, 0.00, 0.00, 0.00
6160, 0, 232.229, 0.88, 1, 0.13, 0.13, 0.00, 0.00, 0.00, 0.00, 0.00, 0.17, 0.76, 0.31, 0.05, 0.27, 0.00, 0.13, 1.29, 1.31, 0.29, 0.00, 0.00, 0.00, 1.00, 0.00, 0.00, 0.00, 0.00, 1.00, 0.00, 0.00, 0.00, 0.00, 0.00, 1.00, 1.00, 0.00, 1.00
6161, 0, 232.267, 0.88, 1, 0.19, 0.23, 0.00, 0.00, 0.00, 0.00, 0.00, 0.08, 0.92, 0.16, 0.05, 0.36, 0.00, 0.09, 1.39, 0.92, 0.39, 0.00, 0.00, 0.00, 1.00, 0.00, 0.00, 0.00, 0.00, 1.00, 0.00, 0.00, 0.00, 0.00, 1.00, 1.00, 1.00, 0.00, 1.00
6162, 0, 232.304, 0.98, 1, 0.16, 0.27, 0.00, 0.00, 0.00, 0.00, 0.00, 0.11, 1.04, 0.05, 0.05, 0.42, 0.00, 0.07, 1.50, 0.56, 0.49, 0.00, 0.00, 0.00, 1.00, 0.00, 0.00, 0.00, 0.00, 1.00, 0.00, 0.00, 0.00, 0.00, 1.00, 1.00, 1.00, 0.00, 1.00
6163, 0, 232.342, 0.98, 1, 0.08, 0.16, 0.00, 0.00, 0.00, 0.18, 0.00, 0.03, 0.98, 0.00, 0.00, 0.22, 0.00, 0.09, 1.27, 0.62, 0.20, 0.00, 0.00, 0.00, 1.00, 0.00, 0.00, 0.00, 0.00, 1.00, 0.00, 0.00, 0.00, 0.00, 1.00, 1.00, 1.00, 0.00, 1.00
6164, 0, 232.380, 0.98, 1, 0.02, 0.05, 0.00, 0.00, 0.00, 0.35, 0.00, 0.03, 0.91, 0.00, 0.00, 0.17, 0.00, 0.04, 1.18, 0.60, 0.11, 0.00, 0.00, 0.00, 1.00, 0.00, 0.00, 0.00, 0.00, 1.00, 0.00, 0.00, 0.00, 0.00, 1.00, 1.00, 1.00, 0.00, 0.00
6165, 0, 232.418, 0.98, 1, 0.04, 0.20, 0.00, 0.00, 0.00, 0.35, 0.00, 0.02, 0.85, 0.25, 0.00, 0.08, 0.00, 0.02, 1.04, 0.78, 0.00, 0.00, 0.00, 0.00, 1.00, 0.00, 0.00, 0.00, 0.00, 1.00, 0.00, 0.00, 0.00, 0.00, 0.00, 1.00, 1.00, 0.00, 0.00
6166, 0, 232.455, 0.98, 1, 0.07, 0.37, 0.00, 0.00, 0.00, 0.16, 0.00, 0.05, 0.90, 0.54, 0.00, 0.08, 0.00, 0.00, 1.10, 0.92, 0.00, 0.00, 0.00, 0.00, 1.00, 0.00, 0.00, 0.00, 0.00, 1.00, 0.00, 0.00, 0.00, 0.00, 0.00, 1.00, 0.00, 0.00, 0.00
6167, 0, 232.493, 0.98, 1, 0.07, 0.42, 0.00, 0.00, 0.00, 0.00, 0.00, 0.05, 0.91, 0.71, 0.10, 0.00, 0.00, 0.00, 1.06, 1.05, 0.00, 0.00, 0.00, 0.00, 1.00, 0.00, 0.00, 0.00, 0.00, 1.00, 0.00, 0.00, 0.00, 0.00, 0.00, 1.00, 0.00, 0.00, 0.00
6168, 0, 232.531, 0.98, 1, 0.03, 0.25, 0.00, 0.00, 0.00, 0.00, 0.00, 0.03, 0.96, 0.57, 0.28, 0.00, 0.00, 0.00, 1.03, 0.96, 0.17, 0.00, 0.00, 0.00, 1.00, 0.00, 0.00, 0.00, 0.00, 1.00, 0.00, 0.00, 0.00, 0.00, 0.00, 1.00, 0.00, 0.00, 0.00
6169, 0, 232.568, 0.93, 1, 0.00, 0.07, 0.00, 0.00, 0.00, 0.00, 0.00, 0.00, 0.98, 0.34, 0.40, 0.00, 0.00, 0.00, 1.02, 0.81, 0.49, 0.00, 0.00, 0.00, 1.00, 0.00, 0.00, 0.00, 0.00, 1.00, 0.00, 0.00, 0.00, 0.00, 0.00, 1.00, 0.00, 0.00, 1.00
6170, 0, 232.606, 0.93, 1, 0.00, 0.19, 0.00, 0.00, 0.00, 0.00, 0.00, 0.12, 0.97, 0.31, 0.44, 0.00, 0.12, 0.00, 1.10, 0.83, 0.49, 0.00, 0.00, 0.00, 1.00, 0.00, 0.00, 0.00, 0.00, 1.00, 0.00, 0.00, 0.00, 0.00, 0.00, 1.00, 0.00, 0.00, 1.00
6171, 0, 232.644, 0.88, 1, 0.00, 0.17, 0.00, 0.00, 0.00, 0.00, 0.00, 0.12, 0.88, 0.20, 0.35, 0.00, 0.22, 0.00, 0.90, 0.82, 0.32, 0.00, 0.00, 0.00, 1.00, 0.00, 0.00, 0.00, 0.00, 1.00, 0.00, 0.00, 0.00, 0.00, 0.00, 1.00, 0.00, 0.00, 1.00
6172, 0, 232.681, 0.88, 1, 0.00, 0.17, 0.00, 0.00, 0.00, 0.00, 0.00, 0.12, 0.77, 0.33, 0.23, 0.00, 0.24, 0.00, 0.73, 0.93, 0.00, 0.00, 0.00, 0.00, 1.00, 0.00, 0.00, 0.00, 0.00, 1.00, 0.00, 0.00, 0.00, 0.00, 0.00, 1.00, 0.00, 0.00, 1.00
6173, 0, 232.719, 0.93, 1, 0.00, 0.00, 0.00, 0.00, 0.00, 0.00, 0.00, 0.06, 0.77, 0.19, 0.25, 0.00, 0.27, 0.00, 0.64, 0.81, 0.00, 0.00, 0.00, 0.00, 1.00, 0.00, 0.00, 0.00, 0.00, 1.00, 0.00, 0.00, 0.00, 0.00, 0.00, 1.00, 0.00, 0.00, 1.00
6174, 0, 232.757, 0.93, 1, 0.00, 0.00, 0.00, 0.00, 0.05, 0.16, 0.03, 0.14, 0.86, 0.25, 0.26, 0.01, 0.40, 0.00, 0.87, 0.75, 0.00, 0.00, 0.00, 0.00, 1.00, 0.00, 0.00, 0.00, 0.00, 1.00, 0.00, 0.00, 0.00, 0.00, 0.00, 1.00, 0.00, 0.00, 1.00
6175, 0, 232.795, 0.93, 1, 0.03, 0.00, 0.00, 0.00, 0.10, 0.16, 0.03, 0.25, 0.99, 0.06, 0.29, 0.16, 0.38, 0.00, 0.95, 0.63, 0.08, 0.00, 0.00, 0.00, 1.00, 0.00, 0.00, 0.00, 0.00, 1.00, 0.00, 0.00, 0.00, 0.00, 0.00, 1.00, 0.00, 0.00, 0.00
6176, 0, 232.832, 0.98, 1, 0.04, 0.05, 0.00, 0.00, 0.10, 0.16, 0.03, 0.30, 0.97, 0.15, 0.27, 0.37, 0.23, 0.00, 0.95, 0.65, 0.14, 0.00, 0.00, 0.00, 1.00, 0.00, 0.00, 0.00, 0.00, 1.00, 0.00, 0.00, 0.00, 0.00, 0.00, 1.00, 0.00, 0.00, 0.00
6177, 0, 232.870, 0.98, 1, 0.11, 0.37, 0.00, 0.00, 0.06, 0.02, 0.00, 0.27, 0.92, 0.23, 0.47, 0.57, 0.00, 0.00, 0.96, 0.72, 0.14, 0.00, 0.00, 0.00, 1.00, 0.00, 0.00, 0.00, 0.00, 1.00, 0.00, 0.00, 1.00, 0.00, 0.00, 1.00, 0.00, 0.00, 0.00
6178, 0, 232.908, 0.98, 1, 0.17, 0.77, 0.00, 0.00, 0.00, 0.02, 0.00, 0.16, 0.77, 0.41, 0.53, 0.60, 0.00, 0.00, 1.06, 0.59, 0.05, 0.00, 0.00, 0.00, 1.00, 0.00, 0.00, 0.00, 0.00, 1.00, 0.00, 0.00, 1.00, 0.00, 0.00, 1.00, 0.00, 0.00, 0.00
6179, 0, 232.945, 0.98, 1, 0.16, 1.06, 0.00, 0.00, 0.00, 0.02, 0.00, 0.18, 0.70, 0.53, 0.79, 0.63, 0.00, 0.01, 1.17, 0.35, 0.00, 0.00, 0.00, 0.00, 1.00, 0.00, 0.00, 0.00, 0.00, 1.00, 0.00, 0.00, 1.00, 0.00, 0.00, 1.00, 0.00, 0.00, 0.00
6180, 0, 232.983, 0.98, 1, 0.09, 0.75, 0.00, 0.00, 0.02, 0.00, 0.00, 0.13, 0.64, 0.45, 0.50, 0.42, 0.00, 0.11, 0.97, 0.09, 0.00, 0.00, 0.00, 0.00, 1.00, 0.00, 0.00, 0.00, 0.00, 1.00, 0.00, 0.00, 1.00, 0.00, 0.00, 1.00, 0.00, 0.00, 0.00
6181, 0, 233.021, 0.98, 1, 0.00, 0.34, 0.00, 0.00, 0.03, 0.00, 0.00, 0.13, 0.65, 0.27, 0.40, 0.24, 0.00, 0.22, 0.75, 0.00, 0.00, 0.00, 0.00, 0.00, 1.00, 0.00, 0.00, 0.00, 0.00, 1.00, 1.00, 0.00, 0.00, 0.00, 0.00, 0.00, 0.00, 0.00, 0.00
6182, 0, 233.059, 0.98, 1, 0.00, 0.00, 0.00, 0.00, 0.03, 0.00, 0.00, 0.00, 0.68, 0.15, 0.06, 0.02, 0.00, 0.27, 0.45, 0.00, 0.00, 0.00, 0.00, 0.00, 1.00, 0.00, 0.00, 0.00, 0.00, 1.00, 1.00, 0.00, 0.00, 0.00, 0.00, 0.00, 0.00, 0.00, 0.00
6183, 0, 233.096, 0.98, 1, 0.00, 0.06, 0.00, 0.00, 0.02, 0.00, 0.00, 0.00, 0.65, 0.46, 0.06, 0.08, 0.00, 0.19, 0.35, 0.00, 0.00, 0.00, 0.00, 0.00, 1.00, 0.00, 0.00, 0.00, 0.00, 1.00, 1.00, 0.00, 0.00, 0.00, 0.00, 0.00, 0.00, 0.00, 0.00
6184, 0, 233.134, 0.98, 1, 0.00, 0.06, 0.00, 0.00, 0.00, 0.00, 0.00, 0.00, 0.64, 0.82, 0.06, 0.08, 0.03, 0.12, 0.43, 0.00, 0.00, 0.00, 0.00, 0.00, 1.00, 0.00, 0.00, 0.00, 0.00, 1.00, 0.00, 0.00, 0.00, 0.00, 0.00, 0.00, 0.00, 0.00, 0.00
6185, 0, 233.172, 0.98, 1, 0.00, 0.06, 0.00, 0.00, 0.00, 0.00, 0.00, 0.00, 0.63, 0.86, 0.00, 0.15, 0.03, 0.15, 0.56, 0.00, 0.00, 0.00, 0.00, 0.00, 1.00, 0.00, 0.00, 0.00, 0.00, 1.00, 1.00, 0.00, 0.00, 0.00, 0.00, 0.00, 0.00, 0.00, 0.00
6186, 0, 233.209, 0.98, 1, 0.00, 0.07, 0.00, 0.00, 0.00, 0.00, 0.00, 0.00, 0.62, 0.59, 0.00, 0.26, 0.03, 0.19, 0.72, 0.00, 0.00, 0.00, 0.00, 0.00, 1.00, 0.00, 0.00, 0.00, 0.00, 1.00, 1.00, 0.00, 0.00, 0.00, 0.00, 0.00, 0.00, 0.00, 0.00
6187, 0, 233.247, 0.98, 1, 0.00, 0.10, 0.00, 0.00, 0.00, 0.00, 0.00, 0.00, 0.59, 0.38, 0.00, 0.46, 0.00, 0.21, 0.74, 0.00, 0.00, 0.00, 1.00, 0.00, 1.00, 0.00, 0.00, 0.00, 0.00, 1.00, 1.00, 0.00, 0.00, 0.00, 0.00, 0.00, 0.00, 0.00, 0.00
6188, 0, 233.285, 0.98, 1, 0.00, 0.23, 0.00, 0.00, 0.01, 0.00, 0.00, 0.00, 0.59, 0.49, 0.00, 0.38, 0.00, 0.12, 0.84, 0.06, 0.00, 0.00, 1.00, 0.00, 1.00, 0.00, 0.00, 0.00, 0.00, 1.00, 1.00, 0.00, 0.00, 0.00, 0.00, 0.00, 0.00, 0.00, 0.00
6189, 0, 233.322, 0.98, 1, 0.00, 0.39, 0.00, 0.00, 0.01, 0.00, 0.00, 0.00, 0.69, 0.48, 0.00, 0.20, 0.00, 0.06, 1.06, 0.07, 0.00, 0.00, 1.00, 0.00, 1.00, 0.00, 0.00, 0.00, 0.00, 1.00, 0.00, 0.00, 0.00, 0.00, 0.00, 1.00, 0.00, 0.00, 0.00
6190, 0, 233.360, 0.98, 1, 0.18, 0.37, 0.00, 0.00, 0.01, 0.00, 0.08, 0.25, 0.83, 0.62, 0.00, 0.01, 0.00, 0.00, 1.09, 0.34, 0.00, 0.00, 1.00, 0.00, 1.00, 0.00, 0.00, 0.00, 0.00, 1.00, 0.00, 0.00, 0.00, 0.00, 0.00, 1.00, 1.00, 0.00, 0.00
6191, 0, 233.398, 0.88, 1, 0.41, 0.41, 0.00, 0.00, 0.00, 0.00, 0.11, 0.56, 1.02, 0.46, 0.05, 0.02, 0.00, 0.00, 1.16, 0.53, 0.16, 0.00, 0.00, 0.00, 1.00, 0.00, 0.00, 0.00, 0.00, 1.00, 0.00, 0.00, 0.00, 0.00, 0.00, 1.00, 1.00, 0.00, 1.00
6192, 0, 233.436, 0.88, 1, 0.52, 0.36, 0.00, 0.00, 0.03, 0.00, 0.11, 0.90, 1.13, 0.37, 0.39, 0.02, 0.00, 0.00, 1.46, 0.64, 0.30, 0.00, 0.00, 0.00, 1.00, 0.00, 0.00, 0.00, 1.00, 1.00, 0.00, 0.00, 0.00, 0.00, 0.00, 1.00, 1.00, 0.00, 1.00
6193, 0, 233.473, 0.88, 1, 0.39, 0.44, 0.00, 0.00, 0.04, 0.00, 0.04, 0.97, 1.22, 0.08, 0.62, 0.03, 0.00, 0.00, 1.94, 0.50, 0.44, 0.00, 0.00, 0.00, 1.00, 0.00, 0.00, 0.00, 1.00, 1.00, 0.00, 0.00, 0.00, 0.00, 0.00, 1.00, 1.00, 0.00, 1.00
6194, 0, 233.511, 0.88, 1, 0.17, 0.26, 0.00, 0.00, 0.04, 0.00, 0.00, 0.99, 1.19, 0.00, 1.15, 0.19, 0.00, 0.00, 2.21, 0.42, 0.38, 0.00, 0.00, 0.00, 1.00, 0.00, 0.00, 0.00, 1.00, 1.00, 0.00, 0.00, 0.00, 0.00, 0.00, 1.00, 1.00, 0.00, 1.00
6195, 0, 233.549, 0.98, 1, 0.06, 0.25, 0.00, 0.00, 0.01, 0.00, 0.00, 0.80, 1.11, 0.53, 0.81, 0.36, 0.24, 0.00, 1.55, 0.40, 0.40, 0.00, 0.00, 0.00, 1.00, 0.00, 0.00, 0.00, 1.00, 1.00, 0.00, 0.00, 0.00, 0.00, 0.00, 1.00, 1.00, 0.00, 1.00
6196, 0, 233.586, 0.88, 1, 0.08, 0.41, 0.00, 0.00, 0.00, 0.00, 0.00, 0.51, 1.00, 0.89, 0.57, 0.56, 0.24, 0.00, 0.89, 0.34, 0.26, 0.00, 0.00, 0.00, 1.00, 0.00, 0.00, 0.00, 0.00, 1.00, 1.00, 0.00, 1.00, 0.00, 0.00, 1.00, 1.00, 0.00, 1.00
6197, 0, 233.624, 0.98, 1, 0.19, 0.72, 0.00, 0.00, 0.00, 0.00, 0.00, 0.37, 0.94, 1.30, 0.05, 0.54, 0.24, 0.00, 0.36, 0.33, 0.17, 0.00, 0.00, 0.00, 1.00, 0.00, 0.00, 0.00, 0.00, 1.00, 1.00, 0.00, 1.00, 0.00, 1.00, 1.00, 1.00, 0.00, 0.00
6198, 0, 233.662, 0.98, 1, 0.22, 0.73, 0.00, 0.00, 0.00, 0.00, 0.00, 0.22, 1.06, 1.02, 0.11, 0.48, 0.00, 0.00, 0.43, 0.39, 0.00, 0.00, 0.00, 0.00, 1.00, 0.00, 0.00, 0.00, 0.00, 1.00, 1.00, 0.00, 1.00, 0.00, 1.00, 1.00, 1.00, 0.00, 0.00
6199, 0, 233.700, 0.98, 1, 0.19, 0.68, 0.00, 0.00, 0.00, 0.00, 0.00, 0.20, 1.20, 0.90, 0.21, 0.42, 0.00, 0.02, 0.52, 0.44, 0.00, 0.00, 0.00, 0.00, 1.00, 0.00, 0.00, 0.00, 0.00, 1.00, 1.00, 0.00, 1.00, 0.00, 1.00, 1.00, 1.00, 0.00, 0.00
6200, 0, 233.737, 0.98, 1, 0.12, 0.57, 0.00, 0.00, 0.00, 0.00, 0.00, 0.01, 1.31, 0.50, 0.16, 0.34, 0.00, 0.02, 0.88, 0.40, 0.00, 0.00, 0.00, 0.00, 1.00, 0.00, 0.00, 0.00, 0.00, 1.00, 1.00, 0.00, 1.00, 0.00, 1.00, 1.00, 1.00, 0.00, 0.00
6201, 0, 233.775, 0.98, 1, 0.09, 0.53, 0.00, 0.06, 0.00, 0.00, 0.00, 0.01, 1.28, 0.39, 0.10, 0.23, 0.00, 0.03, 1.35, 0.33, 0.00, 0.00, 0.00, 0.00, 1.00, 0.00, 0.00, 0.00, 0.00, 1.00, 0.00, 0.00, 0.00, 0.00, 1.00, 1.00, 1.00, 0.00, 0.00
6202, 0, 233.813, 0.98, 1, 0.04, 0.51, 0.00, 0.06, 0.00, 0.00, 0.00, 0.00, 1.18, 0.23, 0.00, 0.08, 0.00, 0.01, 1.64, 0.21, 0.00, 0.00, 0.00, 0.00, 1.00, 0.00, 0.00, 0.00, 0.00, 1.00, 0.00, 0.00, 0.00, 0.00, 1.00, 1.00, 1.00, 0.00, 0.00
6203, 0, 233.850, 0.98, 1, 0.00, 0.39, 0.00, 0.06, 0.00, 0.02, 0.00, 0.00, 1.16, 0.25, 0.00, 0.00, 0.00, 0.01, 1.62, 0.18, 0.00, 0.00, 0.00, 0.00, 1.00, 0.00, 0.00, 0.00, 0.00, 1.00, 0.00, 0.00, 0.00, 0.00, 1.00, 1.00, 1.00, 0.00, 0.00
6204, 0, 233.888, 0.98, 1, 0.02, 0.26, 0.00, 0.00, 0.00, 0.02, 0.00, 0.01, 1.14, 0.10, 0.00, 0.00, 0.00, 0.00, 1.44, 0.09, 0.00, 0.00, 0.00, 0.00, 1.00, 0.00, 0.00, 0.00, 0.00, 1.00, 0.00, 0.00, 0.00, 0.00, 1.00, 1.00, 1.00, 0.00, 0.00
6205, 0, 233.926, 0.98, 1, 0.24, 0.14, 0.00, 0.00, 0.00, 0.02, 0.00, 0.16, 0.99, 0.03, 0.00, 0.00, 0.00, 0.00, 1.47, 0.09, 0.00, 0.00, 0.00, 0.00, 1.00, 0.00, 0.00, 0.00, 0.00, 1.00, 0.00, 0.00, 0.00, 0.00, 1.00, 1.00, 1.00, 0.00, 0.00
6206, 0, 233.963, 0.98, 1, 0.28, 0.04, 0.00, 0.00, 0.00, 0.00, 0.00, 0.25, 0.86, 0.01, 0.25, 0.00, 0.00, 0.00, 1.60, 0.00, 0.00, 0.00, 0.00, 0.00, 1.00, 0.00, 0.00, 0.00, 0.00, 1.00, 0.00, 0.00, 0.00, 0.00, 1.00, 1.00, 1.00, 0.00, 0.00
6207, 0, 234.001, 0.98, 1, 0.27, 0.04, 0.00, 0.00, 0.00, 0.00, 0.00, 0.37, 0.80, 0.01, 0.34, 0.14, 0.00, 0.00, 1.65, 0.01, 0.00, 0.00, 0.00, 0.00, 1.00, 0.00, 0.00, 0.00, 0.00, 1.00, 0.00, 0.00, 0.00, 0.00, 1.00, 1.00, 1.00, 0.00, 0.00
6208, 0, 234.039, 0.98, 1, 0.06, 0.00, 0.00, 0.00, 0.00, 0.00, 0.00, 0.22, 0.98, 0.00, 0.34, 0.14, 0.00, 0.00, 1.56, 0.01, 0.00, 0.00, 0.00, 0.00, 1.00, 0.00, 0.00, 0.00, 0.00, 1.00, 0.00, 0.00, 0.00, 0.00, 1.00, 1.00, 1.00, 0.00, 0.00
6209, 0, 234.077, 0.98, 1, 0.01, 0.00, 0.00, 0.00, 0.00, 0.00, 0.00, 0.13, 1.11, 0.05, 0.12, 0.14, 0.00, 0.00, 1.21, 0.01, 0.00, 0.00, 0.00, 0.00, 1.00, 0.00, 0.00, 0.00, 0.00, 1.00, 0.00, 0.00, 0.00, 0.00, 1.00, 1.00, 1.00, 0.00, 0.00
6210, 0, 234.114, 0.98, 1, 0.00, 0.06, 0.00, 0.00, 0.03, 0.02, 0.00, 0.23, 1.31, 0.16, 0.03, 0.06, 0.00, 0.00, 1.06, 0.00, 0.00, 0.00, 0.00, 0.00, 1.00, 0.00, 0.00, 0.00, 0.00, 1.00, 0.00, 0.00, 1.00, 0.00, 1.00, 1.00, 0.00, 0.00, 0.00
6211, 0, 234.152, 0.98, 1, 0.00, 0.14, 0.00, 0.00, 0.06, 0.04, 0.00, 0.49, 1.47, 0.30, 0.03, 0.15, 0.00, 0.00, 0.96, 0.00, 0.00, 0.00, 0.00, 0.00, 1.00, 0.00, 0.00, 0.00, 0.00, 1.00, 0.00, 0.00, 1.00, 0.00, 1.00, 1.00, 0.00, 0.00, 0.00
6212, 0, 234.190, 0.98, 1, 0.00, 0.14, 0.00, 0.00, 0.18, 0.20, 0.00, 0.82, 1.55, 0.45, 0.06, 0.27, 0.00, 0.00, 1.10, 0.00, 0.00, 0.00, 0.00, 0.00, 1.00, 0.00, 0.00, 0.00, 0.00, 1.00, 0.00, 0.00, 1.00, 0.00, 0.00, 1.00, 0.00, 0.00, 0.00
6213, 0, 234.227, 0.98, 1, 0.00, 0.10, 0.00, 0.00, 0.23, 0.19, 0.00, 0.81, 1.47, 0.52, 0.06, 0.21, 0.00, 0.00, 0.94, 0.12, 0.00, 0.00, 0.00, 0.00, 1.00, 0.00, 0.00, 0.00, 0.00, 1.00, 0.00, 0.00, 1.00, 0.00, 0.00, 1.00, 0.00, 0.00, 0.00
6214, 0, 234.265, 0.98, 1, 0.06, 0.05, 0.00, 0.00, 0.23, 0.25, 0.00, 0.72, 1.37, 0.65, 0.08, 0.12, 0.00, 0.00, 0.80, 0.25, 0.00, 0.00, 0.00, 0.00, 1.00, 0.00, 0.00, 0.00, 0.00, 1.00, 0.00, 0.00, 1.00, 0.00, 0.00, 1.00, 0.00, 0.00, 0.00
6215, 0, 234.303, 0.98, 1, 0.06, 0.05, 0.00, 0.00, 0.12, 0.09, 0.00, 0.45, 1.28, 0.65, 0.03, 0.00, 0.00, 0.00, 0.67, 0.24, 0.00, 0.00, 0.00, 0.00, 1.00, 0.00, 0.00, 0.00, 0.00, 1.00, 0.00, 0.00, 0.00, 0.00, 0.00, 1.00, 0.00, 0.00, 0.00
6216, 0, 234.341, 0.98, 1, 0.06, 0.04, 0.00, 0.00, 0.11, 0.08, 0.00, 0.22, 1.15, 0.53, 0.03, 0.00, 0.00, 0.00, 0.66, 0.12, 0.21, 0.00, 0.00, 0.00, 1.00, 0.00, 0.00, 0.00, 0.00, 1.00, 0.00, 0.00, 0.00, 0.00, 0.00, 1.00, 0.00, 0.00, 1.00
6217, 0, 234.378, 0.98, 1, 0.00, 0.00, 0.00, 0.00, 0.11, 0.00, 0.00, 0.05, 1.13, 0.38, 0.00, 0.00, 0.17, 0.00, 0.64, 0.01, 0.52, 0.00, 0.00, 0.00, 1.00, 0.00, 0.00, 0.00, 0.00, 1.00, 0.00, 0.00, 0.00, 0.00, 0.00, 1.00, 0.00, 0.00, 1.00
6218, 0, 234.416, 0.88, 1, 0.08, 0.04, 0.00, 0.00, 0.10, 0.00, 0.00, 0.00, 1.21, 0.17, 0.00, 0.00, 0.34, 0.00, 0.77, 0.34, 0.70, 0.00, 0.00, 0.00, 1.00, 0.00, 0.00, 0.00, 0.00, 1.00, 0.00, 0.00, 0.00, 0.00, 0.00, 1.00, 0.00, 0.00, 1.00
6219, 0, 234.454, 0.88, 1, 0.08, 0.04, 0.00, 0.00, 0.08, 0.00, 0.00, 0.00, 1.35, 0.21, 0.00, 0.07, 0.40, 0.00, 0.99, 0.73, 0.64, 0.00, 0.00, 0.00, 1.00, 0.00, 0.00, 0.00, 0.00, 1.00, 0.00, 0.00, 0.00, 0.00, 0.00, 1.00, 1.00, 0.00, 1.00
6220, 0, 234.491, 0.88, 1, 0.08, 0.11, 0.00, 0.00, 0.06, 0.00, 0.00, 0.05, 1.36, 0.39, 0.00, 0.29, 0.41, 0.02, 1.42, 1.20, 0.33, 0.00, 0.00, 0.00, 1.00, 0.00, 0.00, 0.00, 0.00, 1.00, 0.00, 0.00, 0.00, 0.00, 0.00, 1.00, 1.00, 0.00, 1.00
6221, 0, 234.529, 0.93, 1, 0.03, 0.15, 0.00, 0.01, 0.05, 0.00, 0.00, 0.16, 1.28, 0.56, 0.00, 0.39, 0.40, 0.04, 1.71, 1.39, 0.15, 0.00, 0.00, 0.00, 1.00, 0.00, 0.00, 0.00, 0.00, 1.00, 0.00, 0.00, 0.00, 0.00, 0.00, 1.00, 1.00, 0.00, 1.00
6222, 0, 234.567, 0.88, 1, 0.12, 0.15, 0.00, 0.01, 0.00, 0.00, 0.00, 0.34, 1.11, 0.51, 0.09, 0.31, 0.66, 0.04, 1.84, 1.28, 0.00, 0.00, 0.00, 0.00, 1.00, 0.00, 0.00, 0.00, 0.00, 1.00, 0.00, 0.00, 0.00, 0.00, 0.00, 1.00, 1.00, 0.00, 1.00
6223, 0, 234.604, 0.93, 1, 0.18, 0.08, 0.00, 0.01, 0.00, 0.00, 0.00, 0.44, 0.97, 0.47, 0.09, 0.18, 0.70, 0.04, 1.84, 1.47, 0.00, 0.00, 0.00, 0.00, 1.00, 0.00, 0.00, 0.00, 0.00, 1.00, 0.00, 0.00, 0.00, 0.00, 0.00, 1.00, 1.00, 0.00, 1.00
6224, 0, 234.642, 0.88, 1, 0.15, 0.12, 0.00, 0.00, 0.00, 0.00, 0.00, 0.52, 0.97, 0.46, 0.17, 0.09, 0.65, 0.02, 1.86, 1.30, 0.13, 0.00, 0.00, 0.00, 1.00, 0.00, 0.00, 0.00, 0.00, 1.00, 1.00, 0.00, 0.00, 0.00, 0.00, 1.00, 1.00, 0.00, 1.00
6225, 0, 234.680, 0.88, 1, 0.19, 0.26, 0.00, 0.00, 0.00, 0.00, 0.00, 0.53, 1.00, 0.56, 0.20, 0.32, 0.34, 0.02, 1.90, 1.40, 0.30, 0.00, 0.00, 0.00, 1.00, 0.00, 0.00, 0.00, 0.00, 1.00, 1.00, 0.00, 0.00, 0.00, 0.00, 1.00, 1.00, 0.00, 1.00
6226, 0, 234.718, 0.88, 1, 0.12, 0.26, 0.00, 0.00, 0.00, 0.00, 0.00, 0.44, 1.09, 0.47, 0.20, 0.25, 0.11, 0.00, 2.00, 1.31, 0.47, 0.00, 0.00, 0.00, 1.00, 0.00, 0.00, 0.00, 0.00, 1.00, 1.00, 0.00, 0.00, 0.00, 0.00, 1.00, 1.00, 0.00, 1.00
6227, 0, 234.755, 0.88, 1, 0.13, 0.14, 0.00, 0.00, 0.00, 0.00, 0.00, 0.34, 1.07, 0.50, 0.12, 0.32, 0.00, 0.00, 1.97, 1.55, 0.59, 0.00, 0.00, 0.00, 1.00, 0.00, 0.00, 0.00, 0.00, 1.00, 1.00, 0.00, 0.00, 0.00, 0.00, 1.00, 1.00, 0.00, 1.00
6228, 0, 234.793, 0.88, 1, 0.13, 0.34, 0.00, 0.00, 0.02, 0.00, 0.00, 0.20, 1.06, 0.69, 0.00, 0.28, 0.00, 0.00, 1.94, 1.77, 0.44, 0.00, 0.00, 0.00, 1.00, 0.00, 0.00, 0.00, 0.00, 1.00, 1.00, 0.00, 0.00, 0.00, 0.00, 1.00, 1.00, 0.00, 1.00
6229, 0, 234.831, 0.98, 1, 0.26, 0.42, 0.00, 0.00, 0.03, 0.00, 0.00, 0.26, 0.97, 0.85, 0.02, 0.27, 0.00, 0.01, 1.40, 1.53, 0.27, 0.00, 0.00, 0.00, 1.00, 0.00, 0.00, 0.00, 0.00, 1.00, 1.00, 0.00, 1.00, 0.00, 0.00, 1.00, 1.00, 0.00, 1.00
6230, 0, 234.868, 0.98, 1, 0.38, 0.62, 0.00, 0.00, 0.03, 0.00, 0.03, 0.48, 0.85, 0.80, 0.02, 0.58, 0.04, 0.15, 0.91, 0.95, 0.02, 0.00, 0.00, 0.00, 1.00, 0.00, 0.00, 0.00, 0.00, 1.00, 1.00, 0.00, 1.00, 0.00, 1.00, 1.00, 0.00, 0.00, 1.00
6231, 0, 234.906, 0.98, 1, 0.27, 0.29, 0.00, 0.00, 0.02, 0.00, 0.03, 0.51, 0.79, 0.73, 0.02, 0.69, 0.04, 0.32, 0.45, 0.36, 0.00, 0.00, 0.00, 0.00, 1.00, 0.00, 0.00, 0.00, 0.00, 1.00, 1.00, 0.00, 1.00, 0.00, 1.00, 1.00, 0.00, 0.00, 0.00
6232, 0, 234.944, 0.98, 1, 0.14, 0.20, 0.00, 0.00, 0.00, 0.00, 0.03, 0.47, 0.76, 0.77, 0.00, 1.05, 0.04, 0.48, 0.39, 0.03, 0.00, 0.00, 0.00, 0.00, 1.00, 0.00, 0.00, 0.00, 0.00, 1.00, 1.00, 0.00, 1.00, 0.00, 1.00, 1.00, 0.00, 0.00, 0.00
6233, 0, 234.981, 0.98, 1, 0.00, 0.00, 0.00, 0.00, 0.00, 0.00, 0.02, 0.22, 0.83, 0.91, 0.00, 0.98, 0.00, 0.50, 0.33, 0.11, 0.00, 0.00, 0.00, 0.00, 1.00, 0.00, 0.00, 0.00, 0.00, 1.00, 1.00, 0.00, 1.00, 0.00, 1.00, 1.00, 0.00, 0.00, 0.00
6234, 0, 235.019, 0.98, 1, 0.01, 0.05, 0.00, 0.00, 0.00, 0.00, 0.02, 0.30, 0.85, 0.94, 0.00, 0.93, 0.00, 0.54, 0.44, 0.35, 0.00, 0.00, 0.00, 0.00, 1.00, 0.00, 0.00, 0.00, 0.00, 1.00, 1.00, 0.00, 1.00, 0.00, 1.00, 1.00, 0.00, 0.00, 0.00
6235, 0, 235.057, 0.98, 1, 0.06, 0.05, 0.00, 0.00, 0.01, 0.00, 0.02, 0.42, 0.88, 0.79, 0.00, 0.76, 0.00, 0.46, 0.51, 0.38, 0.08, 0.00, 0.00, 0.00, 1.00, 0.00, 0.00, 0.00, 0.00, 1.00, 1.00, 0.00, 1.00, 0.00, 1.00, 1.00, 1.00, 0.00, 0.00
6236, 0, 235.095, 0.98, 1, 0.13, 0.15, 0.00, 0.00, 0.01, 0.00, 0.00, 0.60, 0.83, 0.77, 0.00, 0.52, 0.00, 0.35, 0.59, 0.35, 0.14, 0.00, 0.00, 0.00, 1.00, 0.00, 0.00, 0.00, 0.00, 1.00, 1.00, 0.00, 1.00, 0.00, 1.00, 1.00, 1.00, 0.00, 0.00
6237, 0, 235.132, 0.98, 1, 0.12, 0.10, 0.00, 0.00, 0.02, 0.00, 0.00, 0.75, 0.87, 0.53, 0.04, 0.33, 0.00, 0.14, 0.73, 0.21, 0.14, 0.00, 0.00, 0.00, 1.00, 0.00, 0.00, 0.00, 0.00, 1.00, 1.00, 0.00, 0.00, 0.00, 1.00, 1.00, 1.00, 0.00, 0.00
6238, 0, 235.170, 0.98, 1, 0.07, 0.10, 0.00, 0.00, 0.10, 0.00, 0.00, 0.88, 0.86, 0.68, 0.28, 0.28, 0.02, 0.05, 1.04, 0.45, 0.06, 0.00, 0.00, 0.00, 1.00, 0.00, 0.00, 0.00, 0.00, 1.00, 1.00, 0.00, 0.00, 0.00, 1.00, 1.00, 1.00, 0.00, 0.00
6239, 0, 235.208, 0.98, 1, 0.15, 0.10, 0.00, 0.00, 0.10, 0.00, 0.00, 0.98, 0.93, 0.84, 0.28, 0.21, 0.02, 0.00, 1.20, 0.74, 0.00, 0.00, 0.00, 0.00, 1.00, 0.00, 0.00, 0.00, 0.00, 1.00, 0.00, 0.00, 0.00, 0.00, 1.00, 1.00, 1.00, 0.00, 0.00
6240, 0, 235.245, 0.98, 1, 0.20, 0.10, 0.00, 0.00, 0.12, 0.00, 0.00, 1.30, 0.94, 0.98, 0.63, 0.49, 0.02, 0.00, 1.66, 1.11, 0.00, 0.00, 0.00, 0.00, 1.00, 0.00, 0.00, 0.00, 0.00, 1.00, 1.00, 0.00, 1.00, 0.00, 1.00, 1.00, 1.00, 0.00, 0.00
6241, 0, 235.283, 0.93, 1, 0.30, 0.11, 0.00, 0.00, 0.10, 0.00, 0.00, 1.56, 1.01, 0.88, 0.70, 0.69, 0.00, 0.00, 1.99, 1.28, 0.00, 0.00, 0.00, 0.00, 1.00, 0.00, 0.00, 0.00, 1.00, 1.00, 1.00, 0.00, 1.00, 0.00, 1.00, 1.00, 1.00, 0.00, 0.00
6242, 0, 235.321, 0.93, 1, 0.19, 0.03, 0.00, 0.00, 0.12, 0.00, 0.00, 1.49, 0.91, 0.91, 0.82, 0.94, 0.00, 0.00, 2.08, 1.43, 0.00, 0.00, 0.00, 0.00, 1.00, 0.00, 0.00, 0.00, 1.00, 1.00, 1.00, 1.00, 1.00, 0.00, 1.00, 1.00, 1.00, 0.00, 0.00
6243, 0, 235.359, 0.98, 1, 0.15, 0.08, 0.00, 0.00, 0.08, 0.00, 0.00, 1.34, 0.79, 1.10, 0.67, 0.89, 0.00, 0.00, 1.52, 1.24, 0.00, 0.00, 0.00, 0.00, 1.00, 0.00, 0.00, 0.00, 1.00, 1.00, 0.00, 1.00, 1.00, 0.00, 1.00, 1.00, 1.00, 0.00, 0.00
6244, 0, 235.396, 0.98, 1, 0.11, 0.20, 0.00, 0.00, 0.02, 0.15, 0.00, 1.20, 0.59, 1.07, 0.74, 0.91, 0.00, 0.00, 0.98, 1.00, 0.00, 0.00, 0.00, 0.00, 1.00, 0.00, 0.00, 0.00, 1.00, 1.00, 0.00, 1.00, 1.00, 0.00, 1.00, 1.00, 0.00, 0.00, 0.00
6245, 0, 235.434, 0.98, 1, 0.25, 0.26, 0.00, 0.00, 0.02, 0.15, 0.02, 1.28, 0.53, 0.84, 0.74, 0.76, 0.00, 0.00, 0.61, 0.50, 0.00, 0.00, 0.00, 0.00, 1.00, 0.00, 0.00, 0.00, 1.00, 1.00, 0.00, 1.00, 1.00, 0.00, 1.00, 1.00, 0.00, 0.00, 0.00
6246, 0, 235.472, 0.98, 1, 0.40, 0.26, 0.00, 0.00, 0.02, 0.15, 0.15, 1.22, 0.52, 0.77, 0.50, 0.66, 0.00, 0.06, 0.37, 0.33, 0.00, 0.00, 0.00, 0.00, 1.00, 0.00, 0.00, 0.00, 0.00, 1.00, 0.00, 1.00, 1.00, 0.00, 1.00, 0.00, 0.00, 0.00, 0.00
6247, 0, 235.509, 0.98, 1, 0.49, 0.13, 0.00, 0.00, 0.03, 0.00, 0.27, 1.19, 0.56, 0.85, 0.12, 0.45, 0.00, 0.14, 0.11, 0.26, 0.00, 0.00, 0.00, 0.00, 1.00, 0.00, 0.00, 0.00, 0.00, 1.00, 0.00, 1.00, 1.00, 0.00, 1.00, 0.00, 0.00, 0.00, 0.00
6248, 0, 235.547, 0.98, 1, 0.38, 0.11, 0.00, 0.03, 0.07, 0.00, 0.26, 1.32, 0.67, 1.01, 0.00, 0.74, 0.00, 0.33, 0.15, 0.30, 0.00, 0.00, 0.00, 0.00, 1.00, 0.00, 0.00, 0.00, 0.00, 1.00, 0.00, 1.00, 1.00, 0.00, 1.00, 0.00, 0.00, 0.00, 0.00
6249, 0, 235.585, 0.98, 1, 0.40, 0.11, 0.00, 0.04, 0.07, 0.00, 0.13, 1.39, 0.70, 1.02, 0.00, 1.08, 0.00, 0.48, 0.21, 0.35, 0.00, 0.00, 0.00, 0.00, 1.00, 0.00, 0.00, 0.00, 0.00, 1.00, 0.00, 1.00, 1.00, 0.00, 1.00, 0.00, 0.00, 0.00, 0.00
6250, 0, 235.622, 0.98, 1, 0.26, 0.11, 0.02, 0.04, 0.09, 0.00, 0.00, 1.14, 0.81, 1.29, 0.00, 1.15, 0.00, 0.51, 0.43, 0.62, 0.00, 0.00, 0.00, 0.00, 1.00, 0.00, 0.00, 0.00, 0.00, 1.00, 0.00, 1.00, 1.00, 0.00, 1.00, 0.00, 0.00, 0.00, 0.00
6251, 0, 235.660, 0.98, 1, 0.19, 0.11, 0.02, 0.01, 0.13, 0.00, 0.00, 0.95, 0.89, 1.70, 0.00, 0.98, 0.00, 0.42, 0.56, 0.92, 0.00, 0.00, 0.00, 0.00, 1.00, 0.00, 0.00, 0.00, 0.00, 1.00, 0.00, 1.00, 1.00, 0.00, 1.00, 1.00, 0.00, 0.00, 0.00
6252, 0, 235.698, 0.98, 1, 0.00, 0.08, 0.02, 0.00, 0.23, 0.00, 0.00, 0.58, 1.02, 1.70, 0.13, 0.69, 0.00, 0.33, 0.92, 0.80, 0.00, 0.00, 0.00, 0.00, 1.00, 0.00, 0.00, 0.00, 0.00, 1.00, 0.00, 0.00, 1.00, 0.00, 1.00, 1.00, 0.00, 0.00, 0.00
6253, 0, 235.736, 0.98, 1, 0.00, 0.08, 0.00, 0.00, 0.24, 0.00, 0.00, 0.49, 1.03, 1.54, 0.20, 0.73, 0.00, 0.33, 1.21, 0.53, 0.00, 0.00, 0.00, 0.00, 1.00, 0.00, 0.00, 0.00, 0.00, 1.00, 1.00, 0.00, 1.00, 0.00, 1.00, 1.00, 0.00, 0.00, 0.00
6254, 0, 235.773, 0.98, 1, 0.00, 0.15, 0.00, 0.01, 0.15, 0.00, 0.00, 0.39, 0.98, 1.20, 0.36, 0.55, 0.00, 0.34, 1.52, 0.30, 0.00, 0.00, 0.00, 0.00, 1.00, 0.00, 0.00, 0.00, 0.00, 1.00, 1.00, 0.00, 1.00, 0.00, 1.00, 1.00, 0.00, 0.00, 0.00
6255, 0, 235.811, 0.98, 1, 0.07, 0.15, 0.00, 0.01, 0.09, 0.00, 0.00, 0.67, 0.86, 1.39, 0.48, 0.31, 0.00, 0.25, 1.26, 0.40, 0.00, 0.00, 0.00, 0.00, 1.00, 0.00, 0.00, 0.00, 0.00, 1.00, 1.00, 0.00, 0.00, 0.00, 1.00, 1.00, 0.00, 0.00, 0.00
6256, 0, 235.849, 0.98, 1, 0.07, 0.23, 0.00, 0.06, 0.04, 0.00, 0.00, 0.86, 0.85, 1.64, 0.41, 0.12, 0.00, 0.14, 0.99, 0.46, 0.00, 0.00, 0.00, 0.00, 1.00, 0.00, 0.00, 0.00, 0.00, 1.00, 0.00, 0.00, 0.00, 0.00, 1.00, 0.00, 0.00, 0.00, 0.00
6257, 0, 235.886, 0.98, 1, 0.07, 0.08, 0.00, 0.11, 0.03, 0.00, 0.00, 1.01, 0.86, 1.64, 0.39, 0.08, 0.00, 0.07, 0.64, 0.53, 0.00, 0.00, 0.00, 0.00, 1.00, 0.00, 0.00, 0.00, 0.00, 1.00, 0.00, 0.00, 0.00, 0.00, 1.00, 0.00, 0.00, 0.00, 0.00
6258, 0, 235.924, 0.98, 1, 0.04, 0.17, 0.00, 0.22, 0.00, 0.00, 0.00, 1.11, 0.90, 1.56, 0.15, 0.08, 0.00, 0.10, 0.52, 0.60, 0.00, 0.00, 0.00, 0.00, 1.00, 0.00, 0.00, 0.00, 0.00, 0.00, 0.00, 0.00, 0.00, 0.00, 1.00, 0.00, 0.00, 0.00, 0.00
6259, 0, 235.962, 0.98, 1, 0.07, 0.21, 0.00, 0.31, 0.00, 0.00, 0.00, 1.25, 0.86, 1.34, 0.15, 0.00, 0.00, 0.18, 0.39, 0.59, 0.00, 0.00, 0.00, 0.00, 1.00, 0.00, 0.00, 0.00, 0.00, 0.00, 0.00, 0.00, 0.00, 0.00, 1.00, 0.00, 0.00, 0.00, 0.00
6260, 0, 236.000, 0.98, 1, 0.24, 0.22, 0.00, 0.25, 0.00, 0.00, 0.00, 1.34, 0.70, 1.07, 0.00, 0.24, 0.09, 0.24, 0.37, 0.62, 0.00, 0.00, 0.00, 0.00, 1.00, 0.00, 0.00, 0.00, 0.00, 1.00, 0.00, 0.00, 0.00, 0.00, 1.00, 0.00, 0.00, 0.00, 0.00
6261, 0, 236.037, 0.98, 1, 0.20, 0.14, 0.00, 0.14, 0.00, 0.00, 0.00, 1.34, 0.58, 0.98, 0.00, 0.63, 0.17, 0.20, 0.46, 0.70, 0.00, 0.00, 0.00, 0.00, 1.00, 0.00, 0.00, 0.00, 0.00, 0.00, 0.00, 0.00, 0.00, 0.00, 1.00, 0.00, 0.00, 0.00, 0.00
6262, 0, 236.075, 0.98, 1, 0.17, 0.01, 0.00, 0.00, 0.00, 0.00, 0.00, 1.29, 0.46, 0.88, 0.03, 0.91, 0.17, 0.17, 0.59, 0.81, 0.00, 0.00, 0.00, 0.00, 1.00, 0.00, 0.00, 0.00, 0.00, 0.00, 0.00, 0.00, 0.00, 0.00, 1.00, 0.00, 0.00, 0.00, 0.00
6263, 0, 236.113, 0.98, 1, 0.00, 0.00, 0.00, 0.15, 0.00, 0.00, 0.00, 1.26, 0.47, 1.03, 0.14, 0.77, 0.09, 0.08, 0.75, 1.09, 0.00, 0.00, 0.00, 0.00, 1.00, 0.00, 0.00, 0.00, 0.00, 0.00, 0.00, 0.00, 0.00, 0.00, 1.00, 1.00, 0.00, 0.00, 0.00
6264, 0, 236.150, 0.98, 1, 0.00, 0.00, 0.00, 0.18, 0.00, 0.00, 0.00, 1.11, 0.45, 1.03, 0.14, 0.45, 0.00, 0.05, 1.07, 1.40, 0.00, 0.00, 0.00, 0.00, 1.00, 0.00, 0.00, 0.00, 0.00, 0.00, 0.00, 0.00, 0.00, 0.00, 1.00, 1.00, 1.00, 0.00, 0.00
6265, 0, 236.188, 0.98, 1, 0.04, 0.00, 0.00, 0.18, 0.00, 0.00, 0.00, 0.91, 0.49, 1.07, 0.11, 0.36, 0.00, 0.10, 1.47, 1.67, 0.00, 0.00, 0.00, 0.00, 1.00, 0.00, 0.00, 0.00, 0.00, 0.00, 0.00, 0.00, 0.00, 0.00, 1.00, 1.00, 1.00, 0.00, 0.00
6266, 0, 236.226, 0.98, 1, 0.11, 0.14, 0.00, 0.10, 0.00, 0.00, 0.00, 0.69, 0.54, 0.98, 0.17, 0.49, 0.00, 0.17, 1.75, 1.72, 0.00, 0.00, 0.00, 0.00, 1.00, 0.00, 0.00, 0.00, 0.00, 0.00, 0.00, 0.00, 0.00, 0.00, 1.00, 1.00, 1.00, 0.00, 0.00
6267, 0, 236.263, 0.98, 1, 0.11, 0.17, 0.00, 0.09, 0.00, 0.00, 0.00, 0.61, 0.57, 0.91, 0.21, 0.53, 0.00, 0.25, 1.74, 1.45, 0.00, 0.00, 0.00, 0.00, 1.00, 0.00, 0.00, 0.00, 0.00, 0.00, 0.00, 0.00, 0.00, 0.00, 1.00, 1.00, 1.00, 0.00, 0.00
6268, 0, 236.301, 0.98, 1, 0.07, 0.17, 0.00, 0.09, 0.00, 0.00, 0.00, 0.66, 0.56, 1.03, 0.28, 0.33, 0.04, 0.30, 1.17, 1.04, 0.00, 0.00, 0.00, 0.00, 1.00, 0.00, 0.00, 0.00, 0.00, 0.00, 0.00, 0.00, 0.00, 0.00, 1.00, 1.00, 1.00, 0.00, 0.00
6269, 0, 236.339, 0.98, 1, 0.01, 0.03, 0.00, 0.04, 0.00, 0.00, 0.00, 0.84, 0.54, 1.19, 0.38, 0.24, 0.09, 0.35, 0.89, 0.91, 0.00, 0.00, 0.00, 0.00, 1.00, 0.00, 0.00, 0.00, 0.00, 0.00, 0.00, 0.00, 0.00, 0.00, 1.00, 0.00, 0.00, 0.00, 0.00
6270, 0, 236.377, 0.98, 1, 0.01, 0.08, 0.03, 0.01, 0.00, 0.00, 0.03, 1.01, 0.52, 1.15, 0.34, 0.28, 0.09, 0.28, 0.48, 0.75, 0.00, 0.00, 0.00, 0.00, 1.00, 0.00, 0.00, 0.00, 0.00, 0.00, 0.00, 0.00, 0.00, 0.00, 1.00, 0.00, 0.00, 0.00, 0.00
6271, 0, 236.414, 0.98, 1, 0.01, 0.08, 0.05, 0.01, 0.00, 0.00, 0.06, 1.19, 0.50, 0.89, 0.27, 0.43, 0.06, 0.15, 0.47, 0.77, 0.00, 0.00, 0.00, 0.00, 1.00, 0.00, 0.00, 0.00, 0.00, 0.00, 0.00, 0.00, 0.00, 0.00, 1.00, 0.00, 0.00, 0.00, 0.00
6272, 0, 236.452, 0.98, 1, 0.10, 0.08, 0.07, 0.04, 0.00, 0.00, 0.10, 1.25, 0.43, 0.85, 0.00, 0.57, 0.01, 0.10, 0.14, 0.59, 0.00, 0.00, 0.00, 0.00, 1.00, 0.00, 0.00, 0.00, 0.00, 0.00, 1.00, 0.00, 1.00, 0.00, 0.00, 0.00, 0.00, 0.00, 0.00
6273, 0, 236.490, 0.98, 1, 0.14, 0.00, 0.04, 0.04, 0.00, 0.00, 0.12, 1.33, 0.41, 0.89, 0.00, 0.74, 0.01, 0.12, 0.08, 0.61, 0.00, 0.00, 0.00, 0.00, 1.00, 0.00, 0.00, 0.00, 0.00, 0.00, 1.00, 0.00, 1.00, 0.00, 1.00, 0.00, 0.00, 0.00, 0.00
6274, 0, 236.527, 0.98, 1, 0.15, 0.00, 0.02, 0.04, 0.00, 0.00, 0.13, 1.24, 0.37, 0.92, 0.04, 0.85, 0.00, 0.11, 0.07, 0.45, 0.00, 0.00, 0.00, 0.00, 1.00, 0.00, 0.00, 0.00, 0.00, 0.00, 1.00, 0.00, 1.00, 0.00, 0.00, 0.00, 0.00, 0.00, 0.00
6275, 0, 236.565, 0.98, 1, 0.19, 0.00, 0.00, 0.00, 0.00, 0.00, 0.09, 0.99, 0.45, 0.92, 0.26, 0.82, 0.00, 0.04, 0.12, 0.52, 0.00, 0.00, 0.00, 0.00, 1.00, 0.00, 0.00, 0.00, 0.00, 1.00, 1.00, 0.00, 1.00, 0.00, 0.00, 0.00, 0.00, 0.00, 0.00
6276, 0, 236.603, 0.98, 1, 0.23, 0.00, 0.00, 0.00, 0.00, 0.00, 0.04, 0.56, 0.48, 0.95, 0.28, 0.72, 0.00, 0.07, 0.10, 0.59, 0.00, 0.00, 0.00, 0.00, 1.00, 0.00, 0.00, 0.00, 0.00, 1.00, 1.00, 0.00, 1.00, 0.00, 0.00, 0.00, 0.00, 0.00, 0.00
6277, 0, 236.641, 0.98, 1, 0.30, 0.00, 0.00, 0.00, 0.00, 0.00, 0.00, 0.31, 0.50, 1.01, 0.45, 0.63, 0.00, 0.13, 0.05, 0.77, 0.00, 0.00, 0.00, 0.00, 1.00, 0.00, 0.00, 0.00, 0.00, 1.00, 1.00, 0.00, 1.00, 0.00, 0.00, 0.00, 0.00, 0.00, 0.00
6278, 0, 236.678, 0.98, 1, 0.20, 0.03, 0.00, 0.00, 0.00, 0.00, 0.00, 0.17, 0.45, 1.10, 0.23, 0.55, 0.00, 0.16, 0.00, 0.61, 0.00, 0.00, 0.00, 0.00, 1.00, 0.00, 0.00, 0.00, 0.00, 1.00, 1.00, 0.00, 1.00, 0.00, 0.00, 0.00, 0.00, 0.00, 0.00
6279, 0, 236.716, 0.98, 1, 0.12, 0.03, 0.10, 0.00, 0.00, 0.00, 0.00, 0.20, 0.49, 1.22, 0.21, 0.45, 0.00, 0.12, 0.00, 0.46, 0.00, 0.00, 0.00, 0.00, 1.00, 0.00, 0.00, 0.00, 0.00, 1.00, 1.00, 0.00, 1.00, 0.00, 1.00, 0.00, 0.00, 0.00, 0.00
6280, 0, 236.754, 0.98, 1, 0.04, 0.03, 0.10, 0.00, 0.00, 0.00, 0.00, 0.41, 0.49, 1.23, 0.00, 0.44, 0.00, 0.08, 0.00, 0.31, 0.00, 0.00, 0.00, 0.00, 1.00, 0.00, 0.00, 0.00, 0.00, 1.00, 1.00, 0.00, 1.00, 0.00, 1.00, 0.00, 0.00, 0.00, 0.00
6281, 0, 236.791, 0.98, 1, 0.00, 0.00, 0.10, 0.00, 0.00, 0.00, 0.00, 0.51, 0.47, 1.08, 0.22, 0.44, 0.00, 0.05, 0.14, 0.28, 0.00, 0.00, 0.00, 0.00, 1.00, 0.00, 0.00, 0.00, 0.00, 1.00, 1.00, 0.00, 0.00, 0.00, 1.00, 0.00, 0.00, 0.00, 0.00
6282, 0, 236.829, 0.93, 1, 0.01, 0.00, 0.00, 0.00, 0.00, 0.00, 0.00, 0.54, 0.43, 0.98, 0.60, 0.42, 0.00, 0.01, 0.29, 0.28, 0.00, 0.00, 0.00, 0.00, 1.00, 0.00, 0.00, 0.00, 0.00, 1.00, 1.00, 0.00, 0.00, 0.00, 1.00, 0.00, 0.00, 0.00, 0.00
6283, 0, 236.867, 0.93, 1, 0.01, 0.00, 0.00, 0.00, 0.00, 0.00, 0.06, 0.59, 0.46, 1.00, 0.83, 0.26, 0.00, 0.00, 0.29, 0.25, 0.06, 0.00, 0.00, 0.00, 1.00, 0.00, 0.00, 0.00, 0.00, 1.00, 1.00, 0.00, 0.00, 0.00, 1.00, 0.00, 0.00, 0.00, 0.00
6284, 0, 236.904, 0.93, 1, 0.01, 0.00, 0.00, 0.00, 0.00, 0.00, 0.11, 0.76, 0.43, 1.08, 0.96, 0.14, 0.00, 0.00, 0.15, 0.28, 0.07, 0.00, 0.00, 0.00, 1.00, 0.00, 0.00, 0.00, 0.00, 1.00, 1.00, 0.00, 0.00, 0.00, 1.00, 0.00, 0.00, 0.00, 0.00
6285, 0, 236.942, 0.98, 1, 0.00, 0.03, 0.03, 0.00, 0.00, 0.00, 0.11, 0.72, 0.30, 0.75, 2.16, 0.37, 0.00, 0.03, 0.00, 0.24, 0.07, 0.00, 0.00, 0.00, 1.00, 0.00, 0.00, 0.00, 0.00, 1.00, 0.00, 0.00, 0.00, 0.00, 1.00, 0.00, 0.00, 0.00, 0.00
6286, 0, 236.980, 0.98, 1, 0.03, 0.04, 0.03, 0.00, 0.00, 0.00, 0.05, 0.68, 0.26, 0.40, 2.22, 0.58, 0.00, 0.03, 0.03, 0.69, 0.01, 0.00, 0.00, 0.00, 1.00, 0.00, 0.00, 0.00, 0.00, 1.00, 0.00, 0.00, 1.00, 0.00, 1.00, 0.00, 0.00, 0.00, 0.00
6287, 0, 237.018, 0.98, 1, 0.07, 0.07, 0.03, 0.00, 0.00, 0.00, 0.00, 0.71, 0.30, 0.00, 2.53, 0.90, 0.00, 0.03, 0.03, 0.84, 0.00, 0.00, 0.00, 0.00, 1.00, 0.00, 0.00, 0.00, 0.00, 1.00, 0.00, 0.00, 1.00, 0.00, 1.00, 0.00, 0.00, 0.00, 0.00
6288, 0, 237.055, 0.98, 1, 0.07, 0.04, 0.00, 0.01, 0.00, 0.00, 0.00, 0.89, 0.43, 0.00, 1.51, 0.96, 0.00, 0.00, 0.03, 0.79, 0.00, 0.00, 0.00, 0.00, 1.00, 0.00, 0.00, 0.00, 0.00, 1.00, 0.00, 0.00, 1.00, 0.00, 1.00, 0.00, 0.00, 0.00, 0.00
6289, 0, 237.093, 0.98, 1, 0.04, 0.02, 0.00, 0.06, 0.00, 0.00, 0.03, 0.89, 0.48, 0.15, 1.70, 1.05, 0.00, 0.00, 0.00, 0.32, 0.00, 0.00, 0.00, 0.00, 1.00, 0.00, 0.00, 0.00, 0.00, 0.00, 0.00, 0.00, 1.00, 0.00, 1.00, 0.00, 0.00, 0.00, 0.00
6290, 0, 237.131, 0.98, 1, 0.00, 0.10, 0.04, 0.06, 0.00, 0.00, 0.03, 0.62, 0.38, 0.49, 1.35, 0.76, 0.00, 0.03, 0.15, 0.02, 0.00, 0.00, 0.00, 0.00, 1.00, 0.00, 0.00, 0.00, 0.00, 0.00, 0.00, 0.00, 1.00, 0.00, 0.00, 0.00, 0.00, 0.00, 0.00
6291, 0, 237.168, 0.98, 1, 0.00, 0.10, 0.12, 0.05, 0.00, 0.00, 0.04, 0.42, 0.27, 0.77, 0.89, 0.42, 0.00, 0.07, 0.23, 0.00, 0.00, 0.00, 0.00, 0.00, 1.00, 0.00, 0.00, 0.00, 0.00, 0.00, 1.00, 0.00, 0.00, 0.00, 0.00, 0.00, 0.00, 0.00, 0.00
6292, 0, 237.206, 0.98, 1, 0.12, 0.10, 0.17, 0.00, 0.00, 0.00, 0.01, 0.34, 0.09, 0.90, 1.18, 0.12, 0.00, 0.07, 0.39, 0.00, 0.00, 0.00, 0.00, 0.00, 1.00, 0.00, 0.00, 0.00, 0.00, 0.00, 1.00, 0.00, 0.00, 0.00, 0.00, 0.00, 0.00, 0.00, 0.00
6293, 0, 237.244, 0.98, 1, 0.19, 0.00, 0.15, 0.00, 0.00, 0.00, 0.03, 0.51, 0.11, 1.03, 1.11, 0.15, 0.00, 0.04, 0.25, 0.00, 0.00, 0.00, 0.00, 0.00, 1.00, 0.00, 0.00, 0.00, 0.00, 0.00, 1.00, 0.00, 0.00, 0.00, 0.00, 0.00, 0.00, 0.00, 0.00
6294, 0, 237.282, 0.98, 1, 0.26, 0.00, 0.12, 0.00, 0.00, 0.00, 0.09, 0.72, 0.16, 1.23, 1.24, 0.19, 0.00, 0.00, 0.17, 0.00, 0.00, 0.00, 0.00, 0.00, 1.00, 0.00, 0.00, 0.00, 0.00, 0.00, 1.00, 0.00, 0.00, 0.00, 0.00, 0.00, 0.00, 0.00, 0.00
6295, 0, 237.319, 0.98, 1, 0.28, 0.00, 0.07, 0.00, 0.00, 0.00, 0.15, 0.68, 0.31, 1.23, 0.47, 0.47, 0.00, 0.06, 0.04, 0.00, 0.00, 0.00, 0.00, 0.00, 1.00, 0.00, 0.00, 0.00, 0.00, 0.00, 1.00, 0.00, 0.00, 0.00, 0.00, 0.00, 0.00, 0.00, 0.00
6296, 0, 237.357, 0.98, 1, 0.30, 0.00, 0.04, 0.00, 0.00, 0.00, 0.20, 0.51, 0.40, 1.12, 0.23, 0.49, 0.00, 0.06, 0.16, 0.00, 0.00, 0.00, 0.00, 0.00, 1.00, 0.00, 0.00, 0.00, 0.00, 1.00, 1.00, 0.00, 0.00, 0.00, 0.00, 0.00, 0.00, 0.00, 0.00
6297, 0, 237.395, 0.98, 1, 0.23, 0.00, 0.00, 0.00, 0.00, 0.00, 0.33, 0.33, 0.46, 0.99, 0.00, 0.59, 0.00, 0.12, 0.24, 0.00, 0.00, 0.00, 0.00, 0.00, 1.00, 0.00, 0.00, 0.00, 0.00, 1.00, 1.00, 0.00, 0.00, 0.00, 0.00, 0.00, 0.00, 0.00, 0.00
6298, 0, 237.432, 0.98, 1, 0.10, 0.00, 0.00, 0.00, 0.00, 0.00, 0.38, 0.27, 0.48, 1.13, 0.00, 0.49, 0.00, 0.10, 0.28, 0.02, 0.00, 0.00, 0.00, 0.00, 1.00, 0.00, 0.00, 0.00, 0.00, 1.00, 1.00, 0.00, 0.00, 0.00, 0.00, 0.00, 0.00, 0.00, 0.00
6299, 0, 237.470, 0.98, 1, 0.00, 0.00, 0.00, 0.00, 0.00, 0.00, 0.35, 0.33, 0.54, 1.24, 0.00, 0.59, 0.00, 0.20, 0.15, 0.05, 0.00, 0.00, 0.00, 0.00, 1.00, 0.00, 0.00, 0.00, 0.00, 1.00, 1.00, 0.00, 0.00, 0.00, 0.00, 0.00, 0.00, 0.00, 0.00
6300, 0, 237.508, 0.98, 1, 0.00, 0.00, 0.00, 0.00, 0.00, 0.00, 0.17, 0.64, 0.48, 1.06, 0.28, 0.52, 0.00, 0.24, 0.10, 0.25, 0.00, 0.00, 0.00, 0.00, 1.00, 0.00, 0.00, 0.00, 0.00, 1.00, 1.00, 0.00, 0.00, 0.00, 1.00, 0.00, 0.00, 0.00, 0.00
6301, 0, 237.545, 0.98, 1, 0.00, 0.00, 0.00, 0.00, 0.00, 0.00, 0.06, 0.97, 0.44, 0.97, 0.51, 0.35, 0.00, 0.22, 0.03, 0.23, 0.00, 0.00, 0.00, 0.00, 1.00, 0.00, 0.00, 0.00, 0.00, 0.00, 1.00, 1.00, 1.00, 0.00, 1.00, 0.00, 0.00, 0.00, 0.00
6302, 0, 237.583, 0.98, 1, 0.00, 0.00, 0.00, 0.00, 0.00, 0.00, 0.00, 1.10, 0.28, 0.81, 0.86, 0.29, 0.06, 0.19, 0.03, 0.24, 0.00, 0.00, 0.00, 0.00, 1.00, 0.00, 0.00, 0.00, 0.00, 0.00, 0.00, 1.00, 1.00, 0.00, 1.00, 0.00, 0.00, 0.00, 0.00
6303, 0, 237.621, 0.98, 1, 0.00, 0.00, 0.00, 0.00, 0.00, 0.00, 0.00, 0.96, 0.23, 0.90, 0.86, 0.31, 0.06, 0.19, 0.00, 0.14, 0.00, 0.00, 0.00, 0.00, 1.00, 0.00, 0.00, 0.00, 0.00, 0.00, 0.00, 1.00, 1.00, 0.00, 1.00, 0.00, 0.00, 0.00, 0.00
6304, 0, 237.659, 0.98, 1, 0.00, 0.00, 0.00, 0.00, 0.00, 0.00, 0.00, 0.90, 0.21, 0.77, 1.00, 0.49, 0.06, 0.28, 0.00, 0.24, 0.00, 0.00, 0.00, 0.00, 1.00, 0.00, 0.00, 0.00, 0.00, 0.00, 0.00, 1.00, 1.00, 0.00, 1.00, 0.00, 0.00, 0.00, 0.00
6305, 0, 237.696, 0.98, 1, 0.02, 0.00, 0.00, 0.00, 0.00, 0.00, 0.00, 0.83, 0.20, 0.78, 0.75, 0.42, 0.00, 0.23, 0.15, 0.20, 0.00, 0.00, 0.00, 0.00, 1.00, 0.00, 0.00, 0.00, 0.00, 0.00, 1.00, 1.00, 0.00, 0.00, 1.00, 0.00, 0.00, 0.00, 0.00
6306, 0, 237.734, 0.98, 1, 0.06, 0.00, 0.00, 0.00, 0.00, 0.00, 0.00, 0.77, 0.20, 0.86, 0.66, 0.37, 0.00, 0.15, 0.26, 0.10, 0.00, 0.00, 0.00, 0.00, 1.00, 0.00, 0.00, 0.00, 0.00, 0.00, 1.00, 1.00, 0.00, 0.00, 0.00, 0.00, 0.00, 0.00, 0.00
6307, 0, 237.772, 0.98, 1, 0.06, 0.00, 0.00, 0.02, 0.00, 0.00, 0.00, 0.70, 0.13, 0.95, 0.44, 0.16, 0.06, 0.06, 0.45, 0.00, 0.00, 0.00, 0.00, 0.00, 1.00, 0.00, 0.00, 0.00, 0.00, 0.00, 1.00, 1.00, 0.00, 0.00, 0.00, 0.00, 0.00, 0.00, 0.00
6308, 0, 237.809, 0.98, 1, 0.14, 0.00, 0.00, 0.02, 0.00, 0.00, 0.01, 0.83, 0.20, 1.03, 0.66, 0.08, 0.14, 0.05, 0.43, 0.08, 0.00, 0.00, 0.00, 0.00, 1.00, 0.00, 0.00, 0.00, 0.00, 0.00, 1.00, 1.00, 0.00, 0.00, 0.00, 0.00, 0.00, 0.00, 0.00
6309, 0, 237.847, 0.98, 1, 0.26, 0.00, 0.00, 0.02, 0.00, 0.00, 0.01, 1.04, 0.27, 0.99, 1.17, 0.00, 0.14, 0.05, 0.57, 0.08, 0.00, 0.00, 0.00, 0.00, 1.00, 0.00, 0.00, 0.00, 0.00, 0.00, 1.00, 1.00, 0.00, 0.00, 0.00, 0.00, 0.00, 0.00, 0.00
6310, 0, 237.885, 0.98, 1, 0.36, 0.00, 0.00, 0.00, 0.00, 0.00, 0.01, 1.16, 0.31, 0.70, 1.12, 0.11, 0.07, 0.17, 0.38, 0.08, 0.00, 0.00, 0.00, 0.00, 1.00, 0.00, 0.00, 0.00, 0.00, 0.00, 1.00, 1.00, 0.00, 0.00, 0.00, 0.00, 0.00, 0.00, 0.00
6311, 0, 237.923, 0.98, 1, 0.26, 0.00, 0.00, 0.01, 0.00, 0.00, 0.03, 1.13, 0.29, 0.29, 0.82, 0.21, 0.00, 0.24, 0.27, 0.00, 0.00, 0.00, 0.00, 0.00, 1.00, 0.00, 0.00, 0.00, 0.00, 0.00, 1.00, 1.00, 0.00, 0.00, 1.00, 0.00, 0.00, 0.00, 0.00
6312, 0, 237.960, 0.98, 1, 0.11, 0.00, 0.00, 0.01, 0.00, 0.00, 0.12, 1.04, 0.28, 0.00, 0.11, 0.29, 0.00, 0.27, 0.02, 0.00, 0.00, 0.00, 0.00, 0.00, 1.00, 0.00, 0.00, 0.00, 0.00, 0.00, 0.00, 1.00, 0.00, 0.00, 1.00, 0.00, 0.00, 0.00, 0.00
6313, 0, 237.998, 0.98, 1, 0.01, 0.00, 0.00, 0.08, 0.00, 0.00, 0.12, 1.06, 0.30, 0.30, 0.02, 0.35, 0.00, 0.20, 0.05, 0.22, 0.00, 0.00, 0.00, 0.00, 1.00, 0.00, 0.00, 0.00, 0.00, 0.00, 0.00, 1.00, 0.00, 0.00, 1.00, 0.00, 0.00, 0.00, 0.00
6314, 0, 238.036, 0.98, 1, 0.01, 0.01, 0.00, 0.21, 0.00, 0.00, 0.09, 1.35, 0.26, 0.53, 0.24, 0.47, 0.00, 0.15, 0.22, 0.35, 0.00, 0.00, 0.00, 0.00, 1.00, 0.00, 0.00, 0.00, 0.00, 0.00, 0.00, 1.00, 0.00, 0.00, 1.00, 0.00, 0.00, 0.00, 0.00
6315, 0, 238.073, 0.98, 1, 0.00, 0.01, 0.00, 0.21, 0.00, 0.00, 0.00, 1.49, 0.30, 0.81, 0.55, 0.60, 0.00, 0.10, 0.32, 0.50, 0.00, 0.00, 0.00, 0.00, 1.00, 0.00, 0.00, 0.00, 0.00, 0.00, 0.00, 1.00, 0.00, 0.00, 1.00, 0.00, 0.00, 0.00, 0.00
6316, 0, 238.111, 0.98, 1, 0.00, 0.01, 0.00, 0.15, 0.00, 0.00, 0.00, 1.56, 0.35, 0.98, 0.90, 0.61, 0.00, 0.04, 0.29, 0.54, 0.00, 0.00, 0.00, 0.00, 1.00, 0.00, 0.00, 0.00, 0.00, 0.00, 1.00, 0.00, 1.00, 0.00, 1.00, 0.00, 0.00, 0.00, 0.00
6317, 0, 238.149, 0.98, 1, 0.00, 0.00, 0.00, 0.00, 0.00, 0.00, 0.05, 1.46, 0.38, 1.34, 0.94, 0.49, 0.00, 0.05, 0.10, 0.65, 0.00, 0.00, 0.00, 0.00, 1.00, 0.00, 0.00, 0.00, 0.00, 0.00, 1.00, 0.00, 1.00, 0.00, 1.00, 0.00, 0.00, 0.00, 0.00
6318, 0, 238.186, 0.98, 1, 0.02, 0.00, 0.00, 0.00, 0.00, 0.00, 0.05, 1.54, 0.34, 1.52, 1.17, 0.46, 0.00, 0.05, 0.15, 0.73, 0.00, 0.00, 0.00, 0.00, 1.00, 0.00, 0.00, 0.00, 0.00, 0.00, 1.00, 0.00, 1.00, 0.00, 1.00, 0.00, 0.00, 0.00, 0.00
6319, 0, 238.224, 0.98, 1, 0.04, 0.00, 0.00, 0.00, 0.00, 0.00, 0.06, 1.58, 0.29, 1.52, 1.31, 0.53, 0.00, 0.03, 0.27, 0.75, 0.00, 0.00, 0.00, 0.00, 1.00, 0.00, 0.00, 0.00, 0.00, 0.00, 1.00, 0.00, 1.00, 0.00, 1.00, 0.00, 0.00, 0.00, 0.00
6320, 0, 238.262, 0.98, 1, 0.05, 0.00, 0.00, 0.02, 0.00, 0.00, 0.01, 1.56, 0.20, 1.01, 1.25, 0.43, 0.00, 0.00, 0.57, 0.52, 0.08, 0.00, 0.00, 0.00, 1.00, 0.00, 0.00, 0.00, 0.00, 0.00, 1.00, 0.00, 0.00, 0.00, 0.00, 0.00, 0.00, 0.00, 0.00
6321, 0, 238.300, 0.88, 1, 0.03, 0.00, 0.00, 0.02, 0.00, 0.00, 0.01, 1.50, 0.16, 0.84, 0.71, 0.42, 0.03, 0.00, 0.60, 0.57, 0.16, 0.00, 0.00, 0.00, 1.00, 0.00, 0.00, 0.00, 0.00, 0.00, 0.00, 0.00, 0.00, 0.00, 0.00, 0.00, 0.00, 0.00, 0.00
6322, 0, 238.337, 0.93, 1, 0.10, 0.00, 0.00, 0.02, 0.00, 0.00, 0.00, 1.44, 0.14, 0.49, 0.23, 0.26, 0.05, 0.00, 0.74, 0.56, 0.16, 0.00, 0.00, 0.00, 1.00, 0.00, 0.00, 0.00, 0.00, 0.00, 0.00, 0.00, 0.00, 0.00, 0.00, 0.00, 0.00, 0.00, 0.00
6323, 0, 238.375, 0.98, 1, 0.13, 0.00, 0.00, 0.00, 0.00, 0.00, 0.00, 1.36, 0.25, 0.48, 0.00, 0.37, 0.05, 0.00, 0.61, 0.84, 0.11, 0.00, 0.00, 0.00, 1.00, 0.00, 0.00, 0.00, 0.00, 0.00, 0.00, 0.00, 0.00, 0.00, 0.00, 0.00, 0.00, 0.00, 0.00
6324, 0, 238.413, 0.98, 1, 0.15, 0.03, 0.00, 0.00, 0.00, 0.00, 0.00, 1.22, 0.23, 0.18, 0.47, 0.38, 0.02, 0.00, 0.65, 0.76, 0.03, 0.00, 0.00, 0.00, 1.00, 0.00, 0.00, 0.00, 0.00, 0.00, 0.00, 1.00, 0.00, 0.00, 0.00, 0.00, 0.00, 0.00, 0.00
6325, 0, 238.450, 0.98, 1, 0.06, 0.03, 0.00, 0.00, 0.00, 0.00, 0.00, 1.06, 0.27, 0.07, 0.47, 0.30, 0.00, 0.00, 0.51, 1.02, 0.03, 0.00, 0.00, 0.00, 1.00, 0.00, 0.00, 0.00, 0.00, 0.00, 0.00, 1.00, 0.00, 0.00, 0.00, 0.00, 0.00, 0.00, 0.00
6326, 0, 238.488, 0.98, 1, 0.08, 0.03, 0.00, 0.00, 0.03, 0.00, 0.00, 1.03, 0.26, 0.00, 0.52, 0.23, 0.00, 0.02, 0.54, 1.25, 0.00, 0.00, 0.00, 0.00, 1.00, 0.00, 0.00, 0.00, 0.00, 0.00, 0.00, 1.00, 0.00, 0.00, 1.00, 0.00, 0.00, 0.00, 0.00
6327, 0, 238.526, 0.98, 1, 0.12, 0.01, 0.00, 0.00, 0.06, 0.00, 0.00, 1.06, 0.31, 0.00, 0.09, 0.13, 0.00, 0.04, 0.55, 1.58, 0.00, 0.00, 0.00, 0.00, 1.00, 0.00, 0.00, 0.00, 0.00, 0.00, 0.00, 1.00, 0.00, 0.00, 1.00, 0.00, 0.00, 0.00, 0.00
6328, 0, 238.564, 0.98, 1, 0.23, 0.01, 0.00, 0.00, 0.07, 0.00, 0.00, 1.09, 0.27, 0.16, 0.09, 0.13, 0.00, 0.04, 0.62, 1.54, 0.02, 0.00, 0.00, 0.00, 1.00, 0.00, 0.00, 0.00, 0.00, 0.00, 0.00, 1.00, 0.00, 0.00, 1.00, 0.00, 0.00, 0.00, 0.00
6329, 0, 238.601, 0.98, 1, 0.28, 0.01, 0.00, 0.00, 0.05, 0.00, 0.00, 1.00, 0.26, 0.41, 0.05, 0.08, 0.00, 0.02, 0.67, 1.42, 0.02, 0.00, 0.00, 0.00, 1.00, 0.00, 0.00, 0.00, 0.00, 0.00, 0.00, 1.00, 0.00, 0.00, 0.00, 0.00, 0.00, 0.00, 0.00
6330, 0, 238.639, 0.98, 1, 0.39, 0.00, 0.00, 0.29, 0.01, 0.00, 0.00, 1.17, 0.18, 0.41, 0.02, 0.25, 0.00, 0.00, 0.62, 1.11, 0.02, 0.00, 0.00, 0.00, 1.00, 0.00, 0.00, 0.00, 0.00, 0.00, 0.00, 1.00, 0.00, 0.00, 0.00, 0.00, 0.00, 0.00, 0.00
6331, 0, 238.677, 0.98, 1, 0.45, 0.00, 0.00, 0.50, 0.00, 0.00, 0.00, 1.40, 0.09, 0.25, 0.17, 0.46, 0.00, 0.00, 0.62, 0.85, 0.00, 0.00, 0.00, 0.00, 1.00, 0.00, 0.00, 0.00, 0.00, 0.00, 0.00, 1.00, 0.00, 0.00, 0.00, 0.00, 0.00, 0.00, 0.00
6332, 0, 238.714, 0.98, 1, 0.51, 0.00, 0.00, 0.72, 0.00, 0.00, 0.00, 1.60, 0.00, 0.00, 0.57, 0.73, 0.00, 0.00, 0.59, 0.67, 0.00, 0.00, 0.00, 0.00, 1.00, 0.00, 0.00, 0.00, 0.00, 0.00, 0.00, 1.00, 0.00, 0.00, 0.00, 0.00, 0.00, 0.00, 0.00
6333, 0, 238.752, 0.98, 1, 0.55, 0.00, 0.00, 0.46, 0.00, 0.00, 0.00, 1.69, 0.02, 0.00, 1.06, 0.69, 0.00, 0.00, 0.78, 0.74, 0.00, 0.00, 0.00, 0.00, 1.00, 0.00, 0.00, 0.00, 0.00, 0.00, 0.00, 1.00, 0.00, 0.00, 0.00, 0.00, 0.00, 0.00, 0.00
6334, 0, 238.790, 0.93, 1, 0.59, 0.00, 0.00, 0.24, 0.00, 0.00, 0.00, 1.54, 0.13, 0.00, 0.91, 0.72, 0.00, 0.00, 0.65, 0.71, 0.00, 0.00, 0.00, 0.00, 1.00, 0.00, 0.00, 0.00, 0.00, 0.00, 0.00, 1.00, 0.00, 0.00, 0.00, 0.00, 0.00, 0.00, 0.00
6335, 0, 238.827, 0.93, 1, 0.53, 0.00, 0.00, 0.02, 0.00, 0.00, 0.00, 1.33, 0.24, 0.00, 0.51, 0.44, 0.00, 0.00, 0.46, 0.72, 0.04, 0.00, 0.00, 0.00, 1.00, 0.00, 0.00, 0.00, 0.00, 0.00, 0.00, 1.00, 0.00, 0.00, 1.00, 0.00, 0.00, 0.00, 0.00
6336, 0, 238.865, 0.98, 1, 0.43, 0.00, 0.00, 0.00, 0.00, 0.00, 0.00, 1.18, 0.35, 0.02, 0.09, 0.42, 0.00, 0.06, 0.40, 0.80, 0.07, 0.00, 0.00, 0.00, 1.00, 0.00, 0.00, 0.00, 0.00, 0.00, 0.00, 0.00, 0.00, 0.00, 1.00, 0.00, 0.00, 0.00, 0.00
6337, 0, 238.903, 0.98, 1, 0.32, 0.00, 0.00, 0.03, 0.00, 0.00, 0.00, 1.22, 0.38, 0.13, 0.21, 0.35, 0.00, 0.11, 0.74, 1.01, 0.12, 0.00, 0.00, 0.00, 1.00, 0.00, 0.00, 0.00, 0.00, 0.00, 0.00, 0.00, 0.00, 0.00, 1.00, 0.00, 0.00, 0.00, 0.00
6338, 0, 238.941, 0.98, 1, 0.24, 0.00, 0.00, 0.04, 0.00, 0.00, 0.00, 1.35, 0.34, 0.25, 0.21, 0.35, 0.09, 0.13, 1.00, 0.94, 0.13, 0.00, 0.00, 0.00, 1.00, 0.00, 0.00, 0.00, 0.00, 0.00, 0.00, 0.00, 0.00, 0.00, 1.00, 0.00, 0.00, 0.00, 0.00
6339, 0, 238.978, 0.93, 1, 0.12, 0.00, 0.00, 0.04, 0.00, 0.00, 0.00, 1.21, 0.33, 0.23, 0.21, 0.20, 0.09, 0.07, 0.89, 0.77, 0.11, 0.00, 0.00, 0.00, 1.00, 0.00, 0.00, 0.00, 0.00, 0.00, 0.00, 0.00, 0.00, 1.00, 1.00, 0.00, 0.00, 0.00, 0.00
6340, 0, 239.016, 0.98, 1, 0.13, 0.00, 0.11, 0.01, 0.00, 0.17, 0.00, 1.20, 0.23, 0.12, 0.21, 0.31, 0.14, 0.02, 0.85, 0.62, 0.05, 0.00, 0.00, 0.00, 1.00, 0.00, 0.00, 0.00, 0.00, 0.00, 0.00, 0.00, 0.00, 0.00, 1.00, 0.00, 0.00, 0.00, 0.00
6341, 0, 239.054, 0.98, 1, 0.15, 0.00, 0.15, 0.15, 0.00, 0.19, 0.01, 1.30, 0.19, 0.00, 0.21, 0.42, 0.05, 0.00, 0.74, 0.50, 0.01, 0.00, 0.00, 0.00, 1.00, 0.00, 0.00, 0.00, 0.00, 0.00, 0.00, 0.00, 0.00, 0.00, 0.00, 0.00, 0.00, 0.00, 0.00
6342, 0, 239.091, 0.98, 1, 0.22, 0.02, 0.21, 0.23, 0.00, 0.30, 0.02, 1.41, 0.14, 0.07, 0.42, 0.45, 0.05, 0.00, 0.68, 0.30, 0.01, 0.00, 0.00, 0.00, 1.00, 0.00, 0.00, 0.00, 0.00, 0.00, 0.00, 0.00, 0.00, 0.00, 0.00, 0.00, 0.00, 0.00, 0.00
6343, 0, 239.129, 0.98, 1, 0.19, 0.03, 0.16, 0.34, 0.00, 0.14, 0.11, 1.28, 0.16, 0.12, 0.29, 0.17, 0.00, 0.00, 0.42, 0.11, 0.01, 0.00, 0.00, 0.00, 1.00, 0.00, 0.00, 0.00, 0.00, 0.00, 0.00, 0.00, 0.00, 0.00, 0.00, 0.00, 0.00, 0.00, 0.00
6344, 0, 239.167, 0.98, 1, 0.16, 0.03, 0.21, 0.19, 0.00, 0.11, 0.12, 0.98, 0.22, 0.30, 0.29, 0.07, 0.00, 0.00, 0.30, 0.17, 0.00, 0.00, 0.00, 0.00, 1.00, 0.00, 0.00, 0.00, 0.00, 0.00, 0.00, 0.00, 0.00, 0.00, 0.00, 0.00, 0.00, 0.00, 0.00
6345, 0, 239.205, 0.98, 1, 0.15, 0.02, 0.15, 0.11, 0.00, 0.00, 0.16, 1.08, 0.21, 0.66, 0.00, 0.17, 0.00, 0.03, 0.25, 0.39, 0.00, 0.00, 0.00, 0.00, 1.00, 0.00, 0.00, 0.00, 0.00, 0.00, 0.00, 0.00, 0.00, 0.00, 0.00, 0.00, 0.00, 0.00, 0.00
6346, 0, 239.242, 0.98, 1, 0.13, 0.01, 0.10, 0.00, 0.00, 0.00, 0.10, 1.24, 0.21, 1.00, 0.00, 0.22, 0.00, 0.03, 0.25, 0.49, 0.00, 0.00, 0.00, 0.00, 1.00, 0.00, 0.00, 0.00, 0.00, 0.00, 1.00, 0.00, 0.00, 0.00, 0.00, 0.00, 0.00, 0.00, 0.00
6347, 0, 239.280, 0.98, 1, 0.09, 0.01, 0.00, 0.00, 0.00, 0.04, 0.13, 1.50, 0.21, 1.21, 0.07, 0.36, 0.00, 0.05, 0.25, 0.58, 0.00, 0.00, 0.00, 0.00, 1.00, 0.00, 0.00, 0.00, 0.00, 0.00, 1.00, 0.00, 0.00, 0.00, 0.00, 0.00, 0.00, 0.00, 0.00
6348, 0, 239.318, 0.98, 1, 0.08, 0.00, 0.00, 0.00, 0.00, 0.04, 0.10, 1.45, 0.19, 1.08, 0.12, 0.41, 0.00, 0.03, 0.33, 0.54, 0.00, 0.00, 0.00, 0.00, 1.00, 0.00, 0.00, 0.00, 0.00, 0.00, 1.00, 0.00, 0.00, 0.00, 0.00, 0.00, 0.00, 0.00, 0.00
6349, 0, 239.355, 0.98, 1, 0.04, 0.00, 0.00, 0.04, 0.00, 0.06, 0.07, 1.46, 0.20, 0.86, 0.31, 0.42, 0.00, 0.03, 0.50, 0.53, 0.00, 0.00, 0.00, 0.00, 1.00, 0.00, 0.00, 0.00, 0.00, 0.00, 1.00, 0.00, 0.00, 0.00, 0.00, 0.00, 0.00, 0.00, 0.00
6350, 0, 239.393, 0.98, 1, 0.26, 0.00, 0.00, 0.04, 0.00, 0.07, 0.12, 1.57, 0.10, 0.47, 0.24, 0.40, 0.00, 0.01, 0.42, 0.34, 0.00, 0.00, 0.00, 0.00, 1.00, 0.00, 0.00, 0.00, 0.00, 0.00, 0.00, 1.00, 0.00, 0.00, 0.00, 0.00, 0.00, 0.00, 0.00
6351, 0, 239.431, 0.98, 1, 0.48, 0.00, 0.00, 0.14, 0.00, 0.33, 0.17, 1.61, 0.05, 0.17, 0.19, 0.38, 0.00, 0.00, 0.25, 0.25, 0.00, 0.00, 0.00, 0.00, 1.00, 0.00, 0.00, 0.00, 0.00, 0.00, 0.00, 1.00, 0.00, 0.00, 1.00, 0.00, 0.00, 0.00, 0.00
6352, 0, 239.468, 0.98, 1, 0.75, 0.00, 0.00, 0.10, 0.00, 0.34, 0.17, 1.74, 0.00, 0.00, 0.05, 0.55, 0.00, 0.02, 0.00, 0.27, 0.00, 0.00, 0.00, 0.00, 1.00, 0.00, 0.00, 0.00, 0.00, 0.00, 0.00, 1.00, 0.00, 0.00, 1.00, 0.00, 0.00, 0.00, 0.00
6353, 0, 239.506, 0.98, 1, 0.83, 0.10, 0.00, 0.10, 0.00, 0.42, 0.07, 1.79, 0.00, 0.00, 0.23, 0.54, 0.03, 0.02, 0.00, 0.28, 0.00, 0.00, 0.00, 0.00, 1.00, 0.00, 0.00, 0.00, 0.00, 0.00, 0.00, 1.00, 0.00, 0.00, 1.00, 0.00, 0.00, 0.00, 0.00
6354, 0, 239.544, 0.98, 1, 0.86, 0.13, 0.00, 0.00, 0.00, 0.25, 0.00, 1.86, 0.00, 0.00, 0.46, 0.46, 0.04, 0.02, 0.00, 0.20, 0.00, 0.00, 0.00, 0.00, 1.00, 0.00, 0.00, 0.00, 0.00, 0.00, 0.00, 1.00, 0.00, 0.00, 1.00, 0.00, 0.00, 0.00, 0.00
6355, 0, 239.582, 0.98, 1, 0.92, 0.31, 0.00, 0.30, 0.00, 0.33, 0.16, 1.90, 0.00, 0.10, 0.41, 0.42, 0.22, 0.02, 0.23, 0.44, 0.00, 0.00, 0.00, 0.00, 1.00, 0.00, 0.00, 0.00, 0.00, 0.00, 0.00, 1.00, 0.00, 0.00, 1.00, 0.00, 0.00, 0.00, 0.00
6356, 0, 239.619, 0.98, 1, 0.86, 0.34, 0.00, 0.31, 0.00, 0.40, 0.19, 1.83, 0.00, 0.10, 0.23, 0.59, 0.19, 0.02, 0.49, 0.88, 0.00, 0.00, 0.00, 0.00, 1.00, 0.00, 0.00, 0.00, 0.00, 0.00, 0.00, 1.00, 0.00, 0.00, 0.00, 0.00, 0.00, 0.00, 0.00
6357, 0, 239.657, 0.98, 1, 0.73, 0.30, 0.00, 0.31, 0.00, 0.31, 0.23, 1.76, 0.00, 0.10, 0.00, 0.58, 0.18, 0.02, 0.78, 1.28, 0.00, 0.00, 0.00, 0.00, 1.00, 0.00, 0.00, 0.00, 0.00, 0.00, 0.00, 1.00, 0.00, 0.00, 0.00, 0.00, 0.00, 0.00, 0.00
6358, 0, 239.695, 0.98, 1, 0.63, 0.27, 0.00, 0.01, 0.00, 0.20, 0.07, 1.65, 0.00, 0.15, 0.02, 0.46, 0.00, 0.00, 0.55, 1.13, 0.00, 0.00, 0.00, 0.00, 1.00, 0.00, 0.00, 0.00, 0.00, 0.00, 0.00, 1.00, 0.00, 0.00, 0.00, 0.00, 0.00, 0.00, 0.00
6359, 0, 239.732, 0.98, 1, 0.64, 0.39, 0.00, 0.00, 0.00, 0.06, 0.18, 1.53, 0.00, 0.24, 0.17, 0.35, 0.00, 0.01, 0.31, 1.02, 0.02, 0.00, 0.00, 0.00, 1.00, 0.00, 0.00, 0.00, 0.00, 0.00, 0.00, 1.00, 0.00, 0.00, 0.00, 0.00, 0.00, 0.00, 0.00
6360, 0, 239.770, 0.98, 1, 0.60, 0.39, 0.00, 0.00, 0.00, 0.06, 0.15, 1.29, 0.00, 0.24, 0.67, 0.41, 0.00, 0.02, 0.19, 0.80, 0.30, 0.00, 0.00, 0.00, 1.00, 0.00, 0.00, 0.00, 0.00, 0.00, 0.00, 1.00, 0.00, 0.00, 0.00, 0.00, 0.00, 0.00, 0.00
6361, 0, 239.808, 0.98, 1, 0.67, 0.25, 0.00, 0.00, 0.00, 0.06, 0.15, 1.24, 0.00, 0.10, 1.02, 0.55, 0.00, 0.06, 0.34, 0.73, 0.30, 0.00, 0.00, 0.00, 1.00, 0.00, 0.00, 0.00, 0.00, 0.00, 0.00, 1.00, 0.00, 0.00, 1.00, 0.00, 0.00, 0.00, 0.00
6362, 0, 239.846, 0.98, 1, 0.51, 0.00, 0.00, 0.00, 0.00, 0.00, 0.11, 1.30, 0.00, 0.01, 0.87, 0.39, 0.00, 0.07, 0.56, 0.73, 0.40, 0.00, 0.00, 0.00, 1.00, 0.00, 0.00, 0.00, 0.00, 0.00, 0.00, 1.00, 0.00, 0.00, 1.00, 0.00, 0.00, 0.00, 0.00
6363, 0, 239.883, 0.93, 1, 0.38, 0.00, 0.00, 0.00, 0.00, 0.00, 0.12, 1.35, 0.00, 0.01, 0.37, 0.43, 0.13, 0.25, 0.39, 1.07, 0.43, 0.00, 0.00, 0.00, 1.00, 0.00, 0.00, 0.00, 0.00, 0.00, 0.00, 1.00, 0.00, 0.00, 1.00, 0.00, 0.00, 0.00, 0.00
6364, 0, 239.921, 0.93, 1, 0.10, 0.00, 0.00, 0.00, 0.00, 0.04, 0.12, 1.02, 0.00, 0.00, 0.15, 0.75, 0.45, 0.39, 0.25, 1.31, 0.53, 0.00, 0.00, 0.00, 1.00, 0.00, 0.00, 0.00, 0.00, 0.00, 0.00, 1.00, 0.00, 0.00, 1.00, 0.00, 0.00, 0.00, 0.00
6365, 0, 239.959, 0.88, 1, 0.00, 0.00, 0.00, 0.00, 0.00, 0.04, 0.01, 0.68, 0.00, 0.00, 0.15, 1.13, 0.45, 0.45, 0.33, 1.77, 0.60, 0.00, 0.00, 0.00, 1.00, 0.00, 0.00, 0.00, 0.00, 0.00, 0.00, 1.00, 0.00, 0.00, 1.00, 0.00, 0.00, 0.00, 0.00
6366, 0, 239.996, 0.88, 1, 0.00, 0.00, 0.00, 0.00, 0.00, 0.04, 0.00, 0.60, 0.00, 0.00, 0.15, 1.31, 0.32, 0.27, 0.51, 1.96, 0.40, 0.00, 0.00, 0.00, 1.00, 0.00, 0.00, 0.00, 0.00, 0.00, 0.00, 1.00, 0.00, 0.00, 0.00, 0.00, 0.00, 0.00, 0.00
6367, 0, 240.034, 0.88, 1, 0.06, 0.00, 0.00, 0.00, 0.00, 0.00, 0.00, 0.77, 0.00, 0.00, 0.18, 0.94, 0.13, 0.08, 0.94, 1.95, 0.56, 0.00, 0.00, 0.00, 1.00, 0.00, 0.00, 0.00, 0.00, 0.00, 0.00, 1.00, 0.00, 0.00, 0.00, 0.00, 0.00, 0.00, 0.00
6368, 0, 240.072, 0.88, 1, 0.06, 0.00, 0.00, 0.00, 0.00, 0.00, 0.00, 0.96, 0.00, 0.00, 0.32, 0.64, 0.15, 0.04, 1.03, 1.57, 0.59, 0.00, 0.00, 0.00, 1.00, 0.00, 0.00, 0.00, 0.00, 0.00, 0.00, 1.00, 0.00, 0.00, 0.00, 0.00, 0.00, 0.00, 0.00
6369, 0, 240.109, 0.88, 1, 0.06, 0.00, 0.00, 0.00, 0.00, 0.00, 0.00, 0.99, 0.00, 0.14, 0.71, 0.34, 0.42, 0.11, 1.44, 1.29, 0.88, 0.00, 0.00, 0.00, 1.00, 0.00, 0.00, 0.00, 0.00, 0.00, 0.00, 1.00, 0.00, 0.00, 0.00, 0.00, 0.00, 0.00, 0.00
6370, 0, 240.147, 0.93, 1, 0.00, 0.00, 0.00, 0.00, 0.00, 0.00, 0.00, 0.99, 0.00, 0.31, 0.53, 0.17, 0.50, 0.11, 1.22, 1.19, 0.89, 0.00, 0.00, 0.00, 1.00, 0.00, 0.00, 0.00, 0.00, 0.00, 0.00, 1.00, 0.00, 0.00, 0.00, 0.00, 0.00, 0.00, 0.00
6371, 0, 240.185, 0.98, 1, 0.00, 0.00, 0.00, 0.00, 0.00, 0.00, 0.00, 1.03, 0.00, 0.61, 0.39, 0.32, 0.48, 0.13, 0.96, 1.49, 0.74, 0.00, 0.00, 0.00, 1.00, 0.00, 0.00, 0.00, 0.00, 0.00, 0.00, 1.00, 0.00, 0.00, 0.00, 0.00, 0.00, 0.00, 0.00
6372, 0, 240.223, 0.88, 1, 0.00, 0.00, 0.00, 0.00, 0.00, 0.00, 0.00, 1.14, 0.00, 0.70, 0.00, 0.38, 0.21, 0.05, 0.53, 1.74, 0.45, 0.00, 0.00, 0.00, 1.00, 0.00, 0.00, 0.00, 0.00, 0.00, 0.00, 1.00, 0.00, 0.00, 0.00, 0.00, 0.00, 0.00, 0.00
6373, 0, 240.260, 0.88, 1, 0.02, 0.00, 0.00, 0.00, 0.00, 0.00, 0.00, 1.05, 0.00, 0.94, 0.00, 0.38, 0.00, 0.05, 0.40, 2.08, 0.35, 0.00, 0.00, 0.00, 1.00, 0.00, 0.00, 0.00, 0.00, 0.00, 0.00, 1.00, 0.00, 0.00, 0.00, 0.00, 0.00, 0.00, 0.00
6374, 0, 240.298, 0.88, 1, 0.02, 0.00, 0.00, 0.00, 0.00, 0.00, 0.00, 0.91, 0.00, 1.01, 0.00, 0.16, 0.00, 0.00, 0.39, 2.14, 0.35, 0.00, 0.00, 0.00, 1.00, 0.00, 0.00, 0.00, 0.00, 0.00, 1.00, 1.00, 0.00, 0.00, 0.00, 0.00, 0.00, 0.00, 0.00
6375, 0, 240.336, 0.98, 1, 0.02, 0.00, 0.00, 0.00, 0.00, 0.09, 0.03, 0.53, 0.12, 1.06, 0.00, 0.00, 0.08, 0.00, 0.41, 1.98, 0.26, 0.00, 0.00, 0.00, 1.00, 0.00, 0.00, 0.00, 0.00, 0.00, 1.00, 1.00, 0.00, 0.00, 0.00, 0.00, 0.00, 0.00, 0.00
6376, 0, 240.373, 0.98, 1, 0.00, 0.00, 0.00, 0.00, 0.00, 0.09, 0.10, 0.28, 0.19, 1.02, 0.00, 0.00, 0.08, 0.00, 0.56, 1.83, 0.37, 0.00, 0.00, 0.00, 1.00, 0.00, 0.00, 0.00, 0.00, 0.00, 1.00, 1.00, 0.00, 0.00, 0.00, 0.00, 0.00, 0.00, 0.00
6377, 0, 240.411, 0.93, 1, 0.00, 0.00, 0.00, 0.00, 0.00, 0.09, 0.12, 0.17, 0.25, 1.02, 0.00, 0.00, 0.16, 0.00, 0.69, 1.60, 0.48, 0.00, 0.00, 0.00, 1.00, 0.00, 0.00, 0.00, 0.00, 0.00, 1.00, 1.00, 0.00, 0.00, 0.00, 0.00, 0.00, 0.00, 0.00
6378, 0, 240.449, 0.93, 1, 0.00, 0.00, 0.00, 0.00, 0.00, 0.00, 0.16, 0.35, 0.14, 1.10, 0.00, 0.00, 0.08, 0.00, 0.78, 1.67, 0.68, 0.00, 0.00, 0.00, 1.00, 0.00, 0.00, 0.00, 0.00, 0.00, 1.00, 1.00, 0.00, 0.00, 0.00, 0.00, 0.00, 0.00, 0.00
6379, 0, 240.487, 0.93, 1, 0.00, 0.00, 0.00, 0.00, 0.00, 0.00, 0.09, 0.59, 0.08, 0.95, 0.00, 0.00, 0.08, 0.00, 0.83, 1.57, 0.65, 0.00, 0.00, 0.00, 1.00, 0.00, 0.00, 0.00, 0.00, 0.00, 1.00, 0.00, 0.00, 0.00, 0.00, 0.00, 0.00, 0.00, 0.00
6380, 0, 240.524, 0.93, 1, 0.00, 0.00, 0.00, 0.00, 0.00, 0.14, 0.08, 0.52, 0.13, 0.79, 0.00, 0.07, 0.02, 0.00, 0.61, 1.79, 0.47, 0.00, 0.00, 0.00, 1.00, 0.00, 0.00, 0.00, 0.00, 0.00, 1.00, 0.00, 0.00, 0.00, 0.00, 0.00, 0.00, 0.00, 0.00
6381, 0, 240.562, 0.98, 1, 0.00, 0.00, 0.00, 0.00, 0.00, 0.20, 0.01, 0.42, 0.19, 0.77, 0.00, 0.07, 0.13, 0.00, 0.36, 1.74, 0.38, 0.00, 0.00, 0.00, 1.00, 0.00, 0.00, 0.00, 0.00, 0.00, 1.00, 0.00, 0.00, 0.00, 0.00, 0.00, 0.00, 0.00, 0.00
6382, 0, 240.600, 0.98, 1, 0.00, 0.00, 0.00, 0.00, 0.00, 0.38, 0.01, 0.26, 0.27, 0.95, 0.00, 0.08, 0.15, 0.01, 0.11, 1.84, 0.14, 0.00, 0.00, 0.00, 1.00, 0.00, 0.00, 0.00, 0.00, 0.00, 1.00, 0.00, 0.00, 0.00, 0.00, 0.00, 0.00, 0.00, 0.00
6383, 0, 240.637, 0.98, 1, 0.00, 0.00, 0.00, 0.00, 0.00, 0.34, 0.00, 0.35, 0.24, 1.10, 0.00, 0.01, 0.45, 0.01, 0.20, 1.51, 0.19, 0.00, 0.00, 0.00, 1.00, 0.00, 0.00, 0.00, 0.00, 0.00, 1.00, 0.00, 0.00, 0.00, 1.00, 0.00, 0.00, 0.00, 0.00
6384, 0, 240.675, 0.98, 1, 0.00, 0.00, 0.00, 0.00, 0.00, 0.33, 0.00, 0.43, 0.23, 1.13, 0.00, 0.01, 0.59, 0.01, 0.32, 1.40, 0.17, 0.00, 0.00, 0.00, 1.00, 0.00, 0.00, 0.00, 0.00, 0.00, 0.00, 0.00, 0.00, 0.00, 1.00, 0.00, 0.00, 0.00, 0.00
6385, 0, 240.713, 0.98, 1, 0.04, 0.00, 0.00, 0.00, 0.00, 0.28, 0.00, 0.34, 0.20, 1.06, 0.00, 0.00, 0.87, 0.00, 0.71, 1.21, 0.37, 0.00, 0.00, 0.00, 1.00, 0.00, 0.00, 0.00, 0.00, 0.00, 0.00, 0.00, 0.00, 0.00, 1.00, 0.00, 0.00, 0.00, 0.00
6386, 0, 240.750, 0.98, 1, 0.04, 0.00, 0.00, 0.00, 0.00, 0.18, 0.00, 0.27, 0.20, 0.98, 0.00, 0.00, 0.71, 0.00, 0.91, 1.21, 0.45, 0.00, 0.00, 0.00, 1.00, 0.00, 0.00, 0.00, 0.00, 0.00, 0.00, 0.00, 0.00, 0.00, 0.00, 0.00, 0.00, 0.00, 0.00
6387, 0, 240.788, 0.98, 1, 0.04, 0.00, 0.01, 0.00, 0.00, 0.13, 0.00, 0.24, 0.17, 0.81, 0.00, 0.14, 0.55, 0.03, 1.11, 1.11, 0.48, 0.00, 0.00, 0.00, 1.00, 0.00, 0.00, 0.00, 0.00, 0.00, 0.00, 0.00, 0.00, 0.00, 0.00, 0.00, 0.00, 0.00, 0.00
6388, 0, 240.826, 0.98, 1, 0.00, 0.00, 0.01, 0.00, 0.00, 0.00, 0.07, 0.37, 0.20, 0.78, 0.00, 0.18, 0.28, 0.03, 0.92, 1.10, 0.55, 0.00, 0.00, 0.00, 1.00, 0.00, 0.00, 0.00, 0.00, 0.00, 0.00, 0.00, 0.00, 0.00, 0.00, 0.00, 0.00, 0.00, 0.00
6389, 0, 240.864, 0.98, 1, 0.00, 0.00, 0.01, 0.00, 0.00, 0.00, 0.07, 0.29, 0.12, 0.64, 0.00, 0.27, 0.15, 0.03, 0.95, 0.97, 0.50, 0.00, 0.00, 0.00, 1.00, 0.00, 0.00, 0.00, 0.00, 0.00, 0.00, 0.00, 0.00, 0.00, 1.00, 0.00, 0.00, 0.00, 0.00
6390, 0, 240.901, 0.98, 1, 0.00, 0.00, 0.00, 0.00, 0.00, 0.00, 0.07, 0.44, 0.07, 0.80, 0.00, 0.13, 0.16, 0.03, 0.90, 1.17, 0.38, 0.00, 0.00, 0.00, 1.00, 0.00, 0.00, 0.00, 0.00, 0.00, 0.00, 0.00, 0.00, 0.00, 0.00, 0.00, 0.00, 0.00, 0.00
6391, 0, 240.939, 0.93, 1, 0.05, 0.00, 0.00, 0.00, 0.00, 0.00, 0.08, 0.31, 0.00, 0.77, 0.10, 0.09, 0.39, 0.03, 0.84, 1.15, 0.17, 0.00, 0.00, 0.00, 1.00, 0.00, 0.00, 0.00, 0.00, 0.00, 0.00, 1.00, 0.00, 0.00, 0.00, 0.00, 0.00, 0.00, 0.00
6392, 0, 240.977, 0.98, 1, 0.14, 0.02, 0.00, 0.00, 0.00, 0.00, 0.13, 0.65, 0.00, 0.67, 0.10, 0.01, 0.48, 0.03, 0.88, 1.06, 0.32, 0.00, 0.00, 0.00, 1.00, 0.00, 0.00, 0.00, 0.00, 0.00, 0.00, 1.00, 0.00, 0.00, 0.00, 0.00, 0.00, 0.00, 0.00
6393, 0, 241.014, 0.88, 1, 0.14, 0.02, 0.00, 0.00, 0.00, 0.00, 0.20, 0.56, 0.00, 0.31, 0.10, 0.09, 0.54, 0.00, 0.77, 0.59, 0.71, 0.00, 0.00, 0.00, 1.00, 0.00, 0.00, 0.00, 0.00, 0.00, 0.00, 1.00, 0.00, 0.00, 0.00, 0.00, 0.00, 0.00, 0.00
6394, 0, 241.052, 0.88, 1, 0.09, 0.02, 0.00, 0.00, 0.00, 0.00, 0.12, 0.82, 0.00, 0.04, 0.00, 0.17, 0.45, 0.02, 0.68, 0.27, 1.09, 0.00, 0.00, 0.00, 1.00, 0.00, 0.00, 0.00, 0.00, 0.00, 0.00, 1.00, 0.00, 0.00, 0.00, 0.00, 0.00, 0.00, 0.00
6395, 0, 241.090, 0.93, 1, 0.00, 0.00, 0.00, 0.00, 0.00, 0.00, 0.07, 0.70, 0.00, 0.00, 0.00, 0.28, 0.48, 0.02, 0.29, 0.20, 1.29, 0.00, 0.00, 0.00, 1.00, 0.00, 0.00, 0.00, 0.00, 0.00, 0.00, 1.00, 0.00, 0.00, 0.00, 0.00, 0.00, 0.00, 0.00
6396, 0, 241.128, 0.88, 1, 0.00, 0.00, 0.00, 0.00, 0.00, 0.00, 0.00, 0.73, 0.00, 0.00, 0.00, 0.31, 0.47, 0.02, 0.11, 0.26, 1.29, 0.00, 0.00, 0.00, 1.00, 0.00, 0.00, 0.00, 0.00, 0.00, 0.00, 1.00, 0.00, 0.00, 0.00, 0.00, 0.00, 0.00, 0.00
6397, 0, 241.165, 0.88, 1, 0.00, 0.00, 0.00, 0.00, 0.00, 0.00, 0.07, 0.69, 0.08, 0.29, 0.00, 0.23, 0.36, 0.00, 0.01, 0.48, 1.11, 0.00, 0.00, 0.00, 1.00, 0.00, 0.00, 0.00, 0.00, 0.00, 0.00, 1.00, 0.00, 0.00, 1.00, 0.00, 0.00, 0.00, 0.00
6398, 0, 241.203, 0.93, 1, 0.00, 0.00, 0.00, 0.00, 0.00, 0.00, 0.15, 0.79, 0.08, 0.64, 0.00, 0.11, 0.21, 0.00, 0.00, 0.56, 1.06, 0.00, 0.00, 0.00, 1.00, 0.00, 0.00, 0.00, 0.00, 0.00, 0.00, 1.00, 0.00, 0.00, 1.00, 0.00, 0.00, 0.00, 0.00
6399, 0, 241.241, 0.93, 1, 0.00, 0.00, 0.00, 0.00, 0.00, 0.00, 0.22, 0.92, 0.12, 0.94, 0.00, 0.10, 0.11, 0.00, 0.01, 0.61, 0.98, 0.00, 0.00, 0.00, 1.00, 0.00, 0.00, 0.00, 0.00, 0.00, 0.00, 1.00, 0.00, 0.00, 1.00, 0.00, 0.00, 0.00, 0.00
6400, 0, 241.278, 0.93, 1, 0.00, 0.00, 0.00, 0.00, 0.00, 0.00, 0.20, 1.00, 0.06, 0.64, 0.00, 0.15, 0.06, 0.00, 0.02, 0.80, 0.87, 0.00, 0.00, 0.00, 1.00, 0.00, 0.00, 0.00, 0.00, 0.00, 0.00, 1.00, 0.00, 0.00, 1.00, 0.00, 0.00, 0.00, 0.00
6401, 0, 241.316, 0.98, 1, 0.00, 0.00, 0.00, 0.00, 0.00, 0.00, 0.18, 0.92, 0.06, 0.30, 0.00, 0.15, 0.12, 0.06, 0.14, 0.87, 0.82, 0.00, 0.00, 0.00, 1.00, 0.00, 0.00, 0.00, 0.00, 0.00, 0.00, 1.00, 0.00, 0.00, 1.00, 0.00, 0.00, 0.00, 0.00
6402, 0, 241.354, 0.98, 1, 0.00, 0.00, 0.00, 0.00, 0.00, 0.00, 0.20, 0.82, 0.03, 0.00, 0.00, 0.05, 0.07, 0.09, 0.26, 0.93, 0.79, 0.00, 0.00, 0.00, 1.00, 0.00, 0.00, 0.00, 1.00, 0.00, 0.00, 1.00, 0.00, 0.00, 1.00, 0.00, 0.00, 0.00, 0.00
6403, 0, 241.391, 0.98, 1, 0.00, 0.00, 0.00, 0.00, 0.00, 0.00, 0.22, 1.03, 0.06, 0.23, 0.00, 0.27, 0.13, 0.16, 0.26, 0.66, 0.92, 0.00, 0.00, 0.00, 1.00, 0.00, 0.00, 0.00, 1.00, 0.00, 0.00, 1.00, 0.00, 0.00, 1.00, 0.00, 0.00, 0.00, 0.00
6404, 0, 241.429, 0.98, 1, 0.00, 0.00, 0.00, 0.00, 0.00, 0.00, 0.24, 1.19, 0.06, 0.35, 0.37, 0.37, 0.16, 0.31, 0.14, 0.50, 0.71, 0.00, 0.00, 0.00, 1.00, 0.00, 0.00, 0.00, 1.00, 0.00, 0.00, 1.00, 0.00, 0.00, 1.00, 0.00, 0.00, 0.00, 0.00
6405, 0, 241.467, 0.98, 1, 0.00, 0.00, 0.00, 0.00, 0.00, 0.00, 0.14, 1.39, 0.05, 0.72, 0.37, 0.64, 0.18, 0.46, 0.03, 0.52, 0.42, 0.00, 0.00, 0.00, 1.00, 0.00, 0.00, 0.00, 1.00, 0.00, 0.00, 1.00, 0.00, 0.00, 1.00, 0.00, 0.00, 0.00, 0.00
6406, 0, 241.505, 0.98, 1, 0.00, 0.00, 0.00, 0.00, 0.00, 0.00, 0.08, 1.39, 0.01, 0.94, 0.37, 0.61, 0.12, 0.62, 0.03, 0.48, 0.27, 0.00, 0.00, 0.00, 1.00, 0.00, 0.00, 0.00, 1.00, 0.00, 1.00, 1.00, 0.00, 0.00, 1.00, 0.00, 0.00, 0.00, 0.00
6407, 0, 241.542, 0.93, 1, 0.00, 0.00, 0.00, 0.00, 0.00, 0.00, 0.00, 1.49, 0.01, 1.28, 0.00, 0.79, 0.03, 0.59, 0.19, 0.66, 0.14, 0.00, 0.00, 0.00, 1.00, 0.00, 0.00, 0.00, 1.00, 0.00, 1.00, 1.00, 0.00, 0.00, 1.00, 0.00, 0.00, 0.00, 0.00
6408, 0, 241.580, 0.93, 1, 0.00, 0.00, 0.00, 0.03, 0.00, 0.00, 0.00, 1.64, 0.13, 1.26, 0.00, 0.55, 0.13, 0.42, 0.16, 0.51, 0.14, 0.00, 0.00, 0.00, 1.00, 0.00, 0.00, 0.00, 1.00, 0.00, 1.00, 1.00, 0.00, 0.00, 1.00, 0.00, 0.00, 0.00, 0.00
6409, 0, 241.618, 0.93, 1, 0.00, 0.00, 0.00, 0.03, 0.01, 0.00, 0.00, 1.73, 0.22, 1.11, 0.05, 0.32, 0.25, 0.31, 0.16, 0.60, 0.00, 0.00, 0.00, 0.00, 1.00, 0.00, 0.00, 0.00, 1.00, 0.00, 1.00, 1.00, 0.00, 0.00, 1.00, 0.00, 0.00, 0.00, 0.00
6410, 0, 241.655, 0.98, 1, 0.00, 0.00, 0.00, 0.03, 0.01, 0.00, 0.00, 1.58, 0.22, 1.01, 0.15, 0.05, 0.42, 0.24, 0.08, 0.44, 0.00, 0.00, 0.00, 0.00, 1.00, 0.00, 0.00, 0.00, 1.00, 0.00, 1.00, 1.00, 0.00, 0.00, 1.00, 0.00, 0.00, 0.00, 0.00
6411, 0, 241.693, 0.98, 1, 0.00, 0.09, 0.00, 0.01, 0.01, 0.00, 0.00, 1.38, 0.09, 0.99, 0.19, 0.02, 0.35, 0.34, 0.08, 0.47, 0.06, 0.00, 0.00, 0.00, 1.00, 0.00, 0.00, 0.00, 1.00, 0.00, 1.00, 1.00, 0.00, 0.00, 1.00, 0.00, 0.00, 0.00, 0.00
6412, 0, 241.731, 0.93, 1, 0.05, 0.09, 0.00, 0.12, 0.00, 0.00, 0.00, 1.27, 0.00, 0.95, 0.14, 0.00, 0.23, 0.28, 0.08, 0.40, 0.12, 0.00, 0.00, 0.00, 1.00, 0.00, 0.00, 0.00, 0.00, 0.00, 1.00, 1.00, 0.00, 0.00, 1.00, 0.00, 0.00, 0.00, 0.00
6413, 0, 241.769, 0.93, 1, 0.19, 0.24, 0.00, 0.15, 0.00, 0.00, 0.00, 1.40, 0.00, 0.91, 0.24, 0.07, 0.06, 0.18, 0.00, 0.45, 0.12, 0.00, 0.00, 0.00, 1.00, 0.00, 0.00, 0.00, 0.00, 0.00, 0.00, 1.00, 0.00, 0.00, 1.00, 0.00, 0.00, 0.00, 0.00
6414, 0, 241.806, 0.93, 1, 0.21, 0.15, 0.00, 0.34, 0.00, 0.00, 0.00, 1.32, 0.00, 0.72, 0.33, 0.07, 0.00, 0.10, 0.00, 0.41, 0.06, 0.00, 0.00, 0.00, 1.00, 0.00, 0.00, 0.00, 0.00, 0.00, 0.00, 1.00, 0.00, 0.00, 1.00, 0.00, 0.00, 0.00, 0.00
6415, 0, 241.844, 0.98, 1, 0.15, 0.15, 0.00, 0.23, 0.00, 0.00, 0.00, 1.27, 0.00, 0.46, 0.33, 0.07, 0.00, 0.07, 0.04, 0.58, 0.14, 0.00, 0.00, 0.00, 1.00, 0.00, 0.00, 0.00, 0.00, 0.00, 0.00, 1.00, 0.00, 0.00, 1.00, 0.00, 0.00, 0.00, 0.00
6416, 0, 241.882, 0.98, 1, 0.02, 0.00, 0.00, 0.20, 0.00, 0.00, 0.00, 1.24, 0.00, 0.31, 0.12, 0.16, 0.00, 0.10, 0.04, 0.81, 0.21, 0.00, 0.00, 0.00, 1.00, 0.00, 0.00, 0.00, 0.00, 0.00, 0.00, 1.00, 0.00, 0.00, 1.00, 0.00, 0.00, 0.00, 0.00
6417, 0, 241.919, 0.98, 1, 0.00, 0.10, 0.00, 0.04, 0.00, 0.00, 0.00, 1.51, 0.00, 0.53, 0.00, 0.30, 0.00, 0.12, 0.04, 1.13, 0.21, 0.00, 0.00, 0.00, 1.00, 0.00, 0.00, 0.00, 0.00, 0.00, 0.00, 1.00, 0.00, 0.00, 1.00, 0.00, 0.00, 0.00, 0.00
6418, 0, 241.957, 0.98, 1, 0.00, 0.10, 0.00, 0.04, 0.00, 0.14, 0.00, 1.58, 0.00, 0.94, 0.00, 0.33, 0.00, 0.12, 0.00, 1.17, 0.07, 0.00, 0.00, 0.00, 1.00, 0.00, 0.00, 0.00, 0.00, 0.00, 0.00, 1.00, 0.00, 0.00, 1.00, 0.00, 0.00, 0.00, 0.00
6419, 0, 241.995, 0.98, 1, 0.00, 0.10, 0.00, 0.04, 0.00, 0.14, 0.00, 1.50, 0.00, 1.12, 0.00, 0.27, 0.08, 0.20, 0.05, 1.09, 0.00, 0.00, 0.00, 0.00, 1.00, 0.00, 0.00, 0.00, 0.00, 0.00, 1.00, 1.00, 0.00, 0.00, 1.00, 0.00, 0.00, 0.00, 0.00
6420, 0, 242.032, 0.98, 1, 0.05, 0.00, 0.00, 0.09, 0.00, 0.14, 0.00, 1.21, 0.00, 0.91, 0.00, 0.25, 0.34, 0.24, 0.05, 0.71, 0.00, 0.00, 0.00, 0.00, 1.00, 0.00, 0.00, 0.00, 0.00, 0.00, 1.00, 1.00, 0.00, 0.00, 1.00, 0.00, 0.00, 0.00, 0.00
6421, 0, 242.070, 0.98, 1, 0.05, 0.00, 0.00, 0.20, 0.00, 0.00, 0.00, 0.98, 0.00, 0.90, 0.00, 0.38, 0.49, 0.26, 0.05, 0.36, 0.00, 0.00, 0.00, 0.00, 1.00, 0.00, 0.00, 0.00, 0.00, 0.00, 1.00, 1.00, 0.00, 0.00, 1.00, 0.00, 0.00, 0.00, 0.00
6422, 0, 242.108, 0.98, 1, 0.12, 0.03, 0.00, 0.33, 0.00, 0.00, 0.00, 0.85, 0.00, 0.61, 0.00, 0.44, 0.41, 0.25, 0.01, 0.19, 0.00, 0.00, 0.00, 0.00, 1.00, 0.00, 0.00, 0.00, 0.00, 0.00, 0.00, 1.00, 0.00, 0.00, 1.00, 0.00, 0.00, 0.00, 0.00
6423, 0, 242.146, 0.98, 1, 0.15, 0.03, 0.00, 0.24, 0.00, 0.06, 0.00, 0.84, 0.00, 0.46, 0.00, 0.37, 0.26, 0.23, 0.11, 0.48, 0.00, 0.00, 0.00, 0.00, 1.00, 0.00, 0.00, 0.00, 0.00, 0.00, 0.00, 1.00, 0.00, 0.00, 1.00, 0.00, 0.00, 0.00, 0.00
6424, 0, 242.183, 0.98, 1, 0.20, 0.03, 0.00, 0.13, 0.00, 0.19, 0.00, 0.84, 0.00, 0.07, 0.00, 0.21, 0.24, 0.25, 0.24, 0.75, 0.07, 0.00, 0.00, 0.00, 1.00, 0.00, 0.00, 0.00, 0.00, 0.00, 0.00, 0.00, 0.00, 0.00, 1.00, 0.00, 0.00, 0.00, 0.00
6425, 0, 242.221, 0.98, 1, 0.21, 0.00, 0.00, 0.00, 0.00, 0.25, 0.00, 0.84, 0.00, 0.22, 0.00, 0.24, 0.24, 0.14, 0.22, 0.95, 0.16, 0.00, 0.00, 0.00, 1.00, 0.00, 0.00, 0.00, 0.00, 0.00, 0.00, 0.00, 0.00, 0.00, 1.00, 0.00, 0.00, 0.00, 0.00
6426, 0, 242.259, 0.98, 1, 0.15, 0.00, 0.00, 0.00, 0.00, 0.19, 0.00, 0.70, 0.00, 0.53, 0.00, 0.19, 0.13, 0.07, 0.12, 1.03, 0.16, 0.00, 0.00, 0.00, 1.00, 0.00, 0.00, 0.00, 0.00, 0.00, 0.00, 0.00, 0.00, 0.00, 1.00, 0.00, 0.00, 0.00, 0.00
6427, 0, 242.296, 0.98, 1, 0.09, 0.00, 0.00, 0.00, 0.00, 0.05, 0.00, 0.62, 0.02, 0.71, 0.00, 0.19, 0.00, 0.04, 0.06, 1.39, 0.09, 0.00, 0.00, 0.00, 1.00, 0.00, 0.00, 0.00, 0.00, 0.00, 0.00, 0.00, 0.00, 0.00, 1.00, 0.00, 0.00, 0.00, 0.00
6428, 0, 242.334, 0.98, 1, 0.01, 0.00, 0.00, 0.00, 0.00, 0.00, 0.00, 0.50, 0.08, 0.77, 0.00, 0.18, 0.11, 0.12, 0.06, 1.64, 0.06, 0.00, 0.00, 0.00, 1.00, 0.00, 0.00, 0.00, 0.00, 0.00, 0.00, 0.00, 0.00, 0.00, 1.00, 0.00, 0.00, 0.00, 0.00
6429, 0, 242.372, 0.98, 1, 0.00, 0.00, 0.00, 0.00, 0.00, 0.00, 0.00, 0.52, 0.12, 0.55, 0.00, 0.50, 0.27, 0.17, 0.06, 1.75, 0.09, 0.00, 0.00, 0.00, 1.00, 0.00, 0.00, 0.00, 0.00, 0.00, 0.00, 0.00, 0.00, 0.00, 1.00, 0.00, 0.00, 0.00, 0.00
6430, 0, 242.410, 0.98, 1, 0.00, 0.00, 0.00, 0.00, 0.00, 0.00, 0.00, 0.91, 0.18, 0.47, 0.00, 0.73, 0.40, 0.25, 0.00, 1.50, 0.09, 0.00, 0.00, 0.00, 1.00, 0.00, 0.00, 0.00, 0.00, 0.00, 0.00, 0.00, 0.00, 0.00, 1.00, 0.00, 0.00, 0.00, 0.00
6431, 0, 242.447, 0.98, 1, 0.00, 0.00, 0.00, 0.00, 0.00, 0.00, 0.00, 1.26, 0.21, 0.45, 0.00, 0.87, 0.57, 0.36, 0.00, 1.22, 0.04, 0.00, 0.00, 0.00, 1.00, 0.00, 0.00, 0.00, 1.00, 0.00, 0.00, 1.00, 0.00, 0.00, 1.00, 0.00, 0.00, 0.00, 0.00
6432, 0, 242.485, 0.98, 1, 0.05, 0.00, 0.00, 0.00, 0.00, 0.00, 0.00, 1.56, 0.22, 0.51, 0.05, 0.96, 0.73, 0.50, 0.00, 1.02, 0.00, 0.00, 0.00, 0.00, 1.00, 0.00, 0.00, 0.00, 1.00, 0.00, 0.00, 1.00, 0.00, 0.00, 1.00, 0.00, 0.00, 0.00, 0.00
6433, 0, 242.523, 0.98, 1, 0.15, 0.00, 0.00, 0.00, 0.00, 0.00, 0.00, 1.50, 0.16, 0.74, 0.05, 1.10, 0.87, 0.56, 0.00, 1.04, 0.00, 0.00, 0.00, 0.00, 1.00, 0.00, 0.00, 0.00, 1.00, 0.00, 0.00, 1.00, 0.00, 0.00, 1.00, 0.00, 0.00, 0.00, 0.00
6434, 0, 242.560, 0.98, 1, 0.21, 0.00, 0.00, 0.00, 0.00, 0.00, 0.00, 1.57, 0.07, 0.81, 0.05, 0.96, 0.70, 0.56, 0.01, 1.03, 0.00, 0.00, 0.00, 0.00, 1.00, 0.00, 0.00, 0.00, 1.00, 0.00, 0.00, 1.00, 0.00, 0.00, 1.00, 0.00, 0.00, 0.00, 0.00
6435, 0, 242.598, 0.98, 1, 0.22, 0.07, 0.00, 0.07, 0.00, 0.19, 0.00, 1.58, 0.02, 0.65, 0.09, 0.69, 0.38, 0.38, 0.08, 1.28, 0.00, 0.00, 0.00, 0.00, 1.00, 0.00, 0.00, 0.00, 1.00, 0.00, 0.00, 1.00, 0.00, 0.00, 1.00, 0.00, 0.00, 0.00, 0.00
6436, 0, 242.636, 0.98, 1, 0.21, 0.15, 0.00, 0.16, 0.00, 0.43, 0.00, 1.57, 0.00, 0.32, 0.18, 0.49, 0.13, 0.19, 0.18, 1.40, 0.00, 0.00, 0.00, 0.00, 1.00, 0.00, 0.00, 0.00, 1.00, 0.00, 0.00, 1.00, 0.00, 0.00, 1.00, 0.00, 0.00, 0.00, 0.00
6437, 0, 242.673, 0.98, 1, 0.23, 0.22, 0.00, 0.16, 0.00, 0.50, 0.00, 1.60, 0.00, 0.17, 0.26, 0.54, 0.21, 0.02, 0.26, 1.63, 0.00, 0.00, 0.00, 0.00, 1.00, 0.00, 0.00, 0.00, 1.00, 0.00, 0.00, 1.00, 0.00, 0.00, 1.00, 0.00, 0.00, 0.00, 0.00
6438, 0, 242.711, 0.98, 1, 0.22, 0.35, 0.00, 0.20, 0.00, 0.35, 0.00, 1.67, 0.04, 0.45, 0.17, 0.64, 0.38, 0.09, 0.29, 1.72, 0.00, 0.00, 0.00, 0.00, 1.00, 0.00, 0.00, 0.00, 1.00, 0.00, 0.00, 1.00, 0.00, 0.00, 1.00, 0.00, 0.00, 0.00, 0.00
6439, 0, 242.749, 0.98, 1, 0.13, 0.39, 0.00, 0.15, 0.00, 0.11, 0.00, 1.52, 0.21, 0.80, 0.07, 0.60, 0.37, 0.19, 0.48, 1.81, 0.00, 0.00, 0.00, 0.00, 1.00, 0.00, 0.00, 0.00, 1.00, 0.00, 0.00, 1.00, 0.00, 0.00, 0.00, 0.00, 0.00, 0.00, 0.00
6440, 0, 242.787, 0.98, 1, 0.06, 0.67, 0.00, 0.15, 0.00, 0.04, 0.00, 1.41, 0.39, 0.89, 0.00, 0.55, 0.17, 0.22, 0.64, 1.70, 0.00, 0.00, 0.00, 0.00, 1.00, 0.00, 0.00, 0.00, 1.00, 0.00, 0.00, 1.00, 0.00, 0.00, 0.00, 0.00, 0.00, 0.00, 0.00
6441, 0, 242.824, 0.98, 1, 0.16, 0.79, 0.00, 0.05, 0.00, 0.06, 0.00, 1.42, 0.44, 0.90, 0.00, 0.36, 0.18, 0.18, 0.66, 1.45, 0.00, 0.00, 0.00, 0.00, 1.00, 0.00, 0.00, 0.00, 1.00, 0.00, 0.00, 1.00, 0.00, 0.00, 1.00, 0.00, 0.00, 0.00, 0.00
6442, 0, 242.862, 0.98, 1, 0.35, 1.09, 0.00, 0.02, 0.00, 0.07, 0.00, 1.63, 0.33, 0.78, 0.00, 0.30, 0.32, 0.14, 0.47, 1.23, 0.00, 0.00, 0.00, 0.00, 1.00, 0.00, 0.00, 0.00, 1.00, 0.00, 0.00, 1.00, 0.00, 0.00, 1.00, 0.00, 0.00, 0.00, 0.00
6443, 0, 242.900, 0.98, 1, 0.48, 1.07, 0.00, 0.02, 0.00, 0.07, 0.00, 1.70, 0.22, 0.88, 0.00, 0.17, 0.36, 0.10, 0.40, 1.33, 0.00, 0.00, 0.00, 0.00, 1.00, 0.00, 0.00, 0.00, 1.00, 0.00, 0.00, 1.00, 0.00, 0.00, 1.00, 0.00, 0.00, 0.00, 0.00
6444, 0, 242.937, 0.98, 1, 0.63, 1.01, 0.00, 0.02, 0.00, 0.01, 0.00, 1.69, 0.24, 1.00, 0.00, 0.27, 0.24, 0.07, 0.48, 1.36, 0.00, 0.00, 0.00, 0.00, 1.00, 0.00, 0.00, 0.00, 1.00, 0.00, 1.00, 1.00, 0.00, 0.00, 1.00, 0.00, 0.00, 0.00, 0.00
6445, 0, 242.975, 0.93, 1, 0.59, 0.99, 0.00, 0.00, 0.00, 0.00, 0.00, 1.48, 0.29, 1.16, 0.11, 0.21, 0.11, 0.04, 0.52, 1.19, 0.00, 0.00, 0.00, 0.00, 1.00, 0.00, 0.00, 0.00, 1.00, 0.00, 1.00, 1.00, 0.00, 0.00, 1.00, 0.00, 0.00, 0.00, 0.00
6446, 0, 243.013, 0.88, 1, 0.59, 0.90, 0.00, 0.00, 0.00, 0.00, 0.00, 1.38, 0.37, 1.23, 0.11, 0.23, 0.11, 0.03, 0.60, 1.00, 0.00, 0.00, 0.00, 0.00, 1.00, 0.00, 0.00, 0.00, 1.00, 0.00, 1.00, 1.00, 0.00, 0.00, 1.00, 0.00, 0.00, 0.00, 0.00
6447, 0, 243.051, 0.93, 1, 0.30, 0.64, 0.00, 0.00, 0.00, 0.00, 0.00, 1.35, 0.47, 1.33, 0.11, 0.24, 0.17, 0.03, 0.83, 1.08, 0.01, 0.00, 0.00, 0.00, 1.00, 0.00, 0.00, 0.00, 1.00, 0.00, 1.00, 1.00, 0.00, 0.00, 1.00, 1.00, 0.00, 0.00, 1.00
6448, 0, 243.088, 0.93, 1, 0.14, 0.25, 0.00, 0.00, 0.00, 0.00, 0.00, 1.66, 0.56, 1.36, 0.00, 0.24, 0.17, 0.00, 1.16, 1.41, 0.15, 0.00, 0.00, 0.00, 1.00, 0.00, 0.00, 0.00, 1.00, 0.00, 1.00, 1.00, 0.00, 0.00, 1.00, 1.00, 0.00, 0.00, 1.00
6449, 0, 243.126, 0.93, 1, 0.01, 0.01, 0.00, 0.00, 0.00, 0.00, 0.00, 1.90, 0.63, 1.53, 0.05, 0.31, 0.24, 0.00, 1.28, 1.65, 0.17, 0.00, 0.00, 0.00, 1.00, 0.00, 0.00, 0.00, 1.00, 0.00, 1.00, 1.00, 0.00, 0.00, 1.00, 1.00, 0.00, 0.00, 1.00
6450, 0, 243.164, 0.93, 1, 0.00, 0.00, 0.00, 0.00, 0.02, 0.00, 0.00, 1.77, 0.69, 1.18, 0.05, 0.44, 0.41, 0.04, 1.31, 1.57, 0.32, 0.00, 0.00, 0.00, 1.00, 0.00, 0.00, 0.00, 1.00, 0.00, 1.00, 1.00, 0.00, 0.00, 1.00, 1.00, 0.00, 0.00, 1.00
6451, 0, 243.201, 0.93, 1, 0.00, 0.00, 0.00, 0.00, 0.03, 0.01, 0.00, 1.41, 0.75, 0.93, 0.05, 0.76, 0.66, 0.10, 1.15, 1.43, 0.23, 0.00, 0.00, 0.00, 1.00, 0.00, 0.00, 0.00, 1.00, 0.00, 1.00, 1.00, 0.00, 0.00, 1.00, 0.00, 0.00, 0.00, 0.00
6452, 0, 243.239, 0.98, 1, 0.00, 0.00, 0.00, 0.00, 0.03, 0.01, 0.00, 1.06, 0.81, 0.38, 0.00, 1.06, 0.60, 0.18, 1.12, 1.34, 0.21, 0.00, 0.00, 0.00, 1.00, 0.00, 0.00, 0.00, 1.00, 0.00, 0.00, 1.00, 1.00, 0.00, 1.00, 0.00, 0.00, 0.00, 0.00
6453, 0, 243.277, 0.98, 1, 0.07, 0.00, 0.00, 0.00, 0.04, 0.19, 0.02, 1.18, 0.67, 0.37, 0.00, 1.07, 0.31, 0.20, 0.89, 1.21, 0.23, 0.00, 0.00, 0.00, 1.00, 0.00, 0.00, 0.00, 1.00, 0.00, 0.00, 1.00, 1.00, 0.00, 0.00, 0.00, 0.00, 0.00, 0.00
6454, 0, 243.314, 0.98, 1, 0.10, 0.00, 0.00, 0.00, 0.05, 0.34, 0.03, 1.39, 0.54, 0.35, 0.00, 1.06, 0.05, 0.18, 0.85, 1.12, 0.27, 0.00, 0.00, 0.00, 1.00, 0.00, 0.00, 0.00, 1.00, 0.00, 0.00, 1.00, 1.00, 0.00, 0.00, 0.00, 0.00, 0.00, 0.00
6455, 0, 243.352, 0.98, 1, 0.20, 0.08, 0.00, 0.06, 0.05, 0.40, 0.03, 1.49, 0.31, 0.30, 0.00, 1.01, 0.04, 0.23, 0.79, 1.00, 0.27, 0.00, 0.00, 0.00, 1.00, 0.00, 0.00, 0.00, 1.00, 0.00, 0.00, 1.00, 1.00, 0.00, 0.00, 0.00, 0.00, 0.00, 0.00
6456, 0, 243.390, 0.98, 1, 0.13, 0.13, 0.00, 0.06, 0.02, 0.22, 0.01, 1.41, 0.26, 0.15, 0.00, 1.08, 0.26, 0.25, 1.05, 1.13, 0.13, 0.00, 0.00, 0.00, 1.00, 0.00, 0.00, 0.00, 1.00, 0.00, 0.00, 1.00, 1.00, 0.00, 0.00, 0.00, 0.00, 0.00, 0.00
6457, 0, 243.428, 0.98, 1, 0.12, 0.19, 0.00, 0.06, 0.00, 0.13, 0.00, 1.25, 0.17, 0.00, 0.00, 1.06, 0.56, 0.27, 1.23, 1.14, 0.05, 0.00, 0.00, 0.00, 1.00, 0.00, 0.00, 0.00, 1.00, 0.00, 0.00, 1.00, 1.00, 0.00, 0.00, 0.00, 0.00, 0.00, 0.00
6458, 0, 243.465, 0.98, 1, 0.02, 0.12, 0.00, 0.00, 0.00, 0.18, 0.00, 1.16, 0.24, 0.00, 0.00, 1.04, 0.84, 0.24, 1.30, 1.22, 0.04, 0.00, 0.00, 0.00, 1.00, 0.00, 0.00, 0.00, 1.00, 0.00, 0.00, 1.00, 1.00, 0.00, 0.00, 0.00, 0.00, 0.00, 0.00
6459, 0, 243.503, 0.98, 1, 0.05, 0.07, 0.01, 0.00, 0.00, 0.32, 0.00, 1.05, 0.25, 0.00, 0.00, 1.13, 0.79, 0.28, 1.11, 1.26, 0.00, 0.00, 0.00, 0.00, 1.00, 0.00, 0.00, 0.00, 1.00, 0.00, 0.00, 1.00, 1.00, 0.00, 0.00, 0.00, 0.00, 0.00, 0.00
6460, 0, 243.541, 0.98, 1, 0.03, 0.00, 0.03, 0.00, 0.00, 0.47, 0.00, 1.21, 0.22, 0.22, 0.15, 1.06, 0.51, 0.32, 1.10, 1.51, 0.00, 0.00, 0.00, 0.00, 1.00, 0.00, 0.00, 0.00, 1.00, 0.00, 0.00, 1.00, 1.00, 0.00, 0.00, 0.00, 0.00, 0.00, 0.00
6461, 0, 243.578, 0.98, 1, 0.03, 0.00, 0.03, 0.00, 0.00, 0.69, 0.00, 1.19, 0.15, 0.30, 0.15, 0.69, 0.21, 0.22, 1.07, 1.15, 0.00, 0.00, 0.00, 0.00, 1.00, 0.00, 0.00, 0.00, 0.00, 0.00, 0.00, 1.00, 0.00, 0.00, 0.00, 0.00, 0.00, 0.00, 0.00
6462, 0, 243.616, 0.98, 1, 0.00, 0.19, 0.02, 0.00, 0.00, 0.93, 0.00, 1.05, 0.12, 0.63, 0.24, 0.22, 0.04, 0.15, 1.11, 0.80, 0.00, 0.00, 0.00, 0.00, 1.00, 0.00, 0.00, 0.00, 0.00, 0.00, 0.00, 0.00, 0.00, 0.00, 1.00, 0.00, 0.00, 0.00, 0.00
6463, 0, 243.654, 0.98, 1, 0.00, 0.19, 0.00, 0.00, 0.00, 0.76, 0.00, 0.75, 0.11, 0.45, 0.09, 0.00, 0.02, 0.08, 0.99, 0.27, 0.10, 0.00, 0.00, 0.00, 1.00, 0.00, 0.00, 0.00, 0.00, 0.00, 0.00, 0.00, 0.00, 0.00, 1.00, 0.00, 0.00, 0.00, 0.00
6464, 0, 243.691, 0.98, 1, 0.00, 0.19, 0.00, 0.00, 0.00, 0.43, 0.00, 0.78, 0.18, 0.36, 0.09, 0.14, 0.00, 0.12, 0.93, 0.20, 0.24, 0.00, 0.00, 0.00, 1.00, 0.00, 0.00, 0.00, 0.00, 0.00, 0.00, 0.00, 0.00, 0.00, 1.00, 0.00, 0.00, 0.00, 0.00
6465, 0, 243.729, 0.98, 1, 0.04, 0.00, 0.00, 0.00, 0.00, 0.06, 0.00, 0.90, 0.39, 0.11, 0.03, 0.57, 0.00, 0.19, 0.99, 0.28, 0.44, 0.00, 0.00, 0.00, 1.00, 0.00, 0.00, 0.00, 0.00, 0.00, 0.00, 0.00, 0.00, 0.00, 1.00, 0.00, 0.00, 0.00, 0.00
6466, 0, 243.767, 0.88, 1, 0.07, 0.00, 0.00, 0.00, 0.00, 0.00, 0.00, 0.94, 0.64, 0.08, 0.12, 0.91, 0.00, 0.24, 1.11, 0.44, 0.53, 0.00, 0.00, 0.00, 1.00, 0.00, 0.00, 0.00, 0.00, 1.00, 0.00, 0.00, 0.00, 0.00, 1.00, 0.00, 0.00, 0.00, 0.00
6467, 0, 243.805, 0.88, 1, 0.09, 0.00, 0.00, 0.00, 0.00, 0.00, 0.01, 0.87, 0.77, 0.58, 0.12, 1.08, 0.05, 0.20, 1.08, 0.90, 0.61, 0.00, 0.00, 0.00, 1.00, 0.00, 0.00, 0.00, 0.00, 1.00, 0.00, 1.00, 0.00, 0.00, 1.00, 0.00, 0.00, 0.00, 0.00
6468, 0, 243.842, 0.88, 1, 0.05, 0.00, 0.00, 0.00, 0.00, 0.00, 0.01, 0.87, 0.73, 1.02, 0.09, 0.89, 0.05, 0.08, 1.03, 1.33, 0.57, 0.00, 0.00, 0.00, 1.00, 0.00, 0.00, 0.00, 0.00, 1.00, 0.00, 1.00, 0.00, 0.00, 1.00, 0.00, 0.00, 0.00, 0.00
6469, 0, 243.880, 0.93, 1, 0.02, 0.00, 0.00, 0.00, 0.00, 0.04, 0.01, 0.84, 0.70, 1.55, 0.00, 0.92, 0.05, 0.08, 0.79, 1.56, 0.52, 0.00, 0.00, 0.00, 1.00, 0.00, 0.00, 0.00, 0.00, 1.00, 0.00, 1.00, 0.00, 0.00, 1.00, 0.00, 0.00, 0.00, 0.00
6470, 0, 243.918, 0.93, 1, 0.01, 0.00, 0.00, 0.00, 0.00, 0.04, 0.00, 1.08, 0.72, 1.06, 0.29, 0.85, 0.00, 0.10, 0.79, 1.47, 0.30, 0.00, 0.00, 0.00, 1.00, 0.00, 0.00, 0.00, 0.00, 1.00, 0.00, 1.00, 0.00, 0.00, 1.00, 0.00, 0.00, 0.00, 0.00
6471, 0, 243.955, 0.93, 1, 0.01, 0.00, 0.00, 0.00, 0.00, 0.04, 0.00, 1.08, 0.69, 0.70, 0.29, 0.69, 0.00, 0.13, 0.77, 1.10, 0.14, 0.00, 0.00, 0.00, 1.00, 0.00, 0.00, 0.00, 0.00, 1.00, 0.00, 1.00, 0.00, 0.00, 1.00, 0.00, 0.00, 0.00, 0.00
6472, 0, 243.993, 0.98, 1, 0.01, 0.00, 0.00, 0.00, 0.00, 0.00, 0.00, 1.17, 0.64, 0.37, 0.40, 0.41, 0.00, 0.05, 0.96, 0.86, 0.00, 0.00, 0.00, 0.00, 1.00, 0.00, 0.00, 0.00, 0.00, 1.00, 0.00, 0.00, 0.00, 0.00, 1.00, 0.00, 0.00, 0.00, 0.00
6473, 0, 244.031, 0.98, 1, 0.00, 0.00, 0.00, 0.00, 0.00, 0.00, 0.00, 0.89, 0.50, 0.48, 0.10, 0.21, 0.00, 0.03, 1.00, 0.69, 0.00, 0.00, 0.00, 0.00, 1.00, 0.00, 0.00, 0.00, 0.00, 1.00, 0.00, 0.00, 0.00, 0.00, 1.00, 0.00, 0.00, 0.00, 0.00
6474, 0, 244.069, 0.98, 1, 0.03, 0.00, 0.00, 0.00, 0.00, 0.22, 0.00, 0.80, 0.52, 0.58, 0.10, 0.14, 0.00, 0.01, 0.82, 0.67, 0.00, 0.00, 0.00, 0.00, 1.00, 0.00, 0.00, 0.00, 0.00, 1.00, 0.00, 0.00, 0.00, 0.00, 1.00, 0.00, 0.00, 0.00, 0.00
6475, 0, 244.106, 0.98, 1, 0.03, 0.00, 0.00, 0.00, 0.00, 0.22, 0.00, 0.68, 0.67, 0.39, 0.00, 0.14, 0.00, 0.01, 0.84, 0.67, 0.14, 0.00, 0.00, 0.00, 1.00, 0.00, 0.00, 0.00, 0.00, 1.00, 0.00, 0.00, 0.00, 0.00, 1.00, 0.00, 0.00, 0.00, 0.00
6476, 0, 244.144, 0.98, 1, 0.03, 0.00, 0.00, 0.00, 0.00, 0.23, 0.00, 0.72, 0.74, 0.56, 0.00, 0.23, 0.00, 0.06, 0.77, 0.71, 0.19, 0.00, 0.00, 0.00, 1.00, 0.00, 0.00, 0.00, 0.00, 1.00, 0.00, 0.00, 0.00, 0.00, 1.00, 0.00, 0.00, 0.00, 0.00
6477, 0, 244.182, 0.98, 1, 0.00, 0.00, 0.00, 0.00, 0.00, 0.05, 0.07, 0.60, 0.79, 0.39, 0.00, 0.48, 0.00, 0.13, 0.75, 0.59, 0.24, 0.00, 0.00, 0.00, 1.00, 0.00, 0.00, 0.00, 0.00, 1.00, 0.00, 0.00, 0.00, 0.00, 1.00, 0.00, 0.00, 0.00, 0.00
6478, 0, 244.219, 0.98, 1, 0.00, 0.00, 0.00, 0.00, 0.00, 0.16, 0.14, 0.50, 0.71, 0.45, 0.00, 0.59, 0.00, 0.19, 0.44, 0.48, 0.10, 0.00, 0.00, 0.00, 1.00, 0.00, 0.00, 0.00, 0.00, 1.00, 0.00, 1.00, 1.00, 0.00, 1.00, 0.00, 0.00, 0.00, 0.00
6479, 0, 244.257, 0.98, 1, 0.00, 0.00, 0.00, 0.00, 0.00, 0.24, 0.18, 0.53, 0.67, 0.19, 0.00, 0.68, 0.00, 0.14, 0.36, 0.44, 0.05, 0.00, 0.00, 0.00, 1.00, 0.00, 0.00, 0.00, 0.00, 1.00, 0.00, 1.00, 1.00, 0.00, 1.00, 0.00, 0.00, 0.00, 1.00
6480, 0, 244.295, 0.98, 1, 0.00, 0.00, 0.00, 0.00, 0.00, 0.20, 0.11, 0.66, 0.72, 0.10, 0.00, 0.76, 0.00, 0.06, 0.34, 0.94, 0.01, 0.00, 0.00, 0.00, 1.00, 0.00, 0.00, 0.00, 0.00, 1.00, 0.00, 1.00, 1.00, 0.00, 1.00, 0.00, 0.00, 0.00, 1.00
6481, 0, 244.332, 0.93, 1, 0.00, 0.00, 0.00, 0.00, 0.00, 0.15, 0.04, 1.01, 0.75, 0.20, 0.00, 0.69, 0.00, 0.00, 0.24, 1.33, 0.00, 0.00, 0.00, 0.00, 1.00, 0.00, 0.00, 0.00, 0.00, 1.00, 0.00, 1.00, 1.00, 0.00, 1.00, 0.00, 0.00, 0.00, 1.00
6482, 0, 244.370, 0.98, 1, 0.00, 0.00, 0.00, 0.00, 0.00, 0.06, 0.00, 1.21, 0.85, 0.20, 0.00, 0.65, 0.00, 0.00, 0.20, 1.64, 0.00, 0.00, 0.00, 0.00, 1.00, 0.00, 0.00, 0.00, 0.00, 1.00, 0.00, 1.00, 1.00, 0.00, 1.00, 0.00, 0.00, 0.00, 1.00
6483, 0, 244.408, 0.98, 1, 0.00, 0.00, 0.00, 0.00, 0.00, 0.14, 0.00, 1.16, 0.78, 0.36, 0.00, 0.32, 0.00, 0.01, 0.29, 1.45, 0.00, 0.00, 0.00, 0.00, 1.00, 0.00, 0.00, 0.00, 0.00, 1.00, 0.00, 1.00, 1.00, 0.00, 1.00, 0.00, 0.00, 0.00, 1.00
6484, 0, 244.446, 0.98, 1, 0.00, 0.00, 0.00, 0.00, 0.00, 0.08, 0.00, 0.92, 0.81, 0.73, 0.00, 0.35, 0.00, 0.10, 0.29, 1.47, 0.22, 0.00, 0.00, 0.00, 1.00, 0.00, 0.00, 0.00, 0.00, 1.00, 0.00, 1.00, 1.00, 0.00, 1.00, 0.00, 0.00, 0.00, 1.00
6485, 0, 244.483, 0.88, 1, 0.00, 0.00, 0.00, 0.00, 0.00, 0.08, 0.00, 0.54, 0.83, 0.95, 0.00, 0.20, 0.12, 0.11, 0.32, 1.27, 0.61, 0.00, 0.00, 0.00, 1.00, 0.00, 0.00, 0.00, 0.00, 1.00, 1.00, 0.00, 0.00, 0.00, 1.00, 0.00, 0.00, 0.00, 1.00
6486, 0, 244.521, 0.88, 1, 0.00, 0.00, 0.00, 0.00, 0.00, 0.00, 0.00, 0.33, 0.83, 0.91, 0.01, 0.20, 0.24, 0.11, 0.41, 1.38, 0.89, 0.00, 0.00, 0.00, 1.00, 0.00, 0.00, 0.00, 0.00, 1.00, 1.00, 0.00, 0.00, 0.00, 1.00, 0.00, 0.00, 0.00, 1.00
6487, 0, 244.559, 0.88, 1, 0.00, 0.00, 0.00, 0.00, 0.00, 0.00, 0.00, 0.13, 0.80, 0.75, 0.01, 0.01, 0.41, 0.02, 0.87, 1.39, 0.82, 0.00, 0.00, 0.00, 1.00, 0.00, 0.00, 0.00, 0.00, 1.00, 1.00, 0.00, 0.00, 0.00, 1.00, 0.00, 0.00, 0.00, 0.00
6488, 0, 244.596, 0.93, 1, 0.00, 0.00, 0.00, 0.00, 0.00, 0.00, 0.00, 0.25, 0.73, 0.62, 0.01, 0.14, 0.53, 0.00, 1.19, 1.40, 0.54, 0.00, 0.00, 0.00, 1.00, 0.00, 0.00, 0.00, 0.00, 1.00, 1.00, 0.00, 0.00, 0.00, 1.00, 0.00, 0.00, 0.00, 0.00
6489, 0, 244.634, 0.98, 1, 0.00, 0.00, 0.00, 0.00, 0.00, 0.06, 0.00, 0.41, 0.72, 0.56, 0.00, 0.26, 0.58, 0.00, 1.45, 1.33, 0.37, 0.00, 0.00, 0.00, 1.00, 0.00, 0.00, 0.00, 0.00, 1.00, 1.00, 0.00, 0.00, 0.00, 1.00, 1.00, 0.00, 0.00, 0.00
6490, 0, 244.672, 0.98, 1, 0.00, 0.00, 0.00, 0.00, 0.00, 0.06, 0.00, 0.83, 0.74, 0.46, 0.00, 0.41, 0.42, 0.11, 1.51, 1.30, 0.37, 0.00, 0.00, 0.00, 1.00, 0.00, 0.00, 0.00, 0.00, 1.00, 1.00, 0.00, 0.00, 0.00, 1.00, 1.00, 0.00, 0.00, 0.00
6491, 0, 244.710, 0.93, 1, 0.00, 0.00, 0.00, 0.00, 0.00, 0.06, 0.00, 0.94, 0.90, 0.78, 0.00, 0.27, 0.18, 0.11, 1.61, 1.31, 0.25, 0.00, 0.00, 0.00, 1.00, 0.00, 0.00, 0.00, 0.00, 1.00, 1.00, 0.00, 0.00, 0.00, 1.00, 1.00, 0.00, 0.00, 0.00
6492, 0, 244.747, 0.93, 1, 0.00, 0.00, 0.00, 0.00, 0.00, 0.00, 0.00, 1.30, 1.01, 1.01, 0.09, 0.16, 0.02, 0.11, 1.67, 1.27, 0.22, 0.00, 0.00, 0.00, 1.00, 0.00, 0.00, 0.00, 0.00, 1.00, 1.00, 0.00, 0.00, 0.00, 1.00, 1.00, 0.00, 0.00, 0.00
6493, 0, 244.785, 0.93, 1, 0.00, 0.00, 0.00, 0.00, 0.00, 0.00, 0.00, 1.43, 1.08, 1.02, 0.29, 0.00, 0.00, 0.00, 1.86, 1.22, 0.17, 0.00, 0.00, 0.00, 1.00, 0.00, 0.00, 0.00, 0.00, 1.00, 1.00, 0.00, 0.00, 0.00, 1.00, 1.00, 0.00, 0.00, 0.00
6494, 0, 244.823, 0.93, 1, 0.00, 0.00, 0.00, 0.00, 0.00, 0.00, 0.00, 1.43, 1.07, 0.95, 0.34, 0.00, 0.00, 0.00, 2.04, 1.22, 0.28, 0.00, 0.00, 0.00, 1.00, 0.00, 0.00, 0.00, 0.00, 1.00, 1.00, 0.00, 0.00, 0.00, 1.00, 1.00, 0.00, 0.00, 0.00
6495, 0, 244.860, 0.98, 1, 0.00, 0.08, 0.00, 0.03, 0.00, 0.00, 0.00, 1.19, 1.06, 1.11, 0.80, 0.14, 0.00, 0.05, 2.41, 1.35, 0.21, 0.00, 0.00, 0.00, 1.00, 0.00, 0.00, 0.00, 0.00, 1.00, 1.00, 0.00, 0.00, 0.00, 1.00, 1.00, 1.00, 0.00, 0.00
6496, 0, 244.898, 0.98, 1, 0.00, 0.20, 0.00, 0.03, 0.00, 0.00, 0.00, 1.11, 1.00, 1.31, 0.60, 0.34, 0.00, 0.07, 2.44, 1.58, 0.14, 0.00, 0.00, 0.00, 1.00, 0.00, 0.00, 0.00, 0.00, 1.00, 1.00, 0.00, 0.00, 0.00, 1.00, 1.00, 1.00, 0.00, 0.00
6497, 0, 244.936, 0.98, 1, 0.00, 0.35, 0.00, 0.03, 0.00, 0.00, 0.00, 1.08, 0.99, 1.58, 0.55, 0.44, 0.00, 0.08, 2.26, 1.80, 0.05, 0.00, 0.00, 0.00, 1.00, 0.00, 0.00, 0.00, 0.00, 1.00, 1.00, 0.00, 0.00, 0.00, 1.00, 1.00, 1.00, 0.00, 0.00
6498, 0, 244.973, 0.98, 1, 0.05, 0.48, 0.00, 0.00, 0.00, 0.00, 0.00, 1.13, 1.00, 1.53, 0.00, 0.36, 0.00, 0.11, 1.76, 1.97, 0.05, 0.00, 0.00, 0.00, 1.00, 0.00, 0.00, 0.00, 0.00, 1.00, 1.00, 0.00, 0.00, 0.00, 1.00, 1.00, 1.00, 0.00, 0.00
6499, 0, 245.011, 0.98, 1, 0.07, 0.47, 0.00, 0.00, 0.00, 0.00, 0.00, 0.92, 1.06, 1.23, 0.00, 0.28, 0.00, 0.20, 1.66, 2.04, 0.05, 0.00, 0.00, 0.00, 1.00, 0.00, 0.00, 0.00, 0.00, 1.00, 1.00, 0.00, 0.00, 0.00, 1.00, 1.00, 1.00, 0.00, 0.00
6500, 0, 245.049, 0.98, 1, 0.07, 0.32, 0.00, 0.00, 0.00, 0.00, 0.00, 0.86, 1.05, 0.72, 0.00, 0.20, 0.00, 0.18, 1.57, 1.98, 0.04, 0.00, 0.00, 0.00, 1.00, 0.00, 0.00, 0.00, 0.00, 1.00, 1.00, 0.00, 0.00, 0.00, 1.00, 1.00, 1.00, 0.00, 0.00
6501, 0, 245.087, 0.98, 1, 0.02, 0.10, 0.00, 0.00, 0.00, 0.00, 0.00, 0.76, 1.06, 0.35, 0.00, 0.19, 0.00, 0.10, 1.63, 1.84, 0.04, 0.00, 0.00, 0.00, 1.00, 0.00, 0.00, 0.00, 0.00, 1.00, 1.00, 0.00, 0.00, 0.00, 1.00, 1.00, 1.00, 0.00, 0.00
6502, 0, 245.124, 0.98, 1, 0.00, 0.00, 0.00, 0.00, 0.00, 0.00, 0.00, 0.92, 1.10, 0.56, 0.01, 0.07, 0.00, 0.00, 1.62, 1.73, 0.00, 0.00, 0.00, 0.00, 1.00, 0.00, 0.00, 0.00, 0.00, 1.00, 1.00, 0.00, 0.00, 0.00, 1.00, 1.00, 0.00, 0.00, 0.00
6503, 0, 245.162, 0.98, 1, 0.00, 0.00, 0.00, 0.00, 0.00, 0.20, 0.00, 1.00, 1.04, 1.02, 0.01, 0.06, 0.00, 0.00, 1.61, 1.64, 0.00, 0.00, 0.00, 0.00, 1.00, 0.00, 0.00, 0.00, 0.00, 1.00, 1.00, 0.00, 0.00, 0.00, 1.00, 1.00, 0.00, 0.00, 0.00
6504, 0, 245.200, 0.98, 1, 0.00, 0.00, 0.00, 0.00, 0.00, 0.20, 0.00, 1.14, 0.99, 1.39, 0.01, 0.00, 0.00, 0.00, 1.64, 1.34, 0.19, 0.00, 0.00, 0.00, 1.00, 0.00, 0.00, 0.00, 0.00, 1.00, 1.00, 0.00, 0.00, 0.00, 1.00, 1.00, 0.00, 0.00, 0.00
6505, 0, 245.237, 0.98, 1, 0.00, 0.00, 0.00, 0.00, 0.02, 0.26, 0.00, 0.96, 0.92, 1.25, 0.00, 0.09, 0.00, 0.00, 1.48, 0.95, 0.19, 0.00, 0.00, 0.00, 1.00, 0.00, 0.00, 0.00, 0.00, 1.00, 1.00, 0.00, 0.00, 0.00, 1.00, 1.00, 0.00, 0.00, 0.00
6506, 0, 245.275, 0.98, 1, 0.00, 0.00, 0.00, 0.01, 0.02, 0.06, 0.00, 0.97, 1.00, 0.98, 0.00, 0.18, 0.00, 0.00, 1.50, 0.70, 0.19, 0.00, 0.00, 0.00, 1.00, 0.00, 0.00, 0.00, 0.00, 1.00, 1.00, 0.00, 0.00, 0.00, 1.00, 1.00, 0.00, 0.00, 0.00
6507, 0, 245.313, 0.88, 1, 0.00, 0.00, 0.00, 0.01, 0.02, 0.06, 0.00, 0.75, 1.03, 0.57, 0.00, 0.18, 0.10, 0.00, 1.34, 0.43, 0.00, 0.00, 0.00, 0.00, 1.00, 0.00, 0.00, 0.00, 0.00, 1.00, 1.00, 0.00, 0.00, 0.00, 1.00, 1.00, 0.00, 0.00, 0.00
6508, 0, 245.351, 0.88, 1, 0.00, 0.00, 0.00, 0.01, 0.00, 0.13, 0.00, 0.68, 1.08, 0.45, 0.00, 0.15, 0.10, 0.00, 1.20, 0.63, 0.01, 0.00, 0.00, 0.00, 1.00, 0.00, 0.00, 0.00, 0.00, 1.00, 1.00, 0.00, 0.00, 0.00, 1.00, 1.00, 0.00, 0.00, 1.00
6509, 0, 245.388, 0.98, 1, 0.00, 0.00, 0.00, 0.00, 0.01, 0.20, 0.00, 0.56, 1.11, 0.33, 0.00, 0.19, 0.13, 0.00, 0.99, 0.80, 0.03, 0.00, 0.00, 0.00, 1.00, 0.00, 0.00, 0.00, 0.00, 1.00, 1.00, 0.00, 0.00, 0.00, 1.00, 1.00, 0.00, 0.00, 1.00
6510, 0, 245.426, 0.98, 1, 0.00, 0.00, 0.00, 0.00, 0.01, 0.20, 0.00, 0.90, 1.17, 0.54, 0.00, 0.30, 0.03, 0.00, 1.07, 1.20, 0.03, 0.00, 0.00, 0.00, 1.00, 0.00, 0.00, 0.00, 0.00, 1.00, 1.00, 0.00, 0.00, 0.00, 1.00, 1.00, 0.00, 0.00, 1.00
6511, 0, 245.464, 0.88, 1, 0.00, 0.00, 0.00, 0.00, 0.01, 0.08, 0.00, 1.22, 1.23, 0.66, 0.00, 0.27, 0.03, 0.00, 1.28, 1.23, 0.02, 0.00, 0.00, 0.00, 1.00, 0.00, 0.00, 0.00, 1.00, 1.00, 1.00, 0.00, 0.00, 0.00, 1.00, 1.00, 0.00, 0.00, 1.00
6512, 0, 245.501, 0.93, 1, 0.00, 0.00, 0.00, 0.00, 0.01, 0.13, 0.00, 1.44, 1.29, 0.72, 0.00, 0.20, 0.00, 0.02, 1.52, 1.19, 0.06, 0.00, 0.00, 0.00, 1.00, 0.00, 0.00, 0.00, 1.00, 1.00, 1.00, 0.00, 0.00, 0.00, 1.00, 1.00, 0.00, 0.00, 1.00
6513, 0, 245.539, 0.88, 1, 0.00, 0.00, 0.00, 0.00, 0.01, 0.18, 0.00, 1.40, 1.34, 0.74, 0.00, 0.12, 0.00, 0.02, 1.50, 1.24, 0.27, 0.00, 0.00, 0.00, 1.00, 0.00, 0.00, 0.00, 1.00, 1.00, 1.00, 0.00, 0.00, 0.00, 1.00, 1.00, 0.00, 0.00, 1.00
6514, 0, 245.577, 0.88, 1, 0.00, 0.00, 0.00, 0.00, 0.01, 0.18, 0.00, 1.32, 1.28, 0.82, 0.00, 0.09, 0.00, 0.05, 1.44, 1.17, 0.35, 0.00, 0.00, 0.00, 1.00, 0.00, 0.00, 0.00, 1.00, 1.00, 1.00, 0.00, 0.00, 0.00, 0.00, 1.00, 0.00, 0.00, 1.00
6515, 0, 245.614, 0.88, 1, 0.00, 0.03, 0.00, 0.00, 0.00, 0.06, 0.00, 1.10, 1.29, 0.78, 0.03, 0.02, 0.00, 0.03, 1.29, 1.13, 0.29, 0.00, 0.00, 0.00, 1.00, 0.00, 0.00, 0.00, 1.00, 1.00, 1.00, 0.00, 0.00, 0.00, 1.00, 1.00, 0.00, 0.00, 1.00
6516, 0, 245.652, 0.88, 1, 0.00, 0.07, 0.00, 0.00, 0.00, 0.00, 0.00, 0.83, 1.27, 0.71, 0.03, 0.00, 0.00, 0.03, 1.10, 0.96, 0.08, 0.00, 0.00, 0.00, 1.00, 0.00, 0.00, 0.00, 0.00, 1.00, 1.00, 0.00, 0.00, 0.00, 1.00, 1.00, 0.00, 0.00, 1.00
6517, 0, 245.690, 0.88, 1, 0.01, 0.27, 0.00, 0.00, 0.00, 0.00, 0.00, 0.65, 1.17, 0.41, 0.03, 0.00, 0.00, 0.00, 0.78, 0.88, 0.00, 0.00, 0.00, 0.00, 1.00, 0.00, 0.00, 0.00, 0.00, 1.00, 1.00, 0.00, 0.00, 0.00, 1.00, 1.00, 0.00, 0.00, 1.00
6518, 0, 245.728, 0.88, 1, 0.01, 0.31, 0.00, 0.00, 0.00, 0.00, 0.00, 0.46, 1.06, 0.51, 0.00, 0.00, 0.00, 0.00, 0.69, 0.83, 0.00, 0.00, 0.00, 0.00, 1.00, 0.00, 0.00, 0.00, 0.00, 1.00, 1.00, 0.00, 0.00, 0.00, 1.00, 1.00, 0.00, 0.00, 1.00
6519, 0, 245.765, 0.88, 1, 0.13, 0.40, 0.00, 0.00, 0.00, 0.00, 0.00, 0.38, 0.99, 0.67, 0.00, 0.00, 0.00, 0.00, 0.75, 0.76, 0.00, 0.00, 0.00, 0.00, 1.00, 0.00, 0.00, 0.00, 0.00, 1.00, 1.00, 0.00, 0.00, 0.00, 1.00, 1.00, 0.00, 0.00, 1.00
6520, 0, 245.803, 0.93, 1, 0.15, 0.20, 0.00, 0.00, 0.00, 0.11, 0.00, 0.31, 0.94, 0.61, 0.00, 0.13, 0.00, 0.12, 0.89, 0.83, 0.00, 0.00, 0.00, 0.00, 1.00, 0.00, 0.00, 0.00, 0.00, 1.00, 1.00, 0.00, 0.00, 0.00, 1.00, 1.00, 0.00, 0.00, 1.00
6521, 0, 245.841, 0.88, 1, 0.20, 0.13, 0.00, 0.00, 0.00, 0.13, 0.00, 0.45, 0.87, 0.32, 0.00, 0.29, 0.00, 0.19, 0.94, 0.96, 0.00, 0.00, 0.00, 0.00, 1.00, 0.00, 0.00, 0.00, 0.00, 1.00, 1.00, 0.00, 0.00, 0.00, 1.00, 0.00, 0.00, 0.00, 1.00
6522, 0, 245.878, 0.88, 1, 0.10, 0.00, 0.00, 0.00, 0.02, 0.45, 0.00, 0.47, 0.78, 0.21, 0.00, 0.49, 0.08, 0.23, 0.96, 1.09, 0.00, 0.00, 0.00, 0.00, 1.00, 0.00, 0.00, 0.00, 0.00, 1.00, 1.00, 0.00, 0.00, 0.00, 1.00, 0.00, 0.00, 0.00, 1.00
6523, 0, 245.916, 0.93, 1, 0.08, 0.00, 0.00, 0.00, 0.04, 0.70, 0.00, 0.51, 0.79, 0.64, 0.00, 0.51, 0.21, 0.23, 0.93, 1.03, 0.02, 0.00, 0.00, 0.00, 1.00, 0.00, 0.00, 0.00, 0.00, 1.00, 1.00, 0.00, 0.00, 0.00, 1.00, 0.00, 0.00, 0.00, 1.00
6524, 0, 245.954, 0.93, 1, 0.03, 0.00, 0.00, 0.00, 0.07, 1.11, 0.00, 0.52, 0.82, 1.09, 0.00, 0.42, 0.38, 0.27, 0.99, 0.93, 0.02, 0.00, 0.00, 0.00, 1.00, 0.00, 0.00, 0.00, 0.00, 0.00, 1.00, 1.00, 0.00, 0.00, 1.00, 0.00, 0.00, 0.00, 1.00
6525, 0, 245.992, 0.88, 1, 0.01, 0.00, 0.00, 0.00, 0.05, 0.89, 0.00, 0.73, 0.62, 1.18, 0.00, 0.37, 0.49, 0.32, 0.64, 0.71, 0.04, 0.00, 0.00, 0.00, 1.00, 0.00, 0.00, 0.00, 0.00, 0.00, 1.00, 1.00, 0.00, 0.00, 1.00, 0.00, 0.00, 0.00, 1.00
6526, 0, 246.029, 0.93, 1, 0.14, 0.00, 0.00, 0.00, 0.02, 0.56, 0.00, 0.86, 0.41, 0.85, 0.00, 0.29, 0.37, 0.23, 0.37, 0.52, 0.06, 0.00, 0.00, 0.00, 1.00, 0.00, 0.00, 0.00, 0.00, 0.00, 1.00, 1.00, 0.00, 0.00, 1.00, 0.00, 0.00, 0.00, 1.00
6527, 0, 246.067, 0.93, 1, 0.30, 0.00, 0.00, 0.00, 0.00, 0.16, 0.00, 1.01, 0.18, 0.57, 0.00, 0.31, 0.19, 0.16, 0.00, 0.45, 0.05, 0.00, 0.00, 0.00, 1.00, 0.00, 0.00, 0.00, 0.00, 0.00, 1.00, 1.00, 0.00, 0.00, 1.00, 0.00, 0.00, 0.00, 1.00
6528, 0, 246.105, 0.93, 1, 0.39, 0.00, 0.00, 0.00, 0.00, 0.06, 0.00, 0.99, 0.25, 0.36, 0.00, 0.38, 0.00, 0.09, 0.00, 0.56, 0.07, 0.00, 0.00, 0.00, 1.00, 0.00, 0.00, 0.00, 0.00, 0.00, 0.00, 1.00, 0.00, 0.00, 1.00, 0.00, 0.00, 0.00, 1.00
6529, 0, 246.142, 0.93, 1, 0.48, 0.00, 0.00, 0.00, 0.00, 0.03, 0.00, 0.91, 0.39, 0.26, 0.00, 0.53, 0.00, 0.07, 0.00, 0.67, 0.07, 0.00, 0.00, 0.00, 1.00, 0.00, 0.00, 0.00, 0.00, 0.00, 0.00, 1.00, 0.00, 0.00, 1.00, 0.00, 0.00, 0.00, 1.00
6530, 0, 246.180, 0.93, 1, 0.42, 0.00, 0.00, 0.00, 0.00, 0.26, 0.00, 0.88, 0.52, 0.25, 0.00, 0.52, 0.16, 0.03, 0.15, 0.81, 0.06, 0.00, 0.00, 0.00, 1.00, 0.00, 0.00, 0.00, 0.00, 0.00, 0.00, 1.00, 0.00, 0.00, 1.00, 0.00, 0.00, 0.00, 1.00
6531, 0, 246.218, 0.93, 1, 0.50, 0.01, 0.00, 0.00, 0.00, 0.40, 0.00, 0.90, 0.57, 0.19, 0.00, 0.45, 0.25, 0.04, 0.43, 0.94, 0.03, 0.00, 0.00, 0.00, 1.00, 0.00, 0.00, 0.00, 0.00, 0.00, 0.00, 1.00, 0.00, 0.00, 1.00, 0.00, 0.00, 0.00, 1.00
6532, 0, 246.255, 0.93, 1, 0.47, 0.01, 0.00, 0.00, 0.00, 0.55, 0.00, 1.03, 0.57, 0.19, 0.00, 0.53, 0.25, 0.07, 0.82, 1.08, 0.00, 0.00, 0.00, 0.00, 1.00, 0.00, 0.00, 0.00, 0.00, 0.00, 0.00, 1.00, 0.00, 0.00, 1.00, 0.00, 0.00, 0.00, 1.00
6533, 0, 246.293, 0.93, 1, 0.50, 0.01, 0.00, 0.00, 0.00, 0.29, 0.00, 1.16, 0.62, 0.05, 0.00, 0.84, 0.22, 0.13, 1.17, 1.29, 0.00, 0.00, 0.00, 0.00, 1.00, 0.00, 0.00, 0.00, 0.00, 1.00, 0.00, 1.00, 0.00, 0.00, 1.00, 0.00, 0.00, 0.00, 1.00
6534, 0, 246.331, 0.93, 1, 0.45, 0.00, 0.00, 0.00, 0.00, 0.16, 0.00, 1.29, 0.70, 0.01, 0.00, 0.93, 0.27, 0.21, 1.53, 1.27, 0.00, 0.00, 0.00, 0.00, 1.00, 0.00, 0.00, 0.00, 0.00, 1.00, 0.00, 0.00, 0.00, 0.00, 1.00, 0.00, 0.00, 0.00, 1.00
6535, 0, 246.369, 0.93, 1, 0.27, 0.00, 0.00, 0.00, 0.00, 0.00, 0.00, 1.08, 0.96, 0.15, 0.00, 0.68, 0.27, 0.21, 1.76, 1.43, 0.00, 0.00, 0.00, 0.00, 1.00, 0.00, 0.00, 0.00, 0.00, 1.00, 0.00, 1.00, 0.00, 0.00, 1.00, 1.00, 0.00, 0.00, 1.00
6536, 0, 246.406, 0.88, 1, 0.13, 0.00, 0.00, 0.00, 0.00, 0.00, 0.00, 0.86, 1.12, 0.37, 0.00, 0.30, 0.15, 0.17, 1.80, 1.40, 0.00, 0.00, 0.00, 0.00, 1.00, 0.00, 0.00, 0.00, 0.00, 1.00, 0.00, 1.00, 0.00, 0.00, 1.00, 1.00, 0.00, 0.00, 1.00
6537, 0, 246.444, 0.88, 1, 0.00, 0.00, 0.00, 0.00, 0.00, 0.00, 0.00, 0.85, 1.27, 0.53, 0.24, 0.10, 0.00, 0.13, 1.56, 1.48, 0.00, 0.00, 0.00, 0.00, 1.00, 0.00, 0.00, 0.00, 0.00, 1.00, 0.00, 0.00, 0.00, 0.00, 1.00, 1.00, 0.00, 0.00, 1.00
6538, 0, 246.482, 0.88, 1, 0.00, 0.05, 0.00, 0.00, 0.00, 0.00, 0.00, 1.10, 1.15, 0.64, 0.24, 0.10, 0.00, 0.14, 1.42, 1.31, 0.00, 0.00, 0.00, 0.00, 1.00, 0.00, 0.00, 0.00, 1.00, 1.00, 0.00, 0.00, 0.00, 0.00, 1.00, 1.00, 0.00, 0.00, 1.00
6539, 0, 246.519, 0.93, 1, 0.00, 0.11, 0.00, 0.00, 0.00, 0.00, 0.00, 1.45, 1.11, 0.71, 0.24, 0.10, 0.00, 0.12, 1.30, 1.03, 0.00, 0.00, 0.00, 0.00, 1.00, 0.00, 0.00, 0.00, 1.00, 1.00, 0.00, 0.00, 0.00, 0.00, 1.00, 1.00, 0.00, 0.00, 1.00
6540, 0, 246.557, 0.88, 1, 0.00, 0.11, 0.00, 0.00, 0.13, 0.43, 0.00, 1.51, 1.13, 0.55, 0.23, 0.36, 0.00, 0.09, 1.14, 1.22, 0.00, 0.00, 0.00, 0.00, 1.00, 0.00, 0.00, 0.00, 1.00, 1.00, 0.00, 1.00, 0.00, 0.00, 1.00, 1.00, 0.00, 0.00, 0.00
6541, 0, 246.595, 0.98, 1, 0.00, 0.16, 0.00, 0.00, 0.25, 0.79, 0.00, 1.51, 1.18, 0.38, 0.23, 0.56, 0.00, 0.10, 0.92, 1.41, 0.00, 0.00, 0.00, 0.00, 1.00, 0.00, 0.00, 0.00, 1.00, 1.00, 0.00, 1.00, 0.00, 0.00, 1.00, 1.00, 0.00, 0.00, 0.00
6542, 0, 246.633, 0.98, 1, 0.00, 0.26, 0.00, 0.00, 0.35, 1.00, 0.00, 1.26, 1.18, 0.14, 0.23, 0.76, 0.00, 0.18, 0.76, 1.33, 0.00, 0.00, 0.00, 0.00, 1.00, 0.00, 0.00, 0.00, 1.00, 1.00, 0.00, 1.00, 0.00, 0.00, 1.00, 1.00, 0.00, 0.00, 0.00
6543, 0, 246.670, 0.98, 1, 0.00, 0.33, 0.00, 0.00, 0.41, 0.80, 0.00, 1.20, 1.07, 0.32, 0.00, 0.58, 0.10, 0.14, 0.92, 1.01, 0.00, 0.00, 0.00, 0.00, 1.00, 0.00, 0.00, 0.00, 1.00, 1.00, 0.00, 1.00, 0.00, 0.00, 1.00, 1.00, 0.00, 0.00, 0.00
6544, 0, 246.708, 0.98, 1, 0.00, 0.28, 0.00, 0.00, 0.47, 0.57, 0.00, 1.15, 1.02, 0.37, 0.02, 0.44, 0.15, 0.08, 1.07, 0.73, 0.00, 0.00, 0.00, 0.00, 1.00, 0.00, 0.00, 0.00, 1.00, 1.00, 0.00, 1.00, 0.00, 0.00, 1.00, 1.00, 0.00, 0.00, 0.00
6545, 0, 246.746, 0.98, 1, 0.00, 0.23, 0.00, 0.00, 0.39, 0.36, 0.00, 1.13, 0.95, 0.38, 0.02, 0.44, 0.23, 0.06, 1.27, 0.85, 0.00, 0.00, 0.00, 0.00, 1.00, 0.00, 0.00, 0.00, 1.00, 1.00, 0.00, 1.00, 0.00, 0.00, 1.00, 1.00, 0.00, 0.00, 0.00
6546, 0, 246.783, 0.98, 1, 0.00, 0.16, 0.00, 0.00, 0.20, 0.12, 0.00, 0.97, 0.86, 0.20, 0.02, 0.45, 0.14, 0.11, 1.18, 0.90, 0.00, 0.00, 0.00, 0.00, 1.00, 0.00, 0.00, 0.00, 0.00, 1.00, 0.00, 1.00, 0.00, 0.00, 1.00, 0.00, 0.00, 0.00, 0.00
6547, 0, 246.821, 0.98, 1, 0.00, 0.10, 0.00, 0.00, 0.02, 0.00, 0.00, 0.89, 0.71, 0.07, 0.00, 0.41, 0.27, 0.11, 1.09, 1.04, 0.00, 0.00, 0.00, 0.00, 1.00, 0.00, 0.00, 0.00, 0.00, 0.00, 0.00, 1.00, 0.00, 0.00, 1.00, 0.00, 0.00, 0.00, 0.00
6548, 0, 246.859, 0.98, 1, 0.00, 0.00, 0.00, 0.00, 0.00, 0.00, 0.00, 0.99, 0.57, 0.03, 0.00, 0.41, 0.30, 0.10, 0.82, 1.11, 0.00, 0.00, 0.00, 0.00, 1.00, 0.00, 0.00, 0.00, 0.00, 0.00, 0.00, 1.00, 0.00, 0.00, 1.00, 0.00, 0.00, 0.00, 0.00
6549, 0, 246.896, 0.98, 1, 0.00, 0.00, 0.00, 0.00, 0.00, 0.00, 0.00, 1.19, 0.47, 0.19, 0.00, 0.39, 0.43, 0.07, 0.68, 0.98, 0.00, 0.00, 0.00, 0.00, 1.00, 0.00, 0.00, 0.00, 0.00, 0.00, 0.00, 1.00, 0.00, 0.00, 1.00, 0.00, 0.00, 0.00, 0.00
6550, 0, 246.934, 0.98, 1, 0.00, 0.00, 0.00, 0.00, 0.00, 0.00, 0.00, 1.03, 0.39, 0.46, 0.02, 0.29, 0.25, 0.12, 0.46, 0.81, 0.00, 0.00, 0.00, 0.00, 1.00, 0.00, 0.00, 0.00, 0.00, 0.00, 0.00, 1.00, 0.00, 0.00, 1.00, 0.00, 0.00, 0.00, 0.00
6551, 0, 246.972, 0.98, 1, 0.00, 0.00, 0.00, 0.00, 0.00, 0.00, 0.00, 0.96, 0.31, 0.78, 0.10, 0.28, 0.18, 0.12, 0.35, 0.58, 0.00, 0.00, 0.00, 0.00, 1.00, 0.00, 0.00, 0.00, 0.00, 0.00, 0.00, 1.00, 0.00, 0.00, 1.00, 0.00, 0.00, 0.00, 0.00
6552, 0, 247.010, 0.98, 1, 0.00, 0.00, 0.00, 0.00, 0.00, 0.29, 0.00, 0.91, 0.28, 0.91, 0.10, 0.39, 0.16, 0.10, 0.18, 0.56, 0.00, 0.00, 0.00, 0.00, 1.00, 0.00, 0.00, 0.00, 0.00, 0.00, 0.00, 1.00, 0.00, 0.00, 1.00, 0.00, 0.00, 0.00, 0.00
6553, 0, 247.047, 0.98, 1, 0.02, 0.09, 0.00, 0.10, 0.00, 0.66, 0.02, 1.22, 0.19, 0.72, 0.09, 0.42, 0.16, 0.05, 0.07, 0.30, 0.00, 0.00, 0.00, 0.00, 1.00, 0.00, 0.00, 0.00, 0.00, 0.00, 0.00, 1.00, 0.00, 0.00, 1.00, 0.00, 0.00, 0.00, 0.00
6554, 0, 247.085, 0.98, 1, 0.08, 0.38, 0.00, 0.12, 0.00, 0.66, 0.07, 1.34, 0.20, 0.38, 0.01, 0.24, 0.17, 0.01, 0.07, 0.19, 0.00, 0.00, 0.00, 0.00, 1.00, 0.00, 0.00, 0.00, 0.00, 0.00, 1.00, 1.00, 0.00, 0.00, 1.00, 0.00, 0.00, 0.00, 0.00
6555, 0, 247.123, 0.98, 1, 0.08, 0.38, 0.00, 0.12, 0.03, 0.37, 0.17, 1.36, 0.32, 0.49, 0.01, 0.27, 0.05, 0.02, 0.20, 0.00, 0.00, 0.00, 0.00, 0.00, 1.00, 0.00, 0.00, 0.00, 0.00, 0.00, 1.00, 1.00, 0.00, 0.00, 1.00, 0.00, 0.00, 0.00, 0.00
6556, 0, 247.160, 0.98, 1, 0.06, 0.29, 0.00, 0.02, 0.05, 0.00, 0.26, 1.36, 0.52, 0.77, 0.00, 0.43, 0.05, 0.02, 0.31, 0.00, 0.00, 0.00, 0.00, 0.00, 1.00, 0.00, 0.00, 0.00, 0.00, 0.00, 1.00, 1.00, 0.00, 0.00, 1.00, 0.00, 0.00, 0.00, 0.00
6557, 0, 247.198, 0.98, 1, 0.00, 0.00, 0.00, 0.04, 0.05, 0.00, 0.32, 1.27, 0.63, 1.24, 0.00, 0.51, 0.00, 0.05, 0.40, 0.04, 0.00, 0.00, 0.00, 0.00, 1.00, 0.00, 0.00, 0.00, 0.00, 0.00, 1.00, 1.00, 0.00, 0.00, 0.00, 0.00, 0.00, 0.00, 0.00
6558, 0, 247.236, 0.98, 1, 0.00, 0.00, 0.00, 0.05, 0.02, 0.00, 0.25, 1.26, 0.57, 1.40, 0.00, 0.28, 0.03, 0.03, 0.60, 0.05, 0.00, 0.00, 0.00, 0.00, 1.00, 0.00, 0.00, 0.00, 0.00, 0.00, 1.00, 1.00, 0.00, 0.00, 1.00, 0.00, 0.00, 0.00, 0.00
6559, 0, 247.274, 0.98, 1, 0.00, 0.00, 0.00, 0.05, 0.00, 0.00, 0.18, 1.15, 0.46, 1.35, 0.00, 0.19, 0.09, 0.07, 0.70, 0.13, 0.00, 0.00, 0.00, 0.00, 1.00, 0.00, 0.00, 0.00, 0.00, 0.00, 1.00, 1.00, 0.00, 0.00, 1.00, 0.00, 0.00, 0.00, 0.00
6560, 0, 247.311, 0.98, 1, 0.05, 0.12, 0.00, 0.00, 0.06, 0.00, 0.06, 0.92, 0.43, 0.92, 0.00, 0.09, 0.09, 0.04, 0.85, 0.09, 0.00, 0.00, 0.00, 0.00, 1.00, 0.00, 0.00, 0.00, 0.00, 0.00, 1.00, 1.00, 0.00, 0.00, 0.00, 0.00, 0.00, 0.00, 0.00
6561, 0, 247.349, 0.98, 1, 0.08, 0.18, 0.00, 0.00, 0.10, 0.00, 0.03, 0.63, 0.49, 0.52, 0.00, 0.10, 0.06, 0.04, 0.91, 0.08, 0.00, 0.00, 0.00, 0.00, 1.00, 0.00, 0.00, 0.00, 0.00, 1.00, 0.00, 0.00, 0.00, 0.00, 0.00, 0.00, 0.00, 0.00, 0.00
6562, 0, 247.387, 0.98, 1, 0.08, 0.22, 0.00, 0.00, 0.12, 0.00, 0.00, 0.48, 0.59, 0.28, 0.00, 0.03, 0.00, 0.01, 1.17, 0.00, 0.00, 0.00, 0.00, 0.00, 1.00, 0.00, 0.00, 0.00, 0.00, 1.00, 0.00, 0.00, 0.00, 0.00, 0.00, 0.00, 0.00, 0.00, 0.00
6563, 0, 247.424, 0.98, 1, 0.03, 0.10, 0.00, 0.00, 0.08, 0.00, 0.00, 0.54, 0.64, 0.45, 0.00, 0.10, 0.00, 0.01, 1.13, 0.00, 0.00, 0.00, 0.00, 0.00, 1.00, 0.00, 0.00, 0.00, 0.00, 1.00, 0.00, 0.00, 0.00, 0.00, 0.00, 0.00, 0.00, 0.00, 0.00
6564, 0, 247.462, 0.98, 1, 0.01, 0.05, 0.00, 0.00, 0.09, 0.00, 0.00, 0.71, 0.59, 0.39, 0.00, 0.09, 0.00, 0.05, 1.07, 0.00, 0.00, 0.00, 0.00, 0.00, 1.00, 0.00, 0.00, 0.00, 0.00, 1.00, 0.00, 0.00, 0.00, 0.00, 1.00, 1.00, 0.00, 0.00, 0.00
6565, 0, 247.500, 0.98, 1, 0.01, 0.00, 0.00, 0.00, 0.08, 0.00, 0.00, 0.78, 0.64, 0.29, 0.00, 0.28, 0.00, 0.05, 1.18, 0.16, 0.00, 0.00, 0.00, 0.00, 1.00, 0.00, 0.00, 0.00, 0.00, 1.00, 0.00, 0.00, 0.00, 0.00, 1.00, 1.00, 0.00, 0.00, 0.00
6566, 0, 247.537, 0.98, 1, 0.01, 0.00, 0.00, 0.00, 0.06, 0.00, 0.00, 0.81, 0.67, 0.09, 0.20, 0.41, 0.00, 0.04, 1.50, 0.33, 0.00, 0.00, 0.00, 0.00, 1.00, 0.00, 0.00, 0.00, 0.00, 1.00, 0.00, 0.00, 0.00, 0.00, 1.00, 1.00, 0.00, 0.00, 0.00
6567, 0, 247.575, 0.98, 1, 0.00, 0.00, 0.00, 0.00, 0.06, 0.00, 0.00, 0.78, 0.77, 0.00, 0.47, 0.61, 0.00, 0.00, 1.63, 0.47, 0.00, 0.00, 0.00, 0.00, 1.00, 0.00, 0.00, 0.00, 0.00, 1.00, 0.00, 0.00, 0.00, 0.00, 1.00, 0.00, 0.00, 0.00, 0.00
6568, 0, 247.613, 0.98, 1, 0.00, 0.00, 0.00, 0.00, 0.04, 0.00, 0.00, 0.75, 0.75, 0.15, 0.53, 0.62, 0.00, 0.00, 1.37, 0.54, 0.00, 0.00, 0.00, 0.00, 1.00, 0.00, 0.00, 0.00, 0.00, 1.00, 0.00, 0.00, 0.00, 0.00, 1.00, 0.00, 0.00, 0.00, 0.00
6569, 0, 247.651, 0.98, 1, 0.01, 0.00, 0.00, 0.00, 0.04, 0.00, 0.00, 0.72, 0.78, 0.43, 0.33, 0.62, 0.00, 0.00, 1.01, 0.56, 0.00, 0.00, 0.00, 0.00, 1.00, 0.00, 0.00, 0.00, 0.00, 1.00, 0.00, 0.00, 0.00, 0.00, 1.00, 0.00, 0.00, 0.00, 0.00
6570, 0, 247.688, 0.98, 1, 0.15, 0.00, 0.00, 0.00, 0.00, 0.00, 0.03, 0.73, 0.62, 0.54, 0.07, 0.57, 0.00, 0.10, 0.64, 0.44, 0.00, 0.00, 0.00, 0.00, 1.00, 0.00, 0.00, 0.00, 0.00, 1.00, 0.00, 0.00, 0.00, 0.00, 1.00, 0.00, 0.00, 0.00, 0.00
6571, 0, 247.726, 0.98, 1, 0.22, 0.00, 0.00, 0.00, 0.00, 0.00, 0.07, 0.79, 0.52, 0.55, 0.00, 0.35, 0.00, 0.10, 0.51, 0.29, 0.00, 0.00, 0.00, 0.00, 1.00, 0.00, 0.00, 0.00, 0.00, 0.00, 0.00, 0.00, 0.00, 0.00, 1.00, 0.00, 0.00, 0.00, 0.00
6572, 0, 247.764, 0.98, 1, 0.22, 0.00, 0.00, 0.00, 0.00, 0.00, 0.07, 0.99, 0.40, 0.26, 0.00, 0.28, 0.00, 0.10, 0.60, 0.22, 0.00, 0.00, 0.00, 0.00, 1.00, 0.00, 0.00, 0.00, 0.00, 0.00, 0.00, 0.00, 0.00, 0.00, 1.00, 0.00, 0.00, 0.00, 0.00
6573, 0, 247.801, 0.98, 1, 0.11, 0.00, 0.00, 0.00, 0.00, 0.00, 0.07, 1.00, 0.39, 0.20, 0.00, 0.24, 0.00, 0.00, 0.73, 0.45, 0.00, 0.00, 0.00, 0.00, 1.00, 0.00, 0.00, 0.00, 0.00, 0.00, 0.00, 0.00, 0.00, 0.00, 1.00, 0.00, 0.00, 0.00, 0.00
6574, 0, 247.839, 0.98, 1, 0.06, 0.00, 0.00, 0.00, 0.00, 0.00, 0.09, 0.95, 0.38, 0.13, 0.00, 0.42, 0.00, 0.02, 0.63, 0.59, 0.03, 0.00, 0.00, 0.00, 1.00, 0.00, 0.00, 0.00, 0.00, 0.00, 0.00, 0.00, 0.00, 0.00, 1.00, 0.00, 0.00, 0.00, 0.00
6575, 0, 247.877, 0.88, 1, 0.31, 0.00, 0.00, 0.00, 0.00, 0.00, 0.09, 0.67, 0.23, 0.13, 0.16, 0.35, 0.00, 0.08, 0.33, 0.46, 0.03, 0.00, 0.00, 0.00, 1.00, 0.00, 0.00, 0.00, 0.00, 0.00, 0.00, 0.00, 0.00, 0.00, 1.00, 0.00, 0.00, 0.00, 0.00
6576, 0, 247.915, 0.88, 1, 0.44, 0.00, 0.00, 0.00, 0.00, 0.00, 0.11, 0.60, 0.13, 0.09, 0.42, 0.25, 0.00, 0.08, 0.14, 0.22, 0.03, 0.00, 0.00, 0.00, 1.00, 0.00, 0.00, 0.00, 0.00, 0.00, 0.00, 0.00, 0.00, 0.00, 1.00, 0.00, 0.00, 0.00, 0.00
6577, 0, 247.952, 0.88, 1, 0.56, 0.00, 0.00, 0.00, 0.00, 0.00, 0.06, 0.55, 0.01, 0.00, 0.64, 0.07, 0.00, 0.06, 0.20, 0.00, 0.22, 0.00, 0.00, 0.00, 1.00, 0.00, 0.00, 0.00, 0.00, 0.00, 0.00, 0.00, 0.00, 0.00, 1.00, 0.00, 0.00, 0.00, 0.00
6578, 0, 247.990, 0.88, 1, 0.42, 0.07, 0.00, 0.00, 0.00, 0.00, 0.15, 0.54, 0.00, 0.00, 0.48, 0.09, 0.00, 0.00, 0.18, 0.00, 0.45, 0.00, 0.00, 0.00, 1.00, 0.00, 0.00, 0.00, 0.00, 0.00, 0.00, 0.00, 0.00, 0.00, 1.00, 0.00, 0.00, 0.00, 0.00
6579, 0, 248.028, 0.88, 1, 0.41, 0.11, 0.00, 0.00, 0.00, 0.00, 0.18, 0.39, 0.00, 0.02, 0.22, 0.17, 0.00, 0.00, 0.15, 0.00, 0.67, 0.00, 0.00, 0.00, 1.00, 0.00, 0.00, 0.00, 0.00, 0.00, 0.00, 0.00, 0.00, 0.00, 1.00, 0.00, 0.00, 0.00, 0.00
6580, 0, 248.065, 0.88, 1, 0.38, 0.11, 0.00, 0.00, 0.00, 0.00, 0.29, 0.31, 0.05, 0.02, 0.00, 0.17, 0.00, 0.00, 0.24, 0.00, 0.52, 0.00, 0.00, 0.00, 1.00, 0.00, 0.00, 0.00, 0.00, 0.00, 0.00, 0.00, 0.00, 0.00, 1.00, 0.00, 0.00, 0.00, 0.00
6581, 0, 248.103, 0.88, 1, 0.32, 0.04, 0.00, 0.00, 0.00, 0.00, 0.36, 0.31, 0.15, 0.28, 0.00, 0.08, 0.00, 0.00, 0.41, 0.00, 0.37, 0.00, 0.00, 0.00, 1.00, 0.00, 0.00, 0.00, 0.00, 0.00, 0.00, 0.00, 0.00, 0.00, 1.00, 0.00, 0.00, 0.00, 0.00
6582, 0, 248.141, 0.88, 1, 0.21, 0.00, 0.00, 0.02, 0.00, 0.00, 0.45, 0.35, 0.23, 0.55, 0.00, 0.00, 0.00, 0.00, 0.55, 0.00, 0.17, 0.00, 0.00, 0.00, 1.00, 0.00, 0.00, 0.00, 0.00, 0.00, 1.00, 0.00, 0.00, 0.00, 1.00, 0.00, 0.00, 0.00, 0.00
6583, 0, 248.178, 0.93, 1, 0.17, 0.00, 0.00, 0.06, 0.00, 0.00, 0.41, 0.45, 0.27, 0.89, 0.00, 0.00, 0.00, 0.00, 0.37, 0.01, 0.11, 0.00, 0.00, 0.00, 1.00, 0.00, 0.00, 0.00, 0.00, 0.00, 1.00, 0.00, 0.00, 0.00, 1.00, 0.00, 0.00, 0.00, 0.00
6584, 0, 248.216, 0.93, 1, 0.19, 0.04, 0.00, 0.06, 0.00, 0.00, 0.30, 0.58, 0.26, 0.96, 0.00, 0.06, 0.00, 0.02, 0.22, 0.11, 0.10, 0.00, 0.00, 0.00, 1.00, 0.00, 0.00, 0.00, 0.00, 0.00, 1.00, 0.00, 0.00, 0.00, 1.00, 0.00, 0.00, 0.00, 0.00
6585, 0, 248.254, 0.98, 1, 0.18, 0.04, 0.00, 0.04, 0.00, 0.00, 0.14, 0.91, 0.25, 0.73, 0.35, 0.12, 0.00, 0.01, 0.63, 0.11, 0.12, 0.00, 0.00, 0.00, 1.00, 0.00, 0.00, 0.00, 0.00, 0.00, 1.00, 0.00, 0.00, 0.00, 1.00, 0.00, 0.00, 0.00, 0.00
6586, 0, 248.292, 0.98, 1, 0.11, 0.04, 0.00, 0.00, 0.00, 0.00, 0.05, 0.95, 0.21, 0.58, 0.35, 0.12, 0.00, 0.01, 0.67, 0.11, 0.25, 0.00, 0.00, 0.00, 1.00, 0.00, 0.00, 0.00, 0.00, 0.00, 1.00, 1.00, 0.00, 0.00, 1.00, 0.00, 0.00, 0.00, 0.00
6587, 0, 248.329, 0.98, 1, 0.09, 0.00, 0.00, 0.04, 0.00, 0.00, 0.01, 1.00, 0.17, 0.39, 0.35, 0.06, 0.00, 0.00, 0.66, 0.04, 0.16, 0.00, 0.00, 0.00, 1.00, 0.00, 0.00, 0.00, 0.00, 0.00, 1.00, 1.00, 0.00, 0.00, 1.00, 0.00, 0.00, 0.00, 0.00
6588, 0, 248.367, 0.93, 1, 0.14, 0.00, 0.00, 0.04, 0.00, 0.00, 0.05, 0.81, 0.18, 0.61, 0.00, 0.00, 0.00, 0.00, 0.20, 0.04, 0.12, 0.00, 0.00, 0.00, 1.00, 0.00, 0.00, 0.00, 0.00, 0.00, 1.00, 1.00, 0.00, 0.00, 1.00, 0.00, 0.00, 0.00, 0.00
6589, 0, 248.405, 0.98, 1, 0.16, 0.00, 0.00, 0.04, 0.00, 0.00, 0.13, 0.72, 0.23, 0.72, 0.00, 0.00, 0.00, 0.00, 0.22, 0.03, 0.00, 0.00, 0.00, 0.00, 1.00, 0.00, 0.00, 0.00, 0.00, 0.00, 1.00, 1.00, 0.00, 0.00, 1.00, 0.00, 0.00, 0.00, 0.00
6590, 0, 248.442, 0.98, 1, 0.09, 0.00, 0.00, 0.00, 0.00, 0.00, 0.12, 0.83, 0.33, 0.92, 0.00, 0.32, 0.00, 0.02, 0.33, 0.20, 0.00, 0.00, 0.00, 0.00, 1.00, 0.00, 0.00, 0.00, 0.00, 0.00, 1.00, 1.00, 0.00, 0.00, 1.00, 0.00, 0.00, 0.00, 0.00
6591, 0, 248.480, 0.98, 1, 0.02, 0.00, 0.00, 0.00, 0.00, 0.00, 0.08, 1.01, 0.41, 0.98, 0.00, 0.63, 0.00, 0.05, 0.35, 0.41, 0.03, 0.00, 0.00, 0.00, 1.00, 0.00, 0.00, 0.00, 0.00, 0.00, 1.00, 1.00, 0.00, 0.00, 1.00, 0.00, 0.00, 0.00, 0.00
6592, 0, 248.518, 0.98, 1, 0.00, 0.00, 0.00, 0.00, 0.00, 0.00, 0.00, 1.16, 0.57, 1.02, 0.04, 0.83, 0.00, 0.05, 0.59, 0.59, 0.08, 0.00, 0.00, 0.00, 1.00, 0.00, 0.00, 0.00, 0.00, 0.00, 1.00, 1.00, 0.00, 0.00, 1.00, 0.00, 0.00, 0.00, 0.00
6593, 0, 248.556, 0.98, 1, 0.00, 0.00, 0.00, 0.00, 0.00, 0.00, 0.00, 1.24, 0.65, 0.92, 0.10, 0.64, 0.00, 0.03, 0.75, 0.39, 0.16, 0.00, 0.00, 0.00, 1.00, 0.00, 0.00, 0.00, 0.00, 0.00, 1.00, 1.00, 0.00, 0.00, 1.00, 0.00, 0.00, 0.00, 0.00
6594, 0, 248.593, 0.98, 1, 0.00, 0.00, 0.00, 0.00, 0.00, 0.00, 0.00, 1.32, 0.67, 0.84, 0.10, 0.44, 0.00, 0.00, 0.97, 0.21, 0.15, 0.00, 0.00, 0.00, 1.00, 0.00, 0.00, 0.00, 0.00, 0.00, 1.00, 1.00, 0.00, 0.00, 1.00, 0.00, 0.00, 0.00, 0.00
6595, 0, 248.631, 0.98, 1, 0.01, 0.00, 0.01, 0.05, 0.00, 0.00, 0.00, 1.21, 0.50, 0.61, 0.06, 0.43, 0.00, 0.00, 0.99, 0.03, 0.19, 0.00, 0.00, 0.00, 1.00, 0.00, 0.00, 0.00, 0.00, 0.00, 1.00, 0.00, 0.00, 0.00, 1.00, 0.00, 0.00, 0.00, 0.00
6596, 0, 248.669, 0.98, 1, 0.01, 0.00, 0.01, 0.05, 0.00, 0.00, 0.00, 0.75, 0.37, 0.64, 0.22, 0.53, 0.00, 0.00, 0.93, 0.18, 0.11, 0.00, 0.00, 0.00, 1.00, 0.00, 0.00, 0.00, 0.00, 0.00, 1.00, 0.00, 0.00, 0.00, 1.00, 0.00, 0.00, 0.00, 0.00
6597, 0, 248.706, 0.98, 1, 0.01, 0.00, 0.01, 0.05, 0.00, 0.00, 0.00, 0.31, 0.32, 0.63, 0.45, 0.64, 0.00, 0.00, 0.79, 0.26, 0.10, 0.00, 0.00, 0.00, 1.00, 0.00, 0.00, 0.00, 0.00, 0.00, 1.00, 0.00, 0.00, 0.00, 1.00, 0.00, 0.00, 0.00, 0.00
6598, 0, 248.744, 0.98, 1, 0.00, 0.00, 0.00, 0.09, 0.00, 0.05, 0.00, 0.09, 0.31, 0.65, 0.45, 0.46, 0.00, 0.00, 0.41, 0.40, 0.01, 0.00, 0.00, 0.00, 1.00, 0.00, 0.00, 0.00, 0.00, 0.00, 0.00, 0.00, 0.00, 0.00, 1.00, 0.00, 0.00, 0.00, 0.00
6599, 0, 248.782, 0.98, 1, 0.00, 0.00, 0.00, 0.23, 0.00, 0.09, 0.00, 0.06, 0.20, 0.39, 0.23, 0.23, 0.00, 0.03, 0.19, 0.36, 0.00, 0.00, 0.00, 0.00, 1.00, 0.00, 0.00, 0.00, 0.00, 0.00, 0.00, 0.00, 0.00, 0.00, 1.00, 0.00, 0.00, 0.00, 0.00
6600, 0, 248.819, 0.98, 1, 0.00, 0.00, 0.00, 0.23, 0.08, 0.09, 0.09, 0.50, 0.21, 0.31, 0.00, 0.10, 0.01, 0.09, 0.14, 0.25, 0.05, 0.00, 0.00, 0.00, 1.00, 0.00, 0.00, 0.00, 0.00, 0.00, 0.00, 0.00, 0.00, 0.00, 1.00, 0.00, 0.00, 0.00, 0.00
6601, 0, 248.857, 0.98, 1, 0.00, 0.00, 0.00, 0.14, 0.08, 0.03, 0.13, 0.96, 0.29, 0.48, 0.00, 0.28, 0.04, 0.21, 0.17, 0.24, 0.05, 0.00, 0.00, 0.00, 1.00, 0.00, 0.00, 0.00, 0.00, 0.00, 0.00, 1.00, 0.00, 0.00, 1.00, 0.00, 0.00, 0.00, 0.00
6602, 0, 248.895, 0.98, 1, 0.00, 0.00, 0.00, 0.00, 0.08, 0.00, 0.20, 1.40, 0.34, 0.64, 0.00, 0.40, 0.08, 0.29, 0.26, 0.36, 0.05, 0.00, 0.00, 0.00, 1.00, 0.00, 0.00, 0.00, 1.00, 0.00, 0.00, 1.00, 0.00, 0.00, 1.00, 0.00, 0.00, 0.00, 0.00
6603, 0, 248.933, 0.98, 1, 0.00, 0.00, 0.00, 0.00, 0.00, 0.00, 0.14, 1.32, 0.27, 0.60, 0.00, 0.36, 0.07, 0.23, 0.25, 0.54, 0.00, 0.00, 0.00, 0.00, 1.00, 0.00, 0.00, 0.00, 1.00, 0.00, 0.00, 1.00, 0.00, 0.00, 1.00, 0.00, 0.00, 0.00, 0.00
6604, 0, 248.970, 0.98, 1, 0.00, 0.00, 0.01, 0.00, 0.00, 0.00, 0.11, 1.22, 0.21, 0.43, 0.00, 0.30, 0.04, 0.11, 0.53, 0.65, 0.00, 0.00, 0.00, 0.00, 1.00, 0.00, 0.00, 0.00, 1.00, 0.00, 0.00, 1.00, 0.00, 0.00, 1.00, 0.00, 0.00, 0.00, 0.00
6605, 0, 249.008, 0.98, 1, 0.00, 0.00, 0.01, 0.00, 0.04, 0.00, 0.03, 1.35, 0.33, 0.41, 0.02, 0.44, 0.00, 0.00, 1.05, 0.96, 0.00, 0.00, 0.00, 0.00, 1.00, 0.00, 0.00, 0.00, 1.00, 0.00, 0.00, 1.00, 0.00, 0.00, 1.00, 0.00, 0.00, 0.00, 0.00
6606, 0, 249.046, 0.98, 1, 0.00, 0.00, 0.01, 0.00, 0.04, 0.00, 0.08, 1.40, 0.42, 0.63, 0.02, 0.72, 0.00, 0.00, 1.34, 1.26, 0.00, 0.00, 0.00, 0.00, 1.00, 0.00, 0.00, 0.00, 1.00, 0.00, 0.00, 1.00, 0.00, 0.00, 1.00, 0.00, 0.00, 0.00, 0.00
6607, 0, 249.083, 0.98, 1, 0.00, 0.00, 0.00, 0.00, 0.04, 0.00, 0.12, 1.38, 0.47, 0.83, 0.02, 0.81, 0.00, 0.07, 1.35, 1.44, 0.04, 0.00, 0.00, 0.00, 1.00, 0.00, 0.00, 0.00, 1.00, 0.00, 0.00, 1.00, 0.00, 0.00, 1.00, 1.00, 0.00, 0.00, 1.00
6608, 0, 249.121, 0.88, 1, 0.00, 0.00, 0.00, 0.00, 0.00, 0.00, 0.12, 1.07, 0.48, 0.99, 0.00, 0.81, 0.00, 0.12, 1.12, 1.34, 0.43, 0.00, 0.00, 0.00, 1.00, 0.00, 0.00, 0.00, 1.00, 0.00, 1.00, 1.00, 1.00, 0.00, 1.00, 1.00, 0.00, 0.00, 1.00
6609, 0, 249.159, 0.88, 1, 0.00, 0.00, 0.00, 0.00, 0.00, 0.00, 0.04, 0.91, 0.48, 0.83, 0.00, 0.68, 0.00, 0.17, 1.12, 1.30, 0.75, 0.00, 0.00, 0.00, 1.00, 0.00, 0.00, 0.00, 1.00, 0.00, 1.00, 0.00, 1.00, 0.00, 1.00, 1.00, 0.00, 0.00, 1.00
6610, 0, 249.197, 0.88, 1, 0.10, 0.00, 0.00, 0.00, 0.00, 0.00, 0.00, 0.82, 0.49, 0.90, 0.00, 0.68, 0.00, 0.13, 1.26, 1.35, 0.72, 0.00, 0.00, 0.00, 1.00, 0.00, 0.00, 0.00, 0.00, 0.00, 1.00, 0.00, 1.00, 0.00, 1.00, 1.00, 0.00, 0.00, 1.00
6611, 0, 249.234, 0.88, 1, 0.19, 0.00, 0.00, 0.00, 0.00, 0.00, 0.00, 0.81, 0.49, 0.70, 0.00, 0.53, 0.00, 0.09, 1.18, 1.40, 0.33, 0.00, 0.00, 0.00, 1.00, 0.00, 0.00, 0.00, 0.00, 0.00, 1.00, 0.00, 1.00, 0.00, 1.00, 1.00, 0.00, 0.00, 0.00
6612, 0, 249.272, 0.88, 1, 0.34, 0.00, 0.00, 0.00, 0.00, 0.00, 0.00, 0.78, 0.48, 0.75, 0.00, 0.38, 0.00, 0.09, 1.08, 1.39, 0.15, 0.00, 0.00, 0.00, 1.00, 0.00, 0.00, 0.00, 0.00, 0.00, 1.00, 0.00, 1.00, 0.00, 1.00, 1.00, 0.00, 0.00, 0.00
6613, 0, 249.310, 0.93, 1, 0.29, 0.00, 0.00, 0.00, 0.00, 0.00, 0.00, 0.66, 0.45, 0.65, 0.00, 0.21, 0.00, 0.05, 0.94, 1.40, 0.35, 0.00, 0.00, 0.00, 1.00, 0.00, 0.00, 0.00, 0.00, 0.00, 1.00, 0.00, 1.00, 0.00, 1.00, 0.00, 0.00, 0.00, 0.00
6614, 0, 249.347, 0.93, 1, 0.30, 0.00, 0.00, 0.00, 0.00, 0.00, 0.00, 0.54, 0.35, 0.79, 0.03, 0.18, 0.00, 0.05, 0.88, 1.16, 0.56, 0.00, 0.00, 0.00, 1.00, 0.00, 0.00, 0.00, 0.00, 0.00, 1.00, 0.00, 1.00, 0.00, 1.00, 0.00, 0.00, 0.00, 0.00
6615, 0, 249.385, 0.93, 1, 0.30, 0.12, 0.00, 0.00, 0.00, 0.00, 0.00, 0.56, 0.36, 0.73, 0.03, 0.10, 0.00, 0.00, 0.79, 0.73, 0.55, 0.00, 0.00, 0.00, 1.00, 0.00, 0.00, 0.00, 0.00, 0.00, 1.00, 0.00, 1.00, 0.00, 1.00, 0.00, 0.00, 0.00, 0.00
6616, 0, 249.423, 0.98, 1, 0.33, 0.12, 0.00, 0.00, 0.00, 0.00, 0.00, 0.80, 0.47, 0.74, 0.03, 0.07, 0.00, 0.00, 0.67, 0.46, 0.39, 0.00, 0.00, 0.00, 1.00, 0.00, 0.00, 0.00, 0.00, 0.00, 1.00, 0.00, 0.00, 0.00, 1.00, 0.00, 0.00, 0.00, 0.00
6617, 0, 249.460, 0.98, 1, 0.24, 0.12, 0.00, 0.00, 0.00, 0.00, 0.00, 0.95, 0.65, 0.77, 0.00, 0.00, 0.00, 0.00, 0.53, 0.30, 0.25, 0.00, 0.00, 0.00, 1.00, 0.00, 0.00, 0.00, 0.00, 0.00, 1.00, 0.00, 0.00, 0.00, 1.00, 0.00, 0.00, 0.00, 0.00
6618, 0, 249.498, 0.93, 1, 0.11, 0.00, 0.00, 0.00, 0.00, 0.00, 0.00, 1.02, 0.68, 0.76, 0.00, 0.00, 0.00, 0.00, 0.46, 0.40, 0.17, 0.00, 0.00, 0.00, 1.00, 0.00, 0.00, 0.00, 0.00, 0.00, 1.00, 0.00, 0.00, 0.00, 1.00, 0.00, 0.00, 0.00, 0.00
6619, 0, 249.536, 0.98, 1, 0.09, 0.00, 0.00, 0.00, 0.00, 0.00, 0.00, 1.22, 0.69, 0.54, 0.00, 0.00, 0.00, 0.00, 0.48, 0.33, 0.22, 0.00, 0.00, 0.00, 1.00, 0.00, 0.00, 0.00, 0.00, 0.00, 0.00, 0.00, 0.00, 0.00, 1.00, 0.00, 0.00, 0.00, 0.00
6620, 0, 249.574, 0.98, 1, 0.14, 0.00, 0.00, 0.00, 0.00, 0.00, 0.00, 1.32, 0.57, 0.28, 0.08, 0.18, 0.00, 0.00, 0.50, 0.23, 0.15, 0.00, 0.00, 0.00, 1.00, 0.00, 0.00, 0.00, 0.00, 0.00, 0.00, 1.00, 0.00, 0.00, 1.00, 0.00, 0.00, 0.00, 0.00
6621, 0, 249.611, 0.98, 1, 0.18, 0.00, 0.00, 0.00, 0.00, 0.00, 0.00, 1.32, 0.53, 0.09, 0.15, 0.39, 0.00, 0.00, 0.53, 0.14, 0.10, 0.00, 0.00, 0.00, 1.00, 0.00, 0.00, 0.00, 0.00, 0.00, 0.00, 1.00, 0.00, 0.00, 1.00, 0.00, 0.00, 0.00, 0.00
6622, 0, 249.649, 0.98, 1, 0.13, 0.00, 0.00, 0.00, 0.00, 0.00, 0.00, 1.06, 0.36, 0.10, 0.60, 0.44, 0.00, 0.00, 0.45, 0.02, 0.00, 0.00, 0.00, 0.00, 1.00, 0.00, 0.00, 0.00, 0.00, 0.00, 0.00, 1.00, 0.00, 0.00, 1.00, 0.00, 0.00, 0.00, 0.00
6623, 0, 249.687, 0.98, 1, 0.08, 0.00, 0.00, 0.00, 0.00, 0.00, 0.00, 0.90, 0.26, 0.27, 0.90, 0.26, 0.13, 0.00, 0.53, 0.17, 0.00, 0.00, 0.00, 0.00, 1.00, 0.00, 0.00, 0.00, 0.00, 0.00, 0.00, 1.00, 0.00, 0.00, 1.00, 0.00, 0.00, 0.00, 0.00
6624, 0, 249.724, 0.98, 1, 0.11, 0.00, 0.00, 0.00, 0.00, 0.00, 0.12, 0.75, 0.12, 0.40, 0.98, 0.05, 0.13, 0.00, 0.37, 0.26, 0.00, 0.00, 0.00, 0.00, 1.00, 0.00, 0.00, 0.00, 0.00, 0.00, 0.00, 1.00, 0.00, 0.00, 1.00, 0.00, 0.00, 0.00, 0.00
6625, 0, 249.762, 0.98, 1, 0.10, 0.00, 0.00, 0.00, 0.01, 0.00, 0.12, 0.93, 0.12, 0.30, 0.83, 0.33, 0.13, 0.00, 0.93, 0.67, 0.00, 0.00, 0.00, 0.00, 1.00, 0.00, 0.00, 0.00, 0.00, 0.00, 0.00, 1.00, 0.00, 0.00, 1.00, 0.00, 0.00, 0.00, 0.00
6626, 0, 249.800, 0.98, 1, 0.23, 0.01, 0.00, 0.00, 0.01, 0.00, 0.12, 1.05, 0.19, 0.13, 0.91, 0.45, 0.00, 0.00, 1.17, 0.75, 0.00, 0.00, 0.00, 0.00, 1.00, 0.00, 0.00, 0.00, 0.00, 0.00, 0.00, 0.00, 0.00, 0.00, 1.00, 0.00, 0.00, 0.00, 0.00
6627, 0, 249.838, 0.98, 1, 0.26, 0.12, 0.00, 0.00, 0.01, 0.00, 0.00, 1.17, 0.31, 0.00, 1.22, 0.54, 0.00, 0.00, 1.65, 0.93, 0.00, 0.00, 0.00, 0.00, 1.00, 0.00, 0.00, 0.00, 0.00, 0.00, 0.00, 0.00, 0.00, 0.00, 1.00, 1.00, 0.00, 0.00, 0.00
6628, 0, 249.875, 0.98, 1, 0.35, 0.12, 0.00, 0.08, 0.00, 0.00, 0.00, 1.12, 0.36, 0.04, 0.92, 0.34, 0.00, 0.00, 1.32, 0.80, 0.00, 0.00, 0.00, 0.00, 1.00, 0.00, 0.00, 0.00, 0.00, 0.00, 0.00, 0.00, 0.00, 0.00, 1.00, 1.00, 0.00, 0.00, 0.00
6629, 0, 249.913, 0.98, 1, 0.21, 0.11, 0.00, 0.11, 0.00, 0.00, 0.00, 1.33, 0.42, 0.04, 1.04, 0.25, 0.00, 0.00, 1.53, 0.81, 0.00, 0.00, 1.00, 0.00, 1.00, 0.00, 0.00, 0.00, 0.00, 0.00, 0.00, 0.00, 0.00, 0.00, 1.00, 1.00, 0.00, 0.00, 0.00
6630, 0, 249.951, 0.98, 1, 0.12, 0.12, 0.00, 0.16, 0.00, 0.00, 0.00, 1.28, 0.36, 0.09, 0.73, 0.28, 0.03, 0.07, 1.16, 0.67, 0.00, 0.00, 1.00, 0.00, 1.00, 0.00, 0.00, 0.00, 0.00, 0.00, 0.00, 0.00, 0.00, 0.00, 0.00, 1.00, 0.00, 0.00, 0.00
6631, 0, 249.988, 0.93, 1, 0.14, 0.35, 0.00, 0.13, 0.00, 0.00, 0.00, 1.11, 0.26, 0.13, 0.87, 0.16, 0.03, 0.10, 1.00, 0.50, 0.00, 0.00, 0.00, 0.00, 1.00, 0.00, 0.00, 0.00, 0.00, 0.00, 0.00, 0.00, 0.00, 0.00, 0.00, 1.00, 0.00, 0.00, 0.00
6632, 0, 250.026, 0.98, 1, 0.14, 0.49, 0.00, 0.10, 0.00, 0.00, 0.00, 0.82, 0.16, 0.13, 0.44, 0.12, 0.03, 0.10, 0.60, 0.46, 0.00, 0.00, 0.00, 0.00, 1.00, 0.00, 0.00, 0.00, 0.00, 0.00, 0.00, 0.00, 0.00, 0.00, 0.00, 1.00, 0.00, 0.00, 0.00
6633, 0, 250.064, 0.98, 1, 0.10, 0.40, 0.00, 0.05, 0.00, 0.00, 0.00, 0.70, 0.19, 0.09, 0.37, 0.00, 0.00, 0.02, 0.74, 0.48, 0.00, 0.00, 0.00, 0.00, 1.00, 0.00, 0.00, 0.00, 0.00, 0.00, 0.00, 0.00, 0.00, 0.00, 0.00, 1.00, 0.00, 0.00, 0.00
6634, 0, 250.101, 0.98, 1, 0.00, 0.18, 0.00, 0.13, 0.00, 0.00, 0.02, 0.85, 0.20, 0.21, 0.22, 0.00, 0.00, 0.00, 0.69, 0.54, 0.00, 0.00, 0.00, 0.00, 1.00, 0.00, 0.00, 0.00, 0.00, 0.00, 0.00, 0.00, 0.00, 0.00, 0.00, 1.00, 0.00, 0.00, 0.00
6635, 0, 250.139, 0.98, 1, 0.22, 0.03, 0.08, 0.25, 0.00, 0.00, 0.02, 1.06, 0.14, 0.40, 0.30, 0.00, 0.21, 0.00, 0.74, 0.44, 0.00, 0.00, 0.00, 0.00, 1.00, 0.00, 0.00, 0.00, 1.00, 0.00, 0.00, 0.00, 0.00, 0.00, 0.00, 1.00, 0.00, 0.00, 0.00
6636, 0, 250.177, 0.93, 1, 0.43, 0.01, 0.08, 0.32, 0.02, 0.00, 0.04, 1.35, 0.06, 0.59, 0.52, 0.07, 0.41, 0.00, 0.85, 0.62, 0.00, 0.00, 0.00, 0.00, 1.00, 0.00, 0.00, 0.00, 1.00, 0.00, 0.00, 0.00, 0.00, 0.00, 0.00, 1.00, 0.00, 0.00, 0.00
6637, 0, 250.215, 0.98, 1, 0.59, 0.02, 0.08, 0.31, 0.02, 0.00, 0.06, 1.51, 0.01, 0.52, 0.87, 0.07, 0.70, 0.00, 1.03, 0.79, 0.00, 0.00, 0.00, 0.00, 1.00, 0.00, 0.00, 0.00, 1.00, 0.00, 0.00, 0.00, 0.00, 0.00, 0.00, 1.00, 0.00, 0.00, 0.00
6638, 0, 250.252, 0.98, 1, 0.37, 0.02, 0.00, 0.19, 0.02, 0.00, 0.06, 1.51, 0.12, 0.65, 1.13, 0.17, 0.60, 0.00, 1.33, 1.10, 0.00, 0.00, 0.00, 0.00, 1.00, 0.00, 0.00, 0.00, 1.00, 0.00, 0.00, 0.00, 0.00, 0.00, 0.00, 1.00, 0.00, 0.00, 0.00
6639, 0, 250.290, 0.98, 1, 0.16, 0.00, 0.00, 0.12, 0.00, 0.00, 0.03, 1.58, 0.23, 0.81, 1.34, 0.17, 0.47, 0.00, 1.55, 1.17, 0.00, 0.00, 0.00, 0.00, 1.00, 0.00, 0.00, 0.00, 1.00, 1.00, 0.00, 0.00, 0.00, 0.00, 0.00, 1.00, 0.00, 0.00, 0.00
6640, 0, 250.328, 0.98, 1, 0.00, 0.03, 0.00, 0.00, 0.00, 0.00, 0.03, 1.35, 0.39, 0.91, 0.99, 0.17, 0.18, 0.00, 1.74, 0.94, 0.01, 0.00, 0.00, 0.00, 1.00, 0.00, 0.00, 0.00, 1.00, 1.00, 0.00, 0.00, 0.00, 0.00, 0.00, 1.00, 0.00, 0.00, 0.00
6641, 0, 250.365, 0.98, 1, 0.00, 0.08, 0.00, 0.03, 0.00, 0.00, 0.03, 1.40, 0.46, 0.97, 0.51, 0.07, 0.08, 0.00, 1.68, 0.62, 0.01, 0.00, 0.00, 0.00, 1.00, 0.00, 0.00, 0.00, 1.00, 1.00, 0.00, 0.00, 0.00, 0.00, 0.00, 1.00, 0.00, 0.00, 0.00
6642, 0, 250.403, 0.98, 1, 0.00, 0.10, 0.00, 0.15, 0.00, 0.00, 0.06, 1.36, 0.42, 0.82, 0.00, 0.00, 0.00, 0.00, 1.68, 0.31, 0.01, 0.00, 0.00, 0.00, 1.00, 0.00, 0.00, 0.00, 1.00, 1.00, 1.00, 0.00, 0.00, 0.00, 0.00, 1.00, 0.00, 0.00, 0.00
6643, 0, 250.441, 0.98, 1, 0.04, 0.22, 0.00, 0.24, 0.00, 0.00, 0.04, 1.51, 0.38, 1.05, 0.00, 0.03, 0.00, 0.00, 1.60, 0.34, 0.00, 0.00, 0.00, 0.00, 1.00, 0.00, 0.00, 0.00, 1.00, 0.00, 1.00, 0.00, 0.00, 0.00, 0.00, 1.00, 0.00, 0.00, 0.00
6644, 0, 250.479, 0.98, 1, 0.14, 0.47, 0.00, 0.21, 0.00, 0.09, 0.04, 1.47, 0.27, 1.09, 0.04, 0.09, 0.00, 0.00, 1.31, 0.24, 0.00, 0.00, 0.00, 0.00, 1.00, 0.00, 0.00, 0.00, 1.00, 0.00, 1.00, 0.00, 0.00, 0.00, 0.00, 1.00, 0.00, 0.00, 0.00
6645, 0, 250.516, 0.98, 1, 0.27, 0.59, 0.00, 0.09, 0.00, 0.09, 0.01, 1.17, 0.40, 0.95, 0.16, 0.09, 0.00, 0.00, 0.87, 0.23, 0.05, 0.00, 1.00, 0.00, 1.00, 0.00, 0.00, 0.00, 1.00, 0.00, 1.00, 1.00, 0.00, 0.00, 0.00, 1.00, 0.00, 0.00, 0.00
6646, 0, 250.554, 0.98, 1, 0.28, 0.51, 0.00, 0.00, 0.00, 0.09, 0.01, 0.90, 0.47, 0.75, 0.21, 0.06, 0.00, 0.00, 0.67, 0.14, 0.05, 0.00, 1.00, 0.00, 1.00, 0.00, 0.00, 0.00, 0.00, 0.00, 1.00, 1.00, 0.00, 0.00, 0.00, 1.00, 0.00, 0.00, 0.00
6647, 0, 250.592, 0.98, 1, 0.19, 0.30, 0.00, 0.00, 0.00, 0.00, 0.01, 0.71, 0.58, 0.51, 0.17, 0.00, 0.00, 0.00, 0.68, 0.22, 0.05, 0.00, 1.00, 0.00, 1.00, 0.00, 0.00, 0.00, 0.00, 0.00, 0.00, 1.00, 0.00, 0.00, 0.00, 1.00, 0.00, 0.00, 0.00
6648, 0, 250.629, 0.98, 1, 0.09, 0.20, 0.00, 0.13, 0.00, 0.00, 0.00, 0.81, 0.51, 0.58, 0.05, 0.00, 0.00, 0.00, 0.77, 0.23, 0.00, 0.00, 1.00, 0.00, 1.00, 0.00, 0.00, 0.00, 0.00, 0.00, 0.00, 1.00, 0.00, 0.00, 0.00, 1.00, 0.00, 0.00, 0.00
6649, 0, 250.667, 0.93, 1, 0.11, 0.21, 0.00, 0.25, 0.00, 0.00, 0.00, 0.91, 0.48, 0.37, 0.00, 0.03, 0.00, 0.00, 0.92, 0.17, 0.00, 0.00, 1.00, 0.00, 1.00, 0.00, 0.00, 0.00, 0.00, 0.00, 0.00, 0.00, 0.00, 0.00, 0.00, 1.00, 0.00, 0.00, 0.00
6650, 0, 250.705, 0.88, 1, 0.11, 0.13, 0.00, 0.25, 0.00, 0.00, 0.00, 0.81, 0.44, 0.31, 0.10, 0.19, 0.19, 0.00, 0.95, 0.25, 0.14, 0.00, 1.00, 0.00, 1.00, 0.00, 0.00, 0.00, 0.00, 0.00, 0.00, 0.00, 0.00, 0.00, 1.00, 1.00, 0.00, 0.00, 0.00
6651, 0, 250.742, 0.88, 1, 0.14, 0.11, 0.00, 0.11, 0.00, 0.00, 0.00, 0.81, 0.44, 0.24, 0.39, 0.27, 0.34, 0.00, 1.00, 0.22, 0.28, 0.00, 1.00, 0.00, 1.00, 0.00, 0.00, 0.00, 0.00, 0.00, 0.00, 0.00, 0.00, 0.00, 1.00, 1.00, 0.00, 0.00, 0.00
6652, 0, 250.780, 0.88, 1, 0.13, 0.16, 0.00, 0.00, 0.00, 0.00, 0.00, 0.85, 0.37, 0.30, 1.09, 0.24, 0.37, 0.00, 0.86, 0.26, 0.28, 0.00, 0.00, 0.00, 1.00, 0.00, 0.00, 0.00, 0.00, 0.00, 0.00, 0.00, 0.00, 0.00, 1.00, 1.00, 0.00, 0.00, 0.00
6653, 0, 250.818, 0.93, 1, 0.15, 0.37, 0.00, 0.01, 0.00, 0.00, 0.00, 1.09, 0.40, 0.57, 1.06, 0.08, 0.30, 0.00, 0.80, 0.15, 0.35, 0.00, 0.00, 0.00, 1.00, 0.00, 0.00, 0.00, 0.00, 0.00, 0.00, 0.00, 0.00, 0.00, 1.00, 1.00, 0.00, 0.00, 0.00
6654, 0, 250.856, 0.98, 1, 0.10, 0.44, 0.00, 0.04, 0.00, 0.00, 0.00, 1.14, 0.41, 0.89, 0.91, 0.00, 0.31, 0.00, 0.72, 0.19, 0.36, 0.00, 0.00, 0.00, 1.00, 0.00, 0.00, 0.00, 0.00, 0.00, 1.00, 0.00, 0.00, 0.00, 1.00, 1.00, 0.00, 0.00, 0.00
6655, 0, 250.893, 0.98, 1, 0.05, 0.30, 0.00, 0.04, 0.00, 0.00, 0.00, 1.30, 0.50, 0.92, 0.21, 0.19, 0.38, 0.00, 0.91, 0.64, 0.36, 0.00, 0.00, 0.00, 1.00, 0.00, 0.00, 0.00, 0.00, 0.00, 1.00, 0.00, 0.00, 0.00, 0.00, 1.00, 0.00, 0.00, 0.00
6656, 0, 250.931, 0.98, 1, 0.02, 0.09, 0.00, 0.02, 0.00, 0.00, 0.00, 1.32, 0.49, 0.95, 0.13, 0.29, 0.31, 0.00, 0.90, 0.89, 0.16, 0.00, 0.00, 0.00, 1.00, 0.00, 0.00, 0.00, 0.00, 0.00, 1.00, 0.00, 0.00, 0.00, 0.00, 1.00, 0.00, 0.00, 0.00
6657, 0, 250.969, 0.98, 1, 0.02, 0.00, 0.00, 0.00, 0.00, 0.00, 0.00, 1.50, 0.49, 0.94, 0.00, 0.43, 0.18, 0.00, 0.90, 1.14, 0.00, 0.00, 0.00, 0.00, 1.00, 0.00, 0.00, 0.00, 1.00, 0.00, 1.00, 0.00, 0.00, 0.00, 0.00, 1.00, 0.00, 0.00, 0.00
6658, 0, 251.006, 0.98, 1, 0.11, 0.00, 0.00, 0.00, 0.00, 0.00, 0.00, 1.45, 0.46, 1.28, 0.00, 0.24, 0.07, 0.00, 0.66, 0.98, 0.00, 0.00, 0.00, 0.00, 1.00, 0.00, 0.00, 0.00, 1.00, 0.00, 1.00, 0.00, 0.00, 0.00, 0.00, 1.00, 0.00, 0.00, 0.00
6659, 0, 251.044, 0.98, 1, 0.20, 0.00, 0.04, 0.00, 0.00, 0.00, 0.00, 1.33, 0.52, 1.28, 0.00, 0.18, 0.05, 0.00, 0.44, 0.87, 0.00, 0.00, 0.00, 0.00, 1.00, 0.00, 0.00, 0.00, 1.00, 0.00, 1.00, 0.00, 0.00, 0.00, 0.00, 1.00, 0.00, 0.00, 0.00
6660, 0, 251.082, 0.98, 1, 0.31, 0.00, 0.04, 0.00, 0.00, 0.00, 0.00, 1.31, 0.59, 1.04, 0.00, 0.13, 0.01, 0.05, 0.29, 0.52, 0.00, 0.00, 0.00, 0.00, 1.00, 0.00, 0.00, 0.00, 1.00, 0.00, 1.00, 0.00, 0.00, 0.00, 1.00, 1.00, 0.00, 0.00, 0.00
6661, 0, 251.120, 0.98, 1, 0.24, 0.00, 0.04, 0.06, 0.00, 0.00, 0.00, 1.15, 0.62, 0.70, 0.00, 0.13, 0.01, 0.14, 0.21, 0.19, 0.00, 0.00, 0.00, 0.00, 1.00, 0.00, 0.00, 0.00, 1.00, 0.00, 1.00, 1.00, 0.00, 0.00, 1.00, 0.00, 0.00, 0.00, 0.00
6662, 0, 251.157, 0.93, 1, 0.19, 0.00, 0.00, 0.06, 0.00, 0.00, 0.00, 1.37, 0.55, 0.31, 0.00, 0.22, 0.00, 0.33, 0.36, 0.37, 0.00, 0.00, 0.00, 0.00, 1.00, 0.00, 0.00, 0.00, 1.00, 0.00, 1.00, 1.00, 0.00, 0.00, 1.00, 0.00, 0.00, 0.00, 0.00
6663, 0, 251.195, 0.93, 1, 0.08, 0.00, 0.00, 0.06, 0.00, 0.00, 0.00, 1.50, 0.46, 0.23, 0.00, 0.32, 0.10, 0.45, 0.44, 0.73, 0.00, 0.00, 0.00, 0.00, 1.00, 0.00, 0.00, 0.00, 1.00, 0.00, 1.00, 1.00, 0.00, 0.00, 1.00, 0.00, 0.00, 0.00, 0.00
6664, 0, 251.233, 0.93, 1, 0.05, 0.00, 0.00, 0.00, 0.00, 0.00, 0.06, 1.81, 0.33, 0.21, 0.00, 0.44, 0.39, 0.40, 0.54, 1.08, 0.00, 0.00, 0.00, 0.00, 1.00, 0.00, 0.00, 0.00, 1.00, 0.00, 0.00, 1.00, 0.00, 0.00, 1.00, 0.00, 0.00, 0.00, 0.00
6665, 0, 251.270, 0.93, 1, 0.15, 0.00, 0.00, 0.00, 0.00, 0.00, 0.06, 1.62, 0.31, 0.21, 0.00, 0.51, 0.53, 0.23, 0.58, 0.89, 0.00, 0.00, 0.00, 0.00, 1.00, 0.00, 0.00, 0.00, 1.00, 0.00, 0.00, 1.00, 0.00, 0.00, 1.00, 0.00, 0.00, 0.00, 0.00
6666, 0, 251.308, 0.98, 1, 0.28, 0.00, 0.00, 0.00, 0.00, 0.00, 0.06, 1.44, 0.31, 0.14, 0.00, 0.39, 0.45, 0.07, 0.69, 0.81, 0.00, 0.00, 0.00, 0.00, 1.00, 0.00, 0.00, 0.00, 1.00, 0.00, 0.00, 1.00, 0.00, 0.00, 1.00, 1.00, 0.00, 0.00, 0.00
6667, 0, 251.346, 0.98, 1, 0.34, 0.00, 0.00, 0.00, 0.00, 0.00, 0.00, 1.23, 0.34, 0.12, 0.00, 0.31, 0.16, 0.08, 0.84, 0.78, 0.00, 0.00, 0.00, 0.00, 1.00, 0.00, 0.00, 0.00, 0.00, 0.00, 0.00, 0.00, 0.00, 0.00, 1.00, 1.00, 0.00, 0.00, 0.00
6668, 0, 251.383, 0.98, 1, 0.18, 0.00, 0.00, 0.00, 0.00, 0.00, 0.00, 0.89, 0.29, 0.12, 0.00, 0.10, 0.14, 0.12, 1.09, 0.86, 0.00, 0.00, 0.00, 0.00, 1.00, 0.00, 0.00, 0.00, 0.00, 0.00, 0.00, 0.00, 0.00, 0.00, 1.00, 1.00, 0.00, 0.00, 0.00
6669, 0, 251.421, 0.98, 1, 0.06, 0.00, 0.00, 0.00, 0.00, 0.00, 0.00, 0.52, 0.23, 0.12, 0.03, 0.04, 0.27, 0.17, 1.27, 0.81, 0.00, 0.00, 0.00, 0.00, 1.00, 0.00, 0.00, 0.00, 0.00, 0.00, 0.00, 0.00, 0.00, 0.00, 1.00, 1.00, 0.00, 0.00, 0.00
6670, 0, 251.459, 0.98, 1, 0.00, 0.00, 0.00, 0.00, 0.00, 0.00, 0.00, 0.51, 0.34, 0.37, 0.03, 0.00, 0.27, 0.12, 1.15, 0.82, 0.00, 0.00, 0.00, 0.00, 1.00, 0.00, 0.00, 0.00, 0.00, 0.00, 0.00, 0.00, 0.00, 0.00, 1.00, 1.00, 0.00, 0.00, 0.00
6671, 0, 251.497, 0.93, 1, 0.11, 0.00, 0.00, 0.00, 0.00, 0.00, 0.00, 0.89, 0.44, 0.72, 0.22, 0.00, 0.33, 0.07, 1.04, 0.95, 0.06, 0.00, 0.00, 0.00, 1.00, 0.00, 0.00, 0.00, 0.00, 0.00, 0.00, 0.00, 0.00, 0.00, 1.00, 1.00, 0.00, 0.00, 0.00
6672, 0, 251.534, 0.88, 1, 0.20, 0.00, 0.00, 0.00, 0.00, 0.00, 0.00, 1.26, 0.55, 0.98, 0.43, 0.11, 0.42, 0.00, 0.87, 0.91, 0.06, 0.00, 0.00, 0.00, 1.00, 0.00, 0.00, 0.00, 0.00, 0.00, 0.00, 0.00, 0.00, 0.00, 1.00, 1.00, 0.00, 0.00, 0.00
6673, 0, 251.572, 0.88, 1, 0.32, 0.00, 0.00, 0.00, 0.00, 0.00, 0.00, 1.29, 0.53, 0.94, 0.44, 0.14, 0.50, 0.01, 0.78, 0.75, 0.06, 0.00, 0.00, 0.00, 1.00, 0.00, 0.00, 0.00, 0.00, 0.00, 0.00, 0.00, 0.00, 0.00, 1.00, 1.00, 0.00, 0.00, 1.00
6674, 0, 251.610, 0.88, 1, 0.33, 0.00, 0.00, 0.00, 0.00, 0.00, 0.04, 1.58, 0.54, 0.80, 0.50, 0.23, 0.32, 0.01, 0.58, 0.65, 0.00, 0.00, 0.00, 0.00, 1.00, 0.00, 0.00, 0.00, 0.00, 0.00, 0.00, 1.00, 0.00, 0.00, 1.00, 1.00, 0.00, 0.00, 1.00
6675, 0, 251.647, 0.93, 1, 0.24, 0.00, 0.00, 0.00, 0.00, 0.00, 0.04, 1.70, 0.46, 0.64, 0.38, 0.34, 0.11, 0.03, 0.70, 0.63, 0.00, 0.00, 0.00, 0.00, 1.00, 0.00, 0.00, 0.00, 1.00, 0.00, 1.00, 1.00, 0.00, 0.00, 1.00, 0.00, 0.00, 0.00, 1.00
6676, 0, 251.685, 0.93, 1, 0.12, 0.00, 0.00, 0.00, 0.00, 0.00, 0.04, 1.70, 0.32, 0.39, 0.37, 0.46, 0.10, 0.08, 0.94, 0.77, 0.04, 0.00, 0.00, 0.00, 1.00, 0.00, 0.00, 0.00, 1.00, 0.00, 1.00, 1.00, 0.00, 0.00, 1.00, 0.00, 0.00, 0.00, 1.00
6677, 0, 251.723, 0.93, 1, 0.14, 0.00, 0.00, 0.00, 0.00, 0.00, 0.00, 1.43, 0.22, 0.31, 0.24, 0.41, 0.10, 0.08, 1.04, 0.57, 0.04, 0.00, 0.00, 0.00, 1.00, 0.00, 0.00, 0.00, 1.00, 0.00, 1.00, 1.00, 0.00, 0.00, 1.00, 0.00, 0.00, 0.00, 0.00
6678, 0, 251.761, 0.93, 1, 0.16, 0.00, 0.00, 0.00, 0.00, 0.00, 0.00, 1.43, 0.14, 0.61, 0.12, 0.20, 0.20, 0.06, 1.06, 0.82, 0.04, 0.00, 0.00, 0.00, 1.00, 0.00, 0.00, 0.00, 1.00, 0.00, 1.00, 1.00, 0.00, 0.00, 1.00, 1.00, 0.00, 0.00, 0.00
6679, 0, 251.798, 0.93, 1, 0.16, 0.00, 0.00, 0.00, 0.00, 0.00, 0.00, 1.70, 0.13, 0.88, 0.25, 0.17, 0.28, 0.00, 1.50, 0.96, 0.02, 0.00, 0.00, 0.00, 1.00, 0.00, 0.00, 0.00, 1.00, 0.00, 1.00, 1.00, 0.00, 0.00, 1.00, 1.00, 0.00, 0.00, 0.00
6680, 0, 251.836, 0.93, 1, 0.02, 0.00, 0.00, 0.00, 0.00, 0.00, 0.03, 1.53, 0.16, 1.20, 0.13, 0.24, 0.28, 0.00, 1.72, 1.09, 0.02, 0.00, 0.00, 0.00, 1.00, 0.00, 0.00, 0.00, 1.00, 0.00, 1.00, 1.00, 0.00, 0.00, 1.00, 1.00, 0.00, 0.00, 0.00
6681, 0, 251.874, 0.93, 1, 0.00, 0.00, 0.00, 0.00, 0.00, 0.00, 0.07, 1.26, 0.25, 1.21, 0.13, 0.37, 0.16, 0.00, 1.71, 0.88, 0.02, 0.00, 0.00, 0.00, 1.00, 0.00, 0.00, 0.00, 1.00, 0.00, 1.00, 0.00, 0.00, 0.00, 1.00, 1.00, 0.00, 0.00, 0.00
6682, 0, 251.911, 0.93, 1, 0.00, 0.00, 0.00, 0.00, 0.00, 0.00, 0.12, 0.86, 0.38, 1.23, 0.00, 0.24, 0.00, 0.00, 1.29, 0.78, 0.01, 0.00, 0.00, 0.00, 1.00, 0.00, 0.00, 0.00, 1.00, 0.00, 1.00, 0.00, 0.00, 0.00, 1.00, 1.00, 0.00, 0.00, 0.00
6683, 0, 251.949, 0.93, 1, 0.00, 0.00, 0.00, 0.00, 0.00, 0.00, 0.10, 0.87, 0.47, 1.12, 0.00, 0.15, 0.00, 0.04, 0.82, 0.67, 0.17, 0.00, 0.00, 0.00, 1.00, 0.00, 0.00, 0.00, 1.00, 0.00, 1.00, 0.00, 0.00, 0.00, 1.00, 1.00, 0.00, 0.00, 0.00
6684, 0, 251.987, 0.98, 1, 0.00, 0.00, 0.00, 0.00, 0.00, 0.00, 0.05, 0.86, 0.55, 1.00, 0.00, 0.23, 0.00, 0.05, 0.39, 0.65, 0.17, 0.00, 0.00, 0.00, 1.00, 0.00, 0.00, 0.00, 1.00, 0.00, 1.00, 0.00, 0.00, 0.00, 1.00, 0.00, 0.00, 0.00, 0.00
6685, 0, 252.024, 0.98, 1, 0.00, 0.00, 0.00, 0.04, 0.00, 0.00, 0.00, 1.11, 0.53, 0.63, 0.13, 0.45, 0.00, 0.05, 0.21, 0.49, 0.16, 0.00, 0.00, 0.00, 1.00, 0.00, 0.00, 0.00, 0.00, 0.00, 0.00, 0.00, 0.00, 0.00, 1.00, 0.00, 0.00, 0.00, 0.00
6686, 0, 252.062, 0.98, 1, 0.00, 0.00, 0.00, 0.09, 0.00, 0.00, 0.00, 1.20, 0.46, 0.44, 0.30, 0.42, 0.00, 0.01, 0.21, 0.57, 0.00, 0.00, 0.00, 0.00, 1.00, 0.00, 0.00, 0.00, 0.00, 1.00, 0.00, 1.00, 0.00, 0.00, 1.00, 0.00, 0.00, 0.00, 0.00
6687, 0, 252.100, 0.98, 1, 0.00, 0.00, 0.00, 0.11, 0.00, 0.00, 0.00, 1.37, 0.40, 0.29, 0.40, 0.22, 0.00, 0.00, 0.21, 0.58, 0.00, 0.00, 0.00, 0.00, 1.00, 0.00, 0.00, 0.00, 0.00, 1.00, 0.00, 1.00, 0.00, 0.00, 1.00, 0.00, 0.00, 0.00, 0.00
6688, 0, 252.138, 0.98, 1, 0.00, 0.00, 0.00, 0.08, 0.00, 0.00, 0.00, 1.17, 0.43, 0.39, 0.27, 0.00, 0.00, 0.00, 0.03, 0.50, 0.00, 0.00, 0.00, 0.00, 1.00, 0.00, 0.00, 0.00, 0.00, 1.00, 0.00, 1.00, 0.00, 0.00, 1.00, 0.00, 0.00, 0.00, 0.00
6689, 0, 252.175, 0.98, 1, 0.00, 0.00, 0.00, 0.02, 0.04, 0.00, 0.04, 1.08, 0.51, 0.32, 0.10, 0.00, 0.00, 0.00, 0.16, 0.32, 0.00, 0.00, 0.00, 0.00, 1.00, 0.00, 0.00, 0.00, 0.00, 1.00, 0.00, 1.00, 0.00, 0.00, 1.00, 0.00, 0.00, 0.00, 0.00
6690, 0, 252.213, 0.98, 1, 0.08, 0.00, 0.00, 0.05, 0.04, 0.00, 0.04, 0.67, 0.50, 0.31, 0.00, 0.01, 0.00, 0.00, 0.38, 0.09, 0.00, 0.00, 0.00, 0.00, 1.00, 0.00, 0.00, 0.00, 0.00, 1.00, 0.00, 0.00, 0.00, 0.00, 1.00, 0.00, 0.00, 0.00, 0.00
6691, 0, 252.251, 0.98, 1, 0.08, 0.00, 0.00, 0.05, 0.04, 0.00, 0.04, 0.33, 0.43, 0.39, 0.00, 0.01, 0.00, 0.00, 0.57, 0.10, 0.00, 0.00, 0.00, 0.00, 1.00, 0.00, 0.00, 0.00, 0.00, 1.00, 0.00, 0.00, 0.00, 0.00, 1.00, 0.00, 0.00, 0.00, 0.00
6692, 0, 252.288, 0.98, 1, 0.08, 0.00, 0.00, 0.09, 0.00, 0.00, 0.00, 0.06, 0.32, 0.69, 0.00, 0.01, 0.00, 0.00, 0.67, 0.15, 0.00, 0.00, 0.00, 0.00, 1.00, 0.00, 0.00, 0.00, 0.00, 1.00, 0.00, 0.00, 0.00, 0.00, 1.00, 0.00, 0.00, 0.00, 0.00
6693, 0, 252.326, 0.98, 1, 0.00, 0.06, 0.00, 0.06, 0.00, 0.00, 0.00, 0.09, 0.26, 0.86, 0.00, 0.00, 0.00, 0.00, 0.63, 0.27, 0.00, 0.00, 0.00, 0.00, 1.00, 0.00, 0.00, 0.00, 0.00, 1.00, 0.00, 0.00, 0.00, 0.00, 1.00, 1.00, 0.00, 0.00, 0.00
6694, 0, 252.364, 0.98, 1, 0.07, 0.36, 0.00, 0.06, 0.00, 0.00, 0.00, 0.13, 0.21, 1.05, 0.00, 0.00, 0.00, 0.00, 0.50, 0.23, 0.00, 0.00, 0.00, 0.00, 1.00, 0.00, 0.00, 0.00, 0.00, 0.00, 0.00, 0.00, 0.00, 0.00, 1.00, 1.00, 0.00, 0.00, 0.00
6695, 0, 252.401, 0.98, 1, 0.17, 0.52, 0.00, 0.01, 0.00, 0.00, 0.10, 0.40, 0.19, 0.74, 0.00, 0.17, 0.09, 0.00, 0.52, 0.40, 0.10, 0.00, 0.00, 0.00, 1.00, 0.00, 0.00, 0.00, 0.00, 0.00, 0.00, 0.00, 0.00, 0.00, 1.00, 1.00, 0.00, 0.00, 0.00
6696, 0, 252.439, 0.98, 1, 0.21, 0.63, 0.00, 0.15, 0.00, 0.00, 0.13, 0.57, 0.19, 0.54, 0.11, 0.34, 0.09, 0.00, 0.66, 0.57, 0.23, 0.00, 0.00, 0.00, 1.00, 0.00, 0.00, 0.00, 0.00, 0.00, 0.00, 0.00, 0.00, 0.00, 1.00, 1.00, 0.00, 0.00, 0.00
6697, 0, 252.477, 0.98, 1, 0.20, 0.50, 0.00, 0.16, 0.00, 0.00, 0.15, 0.84, 0.17, 0.32, 0.31, 0.34, 0.09, 0.00, 0.97, 0.69, 0.39, 0.00, 0.00, 0.00, 1.00, 0.00, 0.00, 0.00, 0.00, 0.00, 0.00, 0.00, 0.00, 0.00, 1.00, 1.00, 0.00, 0.00, 0.00
6698, 0, 252.515, 0.98, 1, 0.21, 0.54, 0.00, 0.21, 0.00, 0.00, 0.06, 0.76, 0.13, 0.45, 0.40, 0.17, 0.00, 0.00, 1.10, 0.73, 0.38, 0.00, 0.00, 0.00, 1.00, 0.00, 0.00, 0.00, 0.00, 0.00, 0.00, 0.00, 0.00, 0.00, 1.00, 1.00, 0.00, 0.00, 0.00
6699, 0, 252.552, 0.93, 1, 0.17, 0.37, 0.00, 0.06, 0.00, 0.00, 0.07, 1.01, 0.15, 0.52, 0.29, 0.23, 0.00, 0.00, 1.17, 0.70, 0.55, 0.00, 0.00, 0.00, 1.00, 0.00, 0.00, 0.00, 0.00, 0.00, 0.00, 0.00, 0.00, 0.00, 1.00, 1.00, 0.00, 0.00, 0.00
6700, 0, 252.590, 0.88, 1, 0.20, 0.20, 0.00, 0.05, 0.00, 0.00, 0.05, 0.99, 0.12, 0.38, 0.71, 0.44, 0.03, 0.00, 0.97, 0.52, 0.60, 0.00, 0.00, 0.00, 1.00, 0.00, 0.00, 0.00, 0.00, 0.00, 0.00, 0.00, 0.00, 0.00, 1.00, 1.00, 0.00, 0.00, 0.00
6701, 0, 252.628, 0.93, 1, 0.22, 0.00, 0.00, 0.00, 0.00, 0.00, 0.04, 1.17, 0.13, 0.22, 0.69, 0.44, 0.03, 0.00, 0.90, 0.35, 0.70, 0.00, 0.00, 0.00, 1.00, 0.00, 0.00, 0.00, 0.00, 0.00, 0.00, 0.00, 0.00, 0.00, 1.00, 0.00, 0.00, 0.00, 0.00
6702, 0, 252.665, 0.88, 1, 0.35, 0.00, 0.00, 0.00, 0.00, 0.00, 0.00, 0.93, 0.08, 0.28, 0.79, 0.32, 0.03, 0.00, 0.80, 0.29, 0.68, 0.00, 0.00, 0.00, 1.00, 0.00, 0.00, 0.00, 0.00, 0.00, 0.00, 0.00, 0.00, 1.00, 1.00, 0.00, 0.00, 0.00, 0.00
6703, 0, 252.703, 0.93, 1, 0.39, 0.00, 0.00, 0.00, 0.00, 0.00, 0.00, 0.78, 0.14, 0.40, 0.18, 0.11, 0.15, 0.00, 0.83, 0.29, 0.65, 0.00, 0.00, 0.00, 1.00, 0.00, 0.00, 0.00, 0.00, 0.00, 0.00, 0.00, 0.00, 1.00, 1.00, 0.00, 0.00, 0.00, 0.00
6704, 0, 252.741, 0.98, 1, 0.42, 0.00, 0.00, 0.00, 0.00, 0.00, 0.03, 0.49, 0.15, 0.46, 0.09, 0.11, 0.24, 0.00, 0.70, 0.26, 0.60, 0.00, 0.00, 0.00, 1.00, 0.00, 0.00, 0.00, 0.00, 0.00, 0.00, 0.00, 0.00, 1.00, 1.00, 0.00, 0.00, 0.00, 0.00
6705, 0, 252.779, 0.98, 1, 0.39, 0.00, 0.00, 0.00, 0.06, 0.00, 0.16, 0.59, 0.37, 0.51, 0.00, 0.00, 0.24, 0.00, 0.59, 0.23, 0.31, 0.00, 0.00, 0.00, 1.00, 0.00, 0.00, 0.00, 0.00, 0.00, 0.00, 0.00, 0.00, 0.00, 1.00, 0.00, 0.00, 0.00, 0.00
6706, 0, 252.816, 0.98, 1, 0.38, 0.00, 0.00, 0.00, 0.09, 0.00, 0.16, 0.76, 0.47, 0.62, 0.00, 0.00, 0.09, 0.00, 0.58, 0.31, 0.14, 0.00, 0.00, 0.00, 1.00, 0.00, 0.00, 0.00, 0.00, 1.00, 0.00, 0.00, 0.00, 0.00, 1.00, 1.00, 0.00, 0.00, 0.00
6707, 0, 252.854, 0.98, 1, 0.27, 0.00, 0.00, 0.00, 0.11, 0.00, 0.17, 0.94, 0.64, 0.89, 0.00, 0.00, 0.00, 0.00, 0.62, 0.31, 0.00, 0.00, 0.00, 0.00, 1.00, 0.00, 0.00, 0.00, 0.00, 1.00, 1.00, 0.00, 0.00, 0.00, 1.00, 1.00, 0.00, 0.00, 0.00
6708, 0, 252.892, 0.98, 1, 0.17, 0.00, 0.00, 0.05, 0.05, 0.00, 0.04, 0.81, 0.60, 0.99, 0.00, 0.00, 0.00, 0.00, 0.58, 0.32, 0.00, 0.00, 0.00, 0.00, 1.00, 0.00, 0.00, 0.00, 0.00, 1.00, 1.00, 0.00, 0.00, 0.00, 1.00, 1.00, 0.00, 0.00, 0.00
6709, 0, 252.929, 0.98, 1, 0.19, 0.04, 0.00, 0.08, 0.02, 0.00, 0.04, 0.73, 0.59, 1.26, 0.00, 0.00, 0.00, 0.00, 0.46, 0.50, 0.00, 0.00, 1.00, 0.00, 1.00, 0.00, 0.00, 0.00, 0.00, 1.00, 1.00, 0.00, 0.00, 0.00, 1.00, 1.00, 0.00, 0.00, 0.00
6710, 0, 252.967, 0.98, 1, 0.27, 0.04, 0.02, 0.08, 0.00, 0.00, 0.00, 0.55, 0.48, 1.11, 0.12, 0.14, 0.00, 0.00, 0.59, 0.82, 0.00, 0.00, 0.00, 0.00, 1.00, 0.00, 0.00, 0.00, 0.00, 1.00, 1.00, 0.00, 0.00, 0.00, 1.00, 1.00, 0.00, 0.00, 0.00
6711, 0, 253.005, 0.98, 1, 0.29, 0.08, 0.07, 0.06, 0.01, 0.00, 0.00, 0.41, 0.53, 1.00, 0.17, 0.17, 0.00, 0.02, 0.82, 0.88, 0.00, 0.00, 0.00, 0.00, 1.00, 0.00, 0.00, 0.00, 0.00, 1.00, 1.00, 0.00, 0.00, 0.00, 1.00, 1.00, 0.00, 0.00, 0.00
6712, 0, 253.042, 0.98, 1, 0.14, 0.03, 0.09, 0.03, 0.01, 0.00, 0.00, 0.33, 0.60, 0.92, 0.17, 0.17, 0.00, 0.04, 1.03, 0.75, 0.00, 0.00, 0.00, 0.00, 1.00, 0.00, 0.00, 0.00, 0.00, 1.00, 1.00, 0.00, 0.00, 0.00, 1.00, 1.00, 0.00, 0.00, 0.00
6713, 0, 253.080, 0.98, 1, 0.02, 0.03, 0.11, 0.03, 0.07, 0.00, 0.05, 0.36, 0.71, 1.03, 0.05, 0.02, 0.00, 0.06, 1.01, 0.58, 0.00, 0.00, 0.00, 0.00, 1.00, 0.00, 0.00, 0.00, 0.00, 1.00, 1.00, 0.00, 0.00, 0.00, 1.00, 1.00, 0.00, 0.00, 0.00
6714, 0, 253.118, 0.98, 1, 0.00, 0.00, 0.09, 0.00, 0.11, 0.00, 0.09, 0.53, 0.67, 1.10, 0.06, 0.00, 0.00, 0.04, 1.00, 0.51, 0.00, 0.00, 0.00, 0.00, 1.00, 0.00, 0.00, 0.00, 0.00, 1.00, 1.00, 0.00, 0.00, 0.00, 1.00, 1.00, 0.00, 0.00, 0.00
6715, 0, 253.156, 0.98, 1, 0.00, 0.00, 0.07, 0.00, 0.11, 0.00, 0.18, 0.60, 0.67, 0.68, 0.06, 0.03, 0.00, 0.03, 1.16, 0.53, 0.00, 0.00, 0.00, 0.00, 1.00, 0.00, 0.00, 0.00, 0.00, 1.00, 1.00, 0.00, 0.00, 0.00, 1.00, 1.00, 0.00, 0.00, 0.00
6716, 0, 253.193, 0.98, 1, 0.00, 0.00, 0.04, 0.00, 0.05, 0.00, 0.18, 0.65, 0.68, 0.38, 0.17, 0.03, 0.00, 0.02, 1.32, 0.39, 0.00, 0.00, 0.00, 0.00, 1.00, 0.00, 0.00, 0.00, 0.00, 1.00, 1.00, 0.00, 0.00, 0.00, 1.00, 1.00, 0.00, 0.00, 0.00
6717, 0, 253.231, 0.98, 1, 0.00, 0.00, 0.00, 0.00, 0.12, 0.00, 0.21, 0.78, 0.76, 0.70, 0.11, 0.03, 0.00, 0.02, 1.25, 0.56, 0.00, 0.00, 0.00, 0.00, 1.00, 0.00, 0.00, 0.00, 0.00, 1.00, 1.00, 0.00, 0.00, 0.00, 1.00, 1.00, 0.00, 0.00, 0.00
6718, 0, 253.269, 0.98, 1, 0.00, 0.00, 0.00, 0.00, 0.12, 0.00, 0.12, 0.90, 0.73, 1.27, 0.11, 0.04, 0.00, 0.01, 1.08, 0.80, 0.00, 0.00, 0.00, 0.00, 1.00, 0.00, 0.00, 0.00, 0.00, 1.00, 1.00, 0.00, 0.00, 0.00, 1.00, 1.00, 0.00, 0.00, 0.00
6719, 0, 253.306, 0.98, 1, 0.00, 0.00, 0.00, 0.00, 0.12, 0.00, 0.07, 1.18, 0.68, 1.69, 0.00, 0.18, 0.00, 0.03, 1.07, 1.08, 0.00, 0.00, 0.00, 0.00, 1.00, 0.00, 0.00, 0.00, 0.00, 1.00, 1.00, 0.00, 0.00, 0.00, 1.00, 1.00, 0.00, 0.00, 0.00
6720, 0, 253.344, 0.98, 1, 0.00, 0.00, 0.00, 0.00, 0.05, 0.00, 0.00, 1.08, 0.57, 1.56, 0.00, 0.22, 0.05, 0.03, 1.11, 1.10, 0.00, 0.00, 0.00, 0.00, 1.00, 0.00, 0.00, 0.00, 0.00, 1.00, 1.00, 0.00, 0.00, 0.00, 1.00, 1.00, 0.00, 0.00, 0.00
6721, 0, 253.382, 0.98, 1, 0.00, 0.01, 0.00, 0.00, 0.13, 0.00, 0.00, 0.98, 0.53, 1.54, 0.00, 0.20, 0.10, 0.02, 1.16, 1.05, 0.00, 0.00, 0.00, 0.00, 1.00, 0.00, 0.00, 0.00, 0.00, 1.00, 1.00, 0.00, 0.00, 0.00, 1.00, 1.00, 0.00, 0.00, 0.00
6722, 0, 253.420, 0.98, 1, 0.00, 0.10, 0.00, 0.00, 0.23, 0.00, 0.00, 0.70, 0.54, 1.63, 0.00, 0.10, 0.13, 0.00, 1.08, 1.00, 0.00, 0.00, 1.00, 0.00, 1.00, 0.00, 0.00, 0.00, 0.00, 1.00, 1.00, 0.00, 0.00, 0.00, 1.00, 1.00, 0.00, 0.00, 0.00
6723, 0, 253.457, 0.98, 1, 0.00, 0.10, 0.00, 0.00, 0.19, 0.10, 0.02, 0.69, 0.55, 1.60, 0.00, 0.11, 0.07, 0.02, 0.77, 0.92, 0.00, 0.00, 1.00, 0.00, 1.00, 0.00, 0.00, 0.00, 0.00, 1.00, 1.00, 0.00, 0.00, 0.00, 1.00, 1.00, 0.00, 0.00, 0.00
6724, 0, 253.495, 0.98, 1, 0.00, 0.08, 0.00, 0.00, 0.11, 0.10, 0.02, 0.96, 0.56, 1.52, 0.00, 0.33, 0.03, 0.02, 0.40, 0.85, 0.00, 0.00, 1.00, 0.00, 1.00, 0.00, 0.00, 0.00, 0.00, 1.00, 1.00, 0.00, 0.00, 0.00, 1.00, 0.00, 0.00, 0.00, 0.00
6725, 0, 253.533, 0.98, 1, 0.20, 0.04, 0.00, 0.31, 0.01, 0.15, 0.02, 1.22, 0.44, 1.39, 0.00, 0.50, 0.00, 0.13, 0.03, 0.53, 0.00, 0.00, 1.00, 0.00, 1.00, 0.00, 0.00, 0.00, 0.00, 1.00, 1.00, 0.00, 1.00, 0.00, 1.00, 0.00, 0.00, 0.00, 0.00
6726, 0, 253.570, 0.98, 1, 0.42, 0.04, 0.00, 0.31, 0.00, 0.05, 0.07, 1.47, 0.31, 1.39, 0.00, 0.72, 0.00, 0.22, 0.00, 0.27, 0.00, 0.00, 1.00, 0.00, 1.00, 0.00, 0.00, 0.00, 0.00, 0.00, 1.00, 0.00, 1.00, 0.00, 1.00, 0.00, 0.00, 0.00, 0.00
6727, 0, 253.608, 0.98, 1, 0.63, 0.04, 0.00, 0.36, 0.00, 0.05, 0.10, 1.54, 0.20, 1.46, 0.00, 0.71, 0.00, 0.31, 0.00, 0.00, 0.00, 0.00, 0.00, 0.00, 1.00, 0.00, 0.00, 0.00, 0.00, 0.00, 1.00, 0.00, 1.00, 0.00, 1.00, 0.00, 0.00, 0.00, 0.00
6728, 0, 253.646, 0.98, 1, 0.52, 0.00, 0.00, 0.14, 0.00, 0.00, 0.15, 1.63, 0.26, 1.69, 0.00, 0.61, 0.00, 0.31, 0.00, 0.00, 0.00, 0.00, 0.00, 0.00, 1.00, 0.00, 0.00, 0.00, 0.00, 0.00, 1.00, 0.00, 1.00, 0.00, 1.00, 0.00, 0.00, 0.00, 0.00
6729, 0, 253.683, 0.98, 1, 0.35, 0.00, 0.00, 0.26, 0.05, 0.00, 0.13, 1.59, 0.41, 1.69, 0.00, 0.33, 0.00, 0.33, 0.14, 0.13, 0.00, 0.00, 0.00, 0.00, 1.00, 0.00, 0.00, 0.00, 0.00, 0.00, 1.00, 0.00, 0.00, 0.00, 1.00, 0.00, 0.00, 0.00, 0.00
6730, 0, 253.721, 0.98, 1, 0.17, 0.12, 0.00, 0.25, 0.08, 0.00, 0.10, 1.51, 0.60, 1.35, 0.64, 0.28, 0.00, 0.24, 0.55, 0.27, 0.00, 0.00, 0.00, 0.00, 1.00, 0.00, 0.00, 0.00, 0.00, 0.00, 1.00, 0.00, 0.00, 0.00, 1.00, 0.00, 0.00, 0.00, 0.00
6731, 0, 253.759, 0.98, 1, 0.12, 0.19, 0.00, 0.16, 0.08, 0.00, 0.05, 1.31, 0.68, 0.83, 0.83, 0.36, 0.02, 0.13, 0.78, 0.60, 0.00, 0.00, 0.00, 0.00, 1.00, 0.00, 0.00, 0.00, 0.00, 0.00, 1.00, 0.00, 0.00, 0.00, 1.00, 0.00, 0.00, 0.00, 0.00
6732, 0, 253.797, 0.98, 1, 0.08, 0.19, 0.00, 0.03, 0.12, 0.00, 0.02, 1.36, 0.62, 0.48, 0.91, 0.36, 0.05, 0.04, 0.90, 0.83, 0.00, 0.00, 0.00, 0.00, 1.00, 0.00, 0.00, 0.00, 0.00, 0.00, 1.00, 0.00, 0.00, 0.00, 1.00, 0.00, 0.00, 0.00, 0.00
6733, 0, 253.834, 0.98, 1, 0.04, 0.08, 0.00, 0.00, 0.09, 0.00, 0.02, 1.30, 0.50, 0.73, 0.27, 0.18, 0.05, 0.04, 0.63, 0.96, 0.00, 0.00, 0.00, 0.00, 1.00, 0.00, 0.00, 0.00, 0.00, 0.00, 0.00, 0.00, 0.00, 0.00, 1.00, 0.00, 0.00, 0.00, 0.00
6734, 0, 253.872, 0.98, 1, 0.00, 0.00, 0.00, 0.00, 0.09, 0.00, 0.02, 1.43, 0.41, 1.12, 0.20, 0.00, 0.03, 0.04, 0.50, 0.76, 0.00, 0.00, 0.00, 0.00, 1.00, 0.00, 0.00, 0.00, 0.00, 0.00, 0.00, 0.00, 0.00, 0.00, 1.00, 0.00, 0.00, 0.00, 0.00
6735, 0, 253.910, 0.98, 1, 0.01, 0.15, 0.00, 0.00, 0.00, 0.01, 0.04, 1.23, 0.40, 0.95, 0.13, 0.14, 0.00, 0.00, 0.24, 0.40, 0.00, 0.00, 0.00, 0.00, 1.00, 0.00, 0.00, 0.00, 0.00, 0.00, 0.00, 0.00, 0.00, 0.00, 1.00, 0.00, 0.00, 0.00, 0.00
6736, 0, 253.947, 0.98, 1, 0.01, 0.23, 0.00, 0.06, 0.00, 0.01, 0.04, 1.09, 0.42, 0.56, 0.13, 0.18, 0.00, 0.00, 0.10, 0.12, 0.00, 0.00, 0.00, 0.00, 1.00, 0.00, 0.00, 0.00, 0.00, 0.00, 0.00, 0.00, 0.00, 0.00, 1.00, 0.00, 0.00, 0.00, 0.00
6737, 0, 253.985, 0.98, 1, 0.01, 0.27, 0.00, 0.06, 0.00, 0.01, 0.14, 1.02, 0.44, 0.19, 0.00, 0.31, 0.00, 0.00, 0.00, 0.00, 0.00, 0.00, 0.00, 0.00, 1.00, 0.00, 0.00, 0.00, 0.00, 0.00, 1.00, 0.00, 0.00, 0.00, 1.00, 0.00, 0.00, 0.00, 0.00
6738, 0, 254.023, 0.98, 1, 0.00, 0.12, 0.00, 0.08, 0.00, 0.00, 0.12, 1.06, 0.41, 0.56, 0.00, 0.32, 0.00, 0.00, 0.00, 0.00, 0.00, 0.00, 0.00, 0.00, 1.00, 0.00, 0.00, 0.00, 0.00, 0.00, 1.00, 0.00, 0.00, 0.00, 1.00, 0.00, 0.00, 0.00, 0.00
6739, 0, 254.061, 0.98, 1, 0.00, 0.04, 0.00, 0.12, 0.00, 0.00, 0.14, 1.14, 0.34, 0.95, 0.00, 0.38, 0.00, 0.00, 0.00, 0.00, 0.00, 0.00, 0.00, 0.00, 1.00, 0.00, 0.00, 0.00, 0.00, 0.00, 1.00, 0.00, 0.00, 0.00, 1.00, 0.00, 0.00, 0.00, 0.00
6740, 0, 254.098, 0.98, 1, 0.00, 0.00, 0.00, 0.12, 0.00, 0.00, 0.04, 0.76, 0.33, 1.15, 0.07, 0.30, 0.00, 0.00, 0.04, 0.00, 0.00, 0.00, 0.00, 0.00, 1.00, 0.00, 0.00, 0.00, 0.00, 0.00, 1.00, 0.00, 0.00, 0.00, 1.00, 0.00, 0.00, 0.00, 0.00
6741, 0, 254.136, 0.98, 1, 0.04, 0.00, 0.00, 0.10, 0.00, 0.00, 0.04, 0.38, 0.27, 1.39, 0.07, 0.16, 0.00, 0.00, 0.04, 0.08, 0.00, 0.00, 0.00, 0.00, 1.00, 0.00, 0.00, 0.00, 0.00, 0.00, 1.00, 0.00, 0.00, 0.00, 1.00, 0.00, 0.00, 0.00, 0.00
6742, 0, 254.174, 0.98, 1, 0.12, 0.03, 0.00, 0.19, 0.00, 0.00, 0.12, 0.20, 0.18, 1.44, 0.07, 0.05, 0.00, 0.00, 0.04, 0.14, 0.00, 0.00, 0.00, 0.00, 1.00, 0.00, 0.00, 0.00, 0.00, 0.00, 1.00, 1.00, 0.00, 0.00, 1.00, 0.00, 0.00, 0.00, 0.00
6743, 0, 254.211, 0.98, 1, 0.29, 0.15, 0.00, 0.24, 0.00, 0.00, 0.17, 0.43, 0.07, 1.47, 0.02, 0.11, 0.00, 0.00, 0.00, 0.14, 0.00, 0.00, 0.00, 0.00, 1.00, 0.00, 0.00, 0.00, 0.00, 0.00, 1.00, 1.00, 0.00, 0.00, 1.00, 0.00, 0.00, 0.00, 0.00
6744, 0, 254.249, 0.98, 1, 0.41, 0.38, 0.00, 0.24, 0.00, 0.00, 0.20, 0.84, 0.01, 1.06, 0.03, 0.28, 0.00, 0.00, 0.00, 0.09, 0.00, 0.00, 0.00, 0.00, 1.00, 0.00, 0.00, 0.00, 0.00, 0.00, 1.00, 1.00, 0.00, 0.00, 1.00, 0.00, 0.00, 0.00, 0.00
6745, 0, 254.287, 0.98, 1, 0.51, 0.35, 0.00, 0.08, 0.00, 0.00, 0.11, 1.06, 0.06, 0.87, 0.03, 0.46, 0.00, 0.00, 0.00, 0.03, 0.00, 0.00, 1.00, 0.00, 1.00, 0.00, 0.00, 0.00, 0.00, 0.00, 1.00, 1.00, 0.00, 0.00, 1.00, 0.00, 0.00, 0.00, 0.00
6746, 0, 254.324, 0.98, 1, 0.57, 0.32, 0.00, 0.13, 0.00, 0.00, 0.05, 1.22, 0.13, 0.90, 0.01, 0.55, 0.00, 0.00, 0.00, 0.03, 0.00, 0.00, 1.00, 0.00, 1.00, 0.00, 0.00, 0.00, 0.00, 0.00, 1.00, 1.00, 0.00, 0.00, 1.00, 0.00, 0.00, 0.00, 0.00
6747, 0, 254.362, 0.93, 1, 0.73, 0.27, 0.00, 0.13, 0.00, 0.00, 0.01, 1.26, 0.18, 1.17, 0.00, 0.55, 0.00, 0.00, 0.00, 0.00, 0.01, 0.00, 0.00, 0.00, 1.00, 0.00, 0.00, 0.00, 0.00, 1.00, 1.00, 1.00, 0.00, 0.00, 1.00, 0.00, 0.00, 0.00, 0.00
6748, 0, 254.400, 0.93, 1, 0.83, 0.34, 0.00, 0.11, 0.00, 0.00, 0.01, 1.27, 0.18, 1.19, 0.00, 0.56, 0.00, 0.00, 0.00, 0.01, 0.01, 0.00, 0.00, 0.00, 1.00, 0.00, 0.00, 0.00, 0.00, 1.00, 1.00, 1.00, 0.00, 0.00, 1.00, 0.00, 0.00, 0.00, 0.00
6749, 0, 254.438, 0.93, 1, 0.80, 0.31, 0.00, 0.00, 0.00, 0.00, 0.01, 1.35, 0.13, 0.79, 0.00, 0.43, 0.00, 0.00, 0.11, 0.01, 0.01, 0.00, 0.00, 0.00, 1.00, 0.00, 0.00, 0.00, 0.00, 1.00, 1.00, 1.00, 0.00, 0.00, 1.00, 0.00, 0.00, 0.00, 0.00
6750, 0, 254.475, 0.98, 1, 0.68, 0.14, 0.00, 0.00, 0.00, 0.00, 0.07, 1.34, 0.09, 0.32, 0.03, 0.25, 0.00, 0.00, 0.20, 0.01, 0.02, 0.00, 0.00, 0.00, 1.00, 0.00, 0.00, 0.00, 0.00, 1.00, 0.00, 1.00, 0.00, 0.00, 1.00, 0.00, 0.00, 0.00, 0.00
6751, 0, 254.513, 0.98, 1, 0.63, 0.09, 0.00, 0.00, 0.00, 0.00, 0.08, 1.49, 0.04, 0.08, 0.29, 0.23, 0.29, 0.00, 0.33, 0.00, 0.14, 0.00, 0.00, 0.00, 1.00, 0.00, 0.00, 0.00, 0.00, 0.00, 0.00, 1.00, 0.00, 0.00, 1.00, 0.00, 0.00, 0.00, 0.00
6752, 0, 254.551, 0.98, 1, 0.68, 0.05, 0.00, 0.00, 0.00, 0.00, 0.14, 1.58, 0.00, 0.18, 0.50, 0.31, 0.58, 0.00, 0.35, 0.00, 0.28, 0.00, 0.00, 0.00, 1.00, 0.00, 0.00, 0.00, 0.00, 0.00, 0.00, 1.00, 0.00, 0.00, 1.00, 0.00, 0.00, 0.00, 0.00
6753, 0, 254.588, 0.98, 1, 0.55, 0.05, 0.00, 0.09, 0.00, 0.00, 0.07, 1.68, 0.00, 0.33, 0.47, 0.49, 0.60, 0.00, 0.43, 0.05, 0.26, 0.00, 0.00, 0.00, 1.00, 0.00, 0.00, 0.00, 1.00, 0.00, 0.00, 1.00, 0.00, 0.00, 1.00, 0.00, 0.00, 0.00, 0.00
6754, 0, 254.626, 0.93, 1, 0.42, 0.04, 0.00, 0.38, 0.00, 0.00, 0.05, 1.47, 0.00, 0.26, 0.26, 0.55, 0.37, 0.00, 0.35, 0.05, 0.21, 0.00, 0.00, 0.00, 1.00, 0.00, 0.00, 0.00, 1.00, 0.00, 0.00, 1.00, 0.00, 1.00, 0.00, 0.00, 0.00, 0.00, 0.00
6755, 0, 254.664, 0.98, 1, 0.27, 0.01, 0.00, 0.70, 0.00, 0.00, 0.00, 1.54, 0.00, 0.20, 0.05, 0.42, 0.35, 0.00, 0.49, 0.23, 0.08, 0.00, 0.00, 0.00, 1.00, 0.00, 0.00, 0.00, 1.00, 0.00, 0.00, 1.00, 0.00, 1.00, 0.00, 1.00, 0.00, 0.00, 0.00
6756, 0, 254.702, 0.98, 1, 0.20, 0.01, 0.00, 0.83, 0.00, 0.00, 0.00, 1.61, 0.01, 0.18, 0.05, 0.23, 0.66, 0.00, 0.64, 0.61, 0.08, 0.00, 0.00, 0.00, 1.00, 0.00, 0.00, 0.00, 1.00, 0.00, 0.00, 1.00, 0.00, 0.00, 0.00, 1.00, 0.00, 0.00, 0.00
6757, 0, 254.739, 0.98, 1, 0.10, 0.00, 0.00, 0.55, 0.00, 0.00, 0.00, 1.69, 0.06, 0.34, 0.00, 0.00, 0.75, 0.00, 1.03, 0.96, 0.00, 0.00, 0.00, 0.00, 1.00, 0.00, 0.00, 0.00, 0.00, 0.00, 0.00, 0.00, 0.00, 0.00, 0.00, 1.00, 0.00, 0.00, 0.00
6758, 0, 254.777, 0.93, 1, 0.07, 0.00, 0.00, 0.23, 0.00, 0.00, 0.00, 1.20, 0.17, 0.50, 0.00, 0.00, 0.63, 0.00, 0.91, 1.16, 0.06, 0.00, 0.00, 0.00, 1.00, 0.00, 0.00, 0.00, 0.00, 0.00, 0.00, 0.00, 0.00, 0.00, 0.00, 1.00, 0.00, 0.00, 0.00
6759, 0, 254.815, 0.93, 1, 0.07, 0.00, 0.00, 0.00, 0.00, 0.00, 0.00, 0.64, 0.28, 0.58, 0.00, 0.00, 0.40, 0.00, 0.64, 1.01, 0.22, 0.00, 0.00, 0.00, 1.00, 0.00, 0.00, 0.00, 0.00, 0.00, 0.00, 0.00, 0.00, 0.00, 0.00, 1.00, 0.00, 0.00, 0.00
6760, 0, 254.852, 0.98, 1, 0.07, 0.00, 0.00, 0.00, 0.00, 0.00, 0.03, 0.18, 0.37, 0.63, 0.02, 0.00, 0.26, 0.07, 0.26, 1.05, 0.22, 0.00, 0.00, 0.00, 1.00, 0.00, 0.00, 0.00, 0.00, 1.00, 1.00, 0.00, 0.00, 0.00, 0.00, 0.00, 0.00, 0.00, 0.00
6761, 0, 254.890, 0.93, 1, 0.00, 0.00, 0.00, 0.00, 0.00, 0.00, 0.03, 0.11, 0.43, 0.79, 0.02, 0.00, 0.09, 0.14, 0.26, 1.09, 0.24, 0.00, 0.00, 0.00, 1.00, 0.00, 0.00, 0.00, 0.00, 1.00, 1.00, 0.00, 0.00, 0.00, 0.00, 0.00, 0.00, 0.00, 0.00
6762, 0, 254.928, 0.98, 1, 0.00, 0.00, 0.00, 0.00, 0.00, 0.00, 0.03, 0.14, 0.49, 0.94, 0.02, 0.00, 0.00, 0.24, 0.60, 1.41, 0.07, 0.00, 0.00, 0.00, 1.00, 0.00, 0.00, 0.00, 0.00, 1.00, 1.00, 0.00, 0.00, 0.00, 0.00, 0.00, 0.00, 0.00, 0.00
6763, 0, 254.965, 0.98, 1, 0.00, 0.00, 0.00, 0.00, 0.00, 0.00, 0.00, 0.25, 0.57, 1.03, 0.00, 0.00, 0.00, 0.18, 0.84, 1.52, 0.07, 0.00, 0.00, 0.00, 1.00, 0.00, 0.00, 0.00, 0.00, 1.00, 1.00, 0.00, 0.00, 0.00, 0.00, 0.00, 0.00, 0.00, 0.00
6764, 0, 255.003, 0.98, 1, 0.00, 0.00, 0.00, 0.00, 0.00, 0.00, 0.00, 0.36, 0.63, 0.86, 0.00, 0.00, 0.00, 0.16, 0.90, 1.52, 0.00, 0.00, 0.00, 0.00, 1.00, 0.00, 0.00, 0.00, 0.00, 1.00, 0.00, 0.00, 0.00, 0.00, 0.00, 1.00, 0.00, 0.00, 0.00
6765, 0, 255.041, 0.98, 1, 0.00, 0.00, 0.00, 0.00, 0.00, 0.00, 0.00, 0.69, 0.75, 0.51, 0.05, 0.13, 0.00, 0.06, 1.21, 1.30, 0.15, 0.00, 0.00, 0.00, 1.00, 0.00, 0.00, 0.00, 0.00, 1.00, 0.00, 0.00, 0.00, 0.00, 0.00, 1.00, 0.00, 0.00, 0.00
6766, 0, 255.079, 0.88, 1, 0.00, 0.00, 0.00, 0.00, 0.00, 0.00, 0.00, 0.85, 0.88, 0.19, 0.05, 0.20, 0.00, 0.04, 1.41, 1.15, 0.16, 0.00, 0.00, 0.00, 1.00, 0.00, 0.00, 0.00, 0.00, 1.00, 0.00, 0.00, 0.00, 0.00, 0.00, 1.00, 0.00, 0.00, 1.00
6767, 0, 255.116, 0.88, 1, 0.00, 0.00, 0.00, 0.00, 0.00, 0.00, 0.00, 0.82, 1.02, 0.01, 0.42, 0.20, 0.00, 0.00, 1.85, 1.06, 0.16, 0.00, 0.00, 0.00, 1.00, 0.00, 0.00, 0.00, 0.00, 1.00, 0.00, 0.00, 0.00, 0.00, 0.00, 1.00, 1.00, 0.00, 1.00
6768, 0, 255.154, 0.88, 1, 0.00, 0.03, 0.00, 0.00, 0.00, 0.00, 0.00, 0.46, 1.10, 0.04, 0.47, 0.07, 0.00, 0.05, 1.91, 1.04, 0.01, 0.00, 0.00, 0.00, 1.00, 0.00, 0.00, 0.00, 0.00, 1.00, 0.00, 0.00, 0.00, 0.00, 0.00, 1.00, 1.00, 0.00, 1.00
6769, 0, 255.192, 0.88, 1, 0.00, 0.08, 0.00, 0.00, 0.01, 0.00, 0.00, 0.23, 1.15, 0.06, 0.47, 0.00, 0.00, 0.09, 2.18, 1.11, 0.00, 0.00, 0.00, 0.00, 1.00, 0.00, 0.00, 0.00, 0.00, 1.00, 0.00, 0.00, 0.00, 0.00, 0.00, 1.00, 1.00, 0.00, 1.00
6770, 0, 255.229, 0.88, 1, 0.00, 0.08, 0.00, 0.00, 0.02, 0.00, 0.00, 0.17, 1.17, 0.38, 0.13, 0.24, 0.00, 0.17, 1.91, 1.22, 0.00, 0.00, 0.00, 0.00, 1.00, 0.00, 0.00, 0.00, 0.00, 1.00, 0.00, 0.00, 0.00, 0.00, 0.00, 1.00, 1.00, 0.00, 1.00
6771, 0, 255.267, 0.98, 1, 0.00, 0.06, 0.00, 0.00, 0.06, 0.00, 0.00, 0.31, 1.17, 0.74, 0.04, 0.54, 0.00, 0.19, 1.40, 1.29, 0.00, 0.00, 0.00, 0.00, 1.00, 0.00, 0.00, 0.00, 0.00, 1.00, 1.00, 0.00, 1.00, 0.00, 1.00, 1.00, 1.00, 0.00, 0.00
6772, 0, 255.305, 0.98, 1, 0.00, 0.00, 0.01, 0.00, 0.11, 0.00, 0.00, 0.49, 1.15, 1.05, 0.04, 0.83, 0.00, 0.23, 0.90, 1.33, 0.00, 0.00, 0.00, 0.00, 1.00, 0.00, 0.00, 0.00, 0.00, 1.00, 1.00, 0.00, 1.00, 0.00, 1.00, 1.00, 1.00, 0.00, 0.00
6773, 0, 255.343, 0.98, 1, 0.00, 0.00, 0.01, 0.00, 0.12, 0.00, 0.00, 0.53, 1.13, 0.97, 0.00, 0.95, 0.00, 0.26, 0.80, 1.24, 0.00, 0.00, 0.00, 0.00, 1.00, 0.00, 0.00, 0.00, 0.00, 1.00, 1.00, 0.00, 1.00, 0.00, 1.00, 1.00, 1.00, 0.00, 0.00
6774, 0, 255.380, 0.98, 1, 0.00, 0.09, 0.01, 0.08, 0.09, 0.00, 0.00, 0.35, 1.07, 0.67, 0.02, 0.96, 0.00, 0.35, 0.79, 1.07, 0.00, 0.00, 0.00, 0.00, 1.00, 0.00, 0.00, 0.00, 1.00, 1.00, 1.00, 0.00, 1.00, 0.00, 1.00, 1.00, 1.00, 0.00, 0.00
6775, 0, 255.418, 0.98, 1, 0.02, 0.30, 0.14, 0.08, 0.08, 0.00, 0.00, 0.42, 1.06, 0.63, 0.18, 0.76, 0.00, 0.26, 1.03, 0.77, 0.00, 0.00, 0.00, 0.00, 1.00, 0.00, 0.00, 0.00, 1.00, 1.00, 1.00, 0.00, 1.00, 0.00, 1.00, 1.00, 1.00, 0.00, 0.00
6776, 0, 255.456, 0.98, 1, 0.03, 0.53, 0.16, 0.08, 0.05, 0.00, 0.00, 0.47, 1.05, 0.64, 0.18, 0.57, 0.04, 0.16, 1.37, 0.83, 0.00, 0.00, 0.00, 0.00, 1.00, 0.00, 0.00, 0.00, 1.00, 1.00, 1.00, 0.00, 1.00, 0.00, 1.00, 1.00, 1.00, 0.00, 0.00
6777, 0, 255.493, 0.98, 1, 0.18, 0.59, 0.16, 0.00, 0.05, 0.00, 0.00, 0.71, 1.06, 0.76, 0.30, 0.52, 0.07, 0.00, 1.76, 1.04, 0.00, 0.00, 0.00, 0.00, 1.00, 0.00, 0.00, 0.00, 1.00, 1.00, 1.00, 0.00, 1.00, 0.00, 1.00, 1.00, 1.00, 0.00, 1.00
6778, 0, 255.531, 0.98, 1, 0.19, 0.41, 0.02, 0.00, 0.00, 0.00, 0.00, 0.82, 1.06, 0.77, 0.16, 0.59, 0.07, 0.00, 1.76, 1.32, 0.00, 0.00, 0.00, 0.00, 1.00, 0.00, 0.00, 0.00, 1.00, 1.00, 1.00, 0.00, 1.00, 0.00, 1.00, 1.00, 1.00, 0.00, 1.00
6779, 0, 255.569, 0.93, 1, 0.19, 0.18, 0.00, 0.00, 0.00, 0.00, 0.00, 0.88, 1.13, 0.78, 0.16, 0.61, 0.02, 0.00, 1.68, 1.10, 0.00, 0.00, 0.00, 0.00, 1.00, 0.00, 0.00, 0.00, 1.00, 1.00, 1.00, 0.00, 1.00, 0.00, 1.00, 1.00, 1.00, 0.00, 1.00
6780, 0, 255.606, 0.88, 1, 0.12, 0.03, 0.00, 0.00, 0.00, 0.00, 0.00, 0.84, 1.04, 0.82, 0.14, 0.35, 0.09, 0.00, 1.54, 0.82, 0.00, 0.00, 0.00, 0.00, 1.00, 0.00, 0.00, 0.00, 1.00, 1.00, 1.00, 0.00, 1.00, 0.00, 1.00, 1.00, 1.00, 0.00, 1.00
6781, 0, 255.644, 0.98, 1, 0.20, 0.00, 0.00, 0.00, 0.00, 0.00, 0.00, 0.69, 0.95, 0.73, 0.40, 0.19, 0.23, 0.00, 1.71, 0.57, 0.00, 0.00, 0.00, 0.00, 1.00, 0.00, 0.00, 0.00, 1.00, 1.00, 1.00, 0.00, 0.00, 0.00, 1.00, 1.00, 0.00, 0.00, 1.00
6782, 0, 255.682, 0.98, 1, 0.32, 0.01, 0.00, 0.00, 0.00, 0.00, 0.00, 0.69, 0.77, 0.82, 0.42, 0.00, 0.26, 0.00, 1.83, 0.39, 0.00, 0.00, 0.00, 0.00, 1.00, 0.00, 0.00, 0.00, 1.00, 1.00, 1.00, 0.00, 0.00, 0.00, 1.00, 1.00, 0.00, 0.00, 1.00
6783, 0, 255.720, 0.98, 1, 0.38, 0.01, 0.00, 0.21, 0.00, 0.00, 0.00, 0.62, 0.85, 1.06, 0.30, 0.00, 0.16, 0.00, 1.88, 0.48, 0.00, 0.00, 0.00, 0.00, 1.00, 0.00, 0.00, 0.00, 0.00, 1.00, 1.00, 0.00, 0.00, 0.00, 1.00, 1.00, 0.00, 0.00, 0.00
6784, 0, 255.757, 0.98, 1, 0.30, 0.01, 0.00, 0.21, 0.00, 0.00, 0.00, 0.52, 0.90, 1.18, 0.03, 0.00, 0.03, 0.00, 1.75, 0.82, 0.00, 0.00, 0.00, 0.00, 1.00, 0.00, 0.00, 0.00, 0.00, 0.00, 0.00, 0.00, 0.00, 0.00, 1.00, 1.00, 0.00, 0.00, 0.00
6785, 0, 255.795, 0.98, 1, 0.26, 0.21, 0.00, 0.21, 0.00, 0.00, 0.00, 0.28, 0.80, 0.83, 0.00, 0.08, 0.00, 0.00, 1.71, 1.19, 0.02, 0.00, 0.00, 0.00, 1.00, 0.00, 0.00, 0.00, 0.00, 1.00, 1.00, 0.00, 0.00, 0.00, 1.00, 1.00, 1.00, 0.00, 0.00
6786, 0, 255.833, 0.98, 1, 0.25, 0.45, 0.00, 0.00, 0.00, 0.00, 0.00, 0.14, 0.62, 0.34, 0.00, 0.23, 0.00, 0.00, 1.70, 1.34, 0.07, 0.00, 0.00, 0.00, 1.00, 0.00, 0.00, 0.00, 0.00, 1.00, 1.00, 0.00, 0.00, 0.00, 1.00, 1.00, 1.00, 0.00, 0.00
6787, 0, 255.870, 0.98, 1, 0.58, 0.49, 0.05, 0.00, 0.00, 0.00, 0.00, 0.08, 0.55, 0.19, 0.00, 0.42, 0.00, 0.00, 1.56, 1.29, 0.07, 0.00, 0.00, 0.00, 1.00, 0.00, 0.00, 0.00, 0.00, 1.00, 1.00, 0.00, 0.00, 0.00, 1.00, 1.00, 1.00, 0.00, 0.00
6788, 0, 255.908, 0.93, 1, 0.66, 0.36, 0.07, 0.00, 0.00, 0.00, 0.00, 0.22, 0.70, 0.47, 0.00, 0.54, 0.00, 0.00, 1.42, 1.37, 0.05, 0.00, 0.00, 0.00, 1.00, 0.00, 0.00, 0.00, 0.00, 1.00, 1.00, 0.00, 0.00, 0.00, 1.00, 1.00, 1.00, 0.00, 0.00
6789, 0, 255.946, 0.93, 1, 0.68, 0.17, 0.12, 0.00, 0.00, 0.00, 0.00, 0.55, 0.85, 0.81, 0.32, 0.56, 0.00, 0.00, 1.51, 1.42, 0.00, 0.00, 0.00, 0.00, 1.00, 0.00, 0.00, 0.00, 0.00, 1.00, 1.00, 0.00, 0.00, 0.00, 1.00, 1.00, 1.00, 0.00, 0.00
6790, 0, 255.984, 0.98, 1, 0.58, 0.18, 0.06, 0.00, 0.00, 0.00, 0.00, 0.67, 0.74, 0.92, 0.50, 0.47, 0.05, 0.03, 1.74, 1.46, 0.00, 0.00, 0.00, 0.00, 1.00, 0.00, 0.00, 0.00, 0.00, 1.00, 1.00, 0.00, 0.00, 0.00, 1.00, 1.00, 1.00, 0.00, 0.00
6791, 0, 256.021, 0.98, 1, 0.60, 0.24, 0.04, 0.00, 0.00, 0.00, 0.00, 0.75, 0.57, 1.05, 0.56, 0.44, 0.05, 0.06, 1.75, 1.44, 0.00, 0.00, 0.00, 0.00, 1.00, 0.00, 0.00, 0.00, 0.00, 1.00, 1.00, 0.00, 0.00, 0.00, 1.00, 1.00, 1.00, 0.00, 0.00
6792, 0, 256.059, 0.98, 1, 0.62, 0.34, 0.00, 0.00, 0.00, 0.00, 0.00, 0.64, 0.39, 1.05, 0.25, 0.44, 0.05, 0.07, 1.60, 1.41, 0.00, 0.00, 0.00, 0.00, 1.00, 0.00, 0.00, 0.00, 0.00, 1.00, 1.00, 0.00, 0.00, 0.00, 1.00, 1.00, 1.00, 0.00, 0.00
6793, 0, 256.097, 0.98, 1, 0.41, 0.33, 0.00, 0.00, 0.00, 0.00, 0.00, 0.53, 0.44, 0.99, 0.08, 0.41, 0.00, 0.05, 1.39, 1.40, 0.00, 0.00, 0.00, 0.00, 1.00, 0.00, 0.00, 0.00, 0.00, 1.00, 1.00, 0.00, 0.00, 0.00, 1.00, 1.00, 1.00, 0.00, 0.00
6794, 0, 256.134, 0.98, 1, 0.24, 0.20, 0.00, 0.00, 0.00, 0.17, 0.00, 0.66, 0.59, 0.76, 0.12, 0.50, 0.02, 0.11, 1.20, 1.39, 0.00, 0.00, 0.00, 0.00, 1.00, 0.00, 0.00, 0.00, 0.00, 0.00, 1.00, 1.00, 0.00, 0.00, 1.00, 1.00, 1.00, 0.00, 0.00
6795, 0, 256.172, 0.98, 1, 0.19, 0.35, 0.00, 0.00, 0.00, 0.17, 0.00, 0.49, 0.64, 0.73, 0.37, 0.39, 0.02, 0.12, 1.11, 1.38, 0.00, 0.00, 0.00, 0.00, 1.00, 0.00, 0.00, 0.00, 0.00, 0.00, 0.00, 1.00, 0.00, 0.00, 1.00, 1.00, 1.00, 0.00, 0.00
6796, 0, 256.210, 0.93, 1, 0.14, 0.32, 0.00, 0.00, 0.00, 0.17, 0.00, 0.60, 0.60, 0.60, 0.41, 0.32, 0.02, 0.11, 1.14, 1.22, 0.00, 0.00, 0.00, 0.00, 1.00, 0.00, 0.00, 0.00, 0.00, 0.00, 0.00, 0.00, 0.00, 0.00, 1.00, 1.00, 1.00, 0.00, 0.00
6797, 0, 256.247, 0.98, 1, 0.12, 0.38, 0.00, 0.00, 0.00, 0.00, 0.00, 0.44, 0.48, 0.54, 0.36, 0.06, 0.00, 0.02, 1.29, 1.11, 0.00, 0.00, 0.00, 0.00, 1.00, 0.00, 0.00, 0.00, 0.00, 0.00, 0.00, 0.00, 0.00, 0.00, 1.00, 1.00, 1.00, 0.00, 0.00
6798, 0, 256.285, 0.98, 1, 0.00, 0.16, 0.00, 0.00, 0.00, 0.00, 0.00, 0.56, 0.56, 0.47, 0.10, 0.05, 0.00, 0.00, 1.36, 1.01, 0.00, 0.00, 0.00, 0.00, 1.00, 0.00, 0.00, 0.00, 0.00, 0.00, 1.00, 0.00, 0.00, 0.00, 1.00, 1.00, 1.00, 0.00, 0.00
6799, 0, 256.323, 0.98, 1, 0.08, 0.27, 0.00, 0.00, 0.00, 0.00, 0.00, 0.53, 0.59, 0.71, 0.07, 0.17, 0.00, 0.00, 1.27, 1.06, 0.00, 0.00, 0.00, 0.00, 1.00, 0.00, 0.00, 0.00, 0.00, 0.00, 1.00, 0.00, 0.00, 0.00, 1.00, 1.00, 0.00, 0.00, 0.00
6800, 0, 256.361, 0.98, 1, 0.25, 0.51, 0.00, 0.00, 0.00, 0.00, 0.00, 0.35, 0.70, 0.87, 0.00, 0.18, 0.00, 0.07, 1.00, 1.23, 0.00, 0.00, 0.00, 0.00, 1.00, 0.00, 0.00, 0.00, 0.00, 1.00, 1.00, 1.00, 0.00, 0.00, 1.00, 1.00, 0.00, 0.00, 0.00
6801, 0, 256.398, 0.98, 1, 0.41, 0.65, 0.00, 0.00, 0.00, 0.00, 0.00, 0.19, 0.78, 0.83, 0.00, 0.26, 0.00, 0.20, 0.82, 1.39, 0.00, 0.00, 0.00, 0.00, 1.00, 0.00, 0.00, 0.00, 0.00, 1.00, 1.00, 1.00, 0.00, 0.00, 1.00, 1.00, 0.00, 0.00, 0.00
6802, 0, 256.436, 0.98, 1, 0.43, 0.51, 0.05, 0.08, 0.00, 0.00, 0.00, 0.20, 0.86, 0.65, 0.16, 0.21, 0.00, 0.30, 0.50, 1.26, 0.00, 0.00, 0.00, 0.00, 1.00, 0.00, 0.00, 0.00, 0.00, 1.00, 1.00, 1.00, 0.00, 0.00, 1.00, 1.00, 0.00, 0.00, 0.00
6803, 0, 256.474, 0.98, 1, 0.33, 0.35, 0.05, 0.08, 0.00, 0.00, 0.00, 0.32, 0.84, 0.51, 0.21, 0.35, 0.00, 0.34, 0.42, 1.04, 0.00, 0.00, 0.00, 0.00, 1.00, 0.00, 0.00, 0.00, 0.00, 1.00, 1.00, 1.00, 0.00, 0.00, 1.00, 0.00, 0.00, 0.00, 0.00
6804, 0, 256.511, 0.98, 1, 0.19, 0.13, 0.05, 0.08, 0.00, 0.00, 0.00, 0.55, 0.77, 0.29, 0.24, 0.46, 0.00, 0.27, 0.20, 0.76, 0.00, 0.00, 0.00, 0.00, 1.00, 0.00, 0.00, 0.00, 0.00, 1.00, 1.00, 1.00, 0.00, 0.00, 1.00, 0.00, 0.00, 0.00, 0.00
6805, 0, 256.549, 0.98, 1, 0.09, 0.13, 0.00, 0.00, 0.00, 0.00, 0.00, 0.68, 0.58, 0.14, 0.08, 0.47, 0.00, 0.22, 0.40, 0.86, 0.00, 0.00, 0.00, 0.00, 1.00, 0.00, 0.00, 0.00, 0.00, 1.00, 1.00, 1.00, 0.00, 0.00, 1.00, 0.00, 0.00, 0.00, 0.00
6806, 0, 256.587, 0.98, 1, 0.02, 0.00, 0.00, 0.00, 0.00, 0.00, 0.00, 0.74, 0.48, 0.10, 0.03, 0.39, 0.00, 0.20, 0.49, 1.00, 0.00, 0.00, 0.00, 0.00, 1.00, 0.00, 0.00, 0.00, 0.00, 0.00, 1.00, 1.00, 0.00, 0.00, 1.00, 0.00, 0.00, 0.00, 0.00
6807, 0, 256.625, 0.98, 1, 0.00, 0.00, 0.00, 0.00, 0.00, 0.00, 0.00, 0.64, 0.42, 0.36, 0.00, 0.19, 0.00, 0.15, 0.44, 1.18, 0.00, 0.00, 0.00, 0.00, 1.00, 0.00, 0.00, 0.00, 0.00, 0.00, 1.00, 1.00, 1.00, 0.00, 1.00, 0.00, 0.00, 0.00, 0.00
6808, 0, 256.662, 0.98, 1, 0.00, 0.00, 0.00, 0.00, 0.00, 0.00, 0.00, 0.39, 0.43, 0.75, 0.00, 0.18, 0.00, 0.13, 0.18, 1.06, 0.00, 0.00, 0.00, 0.00, 1.00, 0.00, 0.00, 0.00, 0.00, 0.00, 1.00, 1.00, 1.00, 0.00, 1.00, 0.00, 0.00, 0.00, 0.00
6809, 0, 256.700, 0.98, 1, 0.00, 0.00, 0.00, 0.00, 0.00, 0.00, 0.00, 0.23, 0.39, 1.05, 0.00, 0.19, 0.00, 0.09, 0.00, 0.90, 0.00, 0.00, 0.00, 0.00, 1.00, 0.00, 0.00, 0.00, 0.00, 0.00, 1.00, 1.00, 0.00, 0.00, 1.00, 0.00, 0.00, 0.00, 0.00
6810, 0, 256.738, 0.98, 1, 0.07, 0.07, 0.07, 0.00, 0.05, 0.14, 0.00, 0.39, 0.27, 1.06, 0.08, 0.24, 0.00, 0.08, 0.12, 0.68, 0.00, 0.00, 0.00, 0.00, 1.00, 0.00, 0.00, 0.00, 0.00, 0.00, 1.00, 1.00, 0.00, 0.00, 1.00, 0.00, 0.00, 0.00, 0.00
6811, 0, 256.775, 0.98, 1, 0.13, 0.07, 0.07, 0.00, 0.05, 0.14, 0.00, 0.53, 0.21, 1.05, 0.12, 0.19, 0.00, 0.05, 0.26, 0.69, 0.00, 0.00, 0.00, 0.00, 1.00, 0.00, 0.00, 0.00, 0.00, 0.00, 1.00, 1.00, 0.00, 0.00, 1.00, 0.00, 0.00, 0.00, 0.00
6812, 0, 256.813, 0.98, 1, 0.19, 0.07, 0.07, 0.00, 0.05, 0.14, 0.03, 0.68, 0.19, 0.96, 0.12, 0.11, 0.00, 0.02, 0.39, 0.74, 0.00, 0.00, 0.00, 0.00, 1.00, 0.00, 0.00, 0.00, 0.00, 0.00, 1.00, 1.00, 0.00, 0.00, 1.00, 0.00, 0.00, 0.00, 0.00
6813, 0, 256.851, 0.98, 1, 0.16, 0.00, 0.00, 0.00, 0.00, 0.00, 0.03, 0.65, 0.18, 0.79, 0.04, 0.03, 0.00, 0.02, 0.51, 0.84, 0.00, 0.00, 0.00, 0.00, 1.00, 0.00, 0.00, 0.00, 0.00, 0.00, 1.00, 1.00, 0.00, 0.00, 1.00, 0.00, 0.00, 0.00, 0.00
6814, 0, 256.888, 0.93, 1, 0.16, 0.05, 0.00, 0.00, 0.00, 0.00, 0.03, 0.81, 0.15, 0.40, 0.01, 0.09, 0.09, 0.02, 0.69, 0.93, 0.06, 0.00, 0.00, 0.00, 1.00, 0.00, 0.00, 0.00, 0.00, 0.00, 0.00, 0.00, 0.00, 0.00, 1.00, 1.00, 0.00, 0.00, 0.00
6815, 0, 256.926, 0.88, 1, 0.22, 0.25, 0.00, 0.00, 0.00, 0.00, 0.01, 0.99, 0.21, 0.10, 0.41, 0.16, 0.19, 0.00, 1.21, 0.66, 0.13, 0.00, 0.00, 0.00, 1.00, 0.00, 0.00, 0.00, 0.00, 0.00, 0.00, 0.00, 0.00, 0.00, 1.00, 1.00, 0.00, 0.00, 0.00
6816, 0, 256.964, 0.88, 1, 0.28, 0.46, 0.00, 0.00, 0.00, 0.00, 0.00, 0.99, 0.34, 0.00, 0.79, 0.20, 0.20, 0.00, 1.47, 0.43, 0.30, 0.00, 0.00, 0.00, 1.00, 0.00, 0.00, 0.00, 0.00, 0.00, 0.00, 0.00, 0.00, 0.00, 1.00, 1.00, 0.00, 0.00, 0.00
6817, 0, 257.002, 0.93, 1, 0.22, 0.43, 0.00, 0.00, 0.00, 0.00, 0.00, 0.85, 0.48, 0.00, 1.22, 0.12, 0.11, 0.00, 1.79, 0.08, 0.24, 0.00, 0.00, 0.00, 1.00, 0.00, 0.00, 0.00, 0.00, 0.00, 0.00, 0.00, 0.00, 0.00, 1.00, 1.00, 0.00, 0.00, 0.00
6818, 0, 257.039, 0.93, 1, 0.10, 0.30, 0.00, 0.00, 0.00, 0.00, 0.00, 0.67, 0.46, 0.00, 1.28, 0.04, 0.01, 0.00, 1.61, 0.06, 0.29, 0.00, 0.00, 0.00, 1.00, 0.00, 0.00, 0.00, 0.00, 0.00, 0.00, 0.00, 0.00, 0.00, 1.00, 1.00, 0.00, 0.00, 0.00
6819, 0, 257.077, 0.93, 1, 0.00, 0.09, 0.00, 0.00, 0.00, 0.00, 0.00, 0.68, 0.44, 0.08, 1.54, 0.00, 0.00, 0.00, 1.49, 0.00, 0.12, 0.00, 0.00, 0.00, 1.00, 0.00, 0.00, 0.00, 0.00, 0.00, 0.00, 0.00, 0.00, 0.00, 1.00, 1.00, 0.00, 0.00, 0.00
6820, 0, 257.115, 0.98, 1, 0.16, 0.20, 0.00, 0.00, 0.00, 0.00, 0.01, 0.76, 0.35, 0.25, 1.43, 0.05, 0.00, 0.00, 1.15, 0.08, 0.12, 0.00, 0.00, 0.00, 1.00, 0.00, 0.00, 0.00, 0.00, 0.00, 0.00, 0.00, 0.00, 0.00, 0.00, 1.00, 0.00, 0.00, 0.00
6821, 0, 257.152, 0.98, 1, 0.31, 0.30, 0.00, 0.00, 0.00, 0.00, 0.01, 0.87, 0.26, 0.44, 1.40, 0.05, 0.00, 0.00, 1.01, 0.13, 0.00, 0.00, 0.00, 0.00, 1.00, 0.00, 0.00, 0.00, 0.00, 0.00, 0.00, 0.00, 0.00, 0.00, 0.00, 1.00, 0.00, 0.00, 0.00
6822, 0, 257.190, 0.98, 1, 0.53, 0.30, 0.00, 0.00, 0.00, 0.00, 0.01, 0.89, 0.11, 0.51, 0.90, 0.05, 0.00, 0.00, 0.91, 0.26, 0.00, 0.00, 0.00, 0.00, 1.00, 0.00, 0.00, 0.00, 0.00, 0.00, 0.00, 0.00, 0.00, 0.00, 0.00, 1.00, 0.00, 0.00, 0.00
6823, 0, 257.228, 0.98, 1, 0.58, 0.31, 0.00, 0.00, 0.00, 0.00, 0.00, 0.77, 0.07, 0.48, 0.74, 0.00, 0.00, 0.00, 1.04, 0.48, 0.03, 0.00, 0.00, 0.00, 1.00, 0.00, 0.00, 0.00, 0.00, 0.00, 0.00, 0.00, 0.00, 0.00, 0.00, 1.00, 0.00, 0.00, 0.00
6824, 0, 257.266, 0.98, 1, 0.76, 0.29, 0.12, 0.00, 0.00, 0.04, 0.00, 0.67, 0.15, 0.46, 0.45, 0.08, 0.00, 0.00, 1.24, 0.96, 0.03, 0.00, 0.00, 0.00, 1.00, 0.00, 0.00, 0.00, 0.00, 0.00, 0.00, 0.00, 0.00, 0.00, 0.00, 1.00, 1.00, 0.00, 0.00
6825, 0, 257.303, 0.93, 1, 0.67, 0.30, 0.12, 0.00, 0.00, 0.04, 0.00, 0.75, 0.23, 0.32, 0.29, 0.25, 0.00, 0.00, 1.58, 1.20, 0.13, 0.00, 0.00, 0.00, 1.00, 0.00, 0.00, 0.00, 0.00, 1.00, 0.00, 0.00, 0.00, 0.00, 0.00, 1.00, 1.00, 0.00, 0.00
6826, 0, 257.341, 0.98, 1, 0.59, 0.16, 0.12, 0.00, 0.00, 0.04, 0.00, 0.87, 0.27, 0.17, 0.12, 0.46, 0.00, 0.00, 1.72, 1.24, 0.24, 0.00, 0.00, 0.00, 1.00, 0.00, 0.00, 0.00, 0.00, 1.00, 0.00, 0.00, 0.00, 0.00, 0.00, 1.00, 1.00, 0.00, 0.00
6827, 0, 257.379, 0.98, 1, 0.40, 0.01, 0.00, 0.02, 0.00, 0.00, 0.01, 1.11, 0.34, 0.00, 0.00, 0.58, 0.07, 0.00, 1.74, 1.04, 0.70, 0.00, 0.00, 0.00, 1.00, 0.00, 0.00, 0.00, 1.00, 1.00, 0.00, 0.00, 0.00, 0.00, 0.00, 1.00, 1.00, 0.00, 0.00
6828, 0, 257.416, 0.88, 1, 0.27, 0.00, 0.00, 0.02, 0.00, 0.00, 0.01, 1.03, 0.51, 0.00, 0.00, 0.42, 0.07, 0.00, 1.45, 1.05, 1.17, 0.00, 0.00, 0.00, 1.00, 0.00, 0.00, 0.00, 1.00, 1.00, 0.00, 0.00, 0.00, 0.00, 0.00, 1.00, 1.00, 0.00, 0.00
6829, 0, 257.454, 0.88, 1, 0.27, 0.19, 0.00, 0.02, 0.00, 0.00, 0.10, 1.14, 0.76, 0.00, 0.00, 0.33, 0.07, 0.00, 1.10, 1.13, 1.21, 0.00, 0.00, 0.00, 1.00, 0.00, 0.00, 0.00, 1.00, 1.00, 0.00, 0.00, 0.00, 0.00, 1.00, 1.00, 1.00, 0.00, 0.00
6830, 0, 257.492, 0.88, 1, 0.24, 0.19, 0.00, 0.00, 0.00, 0.00, 0.08, 1.08, 0.78, 0.04, 0.00, 0.34, 0.00, 0.10, 0.70, 1.10, 0.81, 0.00, 0.00, 0.00, 1.00, 0.00, 0.00, 0.00, 1.00, 1.00, 0.00, 0.00, 0.00, 0.00, 1.00, 1.00, 1.00, 0.00, 0.00
6831, 0, 257.529, 0.93, 1, 0.31, 0.19, 0.00, 0.00, 0.00, 0.00, 0.08, 1.12, 0.70, 0.04, 0.00, 0.73, 0.00, 0.23, 0.37, 0.72, 0.34, 0.00, 0.00, 0.00, 1.00, 0.00, 0.00, 0.00, 1.00, 1.00, 0.00, 1.00, 0.00, 0.00, 1.00, 0.00, 0.00, 0.00, 0.00
6832, 0, 257.567, 0.88, 1, 0.22, 0.00, 0.00, 0.00, 0.00, 0.00, 0.00, 0.95, 0.55, 0.04, 0.00, 0.98, 0.00, 0.36, 0.14, 0.30, 0.22, 0.00, 0.00, 0.00, 1.00, 0.00, 0.00, 0.00, 1.00, 1.00, 0.00, 1.00, 0.00, 0.00, 1.00, 0.00, 0.00, 0.00, 0.00
6833, 0, 257.605, 0.88, 1, 0.12, 0.00, 0.00, 0.00, 0.00, 0.00, 0.02, 0.71, 0.51, 0.08, 0.00, 0.98, 0.00, 0.40, 0.00, 0.11, 0.37, 0.00, 0.00, 0.00, 1.00, 0.00, 0.00, 0.00, 1.00, 1.00, 0.00, 1.00, 0.00, 0.00, 1.00, 0.00, 0.00, 0.00, 0.00
6834, 0, 257.643, 0.88, 1, 0.11, 0.00, 0.00, 0.00, 0.00, 0.00, 0.13, 0.66, 0.44, 0.08, 0.00, 0.77, 0.00, 0.51, 0.00, 0.28, 0.31, 0.00, 0.00, 0.00, 1.00, 0.00, 0.00, 0.00, 1.00, 1.00, 0.00, 1.00, 0.00, 0.00, 1.00, 0.00, 0.00, 0.00, 0.00
6835, 0, 257.680, 0.88, 1, 0.17, 0.00, 0.00, 0.00, 0.00, 0.00, 0.38, 0.78, 0.40, 0.27, 0.00, 0.59, 0.00, 0.45, 0.00, 0.28, 0.42, 1.00, 0.00, 0.00, 1.00, 0.00, 0.00, 0.00, 1.00, 1.00, 0.00, 1.00, 0.00, 0.00, 1.00, 0.00, 0.00, 0.00, 0.00
6836, 0, 257.718, 0.98, 1, 0.31, 0.00, 0.00, 0.00, 0.00, 0.00, 0.49, 0.94, 0.49, 0.51, 0.00, 0.44, 0.00, 0.37, 0.08, 0.17, 0.22, 1.00, 0.00, 0.00, 1.00, 0.00, 0.00, 0.00, 1.00, 1.00, 0.00, 1.00, 0.00, 0.00, 1.00, 0.00, 0.00, 0.00, 0.00
6837, 0, 257.756, 0.93, 1, 0.48, 0.00, 0.00, 0.00, 0.00, 0.05, 0.59, 1.06, 0.69, 0.57, 0.00, 0.26, 0.00, 0.17, 0.31, 0.00, 0.19, 1.00, 0.00, 0.00, 1.00, 0.00, 0.00, 0.00, 1.00, 1.00, 0.00, 1.00, 0.00, 0.00, 0.00, 0.00, 0.00, 0.00, 0.00
6838, 0, 257.793, 0.93, 1, 0.53, 0.00, 0.00, 0.00, 0.00, 0.05, 0.53, 1.05, 0.84, 0.42, 0.00, 0.06, 0.00, 0.14, 0.54, 0.00, 0.08, 1.00, 0.00, 0.00, 1.00, 0.00, 1.00, 0.00, 1.00, 1.00, 0.00, 1.00, 0.00, 0.00, 1.00, 0.00, 0.00, 0.00, 0.00
6839, 0, 257.831, 0.93, 1, 0.63, 0.00, 0.00, 0.00, 0.13, 0.05, 0.64, 1.27, 0.91, 0.45, 0.00, 0.03, 0.00, 0.07, 0.56, 0.05, 0.06, 1.00, 0.00, 0.00, 1.00, 0.00, 1.00, 0.00, 1.00, 1.00, 0.00, 1.00, 0.00, 0.00, 1.00, 0.00, 0.00, 0.00, 0.00
6840, 0, 257.869, 0.93, 1, 0.56, 0.16, 0.00, 0.00, 0.17, 0.00, 0.68, 1.51, 0.84, 0.46, 0.00, 0.03, 0.00, 0.04, 0.54, 0.05, 0.04, 1.00, 0.00, 0.00, 1.00, 0.00, 1.00, 0.00, 1.00, 1.00, 0.00, 1.00, 0.00, 0.00, 1.00, 0.00, 0.00, 0.00, 0.00
6841, 0, 257.907, 0.93, 1, 0.40, 0.16, 0.00, 0.00, 0.18, 0.00, 0.64, 1.66, 0.79, 0.49, 0.18, 0.03, 0.00, 0.00, 0.61, 0.05, 0.00, 1.00, 0.00, 0.00, 1.00, 0.00, 0.00, 0.00, 1.00, 1.00, 0.00, 1.00, 0.00, 0.00, 1.00, 0.00, 0.00, 0.00, 0.00
6842, 0, 257.944, 0.93, 1, 0.21, 0.16, 0.00, 0.00, 0.12, 0.00, 0.46, 1.69, 0.70, 0.13, 0.28, 0.06, 0.00, 0.00, 0.87, 0.00, 0.00, 1.00, 0.00, 0.00, 1.00, 0.00, 0.00, 0.00, 1.00, 1.00, 0.00, 1.00, 0.00, 0.00, 1.00, 0.00, 0.00, 0.00, 0.00
6843, 0, 257.982, 0.98, 1, 0.07, 0.00, 0.00, 0.00, 0.15, 0.00, 0.26, 1.49, 0.69, 0.24, 0.61, 0.21, 0.00, 0.02, 1.05, 0.00, 0.00, 1.00, 0.00, 0.00, 1.00, 0.00, 0.00, 0.00, 1.00, 1.00, 0.00, 1.00, 0.00, 0.00, 1.00, 1.00, 0.00, 0.00, 0.00
6844, 0, 258.020, 0.98, 1, 0.10, 0.00, 0.00, 0.00, 0.20, 0.00, 0.15, 1.43, 0.70, 0.47, 0.76, 0.40, 0.00, 0.05, 1.15, 0.00, 0.00, 0.00, 0.00, 0.00, 1.00, 0.00, 0.00, 0.00, 1.00, 1.00, 0.00, 1.00, 0.00, 0.00, 1.00, 1.00, 0.00, 0.00, 0.00
6845, 0, 258.057, 0.98, 1, 0.14, 0.00, 0.00, 0.00, 0.20, 0.00, 0.09, 1.42, 0.61, 0.47, 0.74, 0.33, 0.06, 0.05, 1.27, 0.00, 0.00, 0.00, 0.00, 0.00, 1.00, 0.00, 0.00, 0.00, 1.00, 1.00, 0.00, 1.00, 0.00, 0.00, 1.00, 1.00, 0.00, 0.00, 0.00
6846, 0, 258.095, 0.98, 1, 0.32, 0.00, 0.00, 0.00, 0.17, 0.08, 0.07, 1.57, 0.56, 0.36, 0.53, 0.18, 0.07, 0.02, 1.33, 0.00, 0.00, 1.00, 0.00, 1.00, 1.00, 0.00, 1.00, 0.00, 1.00, 1.00, 0.00, 1.00, 0.00, 0.00, 1.00, 1.00, 0.00, 0.00, 0.00
6847, 0, 258.133, 0.98, 1, 0.56, 0.00, 0.00, 0.00, 0.11, 0.08, 0.19, 1.80, 0.50, 0.33, 0.34, 0.00, 0.07, 0.00, 1.44, 0.02, 0.00, 1.00, 0.00, 1.00, 1.00, 0.00, 1.00, 0.00, 1.00, 1.00, 0.00, 1.00, 0.00, 0.00, 1.00, 1.00, 0.00, 0.00, 0.00
6848, 0, 258.170, 0.98, 1, 0.63, 0.00, 0.01, 0.00, 0.13, 0.19, 0.31, 1.90, 0.67, 0.64, 0.26, 0.00, 0.10, 0.00, 1.37, 0.11, 0.03, 1.00, 0.00, 1.00, 1.00, 0.00, 1.00, 0.00, 1.00, 1.00, 0.00, 1.00, 0.00, 0.00, 1.00, 1.00, 0.00, 0.00, 0.00
6849, 0, 258.208, 0.98, 1, 0.43, 0.00, 0.06, 0.00, 0.20, 0.11, 0.37, 1.96, 0.96, 1.04, 0.44, 0.07, 0.11, 0.02, 1.49, 0.11, 0.03, 1.00, 0.00, 1.00, 1.00, 0.00, 1.00, 0.00, 1.00, 1.00, 1.00, 1.00, 0.00, 0.00, 1.00, 1.00, 0.00, 0.00, 0.00
6850, 0, 258.246, 0.98, 1, 0.41, 0.08, 0.06, 0.00, 0.33, 0.11, 0.26, 1.96, 1.06, 1.10, 0.29, 0.21, 0.11, 0.04, 1.28, 0.16, 0.03, 1.00, 0.00, 1.00, 1.00, 0.00, 1.00, 0.00, 1.00, 1.00, 1.00, 1.00, 0.00, 0.00, 1.00, 1.00, 0.00, 0.00, 0.00
6851, 0, 258.284, 0.98, 1, 0.42, 0.09, 0.05, 0.00, 0.31, 0.00, 0.13, 1.78, 1.03, 1.47, 0.29, 0.21, 0.03, 0.09, 0.97, 0.18, 0.00, 1.00, 0.00, 1.00, 1.00, 0.00, 0.00, 0.00, 1.00, 1.00, 1.00, 1.00, 0.00, 0.00, 1.00, 0.00, 0.00, 0.00, 0.00
6852, 0, 258.321, 0.98, 1, 0.58, 0.09, 0.00, 0.00, 0.30, 0.00, 0.04, 1.64, 0.89, 1.57, 0.00, 0.21, 0.27, 0.13, 0.52, 0.18, 0.08, 1.00, 0.00, 0.00, 1.00, 0.00, 0.00, 0.00, 1.00, 1.00, 1.00, 1.00, 0.00, 0.00, 1.00, 0.00, 0.00, 0.00, 0.00
6853, 0, 258.359, 0.98, 1, 0.46, 0.01, 0.00, 0.00, 0.25, 0.00, 0.00, 1.47, 0.88, 1.61, 0.00, 0.26, 0.56, 0.12, 0.21, 0.10, 0.11, 1.00, 0.00, 0.00, 1.00, 0.00, 0.00, 0.00, 1.00, 1.00, 1.00, 1.00, 0.00, 0.00, 1.00, 0.00, 0.00, 0.00, 0.00
6854, 0, 258.397, 0.98, 1, 0.42, 0.00, 0.00, 0.00, 0.20, 0.00, 0.06, 1.60, 0.77, 0.93, 0.29, 0.70, 0.95, 0.12, 0.28, 0.00, 0.11, 1.00, 0.00, 0.00, 1.00, 0.00, 0.00, 0.00, 1.00, 1.00, 1.00, 1.00, 0.00, 0.00, 1.00, 0.00, 0.00, 0.00, 0.00
6855, 0, 258.434, 0.93, 1, 0.31, 0.00, 0.00, 0.00, 0.17, 0.00, 0.06, 1.68, 0.67, 0.41, 0.29, 0.75, 0.72, 0.16, 0.49, 0.00, 0.03, 1.00, 0.00, 0.00, 1.00, 0.00, 0.00, 0.00, 1.00, 1.00, 0.00, 1.00, 0.00, 0.00, 1.00, 0.00, 0.00, 0.00, 0.00
6856, 0, 258.472, 0.98, 1, 0.24, 0.00, 0.00, 0.00, 0.17, 0.00, 0.06, 1.73, 0.65, 0.08, 0.29, 0.68, 0.47, 0.22, 0.84, 0.00, 0.00, 1.00, 0.00, 0.00, 1.00, 0.00, 0.00, 0.00, 1.00, 1.00, 0.00, 1.00, 0.00, 0.00, 1.00, 0.00, 0.00, 0.00, 0.00
6857, 0, 258.510, 0.98, 1, 0.15, 0.00, 0.00, 0.00, 0.22, 0.00, 0.07, 1.44, 0.84, 0.08, 0.00, 0.25, 0.09, 0.19, 0.75, 0.00, 0.00, 0.00, 0.00, 0.00, 1.00, 0.00, 0.00, 0.00, 1.00, 1.00, 0.00, 1.00, 0.00, 0.00, 1.00, 0.00, 0.00, 0.00, 0.00
6858, 0, 258.548, 0.98, 1, 0.12, 0.00, 0.00, 0.00, 0.17, 0.00, 0.07, 1.38, 0.95, 0.38, 0.00, 0.14, 0.05, 0.12, 0.61, 0.00, 0.00, 0.00, 0.00, 0.00, 1.00, 0.00, 0.00, 0.00, 1.00, 1.00, 0.00, 1.00, 0.00, 0.00, 1.00, 0.00, 0.00, 0.00, 0.00
6859, 0, 258.585, 0.98, 1, 0.08, 0.00, 0.00, 0.00, 0.11, 0.00, 0.07, 1.58, 1.08, 0.57, 0.00, 0.17, 0.00, 0.13, 0.53, 0.00, 0.00, 0.00, 0.00, 0.00, 1.00, 0.00, 0.00, 0.00, 1.00, 1.00, 0.00, 1.00, 0.00, 0.00, 1.00, 0.00, 0.00, 0.00, 0.00
6860, 0, 258.623, 0.98, 1, 0.03, 0.00, 0.00, 0.00, 0.20, 0.12, 0.01, 1.75, 0.96, 0.57, 0.40, 0.56, 0.32, 0.13, 1.08, 0.00, 0.00, 0.00, 1.00, 0.00, 1.00, 0.00, 0.00, 0.00, 1.00, 1.00, 0.00, 1.00, 0.00, 0.00, 1.00, 0.00, 0.00, 0.00, 0.00
6861, 0, 258.661, 0.98, 1, 0.00, 0.00, 0.00, 0.00, 0.26, 0.12, 0.01, 1.52, 0.97, 0.22, 0.82, 0.92, 0.32, 0.16, 1.24, 0.00, 0.00, 0.00, 1.00, 0.00, 1.00, 0.00, 0.00, 0.00, 1.00, 1.00, 0.00, 1.00, 0.00, 0.00, 1.00, 0.00, 0.00, 0.00, 0.00
6862, 0, 258.698, 0.98, 1, 0.00, 0.00, 0.00, 0.00, 0.34, 0.12, 0.00, 1.10, 0.92, 0.00, 1.15, 1.21, 0.32, 0.16, 1.20, 0.00, 0.01, 1.00, 1.00, 0.00, 1.00, 0.00, 0.00, 0.00, 1.00, 1.00, 0.00, 0.00, 1.00, 0.00, 1.00, 0.00, 0.00, 0.00, 0.00
6863, 0, 258.736, 0.98, 1, 0.02, 0.00, 0.00, 0.00, 0.26, 0.00, 0.00, 0.92, 0.96, 0.19, 0.86, 1.13, 0.00, 0.30, 0.81, 0.00, 0.01, 0.00, 1.00, 0.00, 1.00, 0.00, 0.00, 0.00, 1.00, 1.00, 0.00, 0.00, 1.00, 0.00, 1.00, 0.00, 0.00, 0.00, 0.00
6864, 0, 258.774, 0.98, 1, 0.05, 0.00, 0.00, 0.00, 0.22, 0.00, 0.00, 1.17, 1.01, 0.75, 0.55, 1.38, 0.00, 0.34, 0.78, 0.00, 0.01, 0.00, 1.00, 0.00, 1.00, 1.00, 1.00, 0.00, 1.00, 1.00, 0.00, 0.00, 1.00, 0.00, 1.00, 1.00, 0.00, 0.00, 0.00
6865, 0, 258.811, 0.98, 1, 0.05, 0.08, 0.00, 0.00, 0.22, 0.04, 0.00, 1.41, 1.01, 1.05, 0.45, 1.28, 0.00, 0.25, 1.16, 0.00, 0.00, 0.00, 1.00, 0.00, 1.00, 0.00, 0.00, 0.00, 1.00, 1.00, 0.00, 0.00, 1.00, 0.00, 1.00, 1.00, 0.00, 0.00, 0.00
6866, 0, 258.849, 0.98, 1, 0.03, 0.08, 0.00, 0.00, 0.25, 0.14, 0.00, 1.56, 1.14, 1.36, 0.50, 1.15, 0.00, 0.11, 1.51, 0.02, 0.00, 0.00, 1.00, 0.00, 1.00, 0.00, 0.00, 0.00, 1.00, 1.00, 1.00, 0.00, 0.00, 0.00, 1.00, 1.00, 0.00, 0.00, 0.00
6867, 0, 258.887, 0.98, 1, 0.00, 0.24, 0.00, 0.00, 0.24, 0.14, 0.00, 1.62, 1.22, 1.13, 0.65, 0.70, 0.00, 0.00, 1.80, 0.11, 0.03, 0.00, 1.00, 0.00, 1.00, 0.00, 0.00, 0.00, 1.00, 1.00, 1.00, 0.00, 0.00, 0.00, 1.00, 1.00, 0.00, 0.00, 0.00
6868, 0, 258.925, 0.93, 1, 0.00, 0.16, 0.00, 0.00, 0.14, 0.10, 0.00, 1.70, 1.44, 1.25, 0.69, 0.48, 0.00, 0.00, 1.80, 0.20, 0.07, 0.00, 0.00, 0.00, 1.00, 0.00, 0.00, 0.00, 1.00, 1.00, 1.00, 0.00, 0.00, 0.00, 1.00, 1.00, 0.00, 0.00, 0.00
6869, 0, 258.962, 0.98, 1, 0.00, 0.16, 0.00, 0.00, 0.13, 0.00, 0.00, 1.83, 1.57, 1.21, 0.78, 0.29, 0.00, 0.00, 1.80, 0.18, 0.09, 0.00, 0.00, 0.00, 1.00, 1.00, 0.00, 0.00, 1.00, 1.00, 1.00, 0.00, 0.00, 0.00, 1.00, 1.00, 0.00, 0.00, 0.00
6870, 0, 259.000, 0.98, 1, 0.01, 0.00, 0.00, 0.00, 0.25, 0.13, 0.00, 1.67, 1.53, 1.03, 0.60, 0.30, 0.00, 0.00, 1.56, 0.09, 0.16, 0.00, 0.00, 0.00, 1.00, 1.00, 0.00, 0.00, 1.00, 1.00, 1.00, 0.00, 0.00, 0.00, 1.00, 1.00, 0.00, 0.00, 0.00
6871, 0, 259.038, 0.98, 1, 0.01, 0.00, 0.00, 0.00, 0.38, 0.13, 0.00, 1.37, 1.39, 0.80, 0.33, 0.41, 0.00, 0.00, 1.38, 0.00, 0.11, 0.00, 0.00, 0.00, 1.00, 1.00, 0.00, 0.00, 1.00, 1.00, 0.00, 0.00, 0.00, 0.00, 1.00, 1.00, 0.00, 0.00, 0.00
6872, 0, 259.075, 0.98, 1, 0.03, 0.00, 0.00, 0.00, 0.37, 0.21, 0.00, 1.19, 1.24, 0.59, 0.08, 0.65, 0.00, 0.00, 1.17, 0.00, 0.27, 0.00, 0.00, 0.00, 1.00, 1.00, 0.00, 0.00, 1.00, 1.00, 0.00, 0.00, 0.00, 0.00, 1.00, 1.00, 0.00, 0.00, 0.00
6873, 0, 259.113, 0.93, 1, 0.01, 0.00, 0.00, 0.00, 0.32, 0.08, 0.00, 1.17, 1.21, 0.61, 0.00, 0.57, 0.00, 0.00, 1.31, 0.00, 0.34, 0.00, 0.00, 0.00, 1.00, 1.00, 0.00, 0.00, 1.00, 1.00, 0.00, 0.00, 0.00, 0.00, 1.00, 1.00, 0.00, 0.00, 0.00
6874, 0, 259.151, 0.98, 1, 0.01, 0.00, 0.00, 0.00, 0.30, 0.08, 0.00, 1.21, 1.21, 0.59, 0.00, 0.46, 0.00, 0.00, 1.36, 0.00, 0.48, 0.00, 0.00, 0.00, 1.00, 1.00, 1.00, 0.00, 1.00, 1.00, 0.00, 0.00, 0.00, 0.00, 1.00, 1.00, 0.00, 0.00, 0.00
6875, 0, 259.189, 0.98, 1, 0.00, 0.00, 0.00, 0.00, 0.40, 0.00, 0.00, 1.07, 1.23, 0.48, 0.00, 0.39, 0.00, 0.00, 1.60, 0.13, 0.35, 0.00, 0.00, 0.00, 1.00, 1.00, 1.00, 0.00, 1.00, 1.00, 0.00, 0.00, 0.00, 0.00, 1.00, 1.00, 0.00, 0.00, 0.00
6876, 0, 259.226, 0.98, 1, 0.00, 0.00, 0.00, 0.00, 0.47, 0.00, 0.00, 0.97, 1.33, 0.46, 0.00, 0.31, 0.06, 0.00, 1.62, 0.42, 0.26, 0.00, 0.00, 0.00, 1.00, 1.00, 1.00, 0.00, 1.00, 1.00, 0.00, 0.00, 0.00, 0.00, 0.00, 1.00, 1.00, 0.00, 0.00
6877, 0, 259.264, 0.98, 1, 0.00, 0.00, 0.00, 0.00, 0.56, 0.00, 0.00, 0.96, 1.40, 0.31, 0.00, 0.29, 0.17, 0.00, 1.65, 0.64, 0.22, 0.00, 0.00, 0.00, 1.00, 1.00, 1.00, 0.00, 1.00, 1.00, 0.00, 0.00, 0.00, 0.00, 0.00, 1.00, 1.00, 0.00, 0.00
6878, 0, 259.302, 0.98, 1, 0.13, 0.07, 0.00, 0.00, 0.52, 0.00, 0.00, 1.13, 1.47, 0.16, 0.00, 0.12, 0.17, 0.00, 1.67, 0.67, 0.28, 0.00, 1.00, 0.00, 1.00, 1.00, 0.00, 0.00, 1.00, 1.00, 0.00, 0.00, 0.00, 0.00, 0.00, 1.00, 1.00, 0.00, 0.00
6879, 0, 259.339, 0.93, 1, 0.13, 0.07, 0.00, 0.00, 0.38, 0.00, 0.00, 1.22, 1.46, 0.07, 0.00, 0.23, 0.11, 0.00, 1.78, 0.38, 0.47, 0.00, 1.00, 0.00, 1.00, 1.00, 0.00, 0.00, 1.00, 1.00, 0.00, 0.00, 0.00, 0.00, 0.00, 1.00, 1.00, 0.00, 0.00
6880, 0, 259.377, 0.88, 1, 0.13, 0.16, 0.00, 0.00, 0.25, 0.00, 0.00, 1.20, 1.59, 0.11, 0.07, 0.62, 0.18, 0.00, 1.77, 0.31, 0.65, 0.00, 0.00, 0.00, 1.00, 0.00, 0.00, 0.00, 1.00, 1.00, 0.00, 0.00, 0.00, 0.00, 0.00, 1.00, 0.00, 0.00, 0.00
6881, 0, 259.415, 0.88, 1, 0.00, 0.33, 0.00, 0.00, 0.18, 0.00, 0.00, 1.06, 1.65, 0.10, 0.07, 1.02, 0.23, 0.00, 1.90, 0.42, 0.63, 0.00, 0.00, 0.00, 1.00, 0.00, 0.00, 0.00, 1.00, 1.00, 0.00, 0.00, 0.00, 0.00, 0.00, 1.00, 0.00, 0.00, 0.00
6882, 0, 259.452, 0.88, 1, 0.00, 0.33, 0.00, 0.00, 0.16, 0.00, 0.00, 0.94, 1.73, 0.25, 0.08, 1.09, 0.53, 0.00, 1.75, 0.42, 0.50, 0.00, 0.00, 0.00, 1.00, 0.00, 0.00, 0.00, 1.00, 1.00, 0.00, 0.00, 0.00, 0.00, 0.00, 1.00, 0.00, 0.00, 0.00
6883, 0, 259.490, 0.93, 1, 0.00, 0.25, 0.00, 0.00, 0.23, 0.13, 0.01, 0.81, 1.66, 0.41, 0.01, 0.82, 0.56, 0.00, 1.86, 0.51, 0.21, 0.00, 0.00, 0.00, 1.00, 0.00, 0.00, 0.00, 1.00, 1.00, 0.00, 0.00, 0.00, 0.00, 1.00, 1.00, 0.00, 0.00, 0.00
6884, 0, 259.528, 0.98, 1, 0.01, 0.00, 0.00, 0.00, 0.40, 0.23, 0.08, 0.84, 1.60, 0.45, 0.14, 0.53, 0.67, 0.00, 1.76, 0.65, 0.13, 0.00, 0.00, 0.00, 1.00, 0.00, 0.00, 0.00, 1.00, 1.00, 0.00, 0.00, 1.00, 0.00, 1.00, 1.00, 1.00, 0.00, 0.00
6885, 0, 259.566, 0.98, 1, 0.16, 0.00, 0.00, 0.00, 0.55, 0.23, 0.08, 1.27, 1.61, 0.47, 0.16, 0.76, 0.38, 0.00, 1.95, 0.77, 0.00, 0.00, 0.00, 0.00, 1.00, 0.00, 0.00, 0.00, 1.00, 1.00, 0.00, 0.00, 1.00, 0.00, 1.00, 1.00, 1.00, 0.00, 0.00
6886, 0, 259.603, 0.98, 1, 0.31, 0.00, 0.00, 0.00, 0.57, 0.10, 0.07, 1.71, 1.66, 0.50, 0.23, 0.95, 0.18, 0.00, 2.06, 0.73, 0.00, 0.00, 0.00, 0.00, 1.00, 0.00, 1.00, 0.00, 1.00, 1.00, 0.00, 0.00, 1.00, 0.00, 1.00, 1.00, 1.00, 0.00, 0.00
6887, 0, 259.641, 0.98, 1, 0.37, 0.00, 0.00, 0.00, 0.54, 0.00, 0.00, 1.92, 1.78, 0.59, 0.19, 1.27, 0.17, 0.00, 1.84, 0.84, 0.00, 0.00, 0.00, 0.00, 1.00, 0.00, 1.00, 0.00, 1.00, 1.00, 0.00, 0.00, 1.00, 0.00, 1.00, 1.00, 1.00, 0.00, 0.00
6888, 0, 259.679, 0.88, 1, 0.25, 0.15, 0.00, 0.00, 0.46, 0.00, 0.00, 1.72, 1.77, 0.42, 0.14, 1.10, 0.19, 0.00, 1.58, 1.03, 0.00, 0.00, 0.00, 0.00, 1.00, 0.00, 1.00, 0.00, 1.00, 1.00, 0.00, 0.00, 1.00, 0.00, 1.00, 1.00, 1.00, 0.00, 0.00
6889, 0, 259.716, 0.93, 1, 0.12, 0.24, 0.00, 0.00, 0.41, 0.00, 0.00, 1.41, 1.71, 0.19, 0.30, 0.90, 0.25, 0.00, 1.32, 0.87, 0.21, 0.00, 0.00, 0.00, 1.00, 0.00, 0.00, 0.00, 1.00, 1.00, 0.00, 1.00, 1.00, 0.00, 0.00, 1.00, 1.00, 0.00, 0.00
6890, 0, 259.754, 0.88, 1, 0.15, 0.24, 0.00, 0.12, 0.40, 0.00, 0.00, 1.53, 1.65, 0.05, 0.63, 0.50, 0.10, 0.00, 1.78, 0.41, 0.28, 0.00, 0.00, 0.00, 1.00, 0.00, 1.00, 0.00, 1.00, 1.00, 0.00, 1.00, 1.00, 0.00, 0.00, 1.00, 1.00, 0.00, 1.00
6891, 0, 259.792, 0.88, 1, 0.11, 0.09, 0.00, 0.12, 0.36, 0.00, 0.00, 1.63, 1.68, 0.00, 0.98, 0.40, 0.06, 0.00, 2.23, 0.38, 0.48, 0.00, 0.00, 0.00, 1.00, 0.00, 1.00, 0.00, 1.00, 1.00, 0.00, 0.00, 0.00, 0.00, 0.00, 1.00, 1.00, 0.00, 1.00
6892, 0, 259.830, 0.88, 1, 0.09, 0.00, 0.00, 0.12, 0.34, 0.00, 0.00, 1.83, 1.72, 0.00, 0.80, 0.30, 0.00, 0.00, 2.55, 0.63, 0.48, 0.00, 0.00, 0.00, 1.00, 0.00, 1.00, 0.00, 1.00, 1.00, 0.00, 0.00, 0.00, 0.00, 0.00, 1.00, 1.00, 0.00, 1.00
6893, 0, 259.867, 0.88, 1, 0.00, 0.00, 0.00, 0.00, 0.21, 0.00, 0.04, 1.59, 1.69, 0.00, 0.56, 0.32, 0.09, 0.00, 2.35, 0.73, 0.70, 0.00, 0.00, 0.00, 1.00, 0.00, 0.00, 0.00, 1.00, 1.00, 0.00, 0.00, 0.00, 0.00, 0.00, 1.00, 1.00, 0.00, 1.00
6894, 0, 259.905, 0.88, 1, 0.00, 0.00, 0.00, 0.00, 0.21, 0.00, 0.06, 1.19, 1.66, 0.03, 0.29, 0.24, 0.20, 0.00, 2.21, 0.62, 0.78, 0.00, 0.00, 0.00, 1.00, 0.00, 0.00, 0.00, 1.00, 1.00, 0.00, 0.00, 0.00, 0.00, 0.00, 1.00, 1.00, 0.00, 1.00
6895, 0, 259.943, 0.88, 1, 0.00, 0.00, 0.00, 0.00, 0.14, 0.00, 0.10, 0.98, 1.62, 0.11, 0.25, 0.30, 0.20, 0.00, 2.09, 0.69, 0.71, 0.00, 0.00, 0.00, 1.00, 0.00, 0.00, 0.00, 1.00, 1.00, 0.00, 0.00, 0.00, 0.00, 0.00, 1.00, 1.00, 0.00, 1.00
6896, 0, 259.980, 0.98, 1, 0.00, 0.00, 0.00, 0.00, 0.11, 0.00, 0.06, 0.99, 1.61, 0.18, 0.08, 0.26, 0.11, 0.00, 2.33, 0.90, 0.60, 0.00, 0.00, 0.00, 1.00, 0.00, 0.00, 0.00, 1.00, 1.00, 1.00, 0.00, 0.00, 0.00, 0.00, 1.00, 1.00, 0.00, 1.00
6897, 0, 260.018, 0.98, 1, 0.00, 0.00, 0.00, 0.00, 0.12, 0.00, 0.04, 1.24, 1.63, 0.24, 0.00, 0.24, 0.00, 0.00, 2.47, 0.98, 0.57, 0.00, 0.00, 0.00, 1.00, 0.00, 0.00, 0.00, 1.00, 1.00, 1.00, 0.00, 0.00, 0.00, 0.00, 1.00, 1.00, 0.00, 1.00
6898, 0, 260.056, 0.93, 1, 0.00, 0.00, 0.00, 0.00, 0.14, 0.00, 0.00, 1.22, 1.72, 0.34, 0.00, 0.08, 0.00, 0.00, 2.61, 0.89, 0.63, 0.00, 0.00, 0.00, 1.00, 0.00, 0.00, 0.00, 1.00, 1.00, 1.00, 0.00, 0.00, 0.00, 0.00, 1.00, 0.00, 0.00, 1.00
6899, 0, 260.093, 0.98, 1, 0.00, 0.00, 0.00, 0.00, 0.23, 0.09, 0.00, 1.24, 1.78, 0.30, 0.00, 0.07, 0.03, 0.00, 2.53, 0.75, 0.74, 0.00, 0.00, 0.00, 1.00, 0.00, 0.00, 0.00, 1.00, 1.00, 1.00, 0.00, 0.00, 0.00, 0.00, 1.00, 0.00, 0.00, 1.00
6900, 0, 260.131, 0.98, 1, 0.00, 0.00, 0.00, 0.00, 0.15, 0.09, 0.00, 1.44, 1.76, 0.60, 0.00, 0.04, 0.03, 0.00, 2.37, 0.51, 0.63, 0.00, 0.00, 0.00, 1.00, 0.00, 0.00, 0.00, 1.00, 1.00, 1.00, 0.00, 0.00, 0.00, 0.00, 1.00, 0.00, 0.00, 1.00
6901, 0, 260.169, 0.98, 1, 0.00, 0.00, 0.00, 0.00, 0.12, 0.09, 0.00, 1.68, 1.69, 0.79, 0.09, 0.04, 0.03, 0.00, 2.10, 0.22, 0.59, 0.00, 0.00, 0.00, 1.00, 0.00, 0.00, 0.00, 1.00, 1.00, 1.00, 0.00, 0.00, 0.00, 0.00, 1.00, 0.00, 0.00, 1.00
6902, 0, 260.207, 0.98, 1, 0.00, 0.00, 0.00, 0.00, 0.00, 0.00, 0.00, 1.81, 1.70, 1.16, 0.09, 0.04, 0.00, 0.00, 1.70, 0.00, 0.40, 0.00, 0.00, 0.00, 1.00, 0.00, 0.00, 0.00, 1.00, 1.00, 1.00, 0.00, 0.00, 0.00, 0.00, 1.00, 0.00, 0.00, 1.00
6903, 0, 260.244, 0.98, 1, 0.00, 0.00, 0.00, 0.00, 0.00, 0.00, 0.00, 1.81, 1.73, 1.20, 0.09, 0.00, 0.00, 0.00, 1.57, 0.13, 0.35, 0.00, 0.00, 0.00, 1.00, 0.00, 0.00, 0.00, 1.00, 1.00, 1.00, 0.00, 0.00, 0.00, 0.00, 1.00, 0.00, 0.00, 1.00
6904, 0, 260.282, 0.98, 1, 0.00, 0.00, 0.00, 0.00, 0.00, 0.00, 0.00, 1.85, 1.76, 1.35, 0.00, 0.00, 0.00, 0.00, 1.53, 0.25, 0.34, 0.00, 0.00, 0.00, 1.00, 0.00, 0.00, 0.00, 1.00, 1.00, 1.00, 0.00, 0.00, 0.00, 0.00, 1.00, 0.00, 0.00, 1.00
6905, 0, 260.320, 0.98, 1, 0.00, 0.00, 0.00, 0.00, 0.04, 0.00, 0.00, 1.78, 1.61, 0.95, 0.48, 0.11, 0.18, 0.00, 1.76, 0.36, 0.37, 0.00, 0.00, 0.00, 1.00, 0.00, 0.00, 0.00, 1.00, 1.00, 1.00, 0.00, 0.00, 0.00, 0.00, 1.00, 0.00, 0.00, 1.00
6906, 0, 260.357, 0.98, 1, 0.00, 0.00, 0.00, 0.00, 0.06, 0.00, 0.00, 1.59, 1.46, 0.52, 0.88, 0.20, 0.30, 0.00, 1.80, 0.34, 0.44, 0.00, 0.00, 0.00, 1.00, 0.00, 0.00, 0.00, 1.00, 1.00, 1.00, 0.00, 0.00, 0.00, 0.00, 1.00, 0.00, 0.00, 1.00
6907, 0, 260.395, 0.98, 1, 0.00, 0.00, 0.00, 0.00, 0.06, 0.00, 0.00, 1.43, 1.26, 0.00, 1.25, 0.20, 0.45, 0.00, 1.79, 0.22, 0.31, 0.00, 0.00, 0.00, 1.00, 0.00, 0.00, 0.00, 1.00, 1.00, 1.00, 0.00, 0.00, 0.00, 0.00, 1.00, 0.00, 0.00, 1.00
6908, 0, 260.433, 0.98, 1, 0.00, 0.00, 0.00, 0.04, 0.03, 0.00, 0.00, 1.30, 1.11, 0.25, 0.94, 0.09, 0.60, 0.00, 1.67, 0.11, 0.47, 0.00, 0.00, 0.00, 1.00, 0.00, 0.00, 0.00, 1.00, 0.00, 0.00, 1.00, 0.00, 0.00, 0.00, 1.00, 0.00, 0.00, 1.00
6909, 0, 260.471, 0.98, 1, 0.00, 0.00, 0.00, 0.12, 0.03, 0.00, 0.00, 1.35, 1.03, 0.44, 0.74, 0.03, 0.70, 0.00, 1.59, 0.04, 0.53, 0.00, 0.00, 0.00, 1.00, 0.00, 0.00, 0.00, 1.00, 0.00, 0.00, 1.00, 0.00, 0.00, 0.00, 1.00, 0.00, 0.00, 0.00
6910, 0, 260.508, 0.98, 1, 0.00, 0.00, 0.00, 0.12, 0.12, 0.00, 0.00, 1.28, 1.09, 0.51, 0.47, 0.03, 0.55, 0.00, 1.49, 0.04, 0.50, 0.00, 0.00, 0.00, 1.00, 0.00, 0.00, 0.00, 1.00, 1.00, 0.00, 1.00, 0.00, 0.00, 0.00, 1.00, 0.00, 0.00, 0.00
6911, 0, 260.546, 0.98, 1, 0.00, 0.00, 0.00, 0.08, 0.14, 0.00, 0.00, 1.15, 1.23, 0.31, 0.29, 0.02, 0.22, 0.00, 1.27, 0.04, 0.22, 0.00, 0.00, 0.00, 1.00, 0.00, 0.00, 0.00, 1.00, 1.00, 0.00, 1.00, 0.00, 0.00, 0.00, 1.00, 0.00, 0.00, 0.00
6912, 0, 260.584, 0.98, 1, 0.00, 0.00, 0.00, 0.00, 0.17, 0.00, 0.00, 0.86, 1.26, 0.11, 0.10, 0.00, 0.07, 0.00, 1.13, 0.00, 0.15, 0.00, 0.00, 0.00, 1.00, 0.00, 0.00, 0.00, 1.00, 1.00, 0.00, 0.00, 0.00, 0.00, 0.00, 1.00, 0.00, 0.00, 0.00
6913, 0, 260.621, 0.98, 1, 0.00, 0.00, 0.00, 0.21, 0.12, 0.00, 0.00, 0.70, 1.19, 0.22, 0.00, 0.00, 0.07, 0.00, 1.09, 0.00, 0.19, 0.00, 0.00, 0.00, 1.00, 0.00, 0.00, 0.00, 1.00, 1.00, 0.00, 0.00, 0.00, 0.00, 0.00, 1.00, 0.00, 0.00, 0.00
6914, 0, 260.659, 0.88, 1, 0.00, 0.00, 0.00, 0.21, 0.10, 0.00, 0.04, 0.62, 1.06, 0.48, 0.03, 0.00, 0.07, 0.00, 1.27, 0.08, 0.67, 0.00, 0.00, 0.00, 1.00, 0.00, 0.00, 0.00, 1.00, 1.00, 0.00, 0.00, 0.00, 0.00, 0.00, 1.00, 0.00, 0.00, 1.00
6915, 0, 260.697, 0.88, 1, 0.30, 0.03, 0.00, 0.21, 0.05, 0.00, 0.04, 0.72, 0.96, 0.53, 0.03, 0.00, 0.00, 0.00, 1.58, 0.18, 0.56, 0.00, 0.00, 0.00, 1.00, 0.00, 0.00, 0.00, 1.00, 1.00, 0.00, 0.00, 0.00, 0.00, 0.00, 1.00, 0.00, 0.00, 1.00
6916, 0, 260.734, 0.88, 1, 0.61, 0.15, 0.00, 0.00, 0.00, 0.00, 0.04, 0.79, 0.95, 0.48, 0.03, 0.00, 0.00, 0.00, 1.85, 0.35, 0.51, 0.00, 0.00, 0.00, 1.00, 0.00, 0.00, 0.00, 1.00, 1.00, 0.00, 0.00, 0.00, 0.00, 0.00, 1.00, 0.00, 0.00, 1.00
6917, 0, 260.772, 0.88, 1, 0.66, 0.15, 0.00, 0.00, 0.00, 0.00, 0.00, 0.99, 0.92, 0.42, 0.00, 0.00, 0.07, 0.00, 1.96, 0.31, 0.11, 0.00, 0.00, 0.00, 1.00, 0.00, 0.00, 0.00, 1.00, 1.00, 1.00, 0.00, 0.00, 0.00, 0.00, 1.00, 0.00, 0.00, 1.00
6918, 0, 260.810, 0.88, 1, 0.36, 0.14, 0.00, 0.00, 0.01, 0.00, 0.05, 1.13, 0.99, 0.71, 0.00, 0.00, 0.15, 0.00, 1.73, 0.23, 0.07, 0.00, 0.00, 0.00, 1.00, 0.00, 0.00, 0.00, 1.00, 1.00, 1.00, 0.00, 0.00, 0.00, 0.00, 1.00, 0.00, 0.00, 1.00
6919, 0, 260.848, 0.88, 1, 0.05, 0.02, 0.00, 0.00, 0.12, 0.00, 0.05, 1.59, 1.08, 0.89, 0.12, 0.08, 0.18, 0.00, 1.60, 0.25, 0.07, 0.00, 0.00, 0.00, 1.00, 0.00, 0.00, 0.00, 1.00, 1.00, 0.00, 0.00, 0.00, 0.00, 0.00, 1.00, 0.00, 0.00, 1.00
6920, 0, 260.885, 0.88, 1, 0.00, 0.02, 0.00, 0.00, 0.30, 0.00, 0.05, 1.56, 1.37, 0.93, 0.12, 0.26, 0.31, 0.00, 1.55, 0.46, 0.10, 0.00, 0.00, 0.00, 1.00, 0.00, 0.00, 0.00, 1.00, 1.00, 0.00, 0.00, 0.00, 0.00, 0.00, 1.00, 0.00, 0.00, 0.00
6921, 0, 260.923, 0.93, 1, 0.00, 0.00, 0.00, 0.00, 0.44, 0.00, 0.02, 1.63, 1.60, 1.03, 0.12, 0.58, 0.23, 0.00, 1.59, 0.88, 0.15, 0.00, 0.00, 0.00, 1.00, 0.00, 0.00, 0.00, 1.00, 1.00, 0.00, 1.00, 1.00, 0.00, 0.00, 1.00, 1.00, 0.00, 0.00
6922, 0, 260.961, 0.93, 1, 0.00, 0.00, 0.00, 0.00, 0.49, 0.00, 0.02, 1.37, 1.75, 1.10, 0.00, 0.81, 0.21, 0.00, 1.55, 1.10, 0.16, 0.00, 0.00, 0.00, 1.00, 0.00, 0.00, 0.00, 1.00, 1.00, 0.00, 1.00, 1.00, 0.00, 0.00, 1.00, 1.00, 0.00, 0.00
6923, 0, 260.998, 0.93, 1, 0.02, 0.00, 0.00, 0.00, 0.35, 0.00, 0.02, 1.62, 1.61, 1.05, 0.02, 0.96, 0.21, 0.00, 1.68, 1.37, 0.07, 0.00, 0.00, 0.00, 1.00, 0.00, 0.00, 0.00, 1.00, 1.00, 0.00, 1.00, 1.00, 0.00, 0.00, 1.00, 1.00, 0.00, 0.00
6924, 0, 261.036, 0.88, 1, 0.15, 0.05, 0.00, 0.00, 0.35, 0.00, 0.00, 1.73, 1.57, 0.91, 0.20, 0.95, 0.44, 0.00, 1.89, 1.41, 0.13, 0.00, 0.00, 0.00, 1.00, 0.00, 0.00, 0.00, 1.00, 1.00, 0.00, 1.00, 0.00, 0.00, 0.00, 1.00, 1.00, 0.00, 0.00
6925, 0, 261.074, 0.88, 1, 0.38, 0.15, 0.00, 0.00, 0.28, 0.00, 0.00, 1.93, 1.53, 1.00, 0.20, 0.70, 0.53, 0.00, 2.04, 1.54, 0.12, 0.00, 0.00, 0.00, 1.00, 0.00, 0.00, 0.00, 1.00, 1.00, 0.00, 1.00, 0.00, 0.00, 0.00, 1.00, 1.00, 0.00, 0.00
6926, 0, 261.111, 0.88, 1, 0.45, 0.15, 0.00, 0.00, 0.24, 0.00, 0.00, 2.16, 1.56, 0.90, 0.59, 0.51, 0.34, 0.00, 2.26, 1.38, 0.22, 0.00, 0.00, 0.00, 1.00, 0.00, 0.00, 0.00, 1.00, 1.00, 0.00, 1.00, 0.00, 0.00, 0.00, 1.00, 1.00, 0.00, 0.00
6927, 0, 261.149, 0.88, 1, 0.43, 0.11, 0.00, 0.00, 0.10, 0.00, 0.00, 2.38, 1.49, 0.73, 0.80, 0.33, 0.19, 0.00, 2.46, 1.31, 0.26, 0.00, 0.00, 0.00, 1.00, 0.00, 0.00, 0.00, 1.00, 1.00, 0.00, 1.00, 0.00, 0.00, 0.00, 1.00, 1.00, 0.00, 0.00
6928, 0, 261.187, 0.88, 1, 0.34, 0.14, 0.00, 0.00, 0.01, 0.00, 0.00, 2.09, 1.39, 0.75, 0.96, 0.50, 0.15, 0.00, 2.38, 1.29, 0.26, 0.00, 0.00, 0.00, 1.00, 0.00, 0.00, 0.00, 1.00, 1.00, 0.00, 1.00, 0.00, 0.00, 0.00, 1.00, 1.00, 0.00, 1.00
6929, 0, 261.225, 0.88, 1, 0.33, 0.14, 0.00, 0.00, 0.02, 0.00, 0.00, 1.60, 1.33, 0.68, 1.11, 0.51, 0.39, 0.00, 2.23, 1.22, 0.14, 0.00, 0.00, 0.00, 1.00, 0.00, 0.00, 0.00, 1.00, 1.00, 0.00, 1.00, 0.00, 0.00, 0.00, 1.00, 1.00, 0.00, 1.00
6930, 0, 261.262, 0.88, 1, 0.22, 0.14, 0.00, 0.00, 0.13, 0.00, 0.00, 1.11, 1.36, 0.58, 0.75, 0.48, 0.33, 0.08, 1.76, 1.25, 0.00, 0.00, 0.00, 0.00, 1.00, 0.00, 0.00, 0.00, 1.00, 1.00, 0.00, 1.00, 0.00, 0.00, 0.00, 1.00, 0.00, 0.00, 1.00
6931, 0, 261.300, 0.88, 1, 0.08, 0.00, 0.00, 0.00, 0.15, 0.00, 0.00, 1.02, 1.36, 0.26, 0.61, 0.49, 0.34, 0.21, 1.74, 1.04, 0.23, 0.00, 0.00, 0.00, 1.00, 0.00, 0.00, 0.00, 1.00, 1.00, 0.00, 1.00, 0.00, 0.00, 1.00, 1.00, 0.00, 0.00, 1.00
6932, 0, 261.338, 0.88, 1, 0.00, 0.00, 0.00, 0.00, 0.13, 0.00, 0.00, 1.06, 1.32, 0.42, 0.05, 0.68, 0.40, 0.39, 1.48, 1.04, 0.36, 0.00, 0.00, 0.00, 1.00, 0.00, 0.00, 0.00, 1.00, 1.00, 0.00, 1.00, 0.00, 0.00, 1.00, 1.00, 0.00, 0.00, 1.00
6933, 0, 261.375, 0.88, 1, 0.00, 0.00, 0.00, 0.00, 0.03, 0.00, 0.00, 1.17, 1.24, 0.63, 0.02, 0.92, 0.59, 0.43, 1.49, 1.47, 0.36, 0.00, 0.00, 0.00, 1.00, 0.00, 0.00, 0.00, 1.00, 1.00, 0.00, 1.00, 0.00, 0.00, 1.00, 1.00, 0.00, 0.00, 1.00
6934, 0, 261.413, 0.88, 1, 0.00, 0.00, 0.00, 0.00, 0.09, 0.00, 0.00, 1.37, 1.23, 0.62, 0.00, 1.01, 0.72, 0.38, 1.47, 1.79, 0.13, 0.00, 0.00, 0.00, 1.00, 0.00, 0.00, 0.00, 1.00, 1.00, 0.00, 1.00, 1.00, 0.00, 1.00, 1.00, 1.00, 0.00, 1.00
6935, 0, 261.451, 0.88, 1, 0.01, 0.00, 0.00, 0.00, 0.24, 0.00, 0.00, 1.48, 1.49, 0.73, 0.00, 0.97, 0.39, 0.37, 1.68, 2.19, 0.00, 0.00, 0.00, 0.00, 1.00, 0.00, 0.00, 0.00, 1.00, 1.00, 1.00, 1.00, 1.00, 0.00, 1.00, 1.00, 1.00, 0.00, 1.00
6936, 0, 261.489, 0.93, 1, 0.03, 0.00, 0.00, 0.00, 0.37, 0.00, 0.00, 1.49, 1.60, 0.90, 0.12, 0.94, 0.17, 0.37, 1.93, 1.94, 0.00, 0.00, 0.00, 0.00, 1.00, 0.00, 0.00, 0.00, 1.00, 1.00, 1.00, 0.00, 1.00, 0.00, 1.00, 1.00, 1.00, 0.00, 1.00
6937, 0, 261.526, 0.93, 1, 0.03, 0.00, 0.00, 0.00, 0.48, 0.00, 0.00, 1.39, 1.77, 1.13, 0.13, 0.93, 0.07, 0.44, 2.08, 1.84, 0.00, 0.00, 0.00, 0.00, 1.00, 0.00, 0.00, 0.00, 1.00, 1.00, 1.00, 0.00, 1.00, 0.00, 1.00, 1.00, 1.00, 0.00, 1.00
6938, 0, 261.564, 0.93, 1, 0.02, 0.00, 0.00, 0.00, 0.47, 0.00, 0.00, 1.18, 1.76, 1.21, 0.13, 0.90, 0.10, 0.36, 2.04, 1.61, 0.00, 0.00, 0.00, 0.00, 1.00, 0.00, 0.00, 0.00, 1.00, 1.00, 1.00, 0.00, 1.00, 0.00, 1.00, 1.00, 1.00, 0.00, 1.00
6939, 0, 261.602, 0.93, 1, 0.00, 0.00, 0.00, 0.00, 0.48, 0.00, 0.00, 1.10, 1.79, 1.22, 0.01, 0.85, 0.22, 0.26, 1.87, 1.37, 0.00, 0.00, 0.00, 0.00, 1.00, 0.00, 0.00, 0.00, 1.00, 1.00, 1.00, 0.00, 1.00, 0.00, 1.00, 1.00, 1.00, 0.00, 1.00
6940, 0, 261.639, 0.93, 1, 0.00, 0.00, 0.00, 0.00, 0.43, 0.00, 0.00, 1.00, 1.67, 1.37, 0.00, 0.67, 0.15, 0.17, 1.67, 1.42, 0.00, 0.00, 0.00, 0.00, 1.00, 0.00, 0.00, 0.00, 1.00, 1.00, 1.00, 0.00, 1.00, 0.00, 1.00, 1.00, 1.00, 0.00, 1.00
6941, 0, 261.677, 0.88, 1, 0.00, 0.00, 0.00, 0.00, 0.40, 0.01, 0.00, 1.04, 1.55, 1.40, 0.00, 0.56, 0.11, 0.08, 1.37, 1.51, 0.00, 0.00, 0.00, 0.00, 1.00, 0.00, 0.00, 0.00, 1.00, 1.00, 1.00, 0.00, 1.00, 0.00, 1.00, 1.00, 1.00, 0.00, 0.00
6942, 0, 261.715, 0.93, 1, 0.00, 0.00, 0.00, 0.00, 0.37, 0.01, 0.00, 1.03, 1.48, 1.34, 0.00, 0.44, 0.00, 0.07, 1.24, 1.75, 0.00, 0.00, 0.00, 0.00, 1.00, 0.00, 0.00, 0.00, 1.00, 1.00, 1.00, 0.00, 1.00, 0.00, 1.00, 1.00, 1.00, 0.00, 0.00
6943, 0, 261.752, 0.93, 1, 0.00, 0.00, 0.00, 0.00, 0.41, 0.01, 0.00, 1.13, 1.45, 1.47, 0.03, 0.65, 0.00, 0.08, 1.04, 1.67, 0.00, 0.00, 0.00, 0.00, 1.00, 0.00, 0.00, 0.00, 1.00, 1.00, 1.00, 0.00, 1.00, 0.00, 1.00, 1.00, 1.00, 0.00, 0.00
6944, 0, 261.790, 0.88, 1, 0.00, 0.00, 0.00, 0.00, 0.45, 0.00, 0.00, 1.26, 1.45, 1.64, 0.08, 0.88, 0.00, 0.16, 0.97, 1.67, 0.00, 0.00, 0.00, 0.00, 1.00, 0.00, 0.00, 0.00, 1.00, 1.00, 1.00, 0.00, 1.00, 0.00, 1.00, 1.00, 1.00, 0.00, 0.00
6945, 0, 261.828, 0.88, 1, 0.00, 0.11, 0.00, 0.00, 0.36, 0.00, 0.00, 1.18, 1.34, 1.39, 0.16, 0.98, 0.00, 0.14, 1.13, 1.67, 0.00, 0.00, 0.00, 0.00, 1.00, 0.00, 0.00, 0.00, 1.00, 1.00, 1.00, 0.00, 1.00, 0.00, 1.00, 1.00, 1.00, 0.00, 0.00
6946, 0, 261.866, 0.98, 1, 0.00, 0.11, 0.00, 0.00, 0.19, 0.00, 0.00, 1.21, 1.32, 1.02, 0.14, 0.93, 0.00, 0.09, 1.33, 1.69, 0.00, 0.00, 0.00, 0.00, 1.00, 0.00, 0.00, 0.00, 1.00, 1.00, 1.00, 0.00, 1.00, 0.00, 1.00, 1.00, 1.00, 0.00, 0.00
6947, 0, 261.903, 0.98, 1, 0.00, 0.11, 0.00, 0.00, 0.07, 0.00, 0.00, 1.09, 1.31, 0.70, 0.08, 0.85, 0.00, 0.04, 1.65, 1.66, 0.00, 0.00, 0.00, 0.00, 1.00, 0.00, 0.00, 0.00, 1.00, 1.00, 1.00, 0.00, 1.00, 0.00, 0.00, 1.00, 1.00, 0.00, 0.00
6948, 0, 261.941, 0.98, 1, 0.00, 0.00, 0.00, 0.00, 0.11, 0.00, 0.00, 1.18, 1.38, 0.91, 0.00, 0.80, 0.00, 0.07, 1.77, 1.63, 0.00, 0.00, 0.00, 0.00, 1.00, 0.00, 0.00, 0.00, 1.00, 1.00, 1.00, 1.00, 1.00, 0.00, 0.00, 1.00, 1.00, 0.00, 0.00
6949, 0, 261.979, 0.98, 1, 0.00, 0.07, 0.00, 0.00, 0.19, 0.00, 0.00, 1.15, 1.34, 0.88, 0.00, 0.75, 0.00, 0.10, 1.91, 1.75, 0.00, 0.00, 0.00, 0.00, 1.00, 0.00, 0.00, 0.00, 1.00, 1.00, 1.00, 1.00, 1.00, 0.00, 0.00, 1.00, 1.00, 0.00, 0.00
6950, 0, 262.016, 0.98, 1, 0.00, 0.07, 0.00, 0.00, 0.32, 0.17, 0.00, 1.31, 1.51, 0.97, 0.00, 0.73, 0.00, 0.07, 1.78, 1.86, 0.00, 0.00, 0.00, 0.00, 1.00, 0.00, 0.00, 0.00, 1.00, 1.00, 1.00, 1.00, 1.00, 0.00, 0.00, 1.00, 1.00, 0.00, 0.00
6951, 0, 262.054, 0.98, 1, 0.00, 0.07, 0.00, 0.00, 0.46, 0.17, 0.00, 1.43, 1.66, 0.97, 0.00, 0.78, 0.00, 0.04, 1.66, 1.99, 0.00, 0.00, 0.00, 0.00, 1.00, 0.00, 0.00, 0.00, 1.00, 1.00, 1.00, 0.00, 0.00, 0.00, 0.00, 1.00, 1.00, 0.00, 0.00
6952, 0, 262.092, 0.98, 1, 0.00, 0.11, 0.00, 0.00, 0.50, 0.20, 0.00, 1.42, 1.82, 1.22, 0.04, 0.72, 0.00, 0.00, 1.71, 2.05, 0.00, 0.00, 0.00, 0.00, 1.00, 0.00, 0.00, 0.00, 1.00, 1.00, 1.00, 0.00, 0.00, 0.00, 0.00, 1.00, 1.00, 0.00, 0.00
6953, 0, 262.130, 0.98, 1, 0.00, 0.11, 0.00, 0.00, 0.49, 0.07, 0.00, 1.42, 1.74, 1.28, 0.14, 0.54, 0.00, 0.00, 1.97, 1.95, 0.00, 0.00, 0.00, 0.00, 1.00, 0.00, 0.00, 0.00, 1.00, 1.00, 1.00, 0.00, 0.00, 0.00, 0.00, 1.00, 1.00, 0.00, 0.00
6954, 0, 262.167, 0.98, 1, 0.00, 0.11, 0.00, 0.00, 0.46, 0.09, 0.00, 1.39, 1.66, 1.39, 0.31, 0.37, 0.00, 0.00, 2.17, 1.72, 0.00, 0.00, 0.00, 0.00, 1.00, 1.00, 0.00, 0.00, 1.00, 1.00, 1.00, 0.00, 0.00, 0.00, 0.00, 1.00, 1.00, 0.00, 0.00
6955, 0, 262.205, 0.98, 1, 0.00, 0.00, 0.00, 0.00, 0.53, 0.05, 0.00, 1.48, 1.62, 1.14, 0.26, 0.25, 0.01, 0.02, 2.18, 1.42, 0.00, 0.00, 0.00, 0.00, 1.00, 0.00, 0.00, 0.00, 1.00, 1.00, 1.00, 0.00, 0.00, 0.00, 0.00, 1.00, 1.00, 0.00, 0.00
6956, 0, 262.243, 0.98, 1, 0.00, 0.00, 0.00, 0.00, 0.54, 0.02, 0.00, 1.41, 1.59, 0.97, 0.17, 0.26, 0.01, 0.02, 1.92, 1.26, 0.00, 0.00, 0.00, 0.00, 1.00, 0.00, 0.00, 0.00, 1.00, 1.00, 1.00, 0.00, 0.00, 0.00, 0.00, 1.00, 1.00, 0.00, 0.00
6957, 0, 262.280, 0.98, 1, 0.00, 0.00, 0.00, 0.00, 0.54, 0.03, 0.00, 1.32, 1.52, 0.93, 0.01, 0.29, 0.05, 0.04, 1.76, 1.27, 0.00, 0.00, 0.00, 0.00, 1.00, 0.00, 0.00, 0.00, 1.00, 1.00, 1.00, 0.00, 0.00, 0.00, 0.00, 1.00, 1.00, 0.00, 0.00
6958, 0, 262.318, 0.98, 1, 0.00, 0.00, 0.00, 0.00, 0.46, 0.03, 0.00, 1.04, 1.39, 0.91, 0.01, 0.31, 0.04, 0.06, 1.55, 1.28, 0.00, 0.00, 0.00, 0.00, 1.00, 0.00, 0.00, 0.00, 1.00, 1.00, 1.00, 0.00, 0.00, 0.00, 0.00, 1.00, 1.00, 0.00, 0.00
6959, 0, 262.356, 0.98, 1, 0.00, 0.00, 0.00, 0.00, 0.35, 0.03, 0.00, 0.87, 1.25, 0.99, 0.01, 0.23, 0.04, 0.11, 1.44, 1.21, 0.00, 0.00, 0.00, 0.00, 1.00, 0.00, 0.00, 0.00, 0.00, 1.00, 0.00, 0.00, 0.00, 0.00, 0.00, 1.00, 1.00, 0.00, 0.00
6960, 0, 262.393, 0.98, 1, 0.00, 0.00, 0.00, 0.00, 0.20, 0.00, 0.00, 0.74, 1.16, 0.61, 0.00, 0.32, 0.06, 0.26, 1.36, 0.92, 0.00, 0.00, 0.00, 0.00, 1.00, 0.00, 0.00, 0.00, 0.00, 1.00, 0.00, 0.00, 0.00, 0.00, 0.00, 1.00, 1.00, 0.00, 0.00
6961, 0, 262.431, 0.93, 1, 0.00, 0.00, 0.00, 0.00, 0.08, 0.00, 0.00, 0.77, 1.10, 0.43, 0.01, 0.36, 0.09, 0.33, 1.41, 0.63, 0.00, 0.00, 0.00, 0.00, 1.00, 0.00, 0.00, 0.00, 0.00, 1.00, 0.00, 0.00, 0.00, 0.00, 1.00, 1.00, 0.00, 0.00, 0.00
6962, 0, 262.469, 0.93, 1, 0.00, 0.13, 0.00, 0.00, 0.01, 0.02, 0.00, 0.81, 1.05, 0.13, 0.23, 0.53, 0.09, 0.35, 1.47, 0.62, 0.01, 0.00, 0.00, 0.00, 1.00, 0.00, 0.00, 0.00, 0.00, 1.00, 0.00, 0.00, 0.00, 0.00, 1.00, 1.00, 0.00, 0.00, 0.00
6963, 0, 262.507, 0.93, 1, 0.00, 0.13, 0.00, 0.00, 0.01, 0.02, 0.00, 0.81, 0.98, 0.20, 0.23, 0.61, 0.13, 0.29, 1.32, 0.53, 0.01, 0.00, 0.00, 0.00, 1.00, 0.00, 0.00, 0.00, 0.00, 1.00, 0.00, 1.00, 0.00, 0.00, 1.00, 1.00, 0.00, 0.00, 0.00
6964, 0, 262.544, 0.88, 1, 0.00, 0.13, 0.00, 0.00, 0.00, 0.02, 0.00, 0.81, 0.93, 0.14, 0.23, 0.78, 0.13, 0.25, 1.07, 0.41, 0.02, 0.00, 0.00, 0.00, 1.00, 0.00, 0.00, 0.00, 0.00, 1.00, 0.00, 1.00, 0.00, 0.00, 1.00, 1.00, 0.00, 0.00, 0.00
6965, 0, 262.582, 0.88, 1, 0.06, 0.01, 0.00, 0.02, 0.09, 0.00, 0.00, 0.84, 0.96, 0.09, 0.03, 1.04, 0.13, 0.30, 0.85, 0.20, 0.00, 0.00, 0.00, 0.00, 1.00, 0.00, 0.00, 0.00, 0.00, 1.00, 0.00, 1.00, 1.00, 0.00, 1.00, 1.00, 0.00, 0.00, 0.00
6966, 0, 262.620, 0.98, 1, 0.10, 0.00, 0.00, 0.02, 0.17, 0.00, 0.00, 0.95, 1.01, 0.01, 0.08, 1.18, 0.05, 0.32, 0.70, 0.16, 0.00, 0.00, 0.00, 0.00, 1.00, 0.00, 0.00, 0.00, 1.00, 1.00, 0.00, 1.00, 1.00, 0.00, 1.00, 1.00, 0.00, 0.00, 0.00
6967, 0, 262.657, 0.98, 1, 0.11, 0.02, 0.00, 0.02, 0.30, 0.00, 0.00, 1.13, 1.04, 0.30, 0.29, 1.11, 0.17, 0.24, 0.56, 0.21, 0.00, 0.00, 0.00, 0.00, 1.00, 0.00, 0.00, 0.00, 1.00, 1.00, 0.00, 1.00, 1.00, 0.00, 1.00, 1.00, 0.00, 0.00, 0.00
6968, 0, 262.695, 0.98, 1, 0.22, 0.06, 0.00, 0.00, 0.31, 0.00, 0.00, 1.41, 1.08, 0.91, 0.26, 0.86, 0.30, 0.16, 0.50, 0.24, 0.00, 0.00, 0.00, 0.00, 1.00, 0.00, 0.00, 0.00, 1.00, 1.00, 0.00, 1.00, 1.00, 0.00, 1.00, 1.00, 0.00, 0.00, 0.00
6969, 0, 262.733, 0.98, 1, 0.21, 0.06, 0.00, 0.00, 0.38, 0.05, 0.00, 1.87, 1.06, 1.72, 0.48, 0.55, 0.51, 0.07, 0.71, 0.20, 0.00, 0.00, 0.00, 0.00, 1.00, 0.00, 0.00, 0.00, 1.00, 1.00, 1.00, 1.00, 1.00, 0.00, 1.00, 1.00, 0.00, 0.00, 0.00
6970, 0, 262.771, 0.98, 1, 0.25, 0.04, 0.00, 0.00, 0.37, 0.05, 0.02, 2.08, 1.05, 1.63, 0.27, 0.29, 0.49, 0.12, 1.14, 0.31, 0.00, 0.00, 0.00, 0.00, 1.00, 0.00, 0.00, 0.00, 1.00, 1.00, 1.00, 1.00, 0.00, 0.00, 1.00, 1.00, 0.00, 0.00, 0.00
6971, 0, 262.808, 0.98, 1, 0.15, 0.00, 0.00, 0.00, 0.31, 0.05, 0.02, 2.04, 0.93, 1.39, 0.27, 0.10, 0.35, 0.19, 1.48, 0.21, 0.00, 0.00, 0.00, 0.00, 1.00, 0.00, 0.00, 0.00, 1.00, 1.00, 1.00, 1.00, 0.00, 0.00, 1.00, 1.00, 0.00, 0.00, 0.00
6972, 0, 262.846, 0.93, 1, 0.16, 0.00, 0.00, 0.00, 0.26, 0.00, 0.02, 1.93, 0.88, 0.89, 0.00, 0.04, 0.15, 0.20, 1.59, 0.18, 0.00, 1.00, 0.00, 0.00, 1.00, 0.00, 0.00, 0.00, 1.00, 1.00, 1.00, 1.00, 0.00, 0.00, 1.00, 1.00, 0.00, 0.00, 0.00
6973, 0, 262.884, 0.98, 1, 0.15, 0.00, 0.00, 0.00, 0.17, 0.00, 0.00, 1.85, 0.92, 1.08, 0.00, 0.13, 0.02, 0.25, 1.47, 0.28, 0.00, 1.00, 0.00, 0.00, 1.00, 0.00, 0.00, 0.00, 1.00, 1.00, 1.00, 1.00, 0.00, 0.00, 1.00, 1.00, 0.00, 0.00, 0.00
6974, 0, 262.921, 0.98, 1, 0.16, 0.00, 0.00, 0.00, 0.21, 0.00, 0.00, 2.10, 1.01, 1.19, 0.00, 0.33, 0.02, 0.29, 1.43, 0.75, 0.00, 1.00, 0.00, 0.00, 1.00, 0.00, 0.00, 0.00, 1.00, 1.00, 1.00, 1.00, 0.00, 0.00, 1.00, 1.00, 0.00, 0.00, 0.00
6975, 0, 262.959, 0.98, 1, 0.26, 0.00, 0.00, 0.04, 0.20, 0.00, 0.00, 1.93, 0.93, 1.10, 0.00, 0.29, 0.27, 0.29, 1.19, 0.77, 0.00, 1.00, 0.00, 0.00, 1.00, 0.00, 0.00, 0.00, 1.00, 1.00, 1.00, 1.00, 0.00, 0.00, 1.00, 1.00, 0.00, 0.00, 0.00
6976, 0, 262.997, 0.98, 1, 0.40, 0.00, 0.00, 0.04, 0.25, 0.00, 0.00, 1.96, 0.79, 1.04, 0.00, 0.40, 0.47, 0.20, 1.04, 0.60, 0.00, 1.00, 0.00, 0.00, 1.00, 0.00, 0.00, 0.00, 1.00, 1.00, 0.00, 1.00, 0.00, 0.00, 1.00, 1.00, 0.00, 0.00, 0.00
6977, 0, 263.034, 0.98, 1, 0.59, 0.00, 0.00, 0.04, 0.30, 0.00, 0.00, 1.73, 0.61, 0.68, 0.00, 0.32, 0.78, 0.05, 1.04, 0.22, 0.00, 1.00, 0.00, 0.00, 1.00, 0.00, 0.00, 0.00, 1.00, 1.00, 0.00, 1.00, 0.00, 0.00, 0.00, 1.00, 0.00, 0.00, 0.00
6978, 0, 263.072, 0.98, 1, 0.68, 0.00, 0.00, 0.05, 0.35, 0.00, 0.01, 1.89, 0.63, 0.57, 0.00, 0.43, 0.88, 0.00, 1.25, 0.27, 0.00, 1.00, 0.00, 0.00, 1.00, 0.00, 0.00, 0.00, 1.00, 1.00, 0.00, 1.00, 0.00, 0.00, 0.00, 1.00, 0.00, 0.00, 0.00
6979, 0, 263.110, 0.98, 1, 0.77, 0.00, 0.00, 0.05, 0.42, 0.00, 0.01, 1.94, 0.63, 0.41, 0.00, 0.22, 0.87, 0.04, 1.53, 0.20, 0.00, 1.00, 0.00, 0.00, 1.00, 0.00, 0.00, 0.00, 1.00, 1.00, 0.00, 1.00, 0.00, 1.00, 0.00, 1.00, 0.00, 0.00, 0.00
6980, 0, 263.148, 0.98, 1, 0.76, 0.00, 0.00, 0.06, 0.34, 0.00, 0.01, 1.81, 0.63, 0.36, 0.00, 0.16, 0.65, 0.09, 1.69, 0.18, 0.00, 1.00, 0.00, 0.00, 1.00, 0.00, 0.00, 0.00, 1.00, 1.00, 0.00, 1.00, 0.00, 0.00, 1.00, 1.00, 0.00, 0.00, 0.00
6981, 0, 263.185, 0.98, 1, 0.56, 0.00, 0.00, 0.01, 0.18, 0.00, 0.00, 1.88, 0.58, 0.24, 0.00, 0.22, 0.49, 0.11, 1.79, 0.45, 0.17, 1.00, 0.00, 0.00, 1.00, 0.00, 0.00, 0.00, 1.00, 1.00, 0.00, 1.00, 0.00, 0.00, 1.00, 1.00, 0.00, 0.00, 0.00
6982, 0, 263.223, 0.93, 1, 0.49, 0.00, 0.00, 0.01, 0.04, 0.00, 0.00, 2.06, 0.52, 0.14, 0.00, 0.51, 0.45, 0.20, 1.67, 0.53, 0.25, 1.00, 0.00, 0.00, 1.00, 0.00, 0.00, 0.00, 1.00, 0.00, 0.00, 1.00, 0.00, 0.00, 1.00, 1.00, 0.00, 0.00, 0.00
6983, 0, 263.261, 0.88, 1, 0.39, 0.00, 0.00, 0.00, 0.00, 0.00, 0.00, 2.46, 0.48, 0.17, 0.00, 0.82, 0.36, 0.27, 1.25, 0.49, 0.25, 1.00, 0.00, 0.00, 1.00, 0.00, 0.00, 0.00, 1.00, 0.00, 0.00, 1.00, 0.00, 0.00, 1.00, 1.00, 0.00, 0.00, 0.00
6984, 0, 263.298, 0.88, 1, 0.48, 0.00, 0.00, 0.00, 0.00, 0.00, 0.00, 2.58, 0.46, 0.29, 0.00, 0.98, 0.15, 0.36, 0.86, 0.14, 0.08, 1.00, 0.00, 0.00, 1.00, 0.00, 0.00, 0.00, 1.00, 0.00, 0.00, 1.00, 0.00, 0.00, 1.00, 0.00, 0.00, 0.00, 0.00
6985, 0, 263.336, 0.88, 1, 0.33, 0.00, 0.00, 0.00, 0.00, 0.00, 0.08, 2.51, 0.46, 0.30, 0.00, 0.98, 0.00, 0.46, 0.42, 0.18, 0.00, 1.00, 0.00, 0.00, 1.00, 0.00, 0.00, 0.00, 1.00, 0.00, 0.00, 1.00, 0.00, 0.00, 1.00, 0.00, 0.00, 0.00, 0.00
6986, 0, 263.374, 0.98, 1, 0.43, 0.00, 0.00, 0.00, 0.00, 0.00, 0.12, 2.33, 0.42, 0.30, 0.00, 0.86, 0.00, 0.49, 0.24, 0.29, 0.00, 1.00, 0.00, 0.00, 1.00, 0.00, 0.00, 0.00, 1.00, 0.00, 0.00, 1.00, 0.00, 0.00, 1.00, 0.00, 0.00, 0.00, 0.00
6987, 0, 263.412, 0.98, 1, 0.45, 0.00, 0.00, 0.00, 0.00, 0.00, 0.16, 2.13, 0.40, 0.31, 0.00, 0.81, 0.00, 0.59, 0.00, 0.44, 0.00, 1.00, 0.00, 0.00, 1.00, 0.00, 0.00, 0.00, 1.00, 0.00, 0.00, 1.00, 0.00, 0.00, 1.00, 0.00, 0.00, 0.00, 0.00
6988, 0, 263.449, 0.98, 1, 0.58, 0.00, 0.00, 0.03, 0.00, 0.00, 0.08, 2.02, 0.39, 0.22, 0.00, 0.83, 0.00, 0.55, 0.01, 0.27, 0.00, 1.00, 0.00, 0.00, 1.00, 0.00, 0.00, 0.00, 1.00, 1.00, 0.00, 1.00, 1.00, 0.00, 1.00, 0.00, 0.00, 0.00, 0.00
6989, 0, 263.487, 0.98, 1, 0.51, 0.02, 0.00, 0.03, 0.00, 0.00, 0.04, 2.06, 0.44, 0.12, 0.04, 1.02, 0.06, 0.51, 0.29, 0.15, 0.00, 1.00, 0.00, 0.00, 1.00, 0.00, 0.00, 0.00, 1.00, 1.00, 0.00, 1.00, 1.00, 0.00, 1.00, 0.00, 0.00, 0.00, 0.00
6990, 0, 263.525, 0.98, 1, 0.42, 0.02, 0.00, 0.03, 0.12, 0.00, 0.00, 2.17, 0.47, 0.00, 0.78, 1.35, 0.55, 0.31, 0.91, 0.00, 0.00, 1.00, 0.00, 0.00, 1.00, 0.00, 0.00, 0.00, 1.00, 1.00, 0.00, 1.00, 1.00, 0.00, 1.00, 0.00, 0.00, 0.00, 0.00
6991, 0, 263.562, 0.98, 1, 0.33, 0.02, 0.00, 0.00, 0.13, 0.00, 0.00, 2.03, 0.47, 0.15, 1.06, 1.36, 0.79, 0.15, 1.11, 0.00, 0.00, 1.00, 0.00, 0.00, 1.00, 0.00, 0.00, 0.00, 1.00, 1.00, 0.00, 1.00, 1.00, 0.00, 1.00, 0.00, 0.00, 0.00, 0.00
6992, 0, 263.600, 0.98, 1, 0.25, 0.00, 0.00, 0.00, 0.13, 0.04, 0.00, 1.86, 0.48, 0.15, 1.39, 1.57, 1.09, 0.09, 1.04, 0.10, 0.00, 1.00, 0.00, 0.00, 1.00, 0.00, 0.00, 0.00, 1.00, 1.00, 0.00, 1.00, 1.00, 1.00, 1.00, 0.00, 0.00, 0.00, 0.00
6993, 0, 263.638, 0.98, 1, 0.29, 0.00, 0.00, 0.00, 0.01, 0.04, 0.00, 1.54, 0.54, 0.15, 0.76, 1.31, 0.88, 0.16, 0.51, 0.10, 0.12, 1.00, 0.00, 0.00, 1.00, 0.00, 0.00, 0.00, 1.00, 1.00, 0.00, 1.00, 1.00, 1.00, 1.00, 0.00, 0.00, 0.00, 0.00
6994, 0, 263.675, 0.98, 1, 0.30, 0.00, 0.00, 0.00, 0.02, 0.04, 0.00, 1.67, 0.57, 0.00, 0.78, 1.42, 0.99, 0.22, 0.35, 0.10, 0.20, 1.00, 0.00, 0.00, 1.00, 0.00, 0.00, 0.00, 1.00, 1.00, 0.00, 1.00, 0.00, 1.00, 1.00, 1.00, 0.00, 0.00, 0.00
6995, 0, 263.713, 0.98, 1, 0.30, 0.00, 0.00, 0.16, 0.06, 0.00, 0.04, 1.41, 0.59, 0.09, 0.44, 0.80, 0.76, 0.20, 0.55, 0.00, 0.23, 1.00, 0.00, 0.00, 1.00, 0.00, 0.00, 0.00, 1.00, 1.00, 0.00, 1.00, 0.00, 0.00, 1.00, 1.00, 0.00, 0.00, 0.00
6996, 0, 263.751, 0.98, 1, 0.31, 0.00, 0.00, 0.23, 0.08, 0.00, 0.08, 1.24, 0.58, 0.15, 0.33, 0.45, 0.52, 0.14, 0.95, 0.00, 0.13, 0.00, 0.00, 0.00, 1.00, 0.00, 0.00, 0.00, 1.00, 1.00, 0.00, 1.00, 0.00, 0.00, 1.00, 1.00, 0.00, 0.00, 0.00
6997, 0, 263.789, 0.98, 1, 0.24, 0.03, 0.00, 0.35, 0.06, 0.00, 0.10, 1.08, 0.67, 0.31, 0.03, 0.09, 0.16, 0.03, 1.33, 0.00, 0.05, 0.00, 0.00, 0.00, 1.00, 0.00, 0.00, 0.00, 1.00, 1.00, 0.00, 1.00, 0.00, 0.00, 1.00, 1.00, 0.00, 0.00, 0.00
6998, 0, 263.826, 0.98, 1, 0.25, 0.05, 0.00, 0.26, 0.05, 0.00, 0.06, 1.11, 0.72, 0.66, 0.00, 0.13, 0.04, 0.03, 1.29, 0.00, 0.01, 1.00, 0.00, 0.00, 1.00, 0.00, 0.00, 0.00, 1.00, 1.00, 0.00, 1.00, 0.00, 0.00, 1.00, 1.00, 0.00, 0.00, 0.00
6999, 0, 263.864, 0.98, 1, 0.32, 0.20, 0.00, 0.18, 0.13, 0.00, 0.12, 1.29, 0.74, 1.01, 0.00, 0.19, 0.00, 0.02, 1.32, 0.30, 0.00, 1.00, 0.00, 0.00, 1.00, 0.00, 0.00, 0.00, 1.00, 1.00, 0.00, 1.00, 0.00, 0.00, 0.00, 1.00, 0.00, 0.00, 0.00
7000, 0, 263.902, 0.93, 1, 0.47, 0.17, 0.05, 0.07, 0.22, 0.09, 0.09, 1.30, 0.69, 1.25, 0.00, 0.27, 0.00, 0.05, 1.31, 0.81, 0.00, 1.00, 1.00, 0.00, 1.00, 0.00, 0.00, 0.00, 1.00, 1.00, 0.00, 1.00, 0.00, 0.00, 0.00, 1.00, 1.00, 0.00, 0.00
7001, 0, 263.939, 0.93, 1, 0.59, 0.15, 0.05, 0.00, 0.21, 0.09, 0.09, 1.36, 0.68, 1.12, 0.00, 0.47, 0.00, 0.03, 1.36, 1.19, 0.01, 1.00, 1.00, 0.00, 1.00, 0.00, 1.00, 0.00, 1.00, 1.00, 0.00, 1.00, 0.00, 0.00, 1.00, 1.00, 1.00, 0.00, 0.00
7002, 0, 263.977, 0.98, 1, 0.65, 0.00, 0.05, 0.00, 0.15, 0.09, 0.00, 1.27, 0.69, 0.99, 0.00, 0.70, 0.00, 0.03, 1.27, 1.26, 0.01, 1.00, 1.00, 0.00, 1.00, 0.00, 1.00, 0.00, 1.00, 1.00, 0.00, 1.00, 0.00, 0.00, 0.00, 1.00, 1.00, 0.00, 0.00
7003, 0, 264.015, 0.98, 1, 0.59, 0.00, 0.00, 0.00, 0.11, 0.00, 0.00, 1.25, 0.73, 1.15, 0.15, 0.57, 0.00, 0.00, 1.16, 0.96, 0.02, 1.00, 1.00, 0.00, 1.00, 0.00, 1.00, 0.00, 1.00, 1.00, 0.00, 1.00, 0.00, 0.00, 0.00, 1.00, 1.00, 0.00, 0.00
7004, 0, 264.053, 0.98, 1, 0.46, 0.04, 0.00, 0.00, 0.09, 0.00, 0.00, 1.26, 0.76, 1.23, 0.15, 0.32, 0.00, 0.02, 1.23, 0.83, 0.00, 1.00, 1.00, 0.00, 1.00, 0.00, 1.00, 0.00, 1.00, 1.00, 0.00, 1.00, 0.00, 0.00, 0.00, 1.00, 1.00, 0.00, 0.00
7005, 0, 264.090, 0.98, 1, 0.23, 0.04, 0.00, 0.04, 0.06, 0.00, 0.00, 1.45, 0.75, 1.24, 0.15, 0.03, 0.00, 0.02, 1.31, 0.62, 0.12, 0.00, 1.00, 0.00, 1.00, 0.00, 0.00, 0.00, 1.00, 1.00, 0.00, 1.00, 0.00, 0.00, 0.00, 1.00, 1.00, 0.00, 0.00
7006, 0, 264.128, 0.98, 1, 0.25, 0.04, 0.00, 0.12, 0.00, 0.00, 0.00, 1.61, 0.73, 1.02, 0.00, 0.09, 0.00, 0.02, 1.50, 0.63, 0.12, 0.00, 0.00, 0.00, 1.00, 0.00, 0.00, 0.00, 1.00, 1.00, 0.00, 0.00, 0.00, 0.00, 1.00, 1.00, 1.00, 0.00, 0.00
7007, 0, 264.166, 0.98, 1, 0.25, 0.05, 0.00, 0.15, 0.04, 0.00, 0.00, 1.83, 0.77, 0.78, 0.00, 0.09, 0.10, 0.00, 1.37, 0.55, 0.27, 0.00, 0.00, 0.00, 1.00, 0.00, 0.00, 0.00, 1.00, 1.00, 0.00, 0.00, 0.00, 0.00, 1.00, 1.00, 1.00, 0.00, 0.00
7008, 0, 264.203, 0.98, 1, 0.50, 0.05, 0.00, 0.11, 0.13, 0.00, 0.00, 1.61, 0.76, 0.70, 0.00, 0.16, 0.19, 0.00, 1.53, 0.61, 0.50, 0.00, 0.00, 0.00, 1.00, 0.00, 0.00, 0.00, 1.00, 1.00, 0.00, 0.00, 0.00, 0.00, 1.00, 1.00, 1.00, 0.00, 0.00
7009, 0, 264.241, 0.88, 1, 0.65, 0.05, 0.00, 0.07, 0.22, 0.00, 0.00, 1.40, 0.72, 0.56, 0.00, 0.16, 0.31, 0.00, 1.72, 0.57, 0.85, 0.00, 0.00, 0.00, 1.00, 0.00, 0.00, 0.00, 1.00, 1.00, 0.00, 0.00, 0.00, 0.00, 1.00, 1.00, 1.00, 0.00, 0.00
7010, 0, 264.279, 0.88, 1, 0.77, 0.07, 0.00, 0.04, 0.34, 0.00, 0.00, 1.68, 0.82, 0.41, 0.46, 0.42, 0.38, 0.00, 2.04, 0.39, 0.76, 0.00, 0.00, 0.00, 1.00, 0.00, 0.00, 0.00, 1.00, 1.00, 0.00, 0.00, 0.00, 0.00, 1.00, 1.00, 1.00, 0.00, 0.00
7011, 0, 264.316, 0.88, 1, 0.60, 0.07, 0.00, 0.04, 0.34, 0.00, 0.00, 2.04, 0.92, 0.28, 0.77, 0.60, 0.29, 0.00, 1.87, 0.18, 0.55, 0.00, 0.00, 0.00, 1.00, 0.00, 0.00, 0.00, 1.00, 1.00, 0.00, 0.00, 0.00, 0.00, 1.00, 1.00, 0.00, 0.00, 0.00
7012, 0, 264.354, 0.88, 1, 0.38, 0.07, 0.00, 0.00, 0.33, 0.00, 0.02, 2.37, 1.04, 0.08, 0.77, 0.79, 0.17, 0.04, 1.80, 0.00, 0.39, 0.00, 0.00, 0.00, 1.00, 0.00, 0.00, 0.00, 1.00, 1.00, 0.00, 0.00, 0.00, 0.00, 1.00, 1.00, 0.00, 0.00, 0.00
7013, 0, 264.392, 0.88, 1, 0.18, 0.00, 0.00, 0.00, 0.22, 0.03, 0.09, 1.85, 0.80, 0.29, 0.45, 0.63, 0.00, 0.21, 1.41, 0.00, 0.48, 0.00, 0.00, 0.00, 1.00, 1.00, 1.00, 0.00, 1.00, 1.00, 0.00, 1.00, 0.00, 0.00, 1.00, 1.00, 0.00, 0.00, 0.00
7014, 0, 264.430, 0.98, 1, 0.10, 0.04, 0.00, 0.00, 0.31, 0.07, 0.13, 1.62, 0.71, 0.49, 0.24, 0.71, 0.00, 0.31, 1.31, 0.00, 0.42, 0.00, 0.00, 0.00, 1.00, 1.00, 1.00, 0.00, 1.00, 1.00, 0.00, 1.00, 0.00, 0.00, 1.00, 1.00, 0.00, 0.00, 0.00
7015, 0, 264.467, 0.98, 1, 0.03, 0.04, 0.00, 0.00, 0.43, 0.48, 0.11, 1.63, 0.56, 0.49, 0.41, 0.47, 0.00, 0.27, 0.86, 0.00, 0.23, 0.00, 0.00, 0.00, 1.00, 1.00, 0.00, 0.00, 1.00, 1.00, 0.00, 1.00, 0.00, 0.00, 1.00, 1.00, 0.00, 0.00, 0.00
7016, 0, 264.505, 0.98, 1, 0.03, 0.04, 0.00, 0.11, 0.38, 0.60, 0.04, 1.63, 0.56, 0.33, 0.26, 0.66, 0.37, 0.10, 0.65, 0.24, 0.13, 0.00, 0.00, 0.00, 1.00, 0.00, 0.00, 0.00, 1.00, 0.00, 0.00, 1.00, 1.00, 0.00, 1.00, 1.00, 0.00, 0.00, 0.00
7017, 0, 264.543, 0.98, 1, 0.01, 0.00, 0.00, 0.29, 0.20, 0.72, 0.00, 1.48, 0.46, 0.10, 0.17, 0.57, 0.81, 0.00, 0.40, 0.41, 0.12, 0.00, 0.00, 0.00, 1.00, 0.00, 0.00, 0.00, 0.00, 0.00, 0.00, 1.00, 0.00, 0.00, 1.00, 0.00, 0.00, 0.00, 0.00
7018, 0, 264.580, 0.98, 1, 0.01, 0.00, 0.00, 0.29, 0.02, 0.37, 0.00, 1.19, 0.38, 0.16, 0.00, 0.75, 0.81, 0.03, 0.24, 0.58, 0.24, 0.00, 0.00, 0.00, 1.00, 0.00, 0.00, 0.00, 0.00, 0.00, 0.00, 0.00, 1.00, 0.00, 1.00, 1.00, 0.00, 0.00, 0.00
7019, 0, 264.618, 0.98, 1, 0.01, 0.00, 0.00, 0.18, 0.07, 0.23, 0.00, 1.29, 0.27, 0.29, 0.22, 0.62, 0.54, 0.15, 0.58, 0.39, 0.35, 0.00, 0.00, 0.00, 1.00, 0.00, 0.00, 0.00, 0.00, 0.00, 0.00, 0.00, 0.00, 0.00, 1.00, 1.00, 0.00, 0.00, 0.00
7020, 0, 264.656, 0.98, 1, 0.05, 0.00, 0.00, 0.00, 0.07, 0.06, 0.00, 1.18, 0.29, 0.67, 0.36, 0.64, 0.29, 0.15, 0.85, 0.44, 0.28, 0.00, 0.00, 0.00, 1.00, 0.00, 0.00, 0.00, 0.00, 0.00, 0.00, 0.00, 0.00, 0.00, 1.00, 1.00, 0.00, 0.00, 0.00
7021, 0, 264.694, 0.98, 1, 0.15, 0.00, 0.00, 0.00, 0.05, 0.00, 0.00, 0.94, 0.33, 0.94, 0.43, 0.45, 0.48, 0.12, 1.26, 0.44, 0.16, 0.00, 0.00, 0.00, 1.00, 0.00, 0.00, 0.00, 0.00, 0.00, 1.00, 0.00, 0.00, 0.00, 1.00, 1.00, 0.00, 0.00, 0.00
7022, 0, 264.731, 0.93, 1, 0.25, 0.10, 0.00, 0.00, 0.00, 0.00, 0.08, 0.52, 0.43, 1.19, 0.21, 0.33, 0.37, 0.00, 1.14, 0.52, 0.00, 0.00, 0.00, 0.00, 1.00, 0.00, 0.00, 0.00, 0.00, 0.00, 1.00, 0.00, 0.00, 0.00, 1.00, 1.00, 0.00, 0.00, 0.00
7023, 0, 264.769, 0.93, 1, 0.24, 0.10, 0.00, 0.00, 0.00, 0.00, 0.08, 0.67, 0.54, 1.34, 0.07, 0.14, 0.19, 0.00, 1.05, 0.38, 0.00, 0.00, 0.00, 0.00, 1.00, 0.00, 0.00, 0.00, 0.00, 0.00, 1.00, 0.00, 0.00, 0.00, 1.00, 1.00, 0.00, 0.00, 0.00
7024, 0, 264.807, 0.98, 1, 0.24, 0.10, 0.00, 0.00, 0.00, 0.00, 0.08, 0.88, 0.67, 1.53, 0.00, 0.23, 0.10, 0.00, 1.00, 0.36, 0.00, 0.00, 0.00, 0.00, 1.00, 0.00, 0.00, 0.00, 0.00, 1.00, 1.00, 0.00, 0.00, 0.00, 1.00, 1.00, 0.00, 0.00, 0.00
7025, 0, 264.844, 0.98, 1, 0.15, 0.00, 0.00, 0.00, 0.07, 0.00, 0.00, 1.42, 0.91, 1.41, 0.30, 0.41, 0.10, 0.00, 1.09, 0.30, 0.00, 0.00, 0.00, 0.00, 1.00, 0.00, 0.00, 0.00, 0.00, 1.00, 1.00, 0.00, 0.00, 0.00, 1.00, 1.00, 0.00, 0.00, 0.00
7026, 0, 264.882, 0.98, 1, 0.10, 0.00, 0.00, 0.00, 0.07, 0.00, 0.00, 1.46, 1.05, 1.31, 0.37, 0.33, 0.10, 0.00, 1.08, 0.34, 0.00, 0.00, 0.00, 0.00, 1.00, 0.00, 0.00, 0.00, 0.00, 1.00, 1.00, 0.00, 0.00, 0.00, 1.00, 1.00, 0.00, 0.00, 0.00
7027, 0, 264.920, 0.98, 1, 0.00, 0.00, 0.00, 0.00, 0.07, 0.00, 0.00, 1.44, 1.10, 1.23, 0.37, 0.35, 0.00, 0.05, 0.90, 0.29, 0.00, 0.00, 0.00, 0.00, 1.00, 0.00, 0.00, 0.00, 0.00, 1.00, 1.00, 0.00, 0.00, 0.00, 1.00, 1.00, 0.00, 0.00, 0.00
7028, 0, 264.957, 0.98, 1, 0.00, 0.00, 0.00, 0.00, 0.00, 0.00, 0.00, 1.06, 0.96, 1.12, 0.07, 0.13, 0.00, 0.06, 0.65, 0.36, 0.00, 0.00, 0.00, 0.00, 1.00, 0.00, 0.00, 0.00, 0.00, 1.00, 1.00, 0.00, 0.00, 0.00, 1.00, 0.00, 0.00, 0.00, 0.00
7029, 0, 264.995, 0.98, 1, 0.00, 0.00, 0.00, 0.08, 0.00, 0.00, 0.00, 0.87, 0.77, 0.83, 0.00, 0.13, 0.00, 0.06, 0.42, 0.23, 0.00, 0.00, 0.00, 0.00, 1.00, 0.00, 0.00, 0.00, 0.00, 1.00, 1.00, 0.00, 0.00, 0.00, 1.00, 0.00, 0.00, 0.00, 0.00
7030, 0, 265.033, 0.98, 1, 0.14, 0.06, 0.00, 0.33, 0.00, 0.00, 0.00, 0.88, 0.46, 0.40, 0.10, 0.14, 0.08, 0.07, 0.26, 0.18, 0.00, 0.00, 0.00, 0.00, 1.00, 0.00, 0.00, 0.00, 0.00, 1.00, 0.00, 0.00, 0.00, 0.00, 0.00, 0.00, 0.00, 0.00, 0.00
7031, 0, 265.071, 0.98, 1, 0.21, 0.09, 0.00, 0.60, 0.00, 0.00, 0.00, 0.90, 0.20, 0.21, 0.19, 0.21, 0.20, 0.11, 0.20, 0.15, 0.00, 0.00, 0.00, 0.00, 1.00, 0.00, 0.00, 0.00, 0.00, 0.00, 0.00, 0.00, 0.00, 0.00, 0.00, 0.00, 0.00, 0.00, 0.00
7032, 0, 265.108, 0.98, 1, 0.27, 0.09, 0.00, 0.66, 0.00, 0.00, 0.00, 1.06, 0.00, 0.02, 0.41, 0.41, 0.26, 0.12, 0.24, 0.42, 0.00, 0.00, 0.00, 0.00, 1.00, 0.00, 0.00, 0.00, 0.00, 0.00, 0.00, 0.00, 0.00, 0.00, 0.00, 0.00, 0.00, 0.00, 0.00
7033, 0, 265.146, 0.98, 1, 0.17, 0.03, 0.00, 0.43, 0.00, 0.00, 0.00, 1.01, 0.00, 0.12, 0.43, 0.38, 0.27, 0.06, 0.25, 0.70, 0.00, 0.00, 0.00, 0.00, 1.00, 0.00, 0.00, 0.00, 0.00, 0.00, 0.00, 0.00, 0.00, 0.00, 0.00, 0.00, 0.00, 0.00, 0.00
7034, 0, 265.184, 0.98, 1, 0.16, 0.05, 0.00, 0.18, 0.00, 0.00, 0.00, 1.05, 0.07, 0.17, 0.34, 0.43, 0.27, 0.04, 0.14, 0.84, 0.00, 0.00, 0.00, 0.00, 1.00, 0.00, 0.00, 0.00, 0.00, 0.00, 0.00, 0.00, 0.00, 1.00, 0.00, 0.00, 0.00, 0.00, 0.00
7035, 0, 265.221, 0.98, 1, 0.13, 0.05, 0.00, 0.05, 0.00, 0.00, 0.00, 0.95, 0.17, 0.17, 0.47, 0.37, 0.44, 0.03, 0.23, 0.57, 0.00, 0.00, 0.00, 0.00, 1.00, 0.00, 0.00, 0.00, 0.00, 0.00, 0.00, 0.00, 0.00, 1.00, 0.00, 0.00, 0.00, 0.00, 0.00
7036, 0, 265.259, 0.98, 1, 0.15, 0.05, 0.00, 0.02, 0.00, 0.00, 0.00, 0.88, 0.28, 0.05, 0.40, 0.44, 0.50, 0.03, 0.34, 0.25, 0.04, 0.00, 0.00, 0.00, 1.00, 0.00, 0.00, 0.00, 0.00, 0.00, 0.00, 0.00, 0.00, 1.00, 0.00, 0.00, 0.00, 0.00, 0.00
7037, 0, 265.297, 0.98, 1, 0.09, 0.01, 0.00, 0.00, 0.00, 0.00, 0.00, 0.90, 0.34, 0.00, 0.40, 0.65, 0.71, 0.00, 0.34, 0.00, 0.04, 0.00, 0.00, 0.00, 1.00, 0.00, 0.00, 0.00, 0.00, 0.00, 0.00, 0.00, 0.00, 1.00, 0.00, 0.00, 0.00, 0.00, 0.00
7038, 0, 265.335, 0.98, 1, 0.10, 0.00, 0.00, 0.00, 0.00, 0.00, 0.00, 0.80, 0.29, 0.00, 0.22, 0.69, 0.63, 0.00, 0.21, 0.00, 0.04, 0.00, 0.00, 0.00, 1.00, 0.00, 0.00, 0.00, 0.00, 0.00, 0.00, 0.00, 0.00, 1.00, 0.00, 0.00, 0.00, 0.00, 0.00
7039, 0, 265.372, 0.98, 1, 0.22, 0.00, 0.00, 0.00, 0.00, 0.00, 0.00, 0.73, 0.25, 0.00, 0.22, 0.76, 0.58, 0.00, 0.16, 0.00, 0.00, 0.00, 0.00, 0.00, 1.00, 0.00, 0.00, 0.00, 0.00, 0.00, 0.00, 0.00, 0.00, 1.00, 0.00, 0.00, 0.00, 0.00, 0.00
7040, 0, 265.410, 0.98, 1, 0.22, 0.00, 0.00, 0.00, 0.00, 0.00, 0.01, 0.56, 0.23, 0.04, 0.22, 0.42, 0.26, 0.00, 0.16, 0.01, 0.00, 0.00, 0.00, 0.00, 1.00, 0.00, 0.00, 0.00, 0.00, 0.00, 0.00, 0.00, 0.00, 1.00, 0.00, 0.00, 0.00, 0.00, 0.00
7041, 0, 265.448, 0.98, 1, 0.18, 0.00, 0.00, 0.03, 0.00, 0.00, 0.06, 0.36, 0.25, 0.09, 0.18, 0.26, 0.12, 0.00, 0.07, 0.05, 0.02, 0.00, 0.00, 0.00, 1.00, 0.00, 0.00, 0.00, 0.00, 0.00, 0.00, 0.00, 0.00, 0.00, 0.00, 0.00, 0.00, 0.00, 0.00
7042, 0, 265.485, 0.98, 1, 0.00, 0.00, 0.00, 0.03, 0.00, 0.00, 0.18, 0.20, 0.25, 0.16, 0.13, 0.00, 0.01, 0.00, 0.00, 0.12, 0.02, 0.00, 0.00, 0.00, 1.00, 0.00, 0.00, 0.00, 0.00, 0.00, 0.00, 0.00, 0.00, 0.00, 1.00, 0.00, 0.00, 0.00, 0.00
7043, 0, 265.523, 0.98, 1, 0.00, 0.00, 0.00, 0.03, 0.00, 0.00, 0.27, 0.32, 0.24, 0.30, 0.13, 0.04, 0.01, 0.00, 0.00, 0.12, 0.02, 0.00, 0.00, 0.00, 1.00, 0.00, 0.00, 0.00, 0.00, 0.00, 0.00, 0.00, 0.00, 0.00, 1.00, 0.00, 0.00, 0.00, 0.00
7044, 0, 265.561, 0.93, 1, 0.00, 0.00, 0.00, 0.00, 0.00, 0.00, 0.30, 0.70, 0.24, 0.43, 0.00, 0.05, 0.00, 0.00, 0.00, 0.15, 0.05, 0.00, 0.00, 0.00, 1.00, 0.00, 0.00, 0.00, 0.00, 0.00, 0.00, 0.00, 0.00, 0.00, 1.00, 0.00, 0.00, 0.00, 0.00
7045, 0, 265.598, 0.88, 1, 0.19, 0.03, 0.00, 0.00, 0.00, 0.00, 0.18, 0.98, 0.17, 0.36, 0.00, 0.07, 0.00, 0.00, 0.00, 0.08, 0.14, 0.00, 0.00, 0.00, 1.00, 0.00, 0.00, 0.00, 0.00, 0.00, 0.00, 0.00, 0.00, 0.00, 1.00, 0.00, 0.00, 0.00, 0.00
7046, 0, 265.636, 0.88, 1, 0.34, 0.03, 0.00, 0.00, 0.00, 0.00, 0.15, 0.86, 0.08, 0.18, 0.00, 0.24, 0.00, 0.00, 0.00, 0.07, 0.28, 0.00, 0.00, 0.00, 1.00, 0.00, 0.00, 0.00, 0.00, 0.00, 0.00, 0.00, 0.00, 0.00, 0.00, 0.00, 0.00, 0.00, 0.00
7047, 0, 265.674, 0.88, 1, 0.46, 0.03, 0.00, 0.00, 0.00, 0.00, 0.06, 0.62, 0.00, 0.00, 0.21, 0.33, 0.09, 0.00, 0.00, 0.00, 0.23, 0.00, 0.00, 0.00, 1.00, 0.00, 0.00, 0.00, 0.00, 0.00, 0.00, 0.00, 0.00, 0.00, 0.00, 0.00, 0.00, 0.00, 0.00
7048, 0, 265.712, 0.88, 1, 0.39, 0.00, 0.00, 0.00, 0.00, 0.00, 0.06, 0.57, 0.00, 0.00, 0.53, 0.31, 0.32, 0.00, 0.07, 0.00, 0.13, 0.00, 0.00, 0.00, 1.00, 0.00, 0.00, 0.00, 0.00, 0.00, 0.00, 0.00, 0.00, 0.00, 0.00, 0.00, 0.00, 0.00, 0.00
7049, 0, 265.749, 0.88, 1, 0.46, 0.01, 0.00, 0.00, 0.00, 0.00, 0.02, 0.66, 0.00, 0.02, 0.53, 0.11, 0.33, 0.00, 0.07, 0.03, 0.12, 0.00, 0.00, 0.00, 1.00, 0.00, 0.00, 0.00, 0.00, 0.00, 0.00, 0.00, 0.00, 0.00, 0.00, 0.00, 0.00, 0.00, 0.00
7050, 0, 265.787, 0.93, 1, 0.38, 0.01, 0.00, 0.00, 0.00, 0.00, 0.02, 0.81, 0.08, 0.02, 0.32, 0.00, 0.25, 0.00, 0.07, 0.03, 0.50, 0.00, 0.00, 0.00, 1.00, 0.00, 0.00, 0.00, 0.00, 0.00, 0.00, 0.00, 0.00, 0.00, 0.00, 0.00, 0.00, 0.00, 0.00
7051, 0, 265.825, 0.88, 1, 0.27, 0.01, 0.00, 0.00, 0.00, 0.00, 0.09, 0.75, 0.09, 0.02, 0.00, 0.00, 0.01, 0.00, 0.00, 0.03, 0.75, 0.00, 0.00, 0.00, 1.00, 0.00, 0.00, 0.00, 0.00, 0.00, 0.00, 0.00, 0.00, 0.00, 0.00, 0.00, 0.00, 0.00, 0.00
7052, 0, 265.862, 0.88, 1, 0.05, 0.00, 0.00, 0.00, 0.00, 0.00, 0.10, 0.78, 0.09, 0.00, 0.00, 0.00, 0.00, 0.00, 0.00, 0.00, 0.84, 0.00, 0.00, 0.00, 1.00, 0.00, 0.00, 0.00, 0.00, 0.00, 0.00, 0.00, 0.00, 0.00, 0.00, 0.00, 0.00, 0.00, 0.00
7053, 0, 265.900, 0.88, 1, 0.00, 0.00, 0.00, 0.00, 0.00, 0.00, 0.23, 1.03, 0.00, 0.00, 0.00, 0.00, 0.00, 0.00, 0.00, 0.10, 0.76, 0.00, 0.00, 0.00, 1.00, 0.00, 0.00, 0.00, 0.00, 0.00, 0.00, 0.00, 0.00, 0.00, 0.00, 0.00, 0.00, 0.00, 0.00
7054, 0, 265.938, 0.88, 1, 0.00, 0.00, 0.00, 0.00, 0.00, 0.00, 0.28, 1.34, 0.00, 0.00, 0.00, 0.00, 0.00, 0.00, 0.00, 0.25, 0.89, 0.00, 0.00, 0.00, 1.00, 0.00, 0.00, 0.00, 0.00, 0.00, 0.00, 0.00, 0.00, 0.00, 0.00, 0.00, 0.00, 0.00, 0.00
7055, 0, 265.976, 0.88, 1, 0.08, 0.00, 0.00, 0.00, 0.00, 0.00, 0.24, 1.50, 0.00, 0.00, 0.46, 0.00, 0.16, 0.00, 0.40, 0.32, 0.71, 0.00, 0.00, 0.00, 1.00, 0.00, 0.00, 0.00, 0.00, 0.00, 0.00, 0.00, 0.00, 0.00, 0.00, 0.00, 0.00, 0.00, 0.00
7056, 0, 266.013, 0.98, 1, 0.08, 0.00, 0.00, 0.00, 0.00, 0.00, 0.16, 1.38, 0.00, 0.00, 0.46, 0.00, 0.40, 0.01, 0.54, 0.40, 0.40, 0.00, 0.00, 0.00, 1.00, 0.00, 0.00, 0.00, 0.00, 0.00, 0.00, 0.00, 0.00, 0.00, 0.00, 0.00, 0.00, 0.00, 0.00
7057, 0, 266.051, 0.98, 1, 0.15, 0.00, 0.00, 0.00, 0.00, 0.00, 0.05, 1.01, 0.00, 0.00, 0.97, 0.00, 0.50, 0.06, 0.66, 0.25, 0.08, 0.00, 0.00, 0.00, 1.00, 0.00, 0.00, 0.00, 0.00, 0.00, 0.00, 1.00, 0.00, 0.00, 0.00, 0.00, 0.00, 0.00, 0.00
7058, 0, 266.089, 0.98, 1, 0.07, 0.00, 0.00, 0.00, 0.00, 0.00, 0.14, 0.91, 0.00, 0.05, 0.51, 0.00, 0.34, 0.09, 0.26, 0.53, 0.30, 0.00, 0.00, 0.00, 1.00, 0.00, 0.00, 0.00, 0.00, 0.00, 0.00, 1.00, 0.00, 0.00, 0.00, 0.00, 0.00, 0.00, 0.00
7059, 0, 266.126, 0.98, 1, 0.07, 0.00, 0.00, 0.00, 0.00, 0.00, 0.12, 1.14, 0.00, 0.27, 0.51, 0.00, 0.10, 0.10, 0.11, 0.81, 0.39, 0.00, 0.00, 0.00, 1.00, 0.00, 0.00, 0.00, 0.00, 0.00, 0.00, 1.00, 0.00, 0.00, 0.00, 0.00, 0.00, 0.00, 0.00
7060, 0, 266.164, 0.98, 1, 0.17, 0.00, 0.00, 0.00, 0.00, 0.00, 0.23, 1.55, 0.00, 0.27, 0.00, 0.15, 0.04, 0.06, 0.00, 1.01, 0.32, 0.00, 0.00, 0.00, 1.00, 0.00, 0.00, 0.00, 0.00, 0.00, 0.00, 1.00, 0.00, 0.00, 1.00, 0.00, 0.00, 0.00, 0.00
7061, 0, 266.202, 0.98, 1, 0.30, 0.00, 0.00, 0.00, 0.00, 0.00, 0.14, 1.75, 0.00, 0.27, 0.00, 0.33, 0.04, 0.04, 0.00, 1.09, 0.09, 0.00, 0.00, 0.00, 1.00, 0.00, 0.00, 0.00, 1.00, 0.00, 0.00, 1.00, 0.00, 0.00, 1.00, 0.00, 0.00, 0.00, 0.00
7062, 0, 266.239, 0.88, 1, 0.38, 0.00, 0.00, 0.00, 0.00, 0.00, 0.22, 1.76, 0.00, 0.05, 0.11, 0.38, 0.18, 0.04, 0.03, 1.13, 0.15, 0.00, 0.00, 0.00, 1.00, 0.00, 0.00, 0.00, 1.00, 0.00, 0.00, 1.00, 0.00, 0.00, 1.00, 0.00, 0.00, 0.00, 0.00
7063, 0, 266.277, 0.88, 1, 0.21, 0.00, 0.00, 0.00, 0.00, 0.00, 0.12, 1.77, 0.00, 0.19, 0.11, 0.23, 0.16, 0.07, 0.16, 1.31, 0.15, 0.00, 0.00, 0.00, 1.00, 0.00, 0.00, 0.00, 1.00, 0.00, 0.00, 1.00, 0.00, 0.00, 1.00, 0.00, 0.00, 0.00, 0.00
7064, 0, 266.315, 0.88, 1, 0.08, 0.00, 0.00, 0.00, 0.00, 0.04, 0.19, 1.64, 0.00, 0.18, 0.11, 0.05, 0.29, 0.06, 0.30, 1.42, 0.33, 0.00, 0.00, 0.00, 1.00, 0.00, 0.00, 0.00, 1.00, 0.00, 0.00, 1.00, 0.00, 0.00, 1.00, 0.00, 0.00, 0.00, 0.00
7065, 0, 266.353, 0.93, 1, 0.00, 0.00, 0.00, 0.00, 0.00, 0.04, 0.08, 1.52, 0.13, 0.18, 0.05, 0.08, 0.15, 0.03, 0.46, 1.21, 0.18, 0.00, 0.00, 0.00, 1.00, 0.00, 0.00, 0.00, 1.00, 0.00, 0.00, 1.00, 0.00, 0.00, 1.00, 0.00, 0.00, 0.00, 0.00
7066, 0, 266.390, 0.93, 1, 0.00, 0.00, 0.00, 0.00, 0.00, 0.04, 0.07, 1.45, 0.25, 0.04, 0.05, 0.14, 0.13, 0.00, 0.55, 1.03, 0.19, 0.00, 0.00, 0.00, 1.00, 0.00, 0.00, 0.00, 1.00, 0.00, 0.00, 1.00, 0.00, 0.00, 1.00, 0.00, 0.00, 0.00, 0.00
7067, 0, 266.428, 0.93, 1, 0.00, 0.00, 0.00, 0.00, 0.00, 0.00, 0.00, 1.26, 0.35, 0.00, 0.33, 0.14, 0.00, 0.00, 0.50, 1.04, 0.01, 0.00, 0.00, 0.00, 1.00, 0.00, 0.00, 0.00, 0.00, 0.00, 0.00, 1.00, 0.00, 0.00, 1.00, 0.00, 0.00, 0.00, 0.00
7068, 0, 266.466, 0.93, 1, 0.00, 0.00, 0.00, 0.00, 0.00, 0.00, 0.00, 1.05, 0.39, 0.22, 0.32, 0.08, 0.00, 0.00, 0.53, 1.09, 0.28, 0.00, 0.00, 0.00, 1.00, 0.00, 0.00, 0.00, 0.00, 0.00, 0.00, 1.00, 0.00, 0.00, 1.00, 0.00, 0.00, 0.00, 0.00
7069, 0, 266.503, 0.93, 1, 0.00, 0.00, 0.00, 0.00, 0.00, 0.00, 0.00, 0.77, 0.57, 0.26, 0.53, 0.02, 0.00, 0.02, 0.47, 1.31, 0.34, 0.00, 0.00, 0.00, 1.00, 0.00, 0.00, 0.00, 0.00, 0.00, 0.00, 0.00, 0.00, 0.00, 1.00, 0.00, 0.00, 0.00, 0.00
7070, 0, 266.541, 0.98, 1, 0.00, 0.00, 0.00, 0.00, 0.00, 0.00, 0.00, 0.57, 0.65, 0.26, 0.39, 0.15, 0.00, 0.05, 0.74, 0.93, 0.44, 0.00, 0.00, 0.00, 1.00, 0.00, 0.00, 0.00, 0.00, 0.00, 0.00, 0.00, 0.00, 0.00, 1.00, 0.00, 0.00, 0.00, 0.00
7071, 0, 266.579, 0.98, 1, 0.00, 0.00, 0.00, 0.00, 0.00, 0.00, 0.00, 0.57, 0.70, 0.04, 0.66, 0.26, 0.00, 0.05, 0.97, 0.60, 0.39, 0.00, 0.00, 0.00, 1.00, 0.00, 0.00, 0.00, 0.00, 0.00, 0.00, 0.00, 0.00, 0.00, 1.00, 0.00, 0.00, 0.00, 0.00
7072, 0, 266.617, 0.88, 1, 0.02, 0.00, 0.00, 0.00, 0.00, 0.00, 0.00, 0.61, 0.56, 0.00, 0.67, 0.26, 0.20, 0.02, 1.23, 0.31, 0.33, 0.00, 0.00, 0.00, 1.00, 0.00, 0.00, 0.00, 0.00, 0.00, 0.00, 0.00, 0.00, 0.00, 0.00, 0.00, 0.00, 0.00, 0.00
7073, 0, 266.654, 0.88, 1, 0.02, 0.00, 0.00, 0.00, 0.00, 0.00, 0.00, 0.85, 0.60, 0.17, 0.57, 0.19, 0.25, 0.00, 1.23, 0.29, 0.25, 0.00, 0.00, 0.00, 1.00, 0.00, 0.00, 0.00, 0.00, 0.00, 0.00, 0.00, 0.00, 0.00, 0.00, 0.00, 0.00, 0.00, 0.00
7074, 0, 266.692, 0.88, 1, 0.02, 0.00, 0.00, 0.00, 0.00, 0.00, 0.00, 0.95, 0.67, 0.30, 0.53, 0.24, 0.25, 0.00, 1.33, 0.36, 0.03, 0.00, 0.00, 0.00, 1.00, 0.00, 0.00, 0.00, 0.00, 0.00, 0.00, 0.00, 0.00, 0.00, 0.00, 0.00, 0.00, 0.00, 1.00
7075, 0, 266.730, 0.88, 1, 0.00, 0.00, 0.00, 0.00, 0.02, 0.00, 0.00, 1.25, 0.90, 0.51, 0.31, 0.32, 0.20, 0.00, 1.23, 0.22, 0.02, 0.00, 0.00, 0.00, 1.00, 0.00, 0.00, 0.00, 0.00, 0.00, 0.00, 0.00, 0.00, 0.00, 0.00, 0.00, 0.00, 0.00, 1.00
7076, 0, 266.767, 0.93, 1, 0.00, 0.00, 0.00, 0.00, 0.06, 0.00, 0.00, 1.58, 1.05, 0.56, 0.26, 0.42, 0.24, 0.00, 1.12, 0.16, 0.00, 0.00, 0.00, 0.00, 1.00, 0.00, 0.00, 0.00, 0.00, 1.00, 0.00, 0.00, 0.00, 0.00, 1.00, 0.00, 0.00, 0.00, 0.00
7077, 0, 266.805, 0.93, 1, 0.00, 0.00, 0.04, 0.00, 0.06, 0.00, 0.00, 1.65, 1.10, 0.76, 0.00, 0.24, 0.24, 0.00, 0.76, 0.08, 0.00, 0.00, 0.00, 0.00, 1.00, 0.00, 0.00, 0.00, 0.00, 1.00, 0.00, 0.00, 0.00, 0.00, 1.00, 0.00, 0.00, 0.00, 0.00
7078, 0, 266.843, 0.93, 1, 0.00, 0.00, 0.13, 0.00, 0.04, 0.00, 0.00, 1.56, 1.01, 1.22, 0.00, 0.17, 0.10, 0.01, 0.44, 0.08, 0.05, 0.00, 0.00, 0.00, 1.00, 0.00, 0.00, 0.00, 0.00, 1.00, 0.00, 0.00, 0.00, 0.00, 1.00, 0.00, 0.00, 0.00, 0.00
7079, 0, 266.880, 0.98, 1, 0.00, 0.00, 0.13, 0.00, 0.00, 0.00, 0.00, 1.60, 0.94, 1.49, 0.06, 0.02, 0.13, 0.01, 0.30, 0.18, 0.11, 0.00, 0.00, 0.00, 1.00, 0.00, 0.00, 0.00, 0.00, 1.00, 1.00, 0.00, 0.00, 0.00, 1.00, 0.00, 0.00, 0.00, 0.00
7080, 0, 266.918, 0.98, 1, 0.00, 0.00, 0.09, 0.00, 0.02, 0.00, 0.00, 1.49, 0.91, 1.55, 0.20, 0.14, 0.34, 0.01, 0.21, 0.26, 0.11, 0.00, 0.00, 0.00, 1.00, 0.00, 0.00, 0.00, 0.00, 1.00, 1.00, 0.00, 1.00, 0.00, 1.00, 0.00, 0.00, 0.00, 0.00
7081, 0, 266.956, 0.98, 1, 0.00, 0.00, 0.00, 0.00, 0.02, 0.00, 0.00, 1.49, 0.86, 1.68, 0.20, 0.31, 0.37, 0.00, 0.21, 0.38, 0.06, 0.00, 0.00, 0.00, 1.00, 0.00, 0.00, 0.00, 0.00, 1.00, 1.00, 0.00, 0.00, 0.00, 1.00, 0.00, 0.00, 0.00, 0.00
7082, 0, 266.994, 0.98, 1, 0.00, 0.00, 0.00, 0.00, 0.02, 0.00, 0.00, 1.41, 0.82, 1.91, 0.13, 0.48, 0.29, 0.00, 0.09, 0.27, 0.00, 0.00, 0.00, 0.00, 1.00, 0.00, 0.00, 0.00, 0.00, 1.00, 1.00, 0.00, 0.00, 0.00, 1.00, 0.00, 0.00, 0.00, 0.00
7083, 0, 267.031, 0.98, 1, 0.00, 0.00, 0.00, 0.01, 0.00, 0.00, 0.00, 1.62, 0.79, 2.19, 0.00, 0.36, 0.08, 0.00, 0.00, 0.37, 0.00, 0.00, 0.00, 0.00, 1.00, 0.00, 0.00, 0.00, 1.00, 1.00, 1.00, 0.00, 0.00, 0.00, 1.00, 0.00, 0.00, 0.00, 0.00
7084, 0, 267.069, 0.98, 1, 0.00, 0.00, 0.00, 0.01, 0.00, 0.00, 0.00, 1.66, 0.80, 2.04, 0.00, 0.24, 0.05, 0.00, 0.00, 0.50, 0.00, 0.00, 0.00, 0.00, 1.00, 0.00, 0.00, 0.00, 1.00, 1.00, 1.00, 0.00, 0.00, 0.00, 1.00, 0.00, 0.00, 0.00, 0.00
7085, 0, 267.107, 0.98, 1, 0.00, 0.00, 0.03, 0.01, 0.00, 0.00, 0.00, 1.86, 0.75, 2.26, 0.03, 0.26, 0.00, 0.02, 0.08, 0.56, 0.00, 0.00, 0.00, 0.00, 1.00, 0.00, 0.00, 0.00, 1.00, 1.00, 1.00, 0.00, 0.00, 0.00, 1.00, 0.00, 0.00, 0.00, 0.00
7086, 0, 267.144, 0.98, 1, 0.00, 0.00, 0.03, 0.01, 0.00, 0.00, 0.00, 1.77, 0.73, 2.22, 0.03, 0.44, 0.00, 0.02, 0.08, 0.41, 0.00, 0.00, 0.00, 0.00, 1.00, 0.00, 0.00, 0.00, 1.00, 1.00, 1.00, 1.00, 0.00, 0.00, 1.00, 0.00, 0.00, 0.00, 0.00
7087, 0, 267.182, 0.98, 1, 0.00, 0.00, 0.03, 0.02, 0.00, 0.00, 0.00, 1.72, 0.74, 2.29, 0.08, 0.51, 0.00, 0.02, 0.16, 0.16, 0.00, 0.00, 0.00, 0.00, 1.00, 0.00, 0.00, 0.00, 1.00, 1.00, 1.00, 1.00, 0.00, 0.00, 1.00, 0.00, 0.00, 0.00, 0.00
7088, 0, 267.220, 0.98, 1, 0.00, 0.00, 0.00, 0.05, 0.00, 0.00, 0.00, 1.53, 0.85, 2.05, 0.05, 0.41, 0.00, 0.00, 0.15, 0.13, 0.00, 0.00, 0.00, 0.00, 1.00, 0.00, 0.00, 0.00, 1.00, 1.00, 1.00, 1.00, 0.00, 0.00, 1.00, 0.00, 0.00, 0.00, 0.00
7089, 0, 267.258, 0.98, 1, 0.00, 0.00, 0.00, 0.14, 0.04, 0.00, 0.00, 1.55, 0.94, 2.17, 0.05, 0.36, 0.00, 0.00, 0.20, 0.21, 0.00, 0.00, 0.00, 0.00, 1.00, 0.00, 0.00, 0.00, 1.00, 1.00, 1.00, 1.00, 0.00, 0.00, 1.00, 0.00, 0.00, 0.00, 0.00
7090, 0, 267.295, 0.98, 1, 0.00, 0.00, 0.00, 0.26, 0.13, 0.00, 0.00, 1.66, 0.98, 1.97, 0.00, 0.33, 0.13, 0.00, 0.21, 0.53, 0.00, 0.00, 0.00, 0.00, 1.00, 0.00, 0.00, 0.00, 1.00, 1.00, 1.00, 0.00, 0.00, 0.00, 1.00, 0.00, 0.00, 0.00, 0.00
7091, 0, 267.333, 0.98, 1, 0.00, 0.00, 0.00, 0.40, 0.14, 0.00, 0.00, 1.72, 0.92, 1.85, 0.00, 0.26, 0.14, 0.00, 0.30, 0.72, 0.00, 0.00, 0.00, 0.00, 1.00, 0.00, 0.00, 0.00, 1.00, 0.00, 1.00, 0.00, 0.00, 0.00, 1.00, 1.00, 0.00, 0.00, 0.00
7092, 0, 267.371, 0.98, 1, 0.00, 0.00, 0.00, 0.59, 0.14, 0.00, 0.00, 1.74, 0.76, 1.76, 0.00, 0.30, 0.28, 0.03, 0.50, 0.86, 0.00, 0.00, 0.00, 0.00, 1.00, 0.00, 0.00, 0.00, 1.00, 0.00, 1.00, 0.00, 0.00, 0.00, 1.00, 1.00, 0.00, 0.00, 0.00
7093, 0, 267.408, 0.98, 1, 0.00, 0.00, 0.00, 0.62, 0.08, 0.00, 0.00, 1.76, 0.70, 1.96, 0.00, 0.41, 0.16, 0.05, 0.74, 0.90, 0.00, 0.00, 0.00, 0.00, 1.00, 0.00, 0.00, 0.00, 1.00, 0.00, 1.00, 0.00, 0.00, 0.00, 0.00, 1.00, 0.00, 0.00, 0.00
7094, 0, 267.446, 0.98, 1, 0.00, 0.00, 0.00, 0.66, 0.08, 0.00, 0.00, 1.74, 0.66, 2.03, 0.00, 0.60, 0.14, 0.08, 0.93, 0.99, 0.00, 0.00, 0.00, 0.00, 1.00, 0.00, 0.00, 0.00, 1.00, 0.00, 1.00, 0.00, 0.00, 0.00, 0.00, 1.00, 0.00, 0.00, 0.00
7095, 0, 267.484, 0.98, 1, 0.02, 0.00, 0.00, 0.53, 0.08, 0.00, 0.06, 1.46, 0.69, 1.87, 0.00, 0.43, 0.01, 0.06, 0.90, 0.85, 0.00, 0.00, 0.00, 0.00, 1.00, 0.00, 0.00, 0.00, 1.00, 0.00, 1.00, 0.00, 0.00, 0.00, 0.00, 1.00, 0.00, 0.00, 0.00
7096, 0, 267.521, 0.98, 1, 0.02, 0.00, 0.00, 0.55, 0.05, 0.00, 0.06, 1.22, 0.69, 1.75, 0.00, 0.22, 0.00, 0.03, 0.67, 0.66, 0.00, 0.00, 0.00, 0.00, 1.00, 0.00, 0.00, 0.00, 0.00, 0.00, 1.00, 0.00, 0.00, 0.00, 0.00, 1.00, 0.00, 0.00, 0.00
7097, 0, 267.559, 0.98, 1, 0.06, 0.00, 0.00, 0.49, 0.03, 0.00, 0.06, 1.13, 0.68, 1.73, 0.00, 0.03, 0.00, 0.00, 0.53, 0.47, 0.00, 0.00, 0.00, 0.00, 1.00, 0.00, 0.00, 0.00, 0.00, 0.00, 1.00, 0.00, 0.00, 0.00, 0.00, 1.00, 0.00, 0.00, 0.00
7098, 0, 267.597, 0.98, 1, 0.06, 0.00, 0.00, 0.45, 0.00, 0.00, 0.00, 1.23, 0.61, 1.88, 0.00, 0.12, 0.00, 0.00, 0.62, 0.78, 0.00, 0.00, 0.00, 0.00, 1.00, 0.00, 0.00, 0.00, 0.00, 0.00, 1.00, 0.00, 0.00, 0.00, 1.00, 1.00, 0.00, 0.00, 0.00
7099, 0, 267.635, 0.98, 1, 0.06, 0.00, 0.00, 0.37, 0.00, 0.00, 0.00, 1.25, 0.58, 1.92, 0.00, 0.12, 0.00, 0.00, 0.79, 0.83, 0.00, 0.00, 0.00, 0.00, 1.00, 0.00, 0.00, 0.00, 0.00, 0.00, 1.00, 0.00, 0.00, 0.00, 0.00, 1.00, 0.00, 0.00, 0.00
7100, 0, 267.672, 0.98, 1, 0.03, 0.00, 0.00, 0.23, 0.00, 0.00, 0.00, 1.40, 0.58, 1.88, 0.00, 0.10, 0.00, 0.00, 0.87, 1.10, 0.00, 0.00, 0.00, 0.00, 1.00, 0.00, 0.00, 0.00, 0.00, 0.00, 1.00, 0.00, 0.00, 0.00, 1.00, 1.00, 0.00, 0.00, 0.00
7101, 0, 267.710, 0.98, 1, 0.00, 0.00, 0.02, 0.16, 0.03, 0.00, 0.00, 1.57, 0.68, 1.80, 0.00, 0.10, 0.00, 0.00, 0.81, 1.05, 0.00, 0.00, 0.00, 0.00, 1.00, 0.00, 0.00, 0.00, 0.00, 0.00, 1.00, 0.00, 0.00, 0.00, 1.00, 1.00, 0.00, 0.00, 0.00
7102, 0, 267.748, 0.98, 1, 0.00, 0.00, 0.03, 0.06, 0.08, 0.00, 0.00, 1.61, 0.72, 1.72, 0.00, 0.23, 0.00, 0.02, 0.78, 1.19, 0.00, 0.00, 0.00, 0.00, 1.00, 0.00, 0.00, 0.00, 0.00, 1.00, 1.00, 0.00, 0.00, 0.00, 1.00, 1.00, 0.00, 0.00, 0.00
7103, 0, 267.785, 0.98, 1, 0.00, 0.00, 0.06, 0.13, 0.14, 0.00, 0.00, 1.33, 0.71, 1.62, 0.06, 0.31, 0.00, 0.10, 0.56, 1.06, 0.00, 0.00, 0.00, 0.00, 1.00, 0.00, 0.00, 0.00, 0.00, 1.00, 1.00, 0.00, 0.00, 0.00, 1.00, 1.00, 0.00, 0.00, 0.00
7104, 0, 267.823, 0.98, 1, 0.00, 0.00, 0.11, 0.14, 0.23, 0.00, 0.00, 1.08, 0.71, 1.57, 0.09, 0.29, 0.00, 0.18, 0.41, 1.03, 0.00, 0.00, 0.00, 0.00, 1.00, 0.00, 0.00, 0.00, 0.00, 1.00, 1.00, 0.00, 0.00, 0.00, 1.00, 1.00, 0.00, 0.00, 0.00
7105, 0, 267.861, 0.98, 1, 0.07, 0.00, 0.11, 0.14, 0.30, 0.04, 0.05, 1.37, 0.67, 1.54, 0.09, 0.28, 0.09, 0.16, 0.34, 0.74, 0.06, 0.00, 0.00, 0.00, 1.00, 0.00, 0.00, 0.00, 0.00, 1.00, 1.00, 0.00, 0.00, 0.00, 1.00, 1.00, 0.00, 0.00, 0.00
7106, 0, 267.899, 0.98, 1, 0.07, 0.00, 0.07, 0.23, 0.33, 0.04, 0.07, 1.69, 0.74, 1.56, 0.03, 0.18, 0.21, 0.08, 0.56, 0.64, 0.09, 0.00, 0.00, 0.00, 1.00, 0.00, 0.00, 0.00, 1.00, 0.00, 1.00, 0.00, 0.00, 0.00, 1.00, 1.00, 0.00, 0.00, 0.00
7107, 0, 267.936, 0.93, 1, 0.14, 0.00, 0.00, 0.27, 0.28, 0.04, 0.10, 1.94, 0.81, 1.58, 0.00, 0.12, 0.21, 0.06, 0.77, 0.35, 0.29, 0.00, 0.00, 0.00, 1.00, 0.00, 0.00, 0.00, 1.00, 0.00, 1.00, 0.00, 0.00, 0.00, 0.00, 1.00, 0.00, 0.00, 0.00
7108, 0, 267.974, 0.88, 1, 0.07, 0.00, 0.00, 0.27, 0.27, 0.00, 0.08, 1.68, 0.91, 1.55, 0.00, 0.08, 0.14, 0.06, 0.86, 0.37, 0.43, 0.00, 0.00, 0.00, 1.00, 0.00, 0.00, 0.00, 1.00, 0.00, 1.00, 0.00, 0.00, 0.00, 0.00, 1.00, 0.00, 0.00, 0.00
7109, 0, 268.012, 0.93, 1, 0.24, 0.00, 0.00, 0.10, 0.20, 0.10, 0.11, 1.48, 0.85, 1.61, 0.00, 0.33, 0.17, 0.06, 0.81, 0.25, 0.40, 0.00, 0.00, 0.00, 1.00, 0.00, 0.00, 0.00, 1.00, 0.00, 1.00, 0.00, 0.00, 0.00, 0.00, 1.00, 0.00, 0.00, 0.00
7110, 0, 268.049, 0.98, 1, 0.17, 0.00, 0.00, 0.00, 0.15, 0.10, 0.16, 1.42, 0.77, 1.53, 0.00, 0.40, 0.30, 0.00, 0.98, 0.28, 0.40, 0.00, 0.00, 0.00, 1.00, 0.00, 0.00, 0.00, 1.00, 0.00, 1.00, 0.00, 0.00, 0.00, 0.00, 1.00, 0.00, 0.00, 0.00
7111, 0, 268.087, 0.98, 1, 0.17, 0.00, 0.00, 0.00, 0.06, 0.10, 0.17, 1.40, 0.79, 1.50, 0.00, 0.40, 0.29, 0.00, 1.21, 0.42, 0.24, 0.00, 0.00, 0.00, 1.00, 0.00, 0.00, 0.00, 1.00, 0.00, 1.00, 0.00, 0.00, 0.00, 0.00, 1.00, 0.00, 0.00, 0.00
7112, 0, 268.125, 0.98, 1, 0.00, 0.00, 0.00, 0.00, 0.10, 0.00, 0.12, 1.31, 0.85, 1.34, 0.00, 0.14, 0.13, 0.00, 1.42, 0.41, 0.24, 0.00, 0.00, 0.00, 1.00, 0.00, 0.00, 0.00, 1.00, 0.00, 1.00, 0.00, 0.00, 0.00, 0.00, 1.00, 0.00, 0.00, 0.00
7113, 0, 268.162, 0.98, 1, 0.00, 0.00, 0.00, 0.00, 0.17, 0.00, 0.03, 1.22, 0.94, 1.38, 0.00, 0.08, 0.00, 0.00, 1.24, 0.37, 0.04, 0.00, 0.00, 0.00, 1.00, 0.00, 0.00, 0.00, 1.00, 0.00, 1.00, 0.00, 0.00, 0.00, 0.00, 1.00, 0.00, 0.00, 0.00
7114, 0, 268.200, 0.98, 1, 0.00, 0.00, 0.00, 0.00, 0.22, 0.00, 0.00, 1.17, 0.96, 1.58, 0.00, 0.00, 0.09, 0.00, 1.13, 0.26, 0.00, 0.00, 0.00, 0.00, 1.00, 0.00, 0.00, 0.00, 1.00, 1.00, 1.00, 0.00, 0.00, 0.00, 0.00, 1.00, 0.00, 0.00, 0.00
7115, 0, 268.238, 0.98, 1, 0.00, 0.00, 0.00, 0.00, 0.21, 0.00, 0.00, 1.25, 0.91, 1.71, 0.00, 0.08, 0.26, 0.07, 1.03, 0.15, 0.00, 0.00, 0.00, 0.00, 1.00, 0.00, 0.00, 0.00, 1.00, 1.00, 1.00, 0.00, 0.00, 0.00, 0.00, 1.00, 0.00, 0.00, 0.00
7116, 0, 268.276, 0.98, 1, 0.00, 0.00, 0.00, 0.00, 0.17, 0.00, 0.00, 1.20, 0.82, 1.79, 0.00, 0.15, 0.46, 0.13, 1.10, 0.10, 0.00, 0.00, 0.00, 0.00, 1.00, 0.00, 0.00, 0.00, 1.00, 1.00, 1.00, 0.00, 0.00, 0.00, 0.00, 1.00, 0.00, 0.00, 0.00
7117, 0, 268.313, 0.98, 1, 0.03, 0.00, 0.00, 0.00, 0.09, 0.00, 0.00, 1.20, 0.70, 1.73, 0.00, 0.21, 0.38, 0.13, 0.90, 0.19, 0.00, 0.00, 0.00, 0.00, 1.00, 0.00, 0.00, 0.00, 1.00, 1.00, 1.00, 0.00, 0.00, 0.00, 0.00, 1.00, 0.00, 0.00, 0.00
7118, 0, 268.351, 0.98, 1, 0.03, 0.00, 0.00, 0.00, 0.04, 0.00, 0.00, 1.20, 0.70, 1.88, 0.00, 0.13, 0.20, 0.07, 0.67, 0.48, 0.00, 0.00, 0.00, 0.00, 1.00, 0.00, 0.00, 0.00, 1.00, 1.00, 1.00, 0.00, 0.00, 0.00, 0.00, 1.00, 0.00, 0.00, 0.00
7119, 0, 268.389, 0.93, 1, 0.03, 0.00, 0.00, 0.00, 0.00, 0.00, 0.00, 1.40, 0.75, 2.01, 0.00, 0.06, 0.00, 0.00, 0.40, 0.85, 0.00, 0.00, 0.00, 0.00, 1.00, 0.00, 0.00, 0.00, 1.00, 1.00, 1.00, 0.00, 0.00, 0.00, 0.00, 1.00, 0.00, 0.00, 0.00
7120, 0, 268.426, 0.98, 1, 0.02, 0.03, 0.00, 0.00, 0.00, 0.00, 0.00, 1.54, 0.83, 1.85, 0.00, 0.04, 0.08, 0.00, 0.34, 0.87, 0.00, 0.00, 0.00, 0.00, 1.00, 0.00, 0.00, 0.00, 1.00, 1.00, 1.00, 0.00, 0.00, 0.00, 0.00, 1.00, 0.00, 0.00, 0.00
7121, 0, 268.464, 0.98, 1, 0.04, 0.03, 0.00, 0.00, 0.01, 0.00, 0.00, 1.65, 0.92, 1.69, 0.00, 0.13, 0.31, 0.01, 0.43, 0.83, 0.00, 0.00, 1.00, 0.00, 1.00, 0.00, 0.00, 0.00, 1.00, 1.00, 1.00, 0.00, 0.00, 0.00, 0.00, 1.00, 0.00, 0.00, 0.00
7122, 0, 268.502, 0.98, 1, 0.07, 0.03, 0.00, 0.00, 0.04, 0.00, 0.00, 1.60, 0.94, 1.46, 0.00, 0.13, 0.48, 0.02, 0.52, 0.64, 0.00, 0.00, 1.00, 0.00, 1.00, 0.00, 0.00, 0.00, 1.00, 1.00, 1.00, 0.00, 0.00, 0.00, 0.00, 1.00, 0.00, 0.00, 0.00
7123, 0, 268.540, 0.98, 1, 0.05, 0.00, 0.00, 0.00, 0.08, 0.00, 0.00, 1.67, 0.93, 1.80, 0.00, 0.09, 0.40, 0.06, 0.55, 0.79, 0.00, 0.00, 1.00, 0.00, 1.00, 0.00, 0.00, 0.00, 1.00, 1.00, 1.00, 0.00, 0.00, 0.00, 0.00, 0.00, 0.00, 0.00, 0.00
7124, 0, 268.577, 0.98, 1, 0.03, 0.00, 0.00, 0.00, 0.10, 0.00, 0.00, 1.74, 0.87, 1.90, 0.00, 0.00, 0.17, 0.16, 0.39, 1.04, 0.00, 0.00, 1.00, 0.00, 1.00, 0.00, 0.00, 0.00, 1.00, 1.00, 1.00, 0.00, 0.00, 0.00, 1.00, 0.00, 1.00, 0.00, 0.00
7125, 0, 268.615, 0.98, 1, 0.18, 0.00, 0.04, 0.00, 0.08, 0.00, 0.00, 1.82, 0.93, 2.16, 0.00, 0.36, 0.16, 0.15, 0.33, 1.53, 0.01, 0.00, 1.00, 0.00, 1.00, 0.00, 0.00, 0.00, 1.00, 1.00, 1.00, 0.00, 0.00, 0.00, 1.00, 1.00, 1.00, 0.00, 0.00
7126, 0, 268.653, 0.98, 1, 0.27, 0.00, 0.07, 0.00, 0.11, 0.00, 0.00, 1.73, 1.03, 2.07, 0.00, 0.53, 0.16, 0.12, 0.35, 1.87, 0.01, 1.00, 0.00, 0.00, 1.00, 0.00, 0.00, 0.00, 1.00, 1.00, 1.00, 0.00, 0.00, 0.00, 1.00, 0.00, 1.00, 0.00, 0.00
7127, 0, 268.690, 0.98, 1, 0.45, 0.00, 0.12, 0.00, 0.09, 0.00, 0.00, 1.56, 1.05, 2.07, 0.00, 0.69, 0.18, 0.01, 0.46, 1.97, 0.01, 1.00, 0.00, 0.00, 1.00, 0.00, 0.00, 0.00, 1.00, 1.00, 1.00, 0.00, 0.00, 0.00, 1.00, 0.00, 1.00, 0.00, 0.00
7128, 0, 268.728, 0.98, 1, 0.48, 0.00, 0.11, 0.00, 0.13, 0.00, 0.00, 1.44, 0.97, 2.02, 0.00, 0.44, 0.19, 0.00, 0.52, 1.97, 0.00, 1.00, 0.00, 0.00, 1.00, 0.00, 0.00, 0.00, 1.00, 1.00, 1.00, 0.00, 1.00, 0.00, 1.00, 0.00, 1.00, 0.00, 0.00
7129, 0, 268.766, 0.98, 1, 0.56, 0.00, 0.09, 0.00, 0.09, 0.10, 0.00, 1.38, 0.84, 1.86, 0.00, 0.44, 0.19, 0.01, 0.45, 1.94, 0.00, 1.00, 0.00, 0.00, 1.00, 0.00, 0.00, 0.00, 1.00, 1.00, 1.00, 0.00, 1.00, 0.00, 1.00, 1.00, 1.00, 0.00, 0.00
7130, 0, 268.803, 0.98, 1, 0.37, 0.10, 0.03, 0.08, 0.08, 0.10, 0.00, 1.75, 1.02, 1.21, 0.00, 0.57, 0.17, 0.01, 0.61, 1.87, 0.00, 1.00, 0.00, 0.00, 1.00, 0.00, 0.00, 0.00, 1.00, 1.00, 1.00, 0.00, 1.00, 0.00, 1.00, 1.00, 1.00, 0.00, 0.00
7131, 0, 268.841, 0.98, 1, 0.32, 0.33, 0.00, 0.14, 0.03, 0.10, 0.00, 1.92, 1.14, 0.80, 0.04, 0.58, 0.00, 0.01, 0.72, 1.62, 0.08, 1.00, 0.00, 0.00, 1.00, 0.00, 0.00, 0.00, 1.00, 1.00, 0.00, 0.00, 0.00, 0.00, 1.00, 1.00, 1.00, 0.00, 0.00
7132, 0, 268.879, 0.93, 1, 0.35, 0.45, 0.00, 0.14, 0.00, 0.00, 0.00, 1.97, 1.26, 0.64, 0.05, 0.58, 0.05, 0.00, 0.95, 1.49, 0.08, 1.00, 0.00, 0.00, 1.00, 0.00, 0.00, 0.00, 1.00, 1.00, 0.00, 0.00, 0.00, 0.00, 1.00, 0.00, 1.00, 0.00, 0.00
7133, 0, 268.917, 0.93, 1, 0.56, 0.35, 0.00, 0.13, 0.00, 0.00, 0.00, 1.63, 1.10, 0.87, 0.18, 0.30, 0.05, 0.00, 0.85, 1.46, 0.08, 0.00, 0.00, 0.00, 1.00, 0.00, 0.00, 0.00, 1.00, 1.00, 0.00, 1.00, 1.00, 0.00, 1.00, 0.00, 1.00, 0.00, 0.00
7134, 0, 268.954, 0.93, 1, 0.66, 0.12, 0.00, 0.08, 0.01, 0.00, 0.00, 1.64, 0.98, 1.01, 0.38, 0.18, 0.05, 0.00, 0.78, 1.60, 0.00, 0.00, 0.00, 0.00, 1.00, 0.00, 0.00, 0.00, 1.00, 1.00, 0.00, 1.00, 0.00, 0.00, 1.00, 1.00, 1.00, 0.00, 0.00
7135, 0, 268.992, 0.98, 1, 0.60, 0.00, 0.00, 0.46, 0.01, 0.00, 0.10, 1.75, 0.79, 1.13, 0.40, 0.18, 0.00, 0.02, 0.60, 1.58, 0.00, 0.00, 0.00, 0.00, 1.00, 0.00, 0.00, 0.00, 1.00, 1.00, 0.00, 1.00, 0.00, 0.00, 1.00, 1.00, 1.00, 0.00, 0.00
7136, 0, 269.030, 0.98, 1, 0.39, 0.00, 0.00, 0.75, 0.01, 0.00, 0.28, 1.83, 0.72, 1.39, 0.27, 0.18, 0.00, 0.02, 0.65, 1.60, 0.00, 0.00, 0.00, 0.00, 1.00, 0.00, 0.00, 0.00, 1.00, 1.00, 1.00, 1.00, 0.00, 0.00, 1.00, 1.00, 1.00, 0.00, 0.00
7137, 0, 269.067, 0.98, 1, 0.13, 0.00, 0.00, 1.07, 0.00, 0.00, 0.47, 1.79, 0.64, 1.45, 0.03, 0.18, 0.00, 0.02, 0.68, 1.62, 0.00, 0.00, 0.00, 0.00, 1.00, 0.00, 0.00, 0.00, 1.00, 1.00, 1.00, 1.00, 0.00, 0.00, 1.00, 1.00, 1.00, 0.00, 0.00
7138, 0, 269.105, 0.98, 1, 0.00, 0.05, 0.00, 0.88, 0.00, 0.00, 0.54, 1.82, 0.70, 1.41, 0.02, 0.00, 0.00, 0.00, 0.76, 1.42, 0.00, 0.00, 0.00, 0.00, 1.00, 0.00, 0.00, 0.00, 1.00, 1.00, 1.00, 1.00, 0.00, 0.00, 1.00, 1.00, 1.00, 0.00, 0.00
7139, 0, 269.143, 0.98, 1, 0.00, 0.05, 0.00, 0.52, 0.02, 0.00, 0.47, 1.97, 0.80, 1.44, 0.02, 0.00, 0.00, 0.00, 0.61, 1.30, 0.00, 0.00, 0.00, 0.00, 1.00, 0.00, 0.00, 0.00, 1.00, 1.00, 1.00, 1.00, 0.00, 0.00, 1.00, 1.00, 0.00, 0.00, 0.00
7140, 0, 269.181, 0.98, 1, 0.25, 0.20, 0.00, 0.19, 0.02, 0.00, 0.28, 2.00, 0.76, 1.12, 0.02, 0.37, 0.00, 0.00, 0.35, 1.17, 0.00, 0.00, 0.00, 0.00, 1.00, 0.00, 0.00, 0.00, 1.00, 1.00, 1.00, 1.00, 0.00, 0.00, 1.00, 1.00, 0.00, 0.00, 0.00
7141, 0, 269.218, 0.98, 1, 0.50, 0.41, 0.00, 0.00, 0.02, 0.00, 0.12, 2.02, 0.66, 0.77, 0.00, 0.73, 0.00, 0.00, 0.11, 1.23, 0.00, 0.00, 0.00, 0.00, 1.00, 0.00, 0.00, 0.00, 1.00, 0.00, 0.00, 1.00, 0.00, 0.00, 1.00, 0.00, 0.00, 0.00, 0.00
7142, 0, 269.256, 0.98, 1, 0.62, 0.41, 0.00, 0.00, 0.08, 0.10, 0.01, 1.95, 0.47, 0.33, 0.00, 0.92, 0.00, 0.02, 0.06, 1.11, 0.00, 0.00, 0.00, 0.00, 1.00, 0.00, 0.00, 0.00, 1.00, 0.00, 0.00, 0.00, 0.00, 0.00, 1.00, 0.00, 0.00, 0.00, 0.00
7143, 0, 269.294, 0.98, 1, 0.54, 0.29, 0.00, 0.00, 0.13, 0.10, 0.09, 1.94, 0.55, 0.48, 0.00, 0.57, 0.00, 0.02, 0.06, 0.80, 0.00, 0.00, 0.00, 0.00, 1.00, 0.00, 0.00, 0.00, 1.00, 0.00, 0.00, 0.00, 0.00, 0.00, 1.00, 0.00, 0.00, 0.00, 0.00
7144, 0, 269.331, 0.98, 1, 0.47, 0.07, 0.00, 0.00, 0.17, 0.10, 0.14, 1.83, 0.64, 0.77, 0.00, 0.25, 0.00, 0.02, 0.06, 0.55, 0.00, 0.00, 0.00, 0.00, 1.00, 0.00, 0.00, 0.00, 1.00, 0.00, 0.00, 0.00, 0.00, 0.00, 1.00, 0.00, 0.00, 0.00, 0.00
7145, 0, 269.369, 0.98, 1, 0.36, 0.07, 0.00, 0.00, 0.09, 0.00, 0.14, 1.73, 0.75, 1.04, 0.20, 0.15, 0.00, 0.01, 0.15, 0.42, 0.00, 0.00, 0.00, 0.00, 1.00, 0.00, 0.00, 0.00, 1.00, 1.00, 0.00, 0.00, 0.00, 0.00, 1.00, 0.00, 0.00, 0.00, 0.00
7146, 0, 269.407, 0.98, 1, 0.18, 0.03, 0.00, 0.02, 0.04, 0.00, 0.06, 1.56, 0.72, 1.01, 0.20, 0.13, 0.00, 0.01, 0.24, 0.53, 0.02, 0.00, 0.00, 0.00, 1.00, 0.00, 0.00, 0.00, 1.00, 1.00, 0.00, 1.00, 0.00, 0.00, 1.00, 0.00, 0.00, 0.00, 0.00
7147, 0, 269.444, 0.93, 1, 0.01, 0.00, 0.00, 0.02, 0.00, 0.00, 0.00, 1.70, 0.77, 1.02, 0.21, 0.14, 0.00, 0.01, 0.37, 0.59, 0.08, 0.00, 0.00, 0.00, 1.00, 0.00, 0.00, 0.00, 1.00, 1.00, 0.00, 1.00, 0.00, 0.00, 1.00, 0.00, 0.00, 0.00, 0.00
7148, 0, 269.482, 0.88, 1, 0.01, 0.00, 0.00, 0.02, 0.00, 0.00, 0.00, 1.95, 0.67, 0.83, 0.15, 0.29, 0.00, 0.00, 0.30, 0.60, 0.08, 0.00, 0.00, 0.00, 1.00, 0.00, 0.00, 0.00, 1.00, 1.00, 0.00, 1.00, 0.00, 0.00, 1.00, 0.00, 0.00, 0.00, 0.00
7149, 0, 269.520, 0.88, 1, 0.01, 0.00, 0.00, 0.00, 0.00, 0.00, 0.00, 2.34, 0.67, 0.83, 0.30, 0.39, 0.00, 0.00, 0.20, 0.45, 0.06, 0.00, 0.00, 0.00, 1.00, 0.00, 0.00, 0.00, 1.00, 0.00, 1.00, 1.00, 0.00, 0.00, 1.00, 0.00, 0.00, 0.00, 0.00
7150, 0, 269.558, 0.93, 1, 0.00, 0.00, 0.02, 0.00, 0.00, 0.00, 0.15, 2.19, 0.46, 0.69, 0.29, 0.44, 0.00, 0.00, 0.07, 0.40, 0.00, 0.00, 0.00, 0.00, 1.00, 0.00, 0.00, 0.00, 1.00, 0.00, 1.00, 1.00, 0.00, 0.00, 1.00, 0.00, 0.00, 0.00, 0.00
7151, 0, 269.595, 0.93, 1, 0.00, 0.00, 0.03, 0.00, 0.00, 0.00, 0.32, 1.81, 0.43, 1.00, 0.14, 0.21, 0.00, 0.00, 0.00, 0.34, 0.00, 0.00, 0.00, 0.00, 1.00, 0.00, 0.00, 0.00, 0.00, 0.00, 1.00, 1.00, 0.00, 0.00, 0.00, 0.00, 0.00, 0.00, 1.00
7152, 0, 269.633, 0.98, 1, 0.02, 0.00, 0.07, 0.00, 0.00, 0.00, 0.42, 1.51, 0.31, 1.28, 0.00, 0.11, 0.00, 0.00, 0.02, 0.42, 0.00, 0.00, 0.00, 0.00, 1.00, 0.00, 0.00, 0.00, 0.00, 0.00, 1.00, 0.00, 0.00, 0.00, 0.00, 0.00, 0.00, 0.00, 1.00
7153, 0, 269.671, 0.98, 1, 0.07, 0.00, 0.05, 0.00, 0.00, 0.00, 0.36, 1.42, 0.31, 1.55, 0.00, 0.00, 0.00, 0.00, 0.02, 0.51, 0.07, 0.00, 0.00, 0.00, 1.00, 0.00, 0.00, 0.00, 0.00, 0.00, 1.00, 0.00, 0.00, 0.00, 0.00, 0.00, 0.00, 0.00, 0.00
7154, 0, 269.708, 0.88, 1, 0.07, 0.00, 0.04, 0.00, 0.00, 0.00, 0.25, 1.45, 0.24, 1.56, 0.00, 0.00, 0.00, 0.00, 0.02, 0.72, 0.13, 0.00, 0.00, 0.00, 1.00, 0.00, 0.00, 0.00, 0.00, 0.00, 1.00, 0.00, 0.00, 0.00, 0.00, 0.00, 0.00, 0.00, 0.00
7155, 0, 269.746, 0.93, 1, 0.17, 0.00, 0.00, 0.00, 0.00, 0.00, 0.15, 1.45, 0.13, 1.17, 0.00, 0.04, 0.00, 0.00, 0.07, 0.90, 0.31, 0.00, 0.00, 0.00, 1.00, 0.00, 0.00, 0.00, 0.00, 0.00, 1.00, 0.00, 0.00, 0.00, 0.00, 0.00, 0.00, 0.00, 0.00
7156, 0, 269.784, 0.93, 1, 0.27, 0.00, 0.00, 0.00, 0.00, 0.00, 0.08, 1.52, 0.04, 0.78, 0.00, 0.05, 0.00, 0.00, 0.16, 1.03, 0.41, 0.00, 0.00, 0.00, 1.00, 0.00, 0.00, 0.00, 0.00, 0.00, 0.00, 0.00, 0.00, 0.00, 0.00, 0.00, 0.00, 0.00, 0.00
7157, 0, 269.822, 0.93, 1, 0.41, 0.02, 0.00, 0.11, 0.00, 0.00, 0.14, 1.50, 0.02, 0.51, 0.00, 0.05, 0.00, 0.00, 0.27, 0.91, 0.41, 0.00, 0.00, 0.00, 1.00, 0.00, 0.00, 0.00, 0.00, 0.00, 0.00, 0.00, 0.00, 0.00, 0.00, 0.00, 0.00, 0.00, 0.00
7158, 0, 269.859, 0.93, 1, 0.31, 0.02, 0.00, 0.17, 0.00, 0.00, 0.16, 1.41, 0.08, 0.53, 0.00, 0.02, 0.00, 0.00, 0.23, 0.84, 0.23, 0.00, 0.00, 0.00, 1.00, 0.00, 0.00, 0.00, 0.00, 0.00, 0.00, 0.00, 0.00, 0.00, 1.00, 0.00, 0.00, 0.00, 0.00
7159, 0, 269.897, 0.98, 1, 0.23, 0.02, 0.00, 0.17, 0.00, 0.00, 0.20, 1.43, 0.16, 0.63, 0.00, 0.00, 0.00, 0.00, 0.20, 0.81, 0.06, 0.00, 0.00, 0.00, 1.00, 0.00, 0.00, 0.00, 0.00, 0.00, 0.00, 1.00, 0.00, 0.00, 1.00, 0.00, 0.00, 0.00, 0.00
7160, 0, 269.935, 0.98, 1, 0.09, 0.00, 0.00, 0.06, 0.07, 0.00, 0.11, 1.68, 0.21, 0.97, 0.00, 0.00, 0.00, 0.00, 0.22, 1.12, 0.00, 0.00, 0.00, 0.00, 1.00, 0.00, 0.00, 0.00, 0.00, 0.00, 0.00, 0.00, 0.00, 0.00, 1.00, 0.00, 0.00, 0.00, 0.00
7161, 0, 269.972, 0.98, 1, 0.07, 0.00, 0.00, 0.00, 0.07, 0.00, 0.08, 1.86, 0.16, 1.32, 0.00, 0.00, 0.00, 0.00, 0.23, 1.39, 0.00, 0.00, 0.00, 0.00, 1.00, 0.00, 0.00, 0.00, 0.00, 0.00, 0.00, 0.00, 0.00, 0.00, 1.00, 0.00, 0.00, 0.00, 0.00
7162, 0, 270.010, 0.98, 1, 0.00, 0.00, 0.00, 0.00, 0.07, 0.00, 0.06, 1.88, 0.08, 1.58, 0.00, 0.00, 0.06, 0.00, 0.17, 1.58, 0.14, 0.00, 0.00, 0.00, 1.00, 0.00, 0.00, 0.00, 0.00, 0.00, 0.00, 0.00, 0.00, 0.00, 1.00, 0.00, 0.00, 0.00, 0.00
7163, 0, 270.048, 0.98, 1, 0.00, 0.00, 0.00, 0.00, 0.00, 0.10, 0.16, 1.86, 0.02, 1.23, 0.00, 0.00, 0.06, 0.00, 0.04, 1.51, 0.23, 0.00, 0.00, 0.00, 1.00, 0.00, 0.00, 0.00, 0.00, 0.00, 0.00, 1.00, 0.00, 0.00, 1.00, 0.00, 0.00, 0.00, 0.00
7164, 0, 270.085, 0.98, 1, 0.00, 0.00, 0.00, 0.00, 0.00, 0.23, 0.29, 1.91, 0.02, 0.91, 0.00, 0.00, 0.06, 0.00, 0.00, 1.38, 0.27, 0.00, 0.00, 0.00, 1.00, 0.00, 0.00, 0.00, 0.00, 0.00, 0.00, 1.00, 0.00, 0.00, 1.00, 0.00, 0.00, 0.00, 0.00
7165, 0, 270.123, 0.98, 1, 0.06, 0.00, 0.00, 0.05, 0.01, 0.23, 0.39, 2.06, 0.04, 0.50, 0.00, 0.03, 0.00, 0.00, 0.01, 1.26, 0.42, 0.00, 0.00, 0.00, 1.00, 0.00, 0.00, 0.00, 0.00, 0.00, 0.00, 1.00, 0.00, 0.00, 1.00, 0.00, 0.00, 0.00, 0.00
7166, 0, 270.161, 0.98, 1, 0.13, 0.00, 0.00, 0.05, 0.01, 0.13, 0.33, 1.98, 0.04, 0.55, 0.00, 0.03, 0.01, 0.00, 0.01, 0.93, 0.55, 0.00, 0.00, 0.00, 1.00, 0.00, 0.00, 0.00, 0.00, 0.00, 0.00, 1.00, 0.00, 0.00, 1.00, 0.00, 0.00, 0.00, 0.00
7167, 0, 270.199, 0.93, 1, 0.18, 0.00, 0.00, 0.05, 0.01, 0.00, 0.33, 1.71, 0.03, 0.69, 0.00, 0.03, 0.01, 0.00, 0.01, 0.60, 0.65, 0.00, 0.00, 0.00, 1.00, 0.00, 0.00, 0.00, 0.00, 0.00, 0.00, 1.00, 0.00, 0.00, 1.00, 0.00, 0.00, 0.00, 0.00
7168, 0, 270.236, 0.93, 1, 0.19, 0.00, 0.00, 0.00, 0.00, 0.00, 0.34, 1.33, 0.00, 0.90, 0.00, 0.00, 0.01, 0.00, 0.00, 0.40, 0.59, 0.00, 0.00, 0.00, 1.00, 0.00, 0.00, 0.00, 0.00, 0.00, 0.00, 0.00, 0.00, 0.00, 1.00, 0.00, 0.00, 0.00, 0.00
7169, 0, 270.274, 0.93, 1, 0.32, 0.00, 0.00, 0.00, 0.00, 0.00, 0.36, 1.09, 0.00, 0.98, 0.00, 0.00, 0.00, 0.00, 0.00, 0.37, 0.74, 0.00, 0.00, 0.00, 1.00, 0.00, 0.00, 0.00, 0.00, 0.00, 0.00, 0.00, 0.00, 0.00, 1.00, 0.00, 0.00, 0.00, 0.00
7170, 0, 270.312, 0.93, 1, 0.41, 0.08, 0.00, 0.00, 0.00, 0.00, 0.24, 1.07, 0.00, 1.02, 0.00, 0.00, 0.00, 0.00, 0.03, 0.42, 0.70, 0.00, 0.00, 0.00, 1.00, 0.00, 0.00, 0.00, 0.00, 0.00, 0.00, 0.00, 0.00, 0.00, 1.00, 0.00, 0.00, 0.00, 0.00
7171, 0, 270.349, 0.93, 1, 0.44, 0.12, 0.00, 0.00, 0.00, 0.00, 0.08, 1.08, 0.03, 1.10, 0.00, 0.00, 0.00, 0.00, 0.03, 0.35, 0.57, 0.00, 0.00, 0.00, 1.00, 0.00, 0.00, 0.00, 0.00, 0.00, 0.00, 0.00, 0.00, 0.00, 1.00, 0.00, 0.00, 0.00, 0.00
7172, 0, 270.387, 0.93, 1, 0.47, 0.39, 0.00, 0.00, 0.00, 0.00, 0.00, 1.08, 0.07, 1.18, 0.00, 0.00, 0.00, 0.00, 0.03, 0.51, 0.21, 0.00, 0.00, 0.00, 1.00, 0.00, 0.00, 0.00, 0.00, 0.00, 0.00, 0.00, 0.00, 0.00, 1.00, 0.00, 0.00, 0.00, 0.00
7173, 0, 270.425, 0.98, 1, 0.44, 0.31, 0.00, 0.00, 0.00, 0.00, 0.01, 1.00, 0.07, 1.17, 0.00, 0.00, 0.00, 0.00, 0.00, 0.71, 0.17, 0.00, 0.00, 0.00, 1.00, 0.00, 0.00, 0.00, 0.00, 0.00, 0.00, 0.00, 0.00, 0.00, 1.00, 0.00, 0.00, 0.00, 0.00
7174, 0, 270.462, 0.98, 1, 0.44, 0.27, 0.00, 0.00, 0.00, 0.00, 0.05, 1.04, 0.04, 1.23, 0.00, 0.00, 0.00, 0.00, 0.00, 1.00, 0.23, 0.00, 0.00, 0.00, 1.00, 0.00, 0.00, 0.00, 0.00, 0.00, 0.00, 0.00, 0.00, 0.00, 1.00, 0.00, 0.00, 0.00, 0.00
7175, 0, 270.500, 0.98, 1, 0.27, 0.10, 0.00, 0.00, 0.00, 0.00, 0.05, 1.23, 0.23, 1.21, 0.00, 0.08, 0.00, 0.00, 0.15, 0.98, 0.28, 0.00, 0.00, 0.00, 1.00, 0.00, 0.00, 0.00, 1.00, 0.00, 0.00, 0.00, 0.00, 0.00, 1.00, 0.00, 0.00, 0.00, 0.00
7176, 0, 270.538, 0.98, 1, 0.21, 0.16, 0.00, 0.00, 0.00, 0.00, 0.05, 1.43, 0.44, 1.26, 0.00, 0.19, 0.00, 0.00, 0.34, 0.85, 0.30, 0.00, 0.00, 0.00, 1.00, 0.00, 0.00, 0.00, 1.00, 1.00, 0.00, 1.00, 0.00, 0.00, 1.00, 0.00, 0.00, 0.00, 0.00
7177, 0, 270.576, 0.98, 1, 0.20, 0.20, 0.00, 0.06, 0.00, 0.00, 0.00, 1.43, 0.64, 1.18, 0.03, 0.38, 0.07, 0.00, 0.56, 0.70, 0.17, 1.00, 0.00, 0.00, 1.00, 0.00, 0.00, 0.00, 1.00, 1.00, 0.00, 1.00, 0.00, 0.00, 1.00, 0.00, 0.00, 0.00, 0.00
7178, 0, 270.613, 0.98, 1, 0.15, 0.10, 0.00, 0.06, 0.00, 0.00, 0.00, 1.50, 0.55, 0.89, 0.29, 0.30, 0.14, 0.00, 0.62, 0.77, 0.32, 1.00, 0.00, 0.00, 1.00, 0.00, 0.00, 0.00, 1.00, 1.00, 1.00, 1.00, 0.00, 0.00, 0.00, 0.00, 0.00, 0.00, 0.00
7179, 0, 270.651, 0.98, 1, 0.17, 0.04, 0.00, 0.06, 0.00, 0.00, 0.06, 1.68, 0.46, 0.54, 0.30, 0.19, 0.20, 0.00, 0.71, 0.91, 0.32, 1.00, 0.00, 0.00, 1.00, 0.00, 0.00, 0.00, 1.00, 1.00, 1.00, 1.00, 0.00, 0.00, 0.00, 0.00, 0.00, 0.00, 0.00
7180, 0, 270.689, 0.98, 1, 0.09, 0.06, 0.00, 0.00, 0.00, 0.00, 0.09, 1.85, 0.39, 0.54, 0.26, 0.07, 0.14, 0.00, 0.49, 1.14, 0.29, 1.00, 0.00, 0.00, 1.00, 0.00, 0.00, 0.00, 1.00, 1.00, 1.00, 1.00, 0.00, 0.00, 0.00, 0.00, 0.00, 0.00, 0.00
7181, 0, 270.726, 0.98, 1, 0.09, 0.06, 0.00, 0.00, 0.00, 0.00, 0.09, 1.80, 0.40, 0.79, 0.01, 0.22, 0.06, 0.00, 0.29, 1.28, 0.10, 0.00, 0.00, 0.00, 1.00, 0.00, 0.00, 0.00, 1.00, 1.00, 0.00, 1.00, 0.00, 0.00, 0.00, 0.00, 0.00, 0.00, 0.00
7182, 0, 270.764, 0.98, 1, 0.02, 0.06, 0.00, 0.00, 0.00, 0.00, 0.03, 1.68, 0.44, 1.08, 0.00, 0.37, 0.00, 0.00, 0.06, 1.39, 0.00, 0.00, 0.00, 0.00, 1.00, 0.00, 0.00, 0.00, 1.00, 0.00, 0.00, 1.00, 0.00, 0.00, 0.00, 0.00, 0.00, 0.00, 0.00
7183, 0, 270.802, 0.98, 1, 0.02, 0.00, 0.00, 0.15, 0.00, 0.00, 0.00, 1.64, 0.36, 1.01, 0.00, 0.30, 0.03, 0.00, 0.06, 1.37, 0.09, 0.00, 0.00, 0.00, 1.00, 0.00, 0.00, 0.00, 1.00, 0.00, 0.00, 1.00, 0.00, 0.00, 0.00, 0.00, 0.00, 0.00, 0.00
7184, 0, 270.840, 0.98, 1, 0.02, 0.00, 0.00, 0.15, 0.00, 0.00, 0.00, 1.73, 0.31, 0.90, 0.00, 0.36, 0.05, 0.00, 0.04, 1.36, 0.09, 0.00, 0.00, 0.00, 1.00, 0.00, 0.00, 0.00, 1.00, 0.00, 0.00, 1.00, 0.00, 0.00, 0.00, 0.00, 0.00, 0.00, 0.00
7185, 0, 270.877, 0.98, 1, 0.27, 0.03, 0.00, 0.36, 0.00, 0.00, 0.00, 1.60, 0.29, 0.73, 0.00, 0.21, 0.05, 0.00, 0.03, 1.45, 0.09, 0.00, 0.00, 0.00, 1.00, 0.00, 0.00, 0.00, 1.00, 0.00, 0.00, 1.00, 0.00, 0.00, 0.00, 0.00, 0.00, 0.00, 0.00
7186, 0, 270.915, 0.98, 1, 0.51, 0.08, 0.00, 0.35, 0.00, 0.00, 0.00, 1.51, 0.37, 0.62, 0.00, 0.21, 0.02, 0.00, 0.03, 1.46, 0.00, 0.00, 0.00, 0.00, 1.00, 0.00, 0.00, 0.00, 0.00, 0.00, 0.00, 1.00, 0.00, 0.00, 0.00, 0.00, 0.00, 0.00, 0.00
7187, 0, 270.953, 0.98, 1, 0.77, 0.15, 0.00, 0.45, 0.00, 0.00, 0.00, 1.37, 0.41, 0.64, 0.00, 0.00, 0.00, 0.00, 0.06, 1.32, 0.00, 0.00, 0.00, 0.00, 1.00, 0.00, 0.00, 0.00, 0.00, 0.00, 0.00, 1.00, 0.00, 0.00, 0.00, 0.00, 0.00, 0.00, 0.00
7188, 0, 270.990, 0.93, 1, 0.82, 0.26, 0.00, 0.31, 0.00, 0.00, 0.00, 1.43, 0.36, 0.77, 0.00, 0.04, 0.00, 0.00, 0.02, 1.10, 0.00, 0.00, 0.00, 0.00, 1.00, 0.00, 0.00, 0.00, 0.00, 0.00, 0.00, 1.00, 0.00, 0.00, 1.00, 0.00, 0.00, 0.00, 0.00
7189, 0, 271.028, 0.93, 1, 0.80, 0.25, 0.00, 0.17, 0.00, 0.00, 0.00, 1.49, 0.34, 0.90, 0.00, 0.12, 0.00, 0.00, 0.02, 1.01, 0.00, 0.00, 0.00, 0.00, 1.00, 0.00, 0.00, 0.00, 0.00, 0.00, 0.00, 1.00, 0.00, 0.00, 1.00, 0.00, 0.00, 0.00, 0.00
7190, 0, 271.066, 0.98, 1, 0.80, 0.18, 0.00, 0.08, 0.00, 0.00, 0.00, 1.58, 0.42, 1.03, 0.00, 0.12, 0.00, 0.00, 0.00, 1.14, 0.00, 0.00, 0.00, 0.00, 1.00, 0.00, 0.00, 0.00, 0.00, 0.00, 0.00, 1.00, 0.00, 0.00, 1.00, 0.00, 0.00, 0.00, 0.00
7191, 0, 271.103, 0.98, 1, 0.72, 0.04, 0.00, 0.00, 0.00, 0.00, 0.00, 1.60, 0.56, 1.16, 0.00, 0.07, 0.00, 0.00, 0.01, 1.30, 0.00, 0.00, 0.00, 0.00, 1.00, 0.00, 0.00, 0.00, 0.00, 0.00, 0.00, 1.00, 0.00, 0.00, 1.00, 0.00, 0.00, 0.00, 0.00
7192, 0, 271.141, 0.93, 1, 0.64, 0.16, 0.00, 0.00, 0.00, 0.00, 0.00, 1.65, 0.61, 1.22, 0.00, 0.03, 0.00, 0.00, 0.01, 1.43, 0.00, 0.00, 0.00, 0.00, 1.00, 0.00, 0.00, 0.00, 0.00, 0.00, 0.00, 1.00, 0.00, 0.00, 1.00, 0.00, 0.00, 0.00, 0.00
7193, 0, 271.179, 0.93, 1, 0.59, 0.16, 0.00, 0.00, 0.02, 0.00, 0.00, 1.66, 0.65, 1.35, 0.00, 0.03, 0.00, 0.00, 0.01, 1.33, 0.00, 0.00, 0.00, 0.00, 1.00, 0.00, 0.00, 0.00, 0.00, 0.00, 0.00, 1.00, 0.00, 0.00, 1.00, 0.00, 0.00, 0.00, 0.00
7194, 0, 271.217, 0.98, 1, 0.60, 0.16, 0.00, 0.00, 0.04, 0.00, 0.00, 1.79, 0.64, 1.45, 0.00, 0.03, 0.00, 0.00, 0.00, 1.20, 0.00, 0.00, 0.00, 0.00, 1.00, 0.00, 0.00, 0.00, 0.00, 0.00, 0.00, 1.00, 0.00, 0.00, 1.00, 0.00, 0.00, 0.00, 0.00
7195, 0, 271.254, 0.98, 1, 0.63, 0.06, 0.00, 0.00, 0.04, 0.00, 0.00, 1.78, 0.61, 1.58, 0.00, 0.00, 0.00, 0.00, 0.06, 1.20, 0.00, 0.00, 0.00, 0.00, 1.00, 0.00, 0.00, 0.00, 0.00, 0.00, 0.00, 1.00, 0.00, 0.00, 1.00, 0.00, 0.00, 0.00, 0.00
7196, 0, 271.292, 0.98, 1, 0.55, 0.11, 0.00, 0.00, 0.02, 0.00, 0.04, 1.63, 0.47, 1.69, 0.00, 0.00, 0.03, 0.00, 0.13, 1.42, 0.00, 0.00, 0.00, 0.00, 1.00, 0.00, 0.00, 0.00, 0.00, 0.00, 0.00, 1.00, 0.00, 0.00, 1.00, 0.00, 0.00, 0.00, 0.00
7197, 0, 271.330, 0.98, 1, 0.64, 0.20, 0.08, 0.00, 0.00, 0.00, 0.04, 1.37, 0.35, 1.62, 0.00, 0.00, 0.19, 0.00, 0.17, 1.52, 0.00, 0.00, 0.00, 0.00, 1.00, 0.00, 0.00, 0.00, 0.00, 0.00, 0.00, 1.00, 0.00, 0.00, 1.00, 0.00, 0.00, 0.00, 0.00
7198, 0, 271.367, 0.98, 1, 0.83, 0.21, 0.08, 0.00, 0.00, 0.02, 0.04, 1.33, 0.38, 1.56, 0.00, 0.00, 0.22, 0.00, 0.11, 1.55, 0.00, 0.00, 0.00, 0.00, 1.00, 0.00, 0.00, 0.00, 0.00, 0.00, 0.00, 1.00, 0.00, 0.00, 1.00, 0.00, 0.00, 0.00, 0.00
7199, 0, 271.405, 0.98, 1, 1.01, 0.15, 0.08, 0.00, 0.00, 0.04, 0.03, 1.35, 0.45, 1.31, 0.00, 0.00, 0.23, 0.00, 0.09, 1.49, 0.00, 0.00, 0.00, 0.00, 1.00, 0.00, 0.00, 0.00, 0.00, 0.00, 0.00, 1.00, 0.00, 0.00, 1.00, 0.00, 0.00, 0.00, 0.00
7200, 0, 271.443, 0.98, 1, 0.69, 0.07, 0.00, 0.00, 0.00, 0.04, 0.03, 1.47, 0.47, 1.41, 0.00, 0.00, 0.09, 0.00, 0.04, 1.29, 0.15, 0.00, 0.00, 0.00, 1.00, 0.00, 0.00, 0.00, 0.00, 0.00, 1.00, 0.00, 0.00, 0.00, 1.00, 0.00, 0.00, 0.00, 0.00
7201, 0, 271.481, 0.98, 1, 0.41, 0.00, 0.00, 0.00, 0.00, 0.02, 0.03, 1.25, 0.39, 1.69, 0.00, 0.00, 0.06, 0.00, 0.16, 0.98, 0.29, 0.00, 0.00, 0.00, 1.00, 0.00, 0.00, 0.00, 0.00, 0.00, 1.00, 0.00, 0.00, 0.00, 0.00, 0.00, 0.00, 0.00, 0.00
7202, 0, 271.518, 0.98, 1, 0.14, 0.00, 0.00, 0.00, 0.00, 0.00, 0.00, 1.38, 0.31, 1.93, 0.00, 0.06, 0.02, 0.00, 0.36, 0.71, 0.42, 0.00, 0.00, 0.00, 1.00, 0.00, 0.00, 0.00, 1.00, 0.00, 1.00, 0.00, 0.00, 0.00, 1.00, 0.00, 0.00, 0.00, 0.00
7203, 0, 271.556, 0.98, 1, 0.14, 0.00, 0.00, 0.00, 0.00, 0.00, 0.00, 1.33, 0.29, 1.97, 0.00, 0.07, 0.00, 0.00, 0.49, 0.89, 0.44, 0.00, 0.00, 0.00, 1.00, 0.00, 0.00, 0.00, 1.00, 0.00, 1.00, 0.00, 0.00, 0.00, 1.00, 0.00, 0.00, 0.00, 0.00
7204, 0, 271.594, 0.98, 1, 0.08, 0.00, 0.00, 0.00, 0.00, 0.04, 0.00, 1.56, 0.33, 1.83, 0.00, 0.21, 0.00, 0.00, 0.46, 1.13, 0.29, 0.00, 0.00, 0.00, 1.00, 0.00, 0.00, 0.00, 1.00, 0.00, 1.00, 0.00, 0.00, 0.00, 1.00, 0.00, 0.00, 0.00, 0.00
7205, 0, 271.631, 0.98, 1, 0.16, 0.00, 0.00, 0.00, 0.00, 0.04, 0.00, 1.55, 0.43, 1.83, 0.00, 0.14, 0.35, 0.00, 0.28, 1.19, 0.19, 0.00, 0.00, 0.00, 1.00, 0.00, 0.00, 0.00, 1.00, 0.00, 1.00, 0.00, 0.00, 0.00, 1.00, 0.00, 0.00, 0.00, 0.00
7206, 0, 271.669, 0.93, 1, 0.29, 0.00, 0.00, 0.00, 0.00, 0.04, 0.00, 1.68, 0.48, 1.78, 0.00, 0.14, 0.72, 0.00, 0.26, 0.97, 0.06, 0.00, 0.00, 0.00, 1.00, 0.00, 0.00, 0.00, 1.00, 0.00, 1.00, 1.00, 0.00, 0.00, 1.00, 0.00, 0.00, 0.00, 0.00
7207, 0, 271.707, 0.93, 1, 0.27, 0.00, 0.00, 0.04, 0.00, 0.00, 0.00, 1.69, 0.39, 1.70, 0.00, 0.00, 0.90, 0.03, 0.18, 0.52, 0.24, 0.00, 0.00, 0.00, 1.00, 0.00, 0.00, 0.00, 1.00, 0.00, 1.00, 1.00, 0.00, 0.00, 1.00, 0.00, 0.00, 0.00, 0.00
7208, 0, 271.744, 0.93, 1, 0.17, 0.00, 0.00, 0.04, 0.00, 0.00, 0.00, 1.57, 0.25, 1.67, 0.00, 0.00, 0.68, 0.03, 0.12, 0.40, 0.23, 0.00, 0.00, 0.00, 1.00, 0.00, 0.00, 0.00, 1.00, 0.00, 1.00, 1.00, 0.00, 0.00, 1.00, 0.00, 0.00, 0.00, 0.00
7209, 0, 271.782, 0.93, 1, 0.11, 0.00, 0.00, 0.09, 0.04, 0.00, 0.00, 1.51, 0.22, 1.66, 0.00, 0.00, 0.31, 0.03, 0.00, 0.47, 0.30, 0.00, 0.00, 0.00, 1.00, 0.00, 0.00, 0.00, 1.00, 0.00, 1.00, 1.00, 0.00, 0.00, 1.00, 0.00, 0.00, 0.00, 0.00
7210, 0, 271.820, 0.93, 1, 0.10, 0.00, 0.00, 0.13, 0.07, 0.00, 0.00, 1.45, 0.45, 1.52, 0.00, 0.00, 0.20, 0.00, 0.42, 0.69, 0.12, 0.00, 0.00, 0.00, 1.00, 0.00, 0.00, 0.00, 1.00, 0.00, 1.00, 1.00, 0.00, 0.00, 1.00, 0.00, 0.00, 0.00, 0.00
7211, 0, 271.858, 0.98, 1, 0.08, 0.00, 0.00, 0.22, 0.07, 0.00, 0.00, 1.62, 0.69, 1.53, 0.14, 0.00, 0.07, 0.00, 0.89, 0.79, 0.11, 0.00, 0.00, 0.00, 1.00, 0.00, 0.00, 0.00, 1.00, 0.00, 0.00, 0.00, 0.00, 0.00, 1.00, 1.00, 0.00, 0.00, 0.00
7212, 0, 271.895, 0.98, 1, 0.00, 0.00, 0.00, 0.31, 0.07, 0.00, 0.00, 1.73, 0.89, 1.54, 0.26, 0.00, 0.07, 0.00, 1.34, 0.77, 0.00, 0.00, 0.00, 0.00, 1.00, 0.00, 0.00, 0.00, 1.00, 0.00, 0.00, 0.00, 0.00, 0.00, 1.00, 1.00, 1.00, 0.00, 0.00
7213, 0, 271.933, 0.98, 1, 0.01, 0.00, 0.00, 0.25, 0.08, 0.00, 0.00, 1.77, 0.95, 1.83, 0.40, 0.00, 0.00, 0.00, 1.37, 0.89, 0.00, 0.00, 0.00, 0.00, 1.00, 0.00, 0.00, 0.00, 1.00, 1.00, 0.00, 0.00, 0.00, 0.00, 1.00, 1.00, 1.00, 0.00, 0.00
7214, 0, 271.971, 0.98, 1, 0.01, 0.00, 0.00, 0.15, 0.11, 0.08, 0.00, 1.59, 0.90, 1.89, 0.37, 0.00, 0.00, 0.00, 1.43, 0.96, 0.00, 0.00, 0.00, 0.00, 1.00, 0.00, 0.00, 0.00, 0.00, 1.00, 0.00, 0.00, 0.00, 0.00, 1.00, 1.00, 1.00, 0.00, 0.00
7215, 0, 272.008, 0.98, 1, 0.01, 0.10, 0.00, 0.08, 0.07, 0.08, 0.00, 1.41, 0.81, 1.96, 0.27, 0.00, 0.05, 0.00, 1.36, 1.16, 0.00, 0.00, 0.00, 0.00, 1.00, 0.00, 0.00, 0.00, 1.00, 1.00, 1.00, 0.00, 0.00, 0.00, 1.00, 1.00, 1.00, 0.00, 0.00
7216, 0, 272.046, 0.98, 1, 0.00, 0.18, 0.00, 0.11, 0.03, 0.08, 0.00, 1.26, 0.74, 2.10, 0.13, 0.00, 0.05, 0.00, 1.07, 1.39, 0.00, 0.00, 1.00, 0.00, 1.00, 0.00, 0.00, 0.00, 0.00, 1.00, 1.00, 0.00, 0.00, 0.00, 1.00, 1.00, 0.00, 0.00, 0.00
7217, 0, 272.084, 0.98, 1, 0.00, 0.18, 0.00, 0.20, 0.00, 0.00, 0.00, 1.33, 0.71, 2.18, 0.03, 0.11, 0.05, 0.03, 0.67, 1.64, 0.00, 0.00, 1.00, 0.00, 1.00, 0.00, 0.00, 0.00, 0.00, 1.00, 1.00, 0.00, 0.00, 0.00, 1.00, 0.00, 0.00, 0.00, 0.00
7218, 0, 272.122, 0.98, 1, 0.00, 0.16, 0.00, 0.22, 0.00, 0.00, 0.00, 1.44, 0.74, 2.16, 0.00, 0.13, 0.00, 0.03, 0.31, 1.79, 0.00, 0.00, 1.00, 0.00, 1.00, 0.00, 0.00, 0.00, 0.00, 1.00, 1.00, 0.00, 0.00, 0.00, 1.00, 0.00, 0.00, 0.00, 0.00
7219, 0, 272.159, 0.98, 1, 0.11, 0.37, 0.00, 0.17, 0.00, 0.00, 0.01, 1.69, 0.68, 1.71, 0.00, 0.33, 0.00, 0.03, 0.15, 1.47, 0.00, 0.00, 1.00, 0.00, 1.00, 0.00, 0.00, 0.00, 1.00, 1.00, 1.00, 0.00, 1.00, 0.00, 1.00, 0.00, 0.00, 0.00, 0.00
7220, 0, 272.197, 0.98, 1, 0.11, 0.37, 0.06, 0.08, 0.00, 0.01, 0.01, 1.82, 0.63, 1.09, 0.20, 0.41, 0.06, 0.00, 0.03, 0.95, 0.00, 0.00, 1.00, 0.00, 1.00, 0.00, 0.00, 0.00, 1.00, 0.00, 1.00, 1.00, 1.00, 0.00, 1.00, 0.00, 0.00, 0.00, 0.00
7221, 0, 272.235, 0.98, 1, 0.12, 0.29, 0.06, 0.00, 0.00, 0.24, 0.01, 2.13, 0.50, 0.64, 0.28, 0.60, 0.06, 0.00, 0.06, 0.88, 0.00, 0.00, 0.00, 0.00, 1.00, 0.00, 0.00, 0.00, 1.00, 0.00, 0.00, 1.00, 1.00, 0.00, 1.00, 0.00, 0.00, 0.00, 0.00
7222, 0, 272.272, 0.98, 1, 0.01, 0.00, 0.06, 0.00, 0.05, 0.36, 0.00, 2.50, 0.51, 0.43, 0.52, 0.72, 0.06, 0.00, 0.26, 1.03, 0.00, 0.00, 0.00, 0.00, 1.00, 0.00, 0.00, 0.00, 1.00, 0.00, 0.00, 1.00, 1.00, 0.00, 1.00, 0.00, 0.00, 0.00, 0.00
7223, 0, 272.310, 0.98, 1, 0.10, 0.00, 0.00, 0.00, 0.05, 0.35, 0.00, 2.80, 0.45, 0.30, 0.47, 0.91, 0.04, 0.00, 0.51, 1.37, 0.02, 0.00, 0.00, 0.00, 1.00, 0.00, 0.00, 0.00, 1.00, 0.00, 0.00, 1.00, 1.00, 0.00, 1.00, 0.00, 0.00, 0.00, 0.00
7224, 0, 272.348, 0.98, 1, 0.22, 0.00, 0.00, 0.00, 0.05, 0.12, 0.00, 2.87, 0.44, 0.15, 0.81, 1.08, 0.04, 0.00, 0.73, 1.16, 0.02, 0.00, 0.00, 0.00, 1.00, 0.00, 0.00, 0.00, 1.00, 0.00, 0.00, 1.00, 1.00, 0.00, 1.00, 0.00, 0.00, 0.00, 0.00
7225, 0, 272.385, 0.98, 1, 0.32, 0.00, 0.00, 0.00, 0.00, 0.00, 0.00, 2.44, 0.30, 0.06, 0.74, 0.87, 0.05, 0.00, 0.82, 1.05, 0.10, 0.00, 0.00, 0.00, 1.00, 0.00, 0.00, 0.00, 1.00, 0.00, 0.00, 1.00, 1.00, 0.00, 1.00, 0.00, 0.00, 0.00, 0.00
7226, 0, 272.423, 0.93, 1, 0.42, 0.28, 0.00, 0.00, 0.00, 0.00, 0.00, 1.89, 0.24, 0.06, 0.65, 0.63, 0.01, 0.00, 0.77, 0.99, 0.13, 0.00, 0.00, 0.00, 1.00, 0.00, 0.00, 0.00, 0.00, 0.00, 0.00, 1.00, 1.00, 0.00, 1.00, 0.00, 0.00, 0.00, 0.00
7227, 0, 272.461, 0.93, 1, 0.41, 0.47, 0.00, 0.00, 0.00, 0.00, 0.00, 1.39, 0.23, 0.05, 0.52, 0.69, 0.01, 0.00, 0.73, 0.86, 0.13, 0.00, 0.00, 0.00, 1.00, 0.00, 0.00, 0.00, 0.00, 0.00, 0.00, 1.00, 1.00, 0.00, 1.00, 0.00, 0.00, 0.00, 0.00
7228, 0, 272.499, 0.93, 1, 0.44, 0.52, 0.00, 0.00, 0.00, 0.00, 0.00, 1.31, 0.29, 0.00, 0.35, 0.80, 0.00, 0.04, 0.64, 0.55, 0.13, 0.00, 0.00, 0.00, 1.00, 0.00, 0.00, 0.00, 0.00, 0.00, 0.00, 1.00, 1.00, 0.00, 1.00, 0.00, 0.00, 0.00, 0.00
7229, 0, 272.536, 0.93, 1, 0.26, 0.26, 0.00, 0.00, 0.00, 0.00, 0.00, 1.33, 0.37, 0.00, 0.59, 0.93, 0.08, 0.11, 0.89, 0.51, 0.13, 0.00, 0.00, 0.00, 1.00, 0.00, 0.00, 0.00, 0.00, 0.00, 0.00, 1.00, 0.00, 0.00, 1.00, 0.00, 0.00, 0.00, 0.00
7230, 0, 272.574, 0.93, 1, 0.13, 0.07, 0.00, 0.00, 0.05, 0.12, 0.00, 1.18, 0.53, 0.13, 0.86, 0.70, 0.08, 0.22, 1.22, 0.69, 0.15, 0.00, 0.00, 0.00, 1.00, 0.00, 0.00, 0.00, 0.00, 0.00, 0.00, 1.00, 1.00, 0.00, 1.00, 0.00, 0.00, 0.00, 0.00
7231, 0, 272.612, 0.93, 1, 0.00, 0.02, 0.00, 0.00, 0.06, 0.12, 0.00, 0.96, 0.77, 0.53, 0.86, 0.72, 0.08, 0.18, 1.33, 1.22, 0.16, 0.00, 0.00, 0.00, 1.00, 0.00, 0.00, 0.00, 0.00, 1.00, 0.00, 1.00, 0.00, 0.00, 1.00, 0.00, 0.00, 0.00, 0.00
7232, 0, 272.649, 0.98, 1, 0.00, 0.00, 0.00, 0.00, 0.07, 0.12, 0.01, 0.82, 0.98, 0.84, 0.70, 0.90, 0.00, 0.22, 1.38, 1.37, 0.10, 0.00, 0.00, 0.00, 1.00, 0.00, 0.00, 0.00, 0.00, 1.00, 0.00, 1.00, 0.00, 0.00, 1.00, 0.00, 0.00, 0.00, 0.00
7233, 0, 272.687, 0.98, 1, 0.00, 0.00, 0.00, 0.00, 0.05, 0.00, 0.01, 0.92, 1.06, 1.09, 0.14, 0.72, 0.00, 0.16, 1.30, 1.41, 0.08, 0.00, 0.00, 0.00, 1.00, 0.00, 0.00, 0.00, 1.00, 1.00, 0.00, 0.00, 0.00, 0.00, 1.00, 0.00, 0.00, 0.00, 0.00
7234, 0, 272.725, 0.98, 1, 0.00, 0.00, 0.00, 0.00, 0.10, 0.00, 0.01, 1.11, 1.00, 1.02, 0.29, 0.47, 0.01, 0.16, 1.50, 1.05, 0.00, 0.00, 0.00, 0.00, 1.00, 0.00, 0.00, 0.00, 1.00, 1.00, 0.00, 0.00, 0.00, 0.00, 1.00, 1.00, 0.00, 0.00, 0.00
7235, 0, 272.763, 0.98, 1, 0.00, 0.00, 0.00, 0.00, 0.12, 0.00, 0.00, 1.16, 0.90, 1.00, 0.16, 0.03, 0.01, 0.05, 1.30, 0.66, 0.00, 0.00, 0.00, 0.00, 1.00, 0.00, 0.00, 0.00, 1.00, 1.00, 0.00, 0.00, 0.00, 0.00, 1.00, 1.00, 0.00, 0.00, 0.00
7236, 0, 272.800, 0.98, 1, 0.00, 0.00, 0.00, 0.00, 0.15, 0.00, 0.00, 1.19, 0.82, 0.89, 0.16, 0.00, 0.01, 0.00, 1.13, 0.24, 0.00, 0.00, 0.00, 0.00, 1.00, 0.00, 0.00, 0.00, 1.00, 0.00, 0.00, 0.00, 0.00, 0.00, 1.00, 1.00, 0.00, 0.00, 0.00
7237, 0, 272.838, 0.98, 1, 0.00, 0.00, 0.00, 0.00, 0.11, 0.00, 0.00, 1.15, 0.70, 0.83, 0.00, 0.05, 0.00, 0.00, 0.93, 0.44, 0.00, 0.00, 0.00, 0.00, 1.00, 0.00, 0.00, 0.00, 1.00, 0.00, 0.00, 0.00, 0.00, 0.00, 1.00, 1.00, 0.00, 0.00, 0.00
7238, 0, 272.876, 0.98, 1, 0.00, 0.00, 0.00, 0.00, 0.08, 0.06, 0.00, 1.31, 0.60, 0.81, 0.00, 0.14, 0.00, 0.00, 0.72, 0.72, 0.00, 0.00, 0.00, 0.00, 1.00, 0.00, 0.00, 0.00, 1.00, 0.00, 0.00, 0.00, 0.00, 0.00, 1.00, 1.00, 0.00, 0.00, 0.00
7239, 0, 272.913, 0.98, 1, 0.00, 0.00, 0.00, 0.00, 0.03, 0.06, 0.00, 1.45, 0.47, 0.92, 0.00, 0.18, 0.00, 0.00, 0.47, 0.94, 0.00, 0.00, 0.00, 0.00, 1.00, 0.00, 0.00, 0.00, 1.00, 0.00, 0.00, 1.00, 0.00, 0.00, 1.00, 1.00, 0.00, 0.00, 0.00
7240, 0, 272.951, 0.98, 1, 0.00, 0.00, 0.00, 0.00, 0.00, 0.06, 0.00, 1.30, 0.41, 0.90, 0.00, 0.29, 0.00, 0.08, 0.19, 0.58, 0.00, 0.00, 0.00, 0.00, 1.00, 0.00, 0.00, 0.00, 1.00, 0.00, 0.00, 1.00, 0.00, 0.00, 1.00, 0.00, 0.00, 0.00, 0.00
7241, 0, 272.989, 0.98, 1, 0.00, 0.00, 0.00, 0.00, 0.00, 0.00, 0.00, 1.24, 0.39, 0.78, 0.21, 0.47, 0.00, 0.08, 0.28, 0.29, 0.00, 0.00, 0.00, 0.00, 1.00, 0.00, 0.00, 0.00, 0.00, 0.00, 0.00, 1.00, 1.00, 0.00, 1.00, 0.00, 0.00, 0.00, 0.00
7242, 0, 273.026, 0.98, 1, 0.00, 0.00, 0.00, 0.00, 0.00, 0.00, 0.00, 1.13, 0.39, 0.53, 0.41, 0.72, 0.00, 0.07, 0.35, 0.13, 0.00, 0.00, 0.00, 0.00, 1.00, 0.00, 0.00, 0.00, 0.00, 0.00, 1.00, 1.00, 1.00, 0.00, 1.00, 0.00, 0.00, 0.00, 0.00
7243, 0, 273.064, 0.98, 1, 0.00, 0.00, 0.00, 0.00, 0.00, 0.03, 0.00, 1.11, 0.46, 1.06, 0.41, 0.75, 0.00, 0.07, 0.69, 0.47, 0.04, 0.00, 0.00, 0.00, 1.00, 0.00, 0.00, 0.00, 0.00, 0.00, 1.00, 1.00, 1.00, 0.00, 1.00, 1.00, 0.00, 0.00, 0.00
7244, 0, 273.102, 0.98, 1, 0.00, 0.00, 0.00, 0.00, 0.00, 0.16, 0.00, 0.91, 0.58, 1.47, 0.20, 0.66, 0.00, 0.08, 0.98, 0.64, 0.14, 0.00, 0.00, 0.00, 1.00, 0.00, 0.00, 0.00, 0.00, 0.00, 0.00, 0.00, 1.00, 0.00, 1.00, 1.00, 0.00, 0.00, 0.00
7245, 0, 273.140, 0.98, 1, 0.00, 0.00, 0.00, 0.00, 0.00, 0.20, 0.00, 0.75, 0.71, 1.64, 0.00, 0.43, 0.00, 0.11, 1.25, 0.99, 0.19, 0.00, 0.00, 0.00, 1.00, 0.00, 0.00, 0.00, 0.00, 0.00, 0.00, 0.00, 1.00, 0.00, 1.00, 1.00, 0.00, 0.00, 0.00
7246, 0, 273.177, 0.98, 1, 0.00, 0.00, 0.00, 0.00, 0.00, 0.32, 0.00, 0.87, 0.86, 1.21, 0.00, 0.23, 0.00, 0.04, 1.40, 1.18, 0.20, 0.00, 0.00, 0.00, 1.00, 0.00, 0.00, 0.00, 0.00, 1.00, 0.00, 0.00, 1.00, 0.00, 1.00, 1.00, 0.00, 0.00, 0.00
7247, 0, 273.215, 0.98, 1, 0.00, 0.00, 0.00, 0.00, 0.00, 0.19, 0.05, 0.93, 1.03, 1.09, 0.00, 0.16, 0.00, 0.03, 1.27, 1.57, 0.10, 0.00, 0.00, 0.00, 1.00, 0.00, 0.00, 0.00, 0.00, 1.00, 0.00, 0.00, 1.00, 0.00, 1.00, 1.00, 0.00, 0.00, 0.00
7248, 0, 273.253, 0.98, 1, 0.00, 0.00, 0.00, 0.00, 0.00, 0.15, 0.07, 1.04, 1.06, 1.14, 0.00, 0.31, 0.00, 0.00, 1.21, 1.59, 0.05, 0.00, 0.00, 0.00, 1.00, 0.00, 0.00, 0.00, 0.00, 1.00, 0.00, 0.00, 1.00, 0.00, 1.00, 1.00, 0.00, 0.00, 0.00
7249, 0, 273.290, 0.93, 1, 0.00, 0.00, 0.00, 0.00, 0.00, 0.00, 0.07, 1.06, 0.96, 1.21, 0.29, 0.56, 0.00, 0.00, 1.43, 1.39, 0.00, 0.00, 0.00, 0.00, 1.00, 0.00, 0.00, 0.00, 0.00, 1.00, 0.00, 0.00, 0.00, 0.00, 1.00, 1.00, 0.00, 0.00, 0.00
7250, 0, 273.328, 0.93, 1, 0.03, 0.07, 0.00, 0.08, 0.00, 0.00, 0.02, 1.11, 0.71, 0.81, 0.80, 0.78, 0.00, 0.01, 1.74, 0.98, 0.00, 0.00, 0.00, 0.00, 1.00, 0.00, 0.00, 0.00, 0.00, 1.00, 0.00, 0.00, 0.00, 0.00, 1.00, 1.00, 0.00, 0.00, 0.00
7251, 0, 273.366, 0.88, 1, 0.15, 0.07, 0.00, 0.08, 0.00, 0.00, 0.00, 0.98, 0.57, 0.72, 1.03, 0.78, 0.00, 0.13, 1.66, 0.83, 0.00, 0.00, 0.00, 0.00, 1.00, 0.00, 0.00, 0.00, 0.00, 0.00, 0.00, 0.00, 0.00, 0.00, 1.00, 1.00, 0.00, 0.00, 0.00
7252, 0, 273.404, 0.93, 1, 0.28, 0.07, 0.00, 0.08, 0.00, 0.00, 0.00, 0.89, 0.46, 0.59, 0.95, 0.74, 0.00, 0.25, 1.26, 0.77, 0.00, 0.00, 0.00, 0.00, 1.00, 0.00, 0.00, 0.00, 0.00, 0.00, 0.00, 0.00, 0.00, 0.00, 1.00, 0.00, 0.00, 0.00, 0.00
7253, 0, 273.441, 0.93, 1, 0.38, 0.00, 0.00, 0.00, 0.00, 0.00, 0.00, 0.73, 0.41, 0.83, 0.49, 0.55, 0.00, 0.33, 0.71, 0.65, 0.00, 0.00, 0.00, 0.00, 1.00, 0.00, 0.00, 0.00, 0.00, 0.00, 0.00, 0.00, 0.00, 0.00, 1.00, 0.00, 0.00, 0.00, 0.00
7254, 0, 273.479, 0.98, 1, 0.37, 0.00, 0.11, 0.00, 0.00, 0.00, 0.00, 0.56, 0.35, 0.93, 0.27, 0.46, 0.00, 0.31, 0.63, 0.51, 0.00, 0.00, 0.00, 0.00, 1.00, 0.00, 0.00, 0.00, 0.00, 0.00, 0.00, 0.00, 0.00, 0.00, 1.00, 0.00, 0.00, 0.00, 0.00
7255, 0, 273.517, 0.98, 1, 0.26, 0.00, 0.11, 0.00, 0.00, 0.00, 0.04, 0.67, 0.26, 0.68, 0.43, 0.54, 0.00, 0.27, 0.66, 0.48, 0.00, 0.00, 0.00, 0.00, 1.00, 0.00, 0.00, 0.00, 0.00, 0.00, 0.00, 0.00, 0.00, 0.00, 1.00, 0.00, 0.00, 0.00, 0.00
7256, 0, 273.554, 0.98, 1, 0.13, 0.00, 0.11, 0.00, 0.00, 0.00, 0.07, 0.80, 0.25, 0.57, 0.37, 0.53, 0.00, 0.20, 0.70, 0.61, 0.00, 0.00, 0.00, 0.00, 1.00, 0.00, 0.00, 0.00, 0.00, 0.00, 0.00, 0.00, 0.00, 0.00, 1.00, 0.00, 0.00, 0.00, 0.00
7257, 0, 273.592, 0.98, 1, 0.13, 0.00, 0.00, 0.00, 0.00, 0.00, 0.13, 0.85, 0.20, 0.20, 0.37, 0.54, 0.00, 0.15, 0.65, 0.66, 0.00, 0.00, 0.00, 0.00, 1.00, 0.00, 0.00, 0.00, 0.00, 0.00, 0.00, 0.00, 0.00, 0.00, 1.00, 0.00, 0.00, 0.00, 0.00
7258, 0, 273.630, 0.98, 1, 0.11, 0.00, 0.00, 0.00, 0.00, 0.00, 0.13, 0.65, 0.25, 0.20, 0.00, 0.32, 0.00, 0.07, 0.43, 0.49, 0.00, 0.00, 0.00, 0.00, 1.00, 0.00, 0.00, 0.00, 0.00, 0.00, 0.00, 0.00, 0.00, 0.00, 1.00, 0.00, 0.00, 0.00, 0.00
7259, 0, 273.667, 0.98, 1, 0.11, 0.00, 0.00, 0.00, 0.00, 0.02, 0.10, 0.57, 0.26, 0.02, 0.05, 0.34, 0.00, 0.04, 0.29, 0.37, 0.00, 0.00, 0.00, 0.00, 1.00, 0.00, 0.00, 0.00, 0.00, 0.00, 0.00, 0.00, 0.00, 0.00, 1.00, 0.00, 0.00, 0.00, 0.00
7260, 0, 273.705, 0.98, 1, 0.00, 0.00, 0.00, 0.00, 0.00, 0.02, 0.05, 0.59, 0.21, 0.02, 0.39, 0.25, 0.00, 0.00, 0.27, 0.18, 0.05, 0.00, 0.00, 0.00, 1.00, 0.00, 0.00, 0.00, 0.00, 0.00, 0.00, 0.00, 0.00, 0.00, 1.00, 0.00, 0.00, 0.00, 0.00
7261, 0, 273.743, 0.98, 1, 0.00, 0.00, 0.00, 0.00, 0.00, 0.02, 0.00, 0.58, 0.11, 0.00, 0.72, 0.22, 0.00, 0.00, 0.26, 0.10, 0.05, 0.00, 0.00, 0.00, 1.00, 0.00, 0.00, 0.00, 0.00, 0.00, 0.00, 0.00, 0.00, 0.00, 1.00, 0.00, 0.00, 0.00, 0.00
7262, 0, 273.781, 0.98, 1, 0.00, 0.00, 0.00, 0.00, 0.00, 0.00, 0.00, 0.54, 0.00, 0.00, 0.67, 0.08, 0.00, 0.00, 0.40, 0.00, 0.05, 0.00, 0.00, 0.00, 1.00, 0.00, 0.00, 0.00, 0.00, 0.00, 0.00, 0.00, 0.00, 0.00, 1.00, 0.00, 0.00, 0.00, 0.00
7263, 0, 273.818, 0.98, 1, 0.00, 0.00, 0.00, 0.00, 0.00, 0.00, 0.00, 0.62, 0.00, 0.07, 0.39, 0.05, 0.00, 0.00, 0.37, 0.00, 0.00, 0.00, 0.00, 0.00, 1.00, 0.00, 0.00, 0.00, 0.00, 0.00, 0.00, 0.00, 0.00, 0.00, 1.00, 0.00, 0.00, 0.00, 0.00
7264, 0, 273.856, 0.98, 1, 0.00, 0.00, 0.00, 0.00, 0.00, 0.00, 0.00, 0.72, 0.00, 0.25, 0.54, 0.00, 0.00, 0.04, 0.37, 0.00, 0.00, 0.00, 0.00, 0.00, 1.00, 0.00, 0.00, 0.00, 0.00, 0.00, 0.00, 0.00, 0.00, 0.00, 1.00, 0.00, 0.00, 0.00, 0.00
7265, 0, 273.894, 0.98, 1, 0.00, 0.00, 0.00, 0.14, 0.00, 0.00, 0.00, 0.90, 0.00, 0.47, 1.17, 0.03, 0.09, 0.06, 0.57, 0.00, 0.00, 0.00, 0.00, 0.00, 1.00, 0.00, 0.00, 0.00, 0.00, 0.00, 0.00, 0.00, 0.00, 0.00, 0.00, 0.00, 0.00, 0.00, 0.00
7266, 0, 273.931, 0.98, 1, 0.00, 0.00, 0.00, 0.24, 0.00, 0.00, 0.05, 0.90, 0.00, 0.59, 1.10, 0.03, 0.09, 0.10, 0.46, 0.00, 0.11, 0.00, 0.00, 0.00, 1.00, 0.00, 0.00, 0.00, 0.00, 0.00, 0.00, 0.00, 0.00, 0.00, 0.00, 0.00, 0.00, 0.00, 0.00
7267, 0, 273.969, 0.98, 1, 0.00, 0.00, 0.00, 0.38, 0.00, 0.00, 0.12, 0.93, 0.00, 0.69, 0.63, 0.03, 0.09, 0.07, 0.33, 0.00, 0.20, 0.00, 0.00, 0.00, 1.00, 0.00, 0.00, 0.00, 0.00, 0.00, 0.00, 0.00, 0.00, 0.00, 0.00, 0.00, 0.00, 0.00, 0.00
7268, 0, 274.007, 0.98, 1, 0.01, 0.00, 0.02, 0.39, 0.00, 0.00, 0.17, 0.79, 0.00, 0.76, 0.00, 0.00, 0.00, 0.09, 0.00, 0.00, 0.24, 0.00, 0.00, 0.00, 1.00, 0.00, 0.00, 0.00, 0.00, 0.00, 0.00, 0.00, 0.00, 0.00, 0.00, 0.00, 0.00, 0.00, 0.00
7269, 0, 274.045, 0.98, 1, 0.01, 0.00, 0.02, 0.46, 0.00, 0.11, 0.20, 0.85, 0.00, 0.93, 0.00, 0.00, 0.00, 0.08, 0.00, 0.00, 0.13, 0.00, 0.00, 0.00, 1.00, 0.00, 0.00, 0.00, 0.00, 0.00, 0.00, 0.00, 0.00, 0.00, 0.00, 0.00, 0.00, 0.00, 0.00
7270, 0, 274.082, 0.98, 1, 0.04, 0.00, 0.02, 0.31, 0.00, 0.11, 0.28, 1.06, 0.00, 0.82, 0.00, 0.00, 0.00, 0.07, 0.00, 0.04, 0.04, 0.00, 0.00, 0.00, 1.00, 0.00, 0.00, 0.00, 0.00, 0.00, 0.00, 0.00, 0.00, 0.00, 0.00, 0.00, 0.00, 0.00, 0.00
7271, 0, 274.120, 0.98, 1, 0.03, 0.00, 0.00, 0.16, 0.00, 0.11, 0.31, 1.36, 0.00, 0.79, 0.00, 0.01, 0.00, 0.03, 0.00, 0.04, 0.13, 0.00, 0.00, 0.00, 1.00, 0.00, 0.00, 0.00, 0.00, 0.00, 0.00, 0.00, 0.00, 0.00, 0.00, 0.00, 0.00, 0.00, 0.00
7272, 0, 274.158, 0.98, 1, 0.03, 0.00, 0.00, 0.00, 0.00, 0.00, 0.33, 1.68, 0.03, 0.73, 0.00, 0.12, 0.00, 0.00, 0.00, 0.04, 0.22, 0.00, 0.00, 0.00, 1.00, 0.00, 0.00, 0.00, 0.00, 0.00, 0.00, 0.00, 0.00, 0.00, 0.00, 0.00, 0.00, 0.00, 0.00
7273, 0, 274.195, 0.98, 1, 0.00, 0.00, 0.00, 0.00, 0.00, 0.00, 0.33, 1.69, 0.03, 0.72, 0.00, 0.17, 0.00, 0.00, 0.00, 0.00, 0.33, 0.00, 0.00, 0.00, 1.00, 0.00, 0.00, 0.00, 0.00, 0.00, 0.00, 0.00, 0.00, 0.00, 0.00, 0.00, 0.00, 0.00, 0.00
7274, 0, 274.233, 0.98, 1, 0.01, 0.00, 0.00, 0.00, 0.00, 0.00, 0.42, 1.76, 0.07, 0.56, 0.00, 0.24, 0.00, 0.00, 0.00, 0.00, 0.33, 0.00, 0.00, 0.00, 1.00, 0.00, 0.00, 0.00, 0.00, 0.00, 0.00, 0.00, 0.00, 0.00, 0.00, 0.00, 0.00, 0.00, 0.00
7275, 0, 274.271, 0.98, 1, 0.01, 0.04, 0.00, 0.00, 0.00, 0.00, 0.36, 1.58, 0.12, 0.49, 0.11, 0.20, 0.02, 0.09, 0.23, 0.07, 0.23, 0.00, 0.00, 0.00, 1.00, 0.00, 0.00, 0.00, 0.00, 0.00, 0.00, 0.00, 0.00, 0.00, 0.00, 0.00, 0.00, 0.00, 0.00
7276, 0, 274.308, 0.98, 1, 0.01, 0.09, 0.00, 0.00, 0.00, 0.11, 0.26, 1.49, 0.20, 0.67, 0.19, 0.18, 0.02, 0.09, 0.36, 0.10, 0.12, 0.00, 0.00, 0.00, 1.00, 0.00, 0.00, 0.00, 0.00, 0.00, 0.00, 0.00, 0.00, 0.00, 1.00, 0.00, 0.00, 0.00, 0.00
7277, 0, 274.346, 0.98, 1, 0.00, 0.10, 0.00, 0.00, 0.00, 0.11, 0.17, 1.30, 0.31, 0.68, 0.19, 0.12, 0.02, 0.09, 0.45, 0.23, 0.00, 0.00, 0.00, 0.00, 1.00, 0.00, 0.00, 0.00, 0.00, 0.00, 0.00, 0.00, 0.00, 0.00, 1.00, 0.00, 0.00, 0.00, 0.00
7278, 0, 274.384, 0.98, 1, 0.00, 0.09, 0.00, 0.00, 0.00, 0.21, 0.25, 1.29, 0.36, 0.56, 0.08, 0.12, 0.00, 0.06, 0.22, 0.40, 0.00, 0.00, 0.00, 0.00, 1.00, 0.00, 0.00, 0.00, 0.00, 0.00, 0.00, 0.00, 0.00, 0.00, 1.00, 0.00, 0.00, 0.00, 0.00
7279, 0, 274.422, 0.98, 1, 0.00, 0.03, 0.00, 0.00, 0.00, 0.24, 0.31, 1.25, 0.38, 0.29, 0.00, 0.17, 0.00, 0.12, 0.09, 0.61, 0.00, 0.00, 0.00, 0.00, 1.00, 0.00, 0.00, 0.00, 0.00, 0.00, 0.00, 0.00, 0.00, 0.00, 1.00, 0.00, 0.00, 0.00, 0.00
7280, 0, 274.459, 0.98, 1, 0.04, 0.02, 0.00, 0.00, 0.00, 0.24, 0.24, 1.46, 0.25, 0.25, 0.51, 0.23, 0.00, 0.12, 0.19, 0.48, 0.00, 0.00, 0.00, 0.00, 1.00, 0.00, 0.00, 0.00, 0.00, 0.00, 0.00, 0.00, 0.00, 0.00, 1.00, 0.00, 0.00, 0.00, 0.00
7281, 0, 274.497, 0.98, 1, 0.04, 0.00, 0.00, 0.00, 0.00, 0.13, 0.14, 1.65, 0.13, 0.28, 1.14, 0.23, 0.00, 0.06, 0.36, 0.23, 0.00, 0.00, 0.00, 0.00, 1.00, 0.00, 0.00, 0.00, 0.00, 0.00, 0.00, 0.00, 0.00, 0.00, 1.00, 0.00, 0.00, 0.00, 0.00
7282, 0, 274.535, 0.98, 1, 0.04, 0.00, 0.00, 0.00, 0.00, 0.00, 0.01, 1.95, 0.01, 0.34, 1.76, 0.16, 0.00, 0.00, 0.62, 0.00, 0.00, 0.00, 0.00, 0.00, 1.00, 0.00, 0.00, 0.00, 0.00, 0.00, 0.00, 0.00, 0.00, 0.00, 1.00, 0.00, 0.00, 0.00, 0.00
7283, 0, 274.572, 0.98, 1, 0.00, 0.00, 0.00, 0.00, 0.00, 0.00, 0.04, 1.95, 0.03, 0.52, 1.26, 0.07, 0.00, 0.00, 0.43, 0.00, 0.00, 0.00, 0.00, 0.00, 1.00, 0.00, 0.00, 0.00, 0.00, 0.00, 0.00, 0.00, 0.00, 0.00, 1.00, 0.00, 0.00, 0.00, 0.00
7284, 0, 274.610, 0.98, 1, 0.00, 0.00, 0.00, 0.00, 0.00, 0.00, 0.07, 2.00, 0.05, 0.65, 0.66, 0.00, 0.00, 0.00, 0.27, 0.00, 0.00, 0.00, 0.00, 0.00, 1.00, 0.00, 0.00, 0.00, 0.00, 0.00, 0.00, 0.00, 0.00, 0.00, 1.00, 0.00, 0.00, 0.00, 0.00
7285, 0, 274.648, 0.98, 1, 0.07, 0.00, 0.00, 0.00, 0.00, 0.00, 0.11, 1.79, 0.21, 1.08, 0.04, 0.00, 0.00, 0.04, 0.01, 0.08, 0.02, 0.00, 0.00, 0.00, 1.00, 0.00, 0.00, 0.00, 0.00, 0.00, 0.00, 0.00, 0.00, 0.00, 1.00, 0.00, 0.00, 0.00, 0.00
7286, 0, 274.686, 0.93, 1, 0.07, 0.00, 0.00, 0.00, 0.00, 0.00, 0.10, 1.60, 0.31, 1.40, 0.04, 0.00, 0.00, 0.05, 0.01, 0.12, 0.10, 0.00, 0.00, 0.00, 1.00, 0.00, 0.00, 0.00, 0.00, 1.00, 1.00, 0.00, 0.00, 0.00, 1.00, 0.00, 0.00, 0.00, 0.00
7287, 0, 274.723, 0.93, 1, 0.09, 0.00, 0.00, 0.04, 0.00, 0.00, 0.09, 1.28, 0.41, 1.70, 0.00, 0.00, 0.00, 0.05, 0.03, 0.18, 0.10, 0.00, 0.00, 0.00, 1.00, 0.00, 0.00, 0.00, 0.00, 1.00, 1.00, 0.00, 0.00, 0.00, 1.00, 0.00, 0.00, 0.00, 0.00
7288, 0, 274.761, 0.98, 1, 0.01, 0.01, 0.00, 0.06, 0.00, 0.00, 0.05, 1.06, 0.35, 1.82, 0.00, 0.00, 0.00, 0.02, 0.13, 0.31, 0.08, 0.00, 0.00, 0.00, 1.00, 0.00, 0.00, 0.00, 0.00, 1.00, 1.00, 0.00, 0.00, 0.00, 1.00, 0.00, 0.00, 0.00, 0.00
7289, 0, 274.799, 0.98, 1, 0.01, 0.01, 0.00, 0.06, 0.00, 0.00, 0.03, 0.99, 0.36, 1.98, 0.00, 0.06, 0.00, 0.00, 0.19, 0.64, 0.00, 0.00, 0.00, 0.00, 1.00, 0.00, 0.00, 0.00, 0.00, 1.00, 1.00, 0.00, 0.00, 0.00, 1.00, 0.00, 0.00, 0.00, 0.00
7290, 0, 274.836, 0.98, 1, 0.00, 0.01, 0.00, 0.16, 0.00, 0.00, 0.01, 1.00, 0.31, 1.71, 0.00, 0.07, 0.00, 0.00, 0.15, 0.72, 0.00, 0.00, 0.00, 0.00, 1.00, 0.00, 0.00, 0.00, 0.00, 1.00, 1.00, 0.00, 0.00, 0.00, 0.00, 0.00, 0.00, 0.00, 0.00
7291, 0, 274.874, 0.98, 1, 0.00, 0.00, 0.03, 0.19, 0.00, 0.00, 0.02, 1.19, 0.34, 1.43, 0.00, 0.22, 0.00, 0.00, 0.06, 0.65, 0.00, 0.00, 0.00, 0.00, 1.00, 0.00, 0.00, 0.00, 0.00, 0.00, 0.00, 0.00, 0.00, 0.00, 0.00, 0.00, 0.00, 0.00, 0.00
7292, 0, 274.912, 0.98, 1, 0.00, 0.00, 0.03, 0.25, 0.00, 0.00, 0.02, 1.33, 0.34, 1.13, 0.15, 0.30, 0.00, 0.00, 0.00, 0.28, 0.00, 0.00, 0.00, 0.00, 1.00, 0.00, 0.00, 0.00, 0.00, 0.00, 0.00, 0.00, 0.00, 0.00, 0.00, 0.00, 0.00, 0.00, 0.00
7293, 0, 274.949, 0.98, 1, 0.00, 0.00, 0.03, 0.11, 0.00, 0.00, 0.00, 1.47, 0.44, 1.14, 0.16, 0.43, 0.00, 0.00, 0.05, 0.20, 0.00, 0.00, 0.00, 0.00, 1.00, 0.00, 0.00, 0.00, 0.00, 0.00, 0.00, 0.00, 0.00, 0.00, 0.00, 0.00, 0.00, 0.00, 0.00
7294, 0, 274.987, 0.98, 1, 0.00, 0.00, 0.00, 0.14, 0.00, 0.00, 0.00, 1.52, 0.50, 1.17, 0.20, 0.44, 0.00, 0.05, 0.14, 0.16, 0.00, 0.00, 0.00, 0.00, 1.00, 0.00, 0.00, 0.00, 0.00, 0.00, 0.00, 0.00, 0.00, 0.00, 0.00, 0.00, 0.00, 0.00, 0.00
7295, 0, 275.025, 0.98, 1, 0.00, 0.00, 0.00, 0.08, 0.00, 0.00, 0.00, 1.47, 0.50, 1.02, 0.71, 0.45, 0.00, 0.05, 0.53, 0.29, 0.00, 0.00, 0.00, 0.00, 1.00, 0.00, 0.00, 0.00, 0.00, 0.00, 0.00, 0.00, 0.00, 0.00, 0.00, 0.00, 0.00, 0.00, 0.00
7296, 0, 275.063, 0.98, 1, 0.00, 0.00, 0.00, 0.08, 0.00, 0.03, 0.00, 1.42, 0.45, 0.99, 0.97, 0.44, 0.00, 0.05, 0.77, 0.38, 0.00, 0.00, 0.00, 0.00, 1.00, 0.00, 0.00, 0.00, 0.00, 0.00, 0.00, 0.00, 0.00, 0.00, 0.00, 0.00, 0.00, 0.00, 0.00
7297, 0, 275.100, 0.98, 1, 0.00, 0.00, 0.00, 0.00, 0.00, 0.03, 0.00, 1.35, 0.46, 0.90, 1.58, 0.36, 0.00, 0.00, 1.22, 0.60, 0.00, 0.00, 0.00, 0.00, 1.00, 0.00, 0.00, 0.00, 0.00, 0.00, 0.00, 0.00, 0.00, 0.00, 0.00, 0.00, 0.00, 0.00, 0.00
7298, 0, 275.138, 0.98, 1, 0.00, 0.01, 0.00, 0.00, 0.00, 0.03, 0.00, 1.28, 0.48, 1.14, 1.47, 0.31, 0.00, 0.00, 1.07, 0.74, 0.00, 0.00, 0.00, 0.00, 1.00, 0.00, 0.00, 0.00, 0.00, 0.00, 0.00, 0.00, 0.00, 0.00, 0.00, 0.00, 0.00, 0.00, 0.00
7299, 0, 275.176, 0.98, 1, 0.00, 0.01, 0.00, 0.00, 0.00, 0.00, 0.00, 1.38, 0.49, 1.16, 1.97, 0.30, 0.00, 0.00, 0.77, 0.57, 0.00, 0.00, 0.00, 0.00, 1.00, 0.00, 0.00, 0.00, 0.00, 0.00, 0.00, 0.00, 0.00, 0.00, 1.00, 0.00, 0.00, 0.00, 0.00
7300, 0, 275.213, 0.98, 1, 0.00, 0.01, 0.16, 0.12, 0.00, 0.00, 0.00, 1.25, 0.42, 0.94, 1.51, 0.38, 0.00, 0.00, 0.29, 0.50, 0.00, 0.00, 0.00, 0.00, 1.00, 0.00, 0.00, 0.00, 0.00, 0.00, 0.00, 0.00, 0.00, 0.00, 1.00, 0.00, 0.00, 0.00, 0.00
7301, 0, 275.251, 0.98, 1, 0.00, 0.00, 0.28, 0.15, 0.00, 0.00, 0.00, 0.92, 0.29, 0.44, 1.30, 0.29, 0.00, 0.00, 0.08, 0.26, 0.00, 0.00, 0.00, 0.00, 1.00, 0.00, 0.00, 0.00, 0.00, 0.00, 0.00, 0.00, 0.00, 0.00, 1.00, 0.00, 0.00, 0.00, 0.00
7302, 0, 275.289, 0.98, 1, 0.00, 0.00, 0.38, 0.23, 0.00, 0.00, 0.00, 0.48, 0.18, 0.16, 0.97, 0.16, 0.00, 0.00, 0.14, 0.29, 0.00, 0.00, 0.00, 0.00, 1.00, 0.00, 0.00, 0.00, 0.00, 0.00, 0.00, 0.00, 0.00, 0.00, 1.00, 0.00, 0.00, 0.00, 0.00
7303, 0, 275.327, 0.98, 1, 0.00, 0.00, 0.32, 0.26, 0.00, 0.00, 0.00, 0.36, 0.18, 0.28, 0.90, 0.00, 0.00, 0.00, 0.18, 0.06, 0.00, 0.00, 0.00, 0.00, 1.00, 0.00, 0.00, 0.00, 0.00, 0.00, 0.00, 0.00, 0.00, 0.00, 1.00, 0.00, 0.00, 0.00, 0.00
7304, 0, 275.364, 0.98, 1, 0.00, 0.00, 0.20, 0.23, 0.00, 0.00, 0.00, 0.57, 0.29, 0.51, 0.69, 0.00, 0.00, 0.00, 0.26, 0.03, 0.00, 0.00, 0.00, 0.00, 1.00, 0.00, 0.00, 0.00, 0.00, 0.00, 0.00, 0.00, 0.00, 0.00, 1.00, 0.00, 0.00, 0.00, 0.00
7305, 0, 275.402, 0.98, 1, 0.00, 0.00, 0.10, 0.15, 0.00, 0.00, 0.00, 1.06, 0.29, 0.83, 0.64, 0.10, 0.00, 0.00, 0.44, 0.09, 0.00, 0.00, 0.00, 0.00, 1.00, 0.00, 0.00, 0.00, 0.00, 0.00, 0.00, 0.00, 0.00, 0.00, 1.00, 0.00, 0.00, 0.00, 0.00
7306, 0, 275.440, 0.93, 1, 0.00, 0.00, 0.00, 0.03, 0.00, 0.00, 0.00, 1.44, 0.23, 1.04, 0.77, 0.15, 0.00, 0.01, 0.41, 0.15, 0.00, 0.00, 0.00, 0.00, 1.00, 0.00, 0.00, 0.00, 0.00, 0.00, 0.00, 0.00, 0.00, 0.00, 1.00, 0.00, 0.00, 0.00, 0.00
7307, 0, 275.477, 0.98, 1, 0.00, 0.00, 0.00, 0.03, 0.00, 0.00, 0.00, 1.64, 0.16, 1.08, 0.79, 0.25, 0.00, 0.06, 0.33, 0.15, 0.00, 0.00, 0.00, 0.00, 1.00, 0.00, 0.00, 0.00, 0.00, 0.00, 1.00, 0.00, 0.00, 0.00, 1.00, 0.00, 0.00, 0.00, 0.00
7308, 0, 275.515, 0.98, 1, 0.00, 0.00, 0.00, 0.03, 0.00, 0.00, 0.01, 1.52, 0.31, 1.33, 0.54, 0.22, 0.00, 0.12, 0.09, 0.06, 0.00, 0.00, 0.00, 0.00, 1.00, 0.00, 0.00, 0.00, 0.00, 0.00, 1.00, 0.00, 0.00, 0.00, 1.00, 0.00, 0.00, 0.00, 0.00
7309, 0, 275.553, 0.98, 1, 0.00, 0.00, 0.00, 0.00, 0.00, 0.00, 0.01, 1.44, 0.44, 1.43, 0.36, 0.30, 0.00, 0.16, 0.02, 0.00, 0.00, 0.00, 0.00, 0.00, 1.00, 0.00, 0.00, 0.00, 0.00, 1.00, 1.00, 0.00, 0.00, 0.00, 1.00, 0.00, 0.00, 0.00, 0.00
7310, 0, 275.590, 0.98, 1, 0.00, 0.07, 0.00, 0.00, 0.00, 0.00, 0.01, 1.21, 0.64, 1.14, 0.20, 0.40, 0.00, 0.16, 0.08, 0.00, 0.00, 0.00, 0.00, 0.00, 1.00, 0.00, 0.00, 0.00, 0.00, 1.00, 1.00, 0.00, 0.00, 0.00, 1.00, 0.00, 0.00, 0.00, 0.00
7311, 0, 275.628, 0.98, 1, 0.00, 0.08, 0.00, 0.01, 0.00, 0.00, 0.00, 0.88, 0.73, 0.72, 0.26, 0.42, 0.00, 0.10, 0.12, 0.00, 0.00, 0.00, 0.00, 0.00, 1.00, 0.00, 0.00, 0.00, 0.00, 1.00, 0.00, 0.00, 0.00, 0.00, 1.00, 0.00, 0.00, 0.00, 0.00
7312, 0, 275.666, 0.98, 1, 0.00, 0.08, 0.00, 0.09, 0.00, 0.21, 0.05, 0.60, 0.72, 0.31, 0.60, 0.47, 0.00, 0.05, 0.25, 0.00, 0.00, 0.00, 0.00, 0.00, 1.00, 0.00, 0.00, 0.00, 0.00, 1.00, 0.00, 0.00, 0.00, 0.00, 1.00, 0.00, 0.00, 0.00, 0.00
7313, 0, 275.704, 0.98, 1, 0.00, 0.01, 0.00, 0.15, 0.00, 0.28, 0.06, 0.58, 0.63, 0.49, 0.79, 0.37, 0.00, 0.00, 0.25, 0.00, 0.00, 0.00, 0.00, 0.00, 1.00, 0.00, 0.00, 0.00, 0.00, 1.00, 0.00, 0.00, 0.00, 0.00, 1.00, 0.00, 0.00, 0.00, 0.00
7314, 0, 275.741, 0.98, 1, 0.00, 0.00, 0.00, 0.14, 0.00, 0.28, 0.06, 0.88, 0.49, 0.62, 1.27, 0.49, 0.00, 0.00, 0.50, 0.00, 0.00, 0.00, 0.00, 0.00, 1.00, 0.00, 0.00, 0.00, 0.00, 1.00, 0.00, 0.00, 0.00, 0.00, 0.00, 0.00, 0.00, 0.00, 0.00
7315, 0, 275.779, 0.98, 1, 0.00, 0.00, 0.00, 0.06, 0.00, 0.07, 0.02, 1.20, 0.43, 0.50, 0.86, 0.45, 0.00, 0.03, 0.37, 0.00, 0.03, 0.00, 0.00, 0.00, 1.00, 0.00, 0.00, 0.00, 0.00, 0.00, 0.00, 0.00, 0.00, 0.00, 0.00, 0.00, 0.00, 0.00, 0.00
7316, 0, 275.817, 0.98, 1, 0.00, 0.00, 0.00, 0.00, 0.00, 0.00, 0.00, 1.47, 0.37, 0.49, 0.82, 0.44, 0.00, 0.08, 0.29, 0.00, 0.10, 0.00, 0.00, 0.00, 1.00, 0.00, 0.00, 0.00, 0.00, 0.00, 0.00, 0.00, 0.00, 0.00, 0.00, 0.00, 0.00, 0.00, 0.00
7317, 0, 275.854, 0.98, 1, 0.00, 0.00, 0.00, 0.00, 0.00, 0.00, 0.00, 1.58, 0.36, 0.46, 0.14, 0.46, 0.04, 0.17, 0.00, 0.10, 0.10, 0.00, 0.00, 0.00, 1.00, 0.00, 0.00, 0.00, 0.00, 0.00, 0.00, 0.00, 1.00, 0.00, 0.00, 0.00, 0.00, 0.00, 0.00
7318, 0, 275.892, 0.98, 1, 0.00, 0.00, 0.00, 0.00, 0.00, 0.00, 0.00, 1.66, 0.35, 0.51, 0.15, 0.54, 0.04, 0.22, 0.00, 0.10, 0.07, 0.00, 0.00, 0.00, 1.00, 0.00, 0.00, 0.00, 0.00, 0.00, 0.00, 0.00, 1.00, 0.00, 0.00, 0.00, 0.00, 0.00, 0.00
7319, 0, 275.930, 0.98, 1, 0.00, 0.00, 0.00, 0.00, 0.00, 0.00, 0.00, 1.80, 0.31, 0.37, 0.00, 0.74, 0.04, 0.25, 0.00, 0.30, 0.00, 0.00, 0.00, 0.00, 1.00, 0.00, 0.00, 0.00, 0.00, 0.00, 0.00, 0.00, 1.00, 0.00, 0.00, 0.00, 0.00, 0.00, 0.00
7320, 0, 275.968, 0.98, 1, 0.00, 0.00, 0.00, 0.00, 0.00, 0.00, 0.00, 1.73, 0.36, 0.65, 0.00, 0.55, 0.00, 0.16, 0.00, 0.20, 0.04, 0.00, 0.00, 0.00, 1.00, 0.00, 0.00, 0.00, 0.00, 0.00, 0.00, 0.00, 1.00, 0.00, 1.00, 0.00, 0.00, 0.00, 0.00
7321, 0, 276.005, 0.93, 1, 0.00, 0.00, 0.00, 0.00, 0.00, 0.00, 0.00, 1.61, 0.39, 1.10, 0.00, 0.38, 0.00, 0.09, 0.00, 0.20, 0.08, 0.00, 0.00, 0.00, 1.00, 0.00, 0.00, 0.00, 0.00, 0.00, 0.00, 0.00, 1.00, 0.00, 1.00, 0.00, 0.00, 0.00, 0.00
7322, 0, 276.043, 0.93, 1, 0.00, 0.00, 0.00, 0.00, 0.00, 0.00, 0.00, 1.51, 0.48, 1.54, 0.00, 0.26, 0.00, 0.00, 0.05, 0.00, 0.24, 0.00, 0.00, 0.00, 1.00, 0.00, 0.00, 0.00, 0.00, 0.00, 0.00, 0.00, 1.00, 0.00, 1.00, 0.00, 0.00, 0.00, 0.00
7323, 0, 276.081, 0.98, 1, 0.00, 0.00, 0.00, 0.00, 0.00, 0.00, 0.04, 1.73, 0.41, 1.20, 0.05, 0.36, 0.00, 0.00, 0.19, 0.06, 0.24, 0.00, 0.00, 0.00, 1.00, 0.00, 0.00, 0.00, 0.00, 0.00, 0.00, 0.00, 1.00, 0.00, 1.00, 0.00, 0.00, 0.00, 0.00
7324, 0, 276.118, 0.98, 1, 0.00, 0.00, 0.00, 0.00, 0.00, 0.00, 0.06, 1.77, 0.39, 0.85, 0.22, 0.46, 0.00, 0.00, 0.30, 0.17, 0.19, 0.00, 0.00, 0.00, 1.00, 0.00, 0.00, 0.00, 0.00, 0.00, 0.00, 0.00, 1.00, 0.00, 1.00, 0.00, 0.00, 0.00, 0.00
7325, 0, 276.156, 0.98, 1, 0.00, 0.00, 0.00, 0.00, 0.00, 0.00, 0.06, 1.77, 0.27, 0.44, 0.50, 0.51, 0.00, 0.05, 0.28, 0.17, 0.09, 0.00, 0.00, 0.00, 1.00, 0.00, 0.00, 0.00, 0.00, 0.00, 0.00, 0.00, 1.00, 0.00, 1.00, 0.00, 0.00, 0.00, 0.00
7326, 0, 276.194, 0.98, 1, 0.00, 0.00, 0.00, 0.00, 0.00, 0.00, 0.12, 1.54, 0.22, 0.41, 0.67, 0.48, 0.01, 0.05, 0.15, 0.11, 0.06, 0.00, 0.00, 0.00, 1.00, 0.00, 0.00, 0.00, 0.00, 0.00, 0.00, 0.00, 1.00, 0.00, 0.00, 0.00, 0.00, 0.00, 0.00
7327, 0, 276.231, 0.98, 1, 0.00, 0.00, 0.00, 0.00, 0.00, 0.00, 0.27, 1.40, 0.18, 0.46, 0.54, 0.42, 0.01, 0.10, 0.18, 0.00, 0.06, 0.00, 0.00, 0.00, 1.00, 0.00, 0.00, 0.00, 0.00, 0.00, 0.00, 0.00, 0.00, 0.00, 0.00, 0.00, 0.00, 0.00, 0.00
7328, 0, 276.269, 0.98, 1, 0.00, 0.00, 0.00, 0.00, 0.00, 0.00, 0.36, 1.19, 0.16, 0.58, 0.29, 0.21, 0.01, 0.08, 0.14, 0.04, 0.00, 0.00, 0.00, 0.00, 1.00, 0.00, 0.00, 0.00, 0.00, 0.00, 0.00, 0.00, 0.00, 0.00, 0.00, 0.00, 0.00, 0.00, 0.00
7329, 0, 276.307, 0.98, 1, 0.00, 0.00, 0.00, 0.00, 0.00, 0.00, 0.35, 1.14, 0.13, 0.62, 0.26, 0.09, 0.00, 0.09, 0.19, 0.09, 0.00, 0.00, 0.00, 0.00, 1.00, 0.00, 0.00, 0.00, 0.00, 0.00, 0.00, 0.00, 0.00, 0.00, 0.00, 0.00, 0.00, 0.00, 0.00
7330, 0, 276.345, 0.98, 1, 0.13, 0.07, 0.00, 0.00, 0.00, 0.00, 0.35, 0.98, 0.16, 0.40, 0.22, 0.01, 0.00, 0.05, 0.04, 0.09, 0.00, 0.00, 0.00, 0.00, 1.00, 0.00, 0.00, 0.00, 0.00, 0.00, 0.00, 0.00, 0.00, 0.00, 0.00, 0.00, 0.00, 0.00, 0.00
7331, 0, 276.382, 0.98, 1, 0.19, 0.07, 0.00, 0.00, 0.00, 0.00, 0.45, 1.02, 0.18, 0.40, 0.19, 0.05, 0.00, 0.02, 0.04, 0.05, 0.00, 0.00, 0.00, 0.00, 1.00, 0.00, 0.00, 0.00, 0.00, 0.00, 0.00, 0.00, 0.00, 0.00, 0.00, 0.00, 0.00, 0.00, 0.00
7332, 0, 276.420, 0.98, 1, 0.25, 0.08, 0.00, 0.00, 0.00, 0.00, 0.47, 1.01, 0.17, 0.45, 0.20, 0.15, 0.00, 0.01, 0.00, 0.00, 0.00, 0.00, 0.00, 0.00, 1.00, 0.00, 0.00, 0.00, 0.00, 0.00, 0.00, 0.00, 0.00, 0.00, 0.00, 0.00, 0.00, 0.00, 0.00
7333, 0, 276.458, 0.98, 1, 0.19, 0.06, 0.00, 0.03, 0.00, 0.00, 0.35, 1.00, 0.13, 0.72, 0.31, 0.21, 0.00, 0.00, 0.00, 0.00, 0.00, 0.00, 0.00, 0.00, 1.00, 0.00, 0.00, 0.00, 0.00, 0.00, 1.00, 0.00, 0.00, 0.00, 0.00, 0.00, 0.00, 0.00, 0.00
7334, 0, 276.495, 0.93, 1, 0.24, 0.06, 0.00, 0.11, 0.00, 0.00, 0.17, 0.92, 0.17, 0.75, 0.51, 0.19, 0.00, 0.00, 0.12, 0.00, 0.00, 0.00, 0.00, 0.00, 1.00, 0.00, 0.00, 0.00, 0.00, 0.00, 1.00, 0.00, 0.00, 0.00, 0.00, 0.00, 0.00, 0.00, 0.00
7335, 0, 276.533, 0.88, 1, 0.18, 0.05, 0.00, 0.11, 0.00, 0.00, 0.06, 1.00, 0.26, 0.99, 0.42, 0.18, 0.00, 0.09, 0.30, 0.09, 0.00, 0.00, 0.00, 0.00, 1.00, 0.00, 0.00, 0.00, 0.00, 0.00, 1.00, 0.00, 0.00, 0.00, 0.00, 0.00, 0.00, 0.00, 0.00
7336, 0, 276.571, 0.98, 1, 0.10, 0.00, 0.00, 0.07, 0.00, 0.00, 0.01, 1.05, 0.32, 1.25, 0.48, 0.13, 0.00, 0.16, 0.41, 0.09, 0.00, 0.00, 0.00, 0.00, 1.00, 0.00, 0.00, 0.00, 0.00, 0.00, 1.00, 0.00, 0.00, 0.00, 0.00, 0.00, 0.00, 0.00, 0.00
7337, 0, 276.609, 0.98, 1, 0.04, 0.00, 0.00, 0.00, 0.00, 0.00, 0.00, 1.23, 0.36, 1.46, 0.55, 0.12, 0.00, 0.16, 0.34, 0.12, 0.00, 0.00, 0.00, 0.00, 1.00, 0.00, 0.00, 0.00, 0.00, 0.00, 1.00, 1.00, 0.00, 0.00, 0.00, 0.00, 0.00, 0.00, 0.00
7338, 0, 276.646, 0.98, 1, 0.04, 0.00, 0.00, 0.00, 0.00, 0.00, 0.00, 1.17, 0.33, 1.36, 0.52, 0.10, 0.00, 0.12, 0.28, 0.04, 0.00, 0.00, 0.00, 0.00, 1.00, 0.00, 0.00, 0.00, 0.00, 0.00, 1.00, 1.00, 0.00, 0.00, 0.00, 0.00, 0.00, 0.00, 0.00
7339, 0, 276.684, 0.98, 1, 0.04, 0.00, 0.00, 0.00, 0.00, 0.00, 0.00, 1.42, 0.35, 1.25, 0.57, 0.23, 0.00, 0.09, 0.26, 0.17, 0.07, 0.00, 0.00, 0.00, 1.00, 0.00, 0.00, 0.00, 0.00, 0.00, 1.00, 1.00, 0.00, 0.00, 0.00, 0.00, 0.00, 0.00, 0.00
7340, 0, 276.722, 0.98, 1, 0.00, 0.00, 0.00, 0.00, 0.06, 0.05, 0.00, 1.46, 0.39, 1.00, 0.31, 0.26, 0.00, 0.09, 0.21, 0.19, 0.12, 0.00, 0.00, 0.00, 1.00, 0.00, 0.00, 0.00, 0.00, 0.00, 1.00, 0.00, 0.00, 0.00, 0.00, 0.00, 0.00, 0.00, 0.00
7341, 0, 276.759, 0.98, 1, 0.00, 0.00, 0.00, 0.00, 0.13, 0.09, 0.00, 1.59, 0.46, 0.75, 0.22, 0.23, 0.00, 0.04, 0.09, 0.24, 0.18, 0.00, 0.00, 0.00, 1.00, 0.00, 0.00, 0.00, 0.00, 0.00, 0.00, 0.00, 0.00, 0.00, 0.00, 0.00, 0.00, 0.00, 0.00
7342, 0, 276.797, 0.98, 1, 0.00, 0.00, 0.00, 0.00, 0.14, 0.19, 0.01, 1.64, 0.49, 0.54, 0.09, 0.31, 0.00, 0.00, 0.02, 0.34, 0.11, 0.00, 0.00, 0.00, 1.00, 0.00, 0.00, 0.00, 0.00, 0.00, 0.00, 0.00, 1.00, 0.00, 0.00, 0.00, 0.00, 0.00, 0.00
7343, 0, 276.835, 0.98, 1, 0.00, 0.00, 0.01, 0.00, 0.08, 0.24, 0.01, 1.59, 0.39, 0.68, 0.09, 0.49, 0.00, 0.00, 0.01, 0.54, 0.06, 0.00, 0.00, 0.00, 1.00, 0.00, 0.00, 0.00, 0.00, 0.00, 0.00, 0.00, 1.00, 0.00, 0.00, 0.00, 0.00, 0.00, 0.00
7344, 0, 276.872, 0.98, 1, 0.00, 0.00, 0.01, 0.00, 0.08, 0.25, 0.01, 1.61, 0.35, 0.80, 0.09, 0.66, 0.00, 0.01, 0.03, 0.62, 0.00, 0.00, 0.00, 0.00, 1.00, 0.00, 0.00, 0.00, 0.00, 0.00, 0.00, 0.00, 0.00, 0.00, 0.00, 0.00, 0.00, 0.00, 0.00
7345, 0, 276.910, 0.98, 1, 0.00, 0.00, 0.01, 0.00, 0.07, 0.15, 0.00, 1.34, 0.29, 0.88, 0.37, 0.60, 0.00, 0.01, 0.07, 0.41, 0.00, 0.00, 0.00, 0.00, 1.00, 0.00, 0.00, 0.00, 0.00, 0.00, 0.00, 0.00, 0.00, 0.00, 0.00, 0.00, 0.00, 0.00, 0.00
7346, 0, 276.948, 0.98, 1, 0.00, 0.00, 0.00, 0.00, 0.07, 0.06, 0.00, 1.15, 0.32, 0.90, 0.66, 0.52, 0.00, 0.01, 0.07, 0.21, 0.00, 0.00, 0.00, 0.00, 1.00, 0.00, 0.00, 0.00, 0.00, 0.00, 0.00, 0.00, 1.00, 0.00, 1.00, 0.00, 0.00, 0.00, 0.00
7347, 0, 276.986, 0.98, 1, 0.00, 0.00, 0.00, 0.00, 0.02, 0.18, 0.06, 1.00, 0.30, 1.07, 0.76, 0.49, 0.00, 0.00, 0.05, 0.08, 0.00, 0.00, 0.00, 0.00, 1.00, 0.00, 0.00, 0.00, 0.00, 0.00, 0.00, 0.00, 1.00, 0.00, 1.00, 0.00, 0.00, 0.00, 0.00
7348, 0, 277.023, 0.98, 1, 0.00, 0.00, 0.00, 0.00, 0.04, 0.23, 0.06, 1.16, 0.30, 1.10, 0.45, 0.66, 0.00, 0.00, 0.00, 0.26, 0.00, 0.00, 0.00, 0.00, 1.00, 0.00, 0.00, 0.00, 0.00, 0.00, 0.00, 0.00, 1.00, 0.00, 1.00, 0.00, 0.00, 0.00, 0.00
7349, 0, 277.061, 0.98, 1, 0.00, 0.05, 0.00, 0.02, 0.05, 0.28, 0.07, 1.17, 0.29, 0.91, 0.16, 0.82, 0.00, 0.00, 0.00, 0.37, 0.00, 0.00, 0.00, 0.00, 1.00, 0.00, 0.00, 0.00, 0.00, 0.00, 0.00, 0.00, 1.00, 0.00, 1.00, 0.00, 0.00, 0.00, 0.00
7350, 0, 277.099, 0.98, 1, 0.00, 0.05, 0.00, 0.02, 0.04, 0.18, 0.01, 1.37, 0.31, 0.77, 0.24, 0.97, 0.00, 0.06, 0.12, 0.51, 0.00, 0.00, 0.00, 0.00, 1.00, 0.00, 0.00, 0.00, 0.00, 0.00, 0.00, 0.00, 1.00, 0.00, 1.00, 0.00, 0.00, 0.00, 0.00
7351, 0, 277.136, 0.98, 1, 0.00, 0.05, 0.00, 0.02, 0.01, 0.26, 0.04, 1.36, 0.35, 0.75, 0.38, 0.73, 0.00, 0.06, 0.22, 0.42, 0.00, 0.00, 0.00, 0.00, 1.00, 0.00, 0.00, 0.00, 0.00, 0.00, 0.00, 0.00, 1.00, 0.00, 1.00, 0.00, 0.00, 0.00, 0.00
7352, 0, 277.174, 0.98, 1, 0.00, 0.00, 0.00, 0.00, 0.00, 0.31, 0.07, 1.55, 0.40, 0.90, 0.61, 0.59, 0.00, 0.06, 0.27, 0.45, 0.00, 0.00, 0.00, 0.00, 1.00, 0.00, 0.00, 0.00, 0.00, 0.00, 0.00, 0.00, 1.00, 0.00, 1.00, 0.00, 0.00, 0.00, 0.00
7353, 0, 277.212, 0.98, 1, 0.01, 0.00, 0.00, 0.12, 0.05, 0.41, 0.07, 1.50, 0.35, 0.95, 0.58, 0.52, 0.00, 0.00, 0.23, 0.47, 0.00, 0.00, 0.00, 0.00, 1.00, 0.00, 0.00, 0.00, 0.00, 0.00, 0.00, 0.00, 1.00, 0.00, 1.00, 0.00, 0.00, 0.00, 0.00
7354, 0, 277.250, 0.98, 1, 0.01, 0.00, 0.00, 0.12, 0.09, 0.34, 0.04, 1.66, 0.35, 1.06, 0.40, 0.67, 0.00, 0.06, 0.17, 0.55, 0.00, 0.00, 0.00, 0.00, 1.00, 0.00, 0.00, 0.00, 0.00, 0.00, 0.00, 0.00, 1.00, 0.00, 1.00, 0.00, 0.00, 0.00, 0.00
7355, 0, 277.287, 0.98, 1, 0.04, 0.00, 0.00, 0.12, 0.09, 0.24, 0.03, 1.86, 0.29, 0.97, 0.18, 0.72, 0.03, 0.06, 0.23, 0.54, 0.00, 0.00, 0.00, 0.00, 1.00, 0.00, 0.00, 0.00, 0.00, 0.00, 0.00, 0.00, 1.00, 0.00, 1.00, 0.00, 0.00, 0.00, 0.00
7356, 0, 277.325, 0.98, 1, 0.08, 0.00, 0.00, 0.00, 0.04, 0.07, 0.03, 1.95, 0.33, 0.97, 0.10, 0.57, 0.03, 0.06, 0.17, 0.38, 0.00, 0.00, 0.00, 0.00, 1.00, 0.00, 0.00, 0.00, 0.00, 0.00, 0.00, 0.00, 0.00, 0.00, 1.00, 0.00, 0.00, 0.00, 0.00
7357, 0, 277.363, 0.98, 1, 0.08, 0.00, 0.00, 0.00, 0.00, 0.14, 0.03, 2.00, 0.35, 1.01, 0.52, 0.50, 0.03, 0.00, 0.25, 0.24, 0.00, 0.00, 0.00, 0.00, 1.00, 0.00, 0.00, 0.00, 0.00, 0.00, 0.00, 1.00, 0.00, 0.00, 1.00, 0.00, 0.00, 0.00, 0.00
7358, 0, 277.400, 0.98, 1, 0.05, 0.00, 0.00, 0.00, 0.00, 0.23, 0.00, 2.17, 0.47, 1.17, 0.84, 0.44, 0.00, 0.00, 0.23, 0.27, 0.00, 0.00, 0.00, 0.00, 1.00, 0.00, 0.00, 0.00, 0.00, 0.00, 0.00, 1.00, 0.00, 0.00, 0.00, 0.00, 0.00, 0.00, 0.00
7359, 0, 277.438, 0.98, 1, 0.00, 0.00, 0.00, 0.00, 0.00, 0.22, 0.00, 2.36, 0.54, 1.28, 0.99, 0.42, 0.03, 0.00, 0.28, 0.49, 0.00, 0.00, 0.00, 0.00, 1.00, 0.00, 0.00, 0.00, 0.00, 0.00, 0.00, 0.00, 0.00, 0.00, 0.00, 0.00, 0.00, 0.00, 0.00
7360, 0, 277.476, 0.98, 1, 0.00, 0.00, 0.00, 0.00, 0.01, 0.29, 0.00, 2.33, 0.51, 1.15, 0.64, 0.33, 0.03, 0.00, 0.46, 0.68, 0.04, 0.00, 0.00, 0.00, 1.00, 0.00, 0.00, 0.00, 0.00, 0.00, 0.00, 0.00, 0.00, 0.00, 0.00, 0.00, 0.00, 0.00, 0.00
7361, 0, 277.513, 0.98, 1, 0.04, 0.00, 0.00, 0.00, 0.01, 0.25, 0.00, 2.14, 0.44, 1.18, 0.58, 0.37, 0.03, 0.00, 0.55, 0.82, 0.11, 0.00, 0.00, 0.00, 1.00, 0.00, 0.00, 0.00, 0.00, 0.00, 0.00, 0.00, 0.00, 0.00, 1.00, 0.00, 0.00, 0.00, 0.00
7362, 0, 277.551, 0.98, 1, 0.04, 0.00, 0.00, 0.00, 0.03, 0.34, 0.00, 2.03, 0.40, 1.14, 0.62, 0.47, 0.00, 0.00, 0.80, 1.00, 0.12, 0.00, 0.00, 0.00, 1.00, 0.00, 0.00, 0.00, 0.00, 0.00, 0.00, 0.00, 1.00, 0.00, 1.00, 0.00, 0.00, 0.00, 0.00
7363, 0, 277.589, 0.98, 1, 0.04, 0.00, 0.00, 0.00, 0.03, 0.23, 0.00, 1.94, 0.39, 1.37, 0.74, 0.48, 0.00, 0.00, 0.71, 1.12, 0.10, 0.00, 0.00, 0.00, 1.00, 0.00, 0.00, 0.00, 0.00, 0.00, 0.00, 0.00, 1.00, 0.00, 1.00, 0.00, 0.00, 0.00, 0.00
7364, 0, 277.627, 0.98, 1, 0.00, 0.00, 0.00, 0.00, 0.03, 0.26, 0.05, 1.84, 0.37, 1.40, 0.49, 0.48, 0.00, 0.05, 0.71, 1.26, 0.03, 0.00, 0.00, 0.00, 1.00, 0.00, 0.00, 0.00, 0.00, 0.00, 0.00, 0.00, 1.00, 0.00, 1.00, 0.00, 0.00, 0.00, 0.00
7365, 0, 277.664, 0.98, 1, 0.07, 0.00, 0.00, 0.00, 0.03, 0.19, 0.05, 1.63, 0.33, 1.28, 0.31, 0.42, 0.00, 0.06, 0.46, 0.84, 0.02, 0.00, 0.00, 0.00, 1.00, 0.00, 0.00, 0.00, 0.00, 0.00, 0.00, 0.00, 1.00, 0.00, 1.00, 0.00, 0.00, 0.00, 0.00
7366, 0, 277.702, 0.98, 1, 0.16, 0.00, 0.00, 0.00, 0.01, 0.11, 0.05, 1.67, 0.30, 1.05, 0.10, 0.51, 0.00, 0.07, 0.27, 0.66, 0.00, 0.00, 0.00, 0.00, 1.00, 0.00, 0.00, 0.00, 0.00, 0.00, 0.00, 0.00, 1.00, 0.00, 1.00, 0.00, 0.00, 0.00, 0.00
7367, 0, 277.740, 0.98, 1, 0.25, 0.00, 0.00, 0.00, 0.01, 0.02, 0.00, 1.71, 0.33, 0.79, 0.10, 0.49, 0.00, 0.07, 0.08, 0.37, 0.00, 0.00, 0.00, 0.00, 1.00, 0.00, 0.00, 0.00, 0.00, 0.00, 0.00, 0.00, 1.00, 0.00, 1.00, 0.00, 0.00, 0.00, 0.00
7368, 0, 277.777, 0.93, 1, 0.18, 0.00, 0.00, 0.04, 0.00, 0.00, 0.00, 1.87, 0.39, 0.77, 0.00, 0.63, 0.00, 0.08, 0.01, 0.40, 0.00, 0.00, 0.00, 0.00, 1.00, 0.00, 0.00, 0.00, 0.00, 0.00, 0.00, 0.00, 1.00, 0.00, 1.00, 0.00, 0.00, 0.00, 0.00
7369, 0, 277.815, 0.88, 1, 0.09, 0.00, 0.00, 0.07, 0.00, 0.00, 0.00, 1.96, 0.44, 0.70, 0.00, 0.66, 0.00, 0.10, 0.00, 0.26, 0.00, 0.00, 0.00, 0.00, 1.00, 0.00, 0.00, 0.00, 0.00, 0.00, 0.00, 0.00, 0.00, 0.00, 1.00, 0.00, 0.00, 0.00, 0.00
7370, 0, 277.853, 0.88, 1, 0.13, 0.00, 0.00, 0.07, 0.00, 0.00, 0.00, 1.94, 0.37, 0.63, 0.15, 0.61, 0.00, 0.05, 0.00, 0.09, 0.00, 0.00, 0.00, 0.00, 1.00, 0.00, 0.00, 0.00, 0.00, 0.00, 0.00, 0.00, 0.00, 0.00, 0.00, 0.00, 0.00, 0.00, 0.00
7371, 0, 277.891, 0.88, 1, 0.17, 0.00, 0.00, 0.07, 0.00, 0.00, 0.00, 1.89, 0.27, 0.57, 0.23, 0.46, 0.00, 0.03, 0.02, 0.15, 0.00, 0.00, 0.00, 0.00, 1.00, 0.00, 0.00, 0.00, 0.00, 0.00, 0.00, 0.00, 0.00, 0.00, 0.00, 0.00, 0.00, 0.00, 0.00
7372, 0, 277.928, 0.93, 1, 0.19, 0.00, 0.00, 0.23, 0.00, 0.32, 0.00, 1.82, 0.26, 0.52, 0.33, 0.35, 0.00, 0.00, 0.02, 0.18, 0.07, 0.00, 0.00, 0.00, 1.00, 0.00, 0.00, 0.00, 0.00, 0.00, 0.00, 0.00, 0.00, 0.00, 0.00, 0.00, 0.00, 0.00, 0.00
7373, 0, 277.966, 0.98, 1, 0.06, 0.00, 0.00, 0.42, 0.00, 0.45, 0.00, 1.88, 0.29, 0.67, 0.22, 0.36, 0.00, 0.00, 0.02, 0.32, 0.26, 0.00, 0.00, 0.00, 1.00, 0.00, 0.00, 0.00, 0.00, 0.00, 0.00, 0.00, 0.00, 0.00, 0.00, 0.00, 0.00, 0.00, 0.00
7374, 0, 278.004, 0.98, 1, 0.02, 0.00, 0.00, 0.47, 0.00, 0.70, 0.00, 1.80, 0.29, 0.73, 0.14, 0.26, 0.00, 0.00, 0.00, 0.41, 0.44, 0.00, 0.00, 0.00, 1.00, 0.00, 0.00, 0.00, 0.00, 1.00, 0.00, 0.00, 0.00, 0.00, 0.00, 0.00, 0.00, 0.00, 0.00
7375, 0, 278.041, 0.98, 1, 0.00, 0.00, 0.00, 0.28, 0.00, 0.87, 0.00, 1.90, 0.20, 0.84, 0.04, 0.41, 0.00, 0.00, 0.15, 0.40, 0.40, 0.00, 0.00, 0.00, 1.00, 0.00, 0.00, 0.00, 0.00, 1.00, 0.00, 0.00, 0.00, 0.00, 0.00, 0.00, 0.00, 0.00, 0.00
7376, 0, 278.079, 0.98, 1, 0.00, 0.00, 0.00, 0.09, 0.00, 0.99, 0.00, 2.02, 0.19, 0.91, 0.02, 0.48, 0.00, 0.00, 0.21, 0.42, 0.21, 0.00, 0.00, 0.00, 1.00, 0.00, 0.00, 0.00, 0.00, 1.00, 0.00, 0.00, 0.00, 0.00, 1.00, 0.00, 0.00, 0.00, 0.00
7377, 0, 278.117, 0.98, 1, 0.00, 0.00, 0.01, 0.00, 0.00, 0.75, 0.04, 2.11, 0.17, 0.89, 0.02, 0.63, 0.00, 0.00, 0.33, 0.50, 0.03, 0.00, 0.00, 0.00, 1.00, 0.00, 0.00, 0.00, 0.00, 1.00, 0.00, 0.00, 0.00, 0.00, 1.00, 0.00, 0.00, 0.00, 0.00
7378, 0, 278.154, 0.98, 1, 0.00, 0.00, 0.01, 0.00, 0.00, 0.46, 0.08, 2.14, 0.18, 0.84, 0.02, 0.62, 0.00, 0.00, 0.17, 0.77, 0.00, 0.00, 0.00, 0.00, 1.00, 0.00, 0.00, 0.00, 0.00, 1.00, 0.00, 0.00, 0.00, 0.00, 1.00, 0.00, 0.00, 0.00, 0.00
7379, 0, 278.192, 0.98, 1, 0.00, 0.00, 0.01, 0.00, 0.00, 0.22, 0.08, 2.28, 0.21, 0.86, 0.03, 0.73, 0.00, 0.00, 0.15, 0.87, 0.00, 0.00, 0.00, 0.00, 1.00, 0.00, 0.00, 0.00, 0.00, 1.00, 0.00, 0.00, 0.00, 0.00, 1.00, 0.00, 0.00, 0.00, 0.00
7380, 0, 278.230, 0.98, 1, 0.00, 0.00, 0.00, 0.00, 0.04, 0.22, 0.07, 2.27, 0.31, 0.90, 0.10, 0.58, 0.00, 0.01, 0.27, 0.60, 0.00, 0.00, 0.00, 0.00, 1.00, 0.00, 0.00, 0.00, 0.00, 1.00, 0.00, 0.00, 0.00, 0.00, 1.00, 0.00, 0.00, 0.00, 0.00
7381, 0, 278.268, 0.93, 1, 0.00, 0.00, 0.00, 0.00, 0.10, 0.01, 0.06, 2.12, 0.40, 0.90, 0.13, 0.31, 0.00, 0.02, 0.43, 0.26, 0.00, 0.00, 0.00, 0.00, 1.00, 0.00, 0.00, 0.00, 0.00, 1.00, 0.00, 0.00, 0.00, 0.00, 1.00, 0.00, 0.00, 0.00, 0.00
7382, 0, 278.305, 0.98, 1, 0.00, 0.00, 0.00, 0.00, 0.10, 0.09, 0.18, 1.82, 0.49, 1.11, 0.11, 0.00, 0.00, 0.02, 0.50, 0.00, 0.00, 0.00, 0.00, 0.00, 1.00, 0.00, 0.00, 0.00, 0.00, 0.00, 0.00, 0.00, 0.00, 0.00, 1.00, 0.00, 0.00, 0.00, 0.00
7383, 0, 278.343, 0.98, 1, 0.00, 0.00, 0.01, 0.00, 0.13, 0.33, 0.28, 1.89, 0.47, 1.22, 0.03, 0.12, 0.00, 0.00, 0.42, 0.00, 0.00, 0.00, 0.00, 0.00, 1.00, 0.00, 0.00, 0.00, 0.00, 0.00, 0.00, 0.00, 0.00, 0.00, 1.00, 0.00, 0.00, 0.00, 0.00
7384, 0, 278.381, 0.98, 1, 0.01, 0.00, 0.01, 0.15, 0.18, 0.83, 0.34, 1.87, 0.44, 1.38, 0.00, 0.36, 0.00, 0.06, 0.31, 0.00, 0.00, 0.00, 0.00, 0.00, 1.00, 0.00, 0.00, 0.00, 0.00, 0.00, 0.00, 0.00, 0.00, 0.00, 1.00, 0.00, 0.00, 0.00, 0.00
7385, 0, 278.418, 0.98, 1, 0.06, 0.00, 0.01, 0.15, 0.22, 0.79, 0.22, 1.88, 0.38, 0.84, 0.23, 0.60, 0.00, 0.06, 0.56, 0.19, 0.00, 0.00, 0.00, 0.00, 1.00, 0.00, 0.00, 0.00, 0.00, 0.00, 0.00, 0.00, 0.00, 0.00, 0.00, 0.00, 0.00, 0.00, 0.00
7386, 0, 278.456, 0.98, 1, 0.11, 0.00, 0.00, 0.15, 0.31, 0.69, 0.09, 1.71, 0.36, 0.43, 0.38, 0.69, 0.07, 0.06, 0.56, 0.32, 0.00, 0.00, 0.00, 0.00, 1.00, 0.00, 0.00, 0.00, 0.00, 0.00, 0.00, 0.00, 0.00, 0.00, 0.00, 0.00, 0.00, 0.00, 0.00
7387, 0, 278.494, 0.98, 1, 0.12, 0.00, 0.00, 0.00, 0.37, 0.31, 0.00, 1.71, 0.32, 0.00, 0.54, 0.61, 0.07, 0.01, 0.69, 0.45, 0.00, 0.00, 0.00, 0.00, 1.00, 0.00, 0.00, 0.00, 0.00, 0.00, 0.00, 0.00, 0.00, 0.00, 0.00, 0.00, 0.00, 0.00, 0.00
7388, 0, 278.532, 0.98, 1, 0.07, 0.00, 0.00, 0.00, 0.49, 0.58, 0.00, 1.62, 0.26, 0.00, 0.50, 0.43, 0.09, 0.01, 0.54, 0.28, 0.00, 0.00, 0.00, 0.00, 1.00, 0.00, 0.00, 0.00, 0.00, 0.00, 0.00, 0.00, 0.00, 0.00, 0.00, 0.00, 0.00, 0.00, 0.00
7389, 0, 278.569, 0.98, 1, 0.02, 0.00, 0.00, 0.00, 0.49, 0.60, 0.00, 1.60, 0.26, 0.00, 0.43, 0.23, 0.08, 0.01, 0.76, 0.35, 0.00, 0.00, 0.00, 0.00, 1.00, 0.00, 0.00, 0.00, 0.00, 0.00, 0.00, 0.00, 0.00, 0.00, 0.00, 0.00, 0.00, 0.00, 0.00
7390, 0, 278.607, 0.98, 1, 0.00, 0.00, 0.18, 0.00, 0.38, 0.48, 0.00, 1.51, 0.34, 0.18, 0.27, 0.13, 0.08, 0.00, 1.01, 0.42, 0.00, 0.00, 0.00, 0.00, 1.00, 0.00, 0.00, 0.00, 0.00, 0.00, 0.00, 0.00, 0.00, 0.00, 0.00, 0.00, 0.00, 0.00, 0.00
7391, 0, 278.645, 0.98, 1, 0.02, 0.00, 0.29, 0.00, 0.24, 0.17, 0.00, 1.45, 0.40, 0.35, 0.07, 0.12, 0.06, 0.02, 1.10, 0.64, 0.00, 0.00, 0.00, 0.00, 1.00, 0.00, 0.00, 0.00, 0.00, 0.00, 0.00, 0.00, 0.00, 0.00, 0.00, 0.00, 0.00, 0.00, 0.00
7392, 0, 278.682, 0.98, 1, 0.06, 0.00, 0.36, 0.00, 0.13, 0.00, 0.02, 1.47, 0.47, 0.59, 0.00, 0.15, 0.00, 0.05, 1.12, 0.64, 0.00, 0.00, 0.00, 0.00, 1.00, 0.00, 0.00, 0.00, 0.00, 0.00, 0.00, 0.00, 0.00, 0.00, 0.00, 0.00, 0.00, 0.00, 0.00
7393, 0, 278.720, 0.98, 1, 0.10, 0.00, 0.18, 0.00, 0.12, 0.00, 0.10, 1.54, 0.44, 0.62, 0.00, 0.16, 0.00, 0.06, 0.98, 0.73, 0.00, 0.00, 0.00, 0.00, 1.00, 0.00, 0.00, 0.00, 0.00, 0.00, 0.00, 0.00, 0.00, 0.00, 0.00, 0.00, 0.00, 0.00, 0.00
7394, 0, 278.758, 0.98, 1, 0.08, 0.00, 0.06, 0.00, 0.10, 0.00, 0.24, 1.59, 0.41, 0.66, 0.00, 0.17, 0.00, 0.04, 1.01, 0.84, 0.00, 0.00, 0.00, 0.00, 1.00, 0.00, 0.00, 0.00, 0.00, 0.00, 0.00, 0.00, 0.00, 0.00, 0.00, 0.00, 0.00, 0.00, 0.00
7395, 0, 278.795, 0.98, 1, 0.05, 0.00, 0.09, 0.00, 0.05, 0.00, 0.22, 1.46, 0.44, 0.64, 0.00, 0.29, 0.00, 0.04, 0.79, 0.78, 0.00, 0.00, 0.00, 0.00, 1.00, 0.00, 0.00, 0.00, 0.00, 0.00, 0.00, 0.00, 0.00, 0.00, 0.00, 0.00, 0.00, 0.00, 0.00
7396, 0, 278.833, 0.98, 1, 0.02, 0.00, 0.22, 0.00, 0.01, 0.00, 0.14, 1.36, 0.51, 0.64, 0.00, 0.34, 0.00, 0.05, 0.65, 0.65, 0.00, 0.00, 0.00, 0.00, 1.00, 0.00, 0.00, 0.00, 0.00, 0.00, 0.00, 0.00, 0.00, 0.00, 0.00, 0.00, 0.00, 0.00, 0.00
7397, 0, 278.871, 0.98, 1, 0.01, 0.00, 0.29, 0.00, 0.00, 0.00, 0.00, 1.19, 0.52, 0.45, 0.00, 0.49, 0.00, 0.09, 0.41, 0.29, 0.00, 0.00, 0.00, 0.00, 1.00, 0.00, 0.00, 0.00, 0.00, 0.00, 0.00, 0.00, 0.00, 0.00, 0.00, 0.00, 0.00, 0.00, 0.00
7398, 0, 278.909, 0.98, 1, 0.01, 0.00, 0.21, 0.00, 0.00, 0.00, 0.00, 1.16, 0.42, 0.40, 0.00, 0.55, 0.00, 0.25, 0.60, 0.45, 0.00, 0.00, 0.00, 0.00, 1.00, 0.00, 0.00, 0.00, 0.00, 0.00, 0.00, 0.00, 0.00, 0.00, 1.00, 0.00, 0.00, 0.00, 0.00
7399, 0, 278.946, 0.98, 1, 0.04, 0.00, 0.10, 0.04, 0.11, 0.11, 0.00, 1.18, 0.26, 0.44, 0.00, 0.52, 0.00, 0.44, 0.73, 0.66, 0.00, 0.00, 0.00, 0.00, 1.00, 0.00, 0.00, 0.00, 0.00, 0.00, 0.00, 0.00, 0.00, 0.00, 1.00, 0.00, 0.00, 0.00, 0.00
7400, 0, 278.984, 0.98, 1, 0.16, 0.10, 0.02, 0.11, 0.22, 0.24, 0.00, 1.55, 0.21, 0.62, 0.30, 0.62, 0.00, 0.55, 0.80, 1.17, 0.00, 0.00, 0.00, 0.00, 1.00, 0.00, 0.00, 0.00, 0.00, 0.00, 0.00, 1.00, 0.00, 0.00, 1.00, 0.00, 0.00, 0.00, 0.00
7401, 0, 279.022, 0.98, 1, 0.27, 0.13, 0.02, 0.11, 0.30, 0.39, 0.00, 1.68, 0.15, 0.72, 0.30, 0.71, 0.00, 0.45, 0.69, 1.40, 0.00, 0.00, 0.00, 0.00, 1.00, 0.00, 0.00, 0.00, 0.00, 0.00, 0.00, 1.00, 0.00, 0.00, 1.00, 0.00, 0.00, 0.00, 0.00
7402, 0, 279.059, 0.98, 1, 0.34, 0.13, 0.00, 0.07, 0.27, 0.44, 0.00, 1.95, 0.18, 0.58, 0.50, 1.05, 0.00, 0.28, 0.77, 1.33, 0.00, 0.00, 0.00, 0.00, 1.00, 0.00, 0.00, 0.00, 0.00, 0.00, 0.00, 1.00, 0.00, 0.00, 1.00, 0.00, 0.00, 0.00, 0.00
7403, 0, 279.097, 0.98, 1, 0.40, 0.09, 0.00, 0.01, 0.19, 0.31, 0.00, 1.81, 0.14, 0.48, 0.45, 0.78, 0.00, 0.12, 0.96, 1.13, 0.03, 0.00, 0.00, 0.00, 1.00, 0.00, 0.00, 0.00, 1.00, 0.00, 0.00, 1.00, 0.00, 0.00, 1.00, 0.00, 0.00, 0.00, 0.00
7404, 0, 279.135, 0.93, 1, 0.45, 0.08, 0.00, 0.01, 0.11, 0.16, 0.00, 2.02, 0.20, 0.30, 0.50, 0.56, 0.00, 0.03, 0.93, 0.73, 0.03, 0.00, 0.00, 0.00, 1.00, 0.00, 0.00, 0.00, 1.00, 0.00, 0.00, 1.00, 0.00, 0.00, 1.00, 0.00, 0.00, 0.00, 0.00
7405, 0, 279.172, 0.93, 1, 0.39, 0.08, 0.00, 0.01, 0.15, 0.00, 0.00, 2.11, 0.15, 0.44, 0.44, 0.17, 0.00, 0.06, 0.60, 0.88, 0.03, 0.00, 0.00, 0.00, 1.00, 0.00, 0.00, 0.00, 1.00, 0.00, 0.00, 1.00, 0.00, 0.00, 1.00, 0.00, 0.00, 0.00, 0.00
7406, 0, 279.210, 0.93, 1, 0.21, 0.02, 0.00, 0.00, 0.21, 0.00, 0.00, 2.39, 0.11, 0.63, 0.47, 0.19, 0.00, 0.08, 0.27, 1.00, 0.00, 0.00, 0.00, 0.00, 1.00, 0.00, 0.00, 0.00, 1.00, 0.00, 0.00, 1.00, 0.00, 0.00, 1.00, 0.00, 0.00, 0.00, 0.00
7407, 0, 279.248, 0.93, 1, 0.18, 0.00, 0.00, 0.00, 0.30, 0.09, 0.00, 2.41, 0.02, 0.85, 0.85, 0.35, 0.00, 0.21, 0.04, 1.15, 0.06, 0.00, 0.00, 0.00, 1.00, 0.00, 0.00, 0.00, 1.00, 0.00, 0.00, 1.00, 0.00, 0.00, 1.00, 0.00, 0.00, 0.00, 0.00
7408, 0, 279.286, 0.98, 1, 0.27, 0.00, 0.00, 0.00, 0.19, 0.09, 0.00, 2.39, 0.00, 0.68, 1.10, 0.60, 0.00, 0.24, 0.06, 0.93, 0.06, 0.00, 0.00, 0.00, 1.00, 0.00, 0.00, 0.00, 1.00, 0.00, 0.00, 1.00, 0.00, 1.00, 1.00, 0.00, 0.00, 0.00, 0.00
7409, 0, 279.323, 0.98, 1, 0.40, 0.00, 0.00, 0.00, 0.10, 0.09, 0.00, 2.21, 0.00, 0.39, 1.34, 0.76, 0.02, 0.34, 0.14, 0.59, 0.09, 0.00, 0.00, 0.00, 1.00, 0.00, 0.00, 0.00, 1.00, 0.00, 0.00, 1.00, 0.00, 1.00, 1.00, 0.00, 0.00, 0.00, 0.00
7410, 0, 279.361, 0.98, 1, 0.27, 0.00, 0.14, 0.03, 0.02, 0.00, 0.00, 1.95, 0.00, 0.11, 1.00, 0.75, 0.15, 0.25, 0.14, 0.34, 0.03, 0.00, 0.00, 0.00, 1.00, 0.00, 0.00, 0.00, 0.00, 0.00, 0.00, 1.00, 0.00, 1.00, 1.00, 0.00, 0.00, 0.00, 0.00
7411, 0, 279.399, 0.98, 1, 0.13, 0.00, 0.18, 0.03, 0.03, 0.00, 0.07, 1.86, 0.00, 0.12, 0.81, 0.82, 0.29, 0.28, 0.12, 0.23, 0.06, 0.00, 0.00, 0.00, 1.00, 0.00, 0.00, 0.00, 0.00, 0.00, 0.00, 1.00, 0.00, 1.00, 1.00, 0.00, 0.00, 0.00, 0.00
7412, 0, 279.436, 0.98, 1, 0.05, 0.00, 0.21, 0.03, 0.05, 0.00, 0.09, 1.81, 0.00, 0.24, 0.64, 0.93, 0.35, 0.30, 0.00, 0.21, 0.04, 0.00, 0.00, 0.00, 1.00, 0.00, 0.00, 0.00, 1.00, 0.00, 0.00, 1.00, 0.00, 0.00, 1.00, 0.00, 0.00, 0.00, 0.00
7413, 0, 279.474, 0.98, 1, 0.09, 0.00, 0.09, 0.00, 0.13, 0.03, 0.22, 2.07, 0.00, 0.25, 0.73, 1.00, 0.22, 0.26, 0.12, 0.33, 0.12, 0.00, 0.00, 0.00, 1.00, 0.00, 0.00, 0.00, 0.00, 0.00, 0.00, 1.00, 0.00, 0.00, 1.00, 0.00, 0.00, 0.00, 0.00
7414, 0, 279.512, 0.93, 1, 0.16, 0.00, 0.05, 0.00, 0.19, 0.03, 0.23, 2.02, 0.00, 0.27, 0.94, 0.81, 0.23, 0.14, 0.29, 0.33, 0.14, 0.00, 0.00, 0.00, 1.00, 0.00, 0.00, 0.00, 1.00, 0.00, 0.00, 1.00, 0.00, 0.00, 1.00, 0.00, 0.00, 0.00, 0.00
7415, 0, 279.550, 0.98, 1, 0.11, 0.00, 0.13, 0.00, 0.20, 0.03, 0.21, 1.98, 0.00, 0.15, 0.77, 0.47, 0.40, 0.01, 0.54, 0.60, 0.12, 0.00, 0.00, 0.00, 1.00, 0.00, 0.00, 0.00, 1.00, 0.00, 0.00, 1.00, 0.00, 0.00, 1.00, 1.00, 0.00, 0.00, 0.00
7416, 0, 279.587, 0.98, 1, 0.07, 0.00, 0.22, 0.00, 0.14, 0.00, 0.24, 1.73, 0.00, 0.43, 0.59, 0.18, 0.47, 0.01, 0.51, 0.71, 0.05, 0.00, 0.00, 0.00, 1.00, 0.00, 0.00, 0.00, 1.00, 0.00, 0.00, 1.00, 0.00, 0.00, 1.00, 1.00, 0.00, 0.00, 0.00
7417, 0, 279.625, 0.98, 1, 0.00, 0.00, 0.34, 0.00, 0.08, 0.00, 0.33, 1.57, 0.00, 0.60, 0.18, 0.00, 0.39, 0.00, 0.48, 0.85, 0.00, 0.00, 0.00, 0.00, 1.00, 0.00, 0.00, 0.00, 1.00, 0.00, 0.00, 1.00, 0.00, 0.00, 1.00, 1.00, 0.00, 0.00, 0.00
7418, 0, 279.663, 0.98, 1, 0.03, 0.00, 0.35, 0.00, 0.12, 0.06, 0.48, 1.51, 0.00, 0.96, 0.00, 0.00, 0.17, 0.00, 0.28, 0.75, 0.00, 0.00, 0.00, 0.00, 1.00, 0.00, 0.00, 0.00, 1.00, 0.00, 0.00, 1.00, 0.00, 0.00, 1.00, 1.00, 0.00, 0.00, 0.00
7419, 0, 279.700, 0.98, 1, 0.03, 0.00, 0.23, 0.00, 0.13, 0.13, 0.40, 1.53, 0.00, 0.76, 0.12, 0.00, 0.15, 0.00, 0.26, 0.65, 0.00, 0.00, 0.00, 0.00, 1.00, 0.00, 0.00, 0.00, 1.00, 0.00, 0.00, 1.00, 0.00, 0.00, 1.00, 0.00, 0.00, 0.00, 0.00
7420, 0, 279.738, 0.98, 1, 0.10, 0.00, 0.11, 0.00, 0.16, 0.37, 0.37, 1.72, 0.00, 0.62, 0.13, 0.00, 0.08, 0.05, 0.14, 0.49, 0.00, 0.00, 0.00, 0.00, 1.00, 0.00, 0.00, 0.00, 1.00, 0.00, 0.00, 1.00, 0.00, 0.00, 1.00, 0.00, 0.00, 0.00, 0.00
7421, 0, 279.776, 0.98, 1, 0.15, 0.00, 0.01, 0.00, 0.18, 0.56, 0.30, 1.90, 0.00, 0.50, 0.13, 0.00, 0.05, 0.05, 0.17, 0.39, 0.00, 0.00, 0.00, 0.00, 1.00, 0.00, 0.00, 0.00, 1.00, 0.00, 0.00, 1.00, 0.00, 0.00, 1.00, 0.00, 0.00, 0.00, 0.00
7422, 0, 279.813, 0.98, 1, 0.29, 0.00, 0.06, 0.00, 0.22, 0.83, 0.33, 2.00, 0.00, 0.68, 0.00, 0.00, 0.00, 0.05, 0.11, 0.30, 0.00, 0.00, 0.00, 0.00, 1.00, 0.00, 0.00, 0.00, 1.00, 0.00, 0.00, 1.00, 0.00, 0.00, 1.00, 0.00, 0.00, 0.00, 0.00
7423, 0, 279.851, 0.98, 1, 0.37, 0.00, 0.06, 0.00, 0.23, 0.85, 0.32, 1.89, 0.00, 0.79, 0.00, 0.00, 0.00, 0.00, 0.14, 0.41, 0.00, 0.00, 0.00, 0.00, 1.00, 0.00, 0.00, 0.00, 1.00, 0.00, 0.00, 1.00, 0.00, 0.00, 1.00, 0.00, 0.00, 0.00, 0.00
7424, 0, 279.889, 0.98, 1, 0.30, 0.00, 0.08, 0.00, 0.25, 0.67, 0.37, 1.73, 0.00, 0.71, 0.00, 0.00, 0.00, 0.00, 0.27, 0.60, 0.00, 0.00, 0.00, 0.00, 1.00, 0.00, 0.00, 0.00, 1.00, 0.00, 0.00, 1.00, 0.00, 0.00, 1.00, 0.00, 0.00, 0.00, 0.00
7425, 0, 279.927, 0.98, 1, 0.28, 0.00, 0.02, 0.08, 0.23, 0.57, 0.26, 1.86, 0.00, 0.45, 0.18, 0.15, 0.00, 0.00, 0.34, 0.69, 0.00, 0.00, 0.00, 0.00, 1.00, 0.00, 0.00, 0.00, 1.00, 0.00, 0.00, 1.00, 0.00, 0.00, 1.00, 0.00, 0.00, 0.00, 0.00
7426, 0, 279.964, 0.98, 1, 0.29, 0.00, 0.02, 0.19, 0.15, 0.31, 0.28, 2.02, 0.00, 0.16, 0.31, 0.22, 0.01, 0.00, 0.33, 0.59, 0.03, 0.00, 0.00, 0.00, 1.00, 0.00, 0.00, 0.00, 1.00, 0.00, 0.00, 0.00, 0.00, 0.00, 1.00, 0.00, 0.00, 0.00, 0.00
7427, 0, 280.002, 0.93, 1, 0.46, 0.00, 0.00, 0.35, 0.06, 0.24, 0.30, 2.15, 0.00, 0.00, 0.41, 0.22, 0.01, 0.00, 0.13, 0.34, 0.15, 0.00, 0.00, 0.00, 1.00, 0.00, 0.00, 0.00, 1.00, 0.00, 0.00, 0.00, 0.00, 0.00, 0.00, 0.00, 0.00, 0.00, 0.00
7428, 0, 280.040, 0.93, 1, 0.58, 0.00, 0.00, 0.27, 0.10, 0.02, 0.47, 2.12, 0.00, 0.00, 0.23, 0.08, 0.01, 0.00, 0.09, 0.18, 0.40, 0.00, 0.00, 0.00, 1.00, 0.00, 0.00, 0.00, 1.00, 0.00, 0.00, 0.00, 0.00, 0.00, 0.00, 0.00, 0.00, 0.00, 0.00
7429, 0, 280.077, 0.93, 1, 0.67, 0.00, 0.00, 0.18, 0.16, 0.02, 0.49, 2.14, 0.00, 0.00, 0.11, 0.00, 0.00, 0.00, 0.11, 0.07, 0.56, 0.00, 0.00, 0.00, 1.00, 0.00, 0.00, 0.00, 1.00, 0.00, 0.00, 0.00, 0.00, 0.00, 0.00, 0.00, 0.00, 0.00, 0.00
7430, 0, 280.115, 0.93, 1, 0.50, 0.00, 0.00, 0.02, 0.14, 0.02, 0.35, 2.17, 0.00, 0.00, 0.70, 0.07, 0.00, 0.00, 0.19, 0.00, 0.44, 0.00, 0.00, 0.00, 1.00, 0.00, 0.00, 0.00, 1.00, 0.00, 0.00, 0.00, 0.00, 0.00, 0.00, 0.00, 0.00, 0.00, 0.00
7431, 0, 280.153, 0.93, 1, 0.31, 0.01, 0.00, 0.02, 0.06, 0.11, 0.17, 2.06, 0.00, 0.00, 1.26, 0.15, 0.00, 0.00, 0.26, 0.00, 0.19, 0.00, 0.00, 0.00, 1.00, 0.00, 0.00, 0.00, 0.00, 0.00, 0.00, 0.00, 0.00, 0.00, 0.00, 0.00, 0.00, 0.00, 0.00
7432, 0, 280.191, 0.98, 1, 0.06, 0.11, 0.05, 0.00, 0.00, 0.11, 0.00, 1.81, 0.00, 0.00, 2.26, 0.21, 0.00, 0.00, 0.53, 0.00, 0.00, 0.00, 0.00, 0.00, 1.00, 0.00, 0.00, 0.00, 0.00, 0.00, 0.00, 0.00, 0.00, 0.00, 0.00, 0.00, 0.00, 0.00, 0.00
7433, 0, 280.228, 0.98, 1, 0.06, 0.11, 0.05, 0.00, 0.01, 0.15, 0.00, 1.70, 0.02, 0.00, 2.20, 0.31, 0.00, 0.00, 0.75, 0.00, 0.00, 0.00, 0.00, 0.00, 1.00, 0.00, 0.00, 0.00, 0.00, 0.00, 0.00, 1.00, 0.00, 0.00, 0.00, 0.00, 0.00, 0.00, 0.00
7434, 0, 280.266, 0.98, 1, 0.00, 0.10, 0.05, 0.00, 0.06, 0.27, 0.00, 1.65, 0.05, 0.00, 2.18, 0.45, 0.03, 0.00, 0.82, 0.24, 0.00, 0.00, 0.00, 0.00, 1.00, 0.00, 0.00, 0.00, 0.00, 0.00, 0.00, 1.00, 0.00, 0.00, 0.00, 0.00, 0.00, 0.00, 0.00
7435, 0, 280.304, 0.98, 1, 0.00, 0.00, 0.00, 0.00, 0.12, 0.46, 0.04, 1.76, 0.05, 0.00, 1.18, 0.39, 0.03, 0.06, 0.48, 0.24, 0.00, 0.00, 0.00, 0.00, 1.00, 0.00, 0.00, 0.00, 0.00, 0.00, 0.00, 1.00, 0.00, 0.00, 1.00, 0.00, 0.00, 0.00, 0.00
7436, 0, 280.341, 0.98, 1, 0.00, 0.00, 0.08, 0.00, 0.21, 0.63, 0.08, 1.81, 0.03, 0.00, 0.57, 0.23, 0.03, 0.10, 0.19, 0.26, 0.00, 0.00, 0.00, 0.00, 1.00, 0.00, 0.00, 0.00, 0.00, 0.00, 0.00, 1.00, 0.00, 0.00, 1.00, 0.00, 0.00, 0.00, 0.00
7437, 0, 280.379, 0.98, 1, 0.00, 0.00, 0.20, 0.00, 0.28, 0.59, 0.08, 2.02, 0.02, 0.00, 0.26, 0.03, 0.00, 0.10, 0.01, 0.09, 0.00, 0.00, 0.00, 0.00, 1.00, 0.00, 0.00, 0.00, 0.00, 0.00, 0.00, 1.00, 0.00, 0.00, 1.00, 0.00, 0.00, 0.00, 0.00
7438, 0, 280.417, 0.98, 1, 0.00, 0.00, 0.28, 0.00, 0.26, 0.62, 0.04, 2.04, 0.05, 0.15, 0.26, 0.15, 0.00, 0.07, 0.01, 0.26, 0.00, 0.00, 0.00, 0.00, 1.00, 0.00, 0.00, 0.00, 0.00, 0.00, 0.00, 1.00, 0.00, 0.00, 1.00, 0.00, 0.00, 0.00, 0.00
7439, 0, 280.454, 0.98, 1, 0.00, 0.00, 0.28, 0.00, 0.21, 0.57, 0.04, 2.02, 0.08, 0.35, 0.24, 0.24, 0.00, 0.07, 0.01, 0.24, 0.00, 0.00, 0.00, 0.00, 1.00, 0.00, 0.00, 0.00, 0.00, 0.00, 0.00, 1.00, 0.00, 0.00, 1.00, 0.00, 0.00, 0.00, 0.00
7440, 0, 280.492, 0.98, 1, 0.00, 0.00, 0.16, 0.00, 0.08, 0.39, 0.09, 1.64, 0.08, 0.36, 0.00, 0.25, 0.08, 0.07, 0.21, 0.56, 0.00, 0.00, 0.00, 0.00, 1.00, 0.00, 0.00, 0.00, 0.00, 0.00, 0.00, 1.00, 0.00, 0.00, 1.00, 0.00, 0.00, 0.00, 0.00
7441, 0, 280.530, 0.98, 1, 0.00, 0.00, 0.08, 0.00, 0.05, 0.16, 0.13, 1.37, 0.08, 0.22, 0.00, 0.23, 0.11, 0.04, 0.47, 0.83, 0.00, 0.00, 0.00, 0.00, 1.00, 0.00, 0.00, 0.00, 0.00, 0.00, 0.00, 0.00, 0.00, 0.00, 1.00, 0.00, 0.00, 0.00, 0.00
7442, 0, 280.568, 0.98, 1, 0.01, 0.00, 0.00, 0.00, 0.03, 0.02, 0.17, 1.26, 0.04, 0.01, 0.00, 0.29, 0.24, 0.00, 0.73, 1.14, 0.00, 0.00, 0.00, 0.00, 1.00, 0.00, 0.00, 0.00, 0.00, 0.00, 0.00, 0.00, 0.00, 0.00, 1.00, 0.00, 0.00, 0.00, 0.00
7443, 0, 280.605, 0.98, 1, 0.03, 0.00, 0.00, 0.23, 0.03, 0.16, 0.13, 1.37, 0.02, 0.00, 0.07, 0.25, 0.36, 0.00, 0.70, 0.90, 0.00, 0.00, 0.00, 0.00, 1.00, 0.00, 0.00, 0.00, 0.00, 0.00, 0.00, 0.00, 0.00, 0.00, 1.00, 0.00, 0.00, 0.00, 0.00
7444, 0, 280.643, 0.98, 1, 0.03, 0.05, 0.00, 0.33, 0.03, 0.49, 0.09, 1.43, 0.02, 0.40, 0.07, 0.19, 0.34, 0.00, 0.62, 0.82, 0.00, 0.00, 0.00, 0.00, 1.00, 0.00, 0.00, 0.00, 0.00, 0.00, 0.00, 0.00, 0.00, 0.00, 1.00, 0.00, 0.00, 0.00, 0.00
7445, 0, 280.681, 0.98, 1, 0.07, 0.05, 0.00, 0.33, 0.10, 0.59, 0.01, 1.78, 0.09, 0.66, 0.07, 0.03, 0.22, 0.00, 0.62, 0.86, 0.00, 0.00, 0.00, 0.00, 1.00, 0.00, 0.00, 0.00, 0.00, 0.00, 0.00, 0.00, 0.00, 0.00, 1.00, 0.00, 0.00, 0.00, 0.00
7446, 0, 280.718, 0.98, 1, 0.09, 0.05, 0.00, 0.09, 0.20, 0.58, 0.01, 2.09, 0.18, 1.02, 0.00, 0.03, 0.01, 0.00, 0.73, 1.12, 0.00, 0.00, 0.00, 0.00, 1.00, 0.00, 0.00, 0.00, 1.00, 0.00, 0.00, 0.00, 0.00, 0.00, 1.00, 0.00, 0.00, 0.00, 0.00
7447, 0, 280.756, 0.98, 1, 0.09, 0.00, 0.00, 0.00, 0.28, 0.25, 0.04, 2.50, 0.24, 0.93, 0.00, 0.15, 0.01, 0.00, 0.79, 1.19, 0.00, 0.00, 0.00, 0.00, 1.00, 0.00, 0.00, 0.00, 1.00, 0.00, 0.00, 0.00, 0.00, 0.00, 1.00, 0.00, 0.00, 0.00, 0.00
7448, 0, 280.794, 0.98, 1, 0.04, 0.00, 0.00, 0.00, 0.21, 0.13, 0.23, 2.40, 0.21, 1.08, 0.00, 0.19, 0.00, 0.00, 0.66, 1.57, 0.00, 0.00, 0.00, 0.00, 1.00, 0.00, 0.00, 0.00, 1.00, 0.00, 0.00, 0.00, 0.00, 0.00, 1.00, 1.00, 0.00, 0.00, 0.00
7449, 0, 280.832, 0.98, 1, 0.13, 0.00, 0.00, 0.00, 0.11, 0.00, 0.37, 2.31, 0.18, 1.16, 0.00, 0.24, 0.00, 0.00, 0.39, 1.68, 0.00, 0.00, 0.00, 0.00, 1.00, 0.00, 0.00, 0.00, 1.00, 0.00, 0.00, 0.00, 0.00, 0.00, 1.00, 1.00, 0.00, 0.00, 0.00
7450, 0, 280.869, 0.98, 1, 0.15, 0.00, 0.00, 0.00, 0.03, 0.00, 0.32, 2.01, 0.20, 0.94, 0.00, 0.09, 0.18, 0.00, 0.67, 1.34, 0.00, 0.00, 0.00, 0.00, 1.00, 0.00, 0.00, 0.00, 1.00, 0.00, 0.00, 0.00, 0.00, 0.00, 1.00, 1.00, 0.00, 0.00, 0.00
7451, 0, 280.907, 0.88, 1, 0.15, 0.00, 0.00, 0.00, 0.00, 0.00, 0.28, 1.67, 0.18, 0.67, 0.00, 0.05, 0.64, 0.00, 0.92, 0.86, 0.12, 0.00, 0.00, 0.00, 1.00, 0.00, 0.00, 0.00, 1.00, 0.00, 0.00, 0.00, 0.00, 1.00, 0.00, 1.00, 0.00, 0.00, 0.00
7452, 0, 280.945, 0.93, 1, 0.02, 0.00, 0.00, 0.00, 0.00, 0.00, 0.31, 1.36, 0.16, 0.37, 0.00, 0.04, 1.09, 0.00, 1.29, 0.63, 0.25, 0.00, 0.00, 0.00, 1.00, 0.00, 0.00, 0.00, 1.00, 0.00, 0.00, 0.00, 0.00, 1.00, 0.00, 0.00, 0.00, 0.00, 0.00
7453, 0, 280.982, 0.93, 1, 0.00, 0.00, 0.00, 0.00, 0.00, 0.00, 0.36, 1.31, 0.12, 0.54, 0.05, 0.04, 1.08, 0.00, 0.92, 0.56, 0.55, 0.00, 0.00, 0.00, 1.00, 0.00, 0.00, 0.00, 1.00, 0.00, 0.00, 0.00, 0.00, 1.00, 0.00, 1.00, 0.00, 0.00, 0.00
7454, 0, 281.020, 0.93, 1, 0.00, 0.00, 0.00, 0.00, 0.00, 0.00, 0.27, 1.28, 0.11, 0.44, 0.05, 0.03, 0.67, 0.00, 0.61, 0.33, 0.60, 0.00, 0.00, 0.00, 1.00, 0.00, 0.00, 0.00, 0.00, 1.00, 0.00, 0.00, 0.00, 1.00, 0.00, 1.00, 0.00, 0.00, 0.00
7455, 0, 281.058, 0.98, 1, 0.20, 0.00, 0.00, 0.00, 0.00, 0.00, 0.10, 1.47, 0.22, 0.33, 0.60, 0.18, 0.39, 0.00, 1.06, 0.22, 0.46, 0.00, 0.00, 0.00, 1.00, 0.00, 0.00, 0.00, 0.00, 0.00, 0.00, 0.00, 0.00, 1.00, 0.00, 1.00, 0.00, 0.00, 0.00
7456, 0, 281.095, 0.93, 1, 0.40, 0.00, 0.00, 0.00, 0.00, 0.00, 0.06, 1.45, 0.27, 0.18, 0.55, 0.28, 0.44, 0.00, 1.31, 0.45, 0.16, 0.00, 0.00, 0.00, 1.00, 0.00, 0.00, 0.00, 0.00, 0.00, 0.00, 0.00, 0.00, 0.00, 0.00, 0.00, 0.00, 0.00, 0.00
7457, 0, 281.133, 0.93, 1, 0.46, 0.00, 0.00, 0.00, 0.00, 0.00, 0.00, 1.33, 0.34, 0.15, 0.55, 0.28, 0.53, 0.00, 1.38, 0.44, 0.00, 0.00, 0.00, 0.00, 1.00, 0.00, 0.00, 0.00, 0.00, 0.00, 0.00, 0.00, 0.00, 0.00, 0.00, 0.00, 0.00, 0.00, 0.00
7458, 0, 281.171, 0.98, 1, 0.32, 0.00, 0.00, 0.00, 0.00, 0.00, 0.00, 1.10, 0.30, 0.13, 0.00, 0.10, 0.37, 0.00, 0.67, 0.34, 0.00, 0.00, 0.00, 0.00, 1.00, 0.00, 0.00, 0.00, 0.00, 0.00, 0.00, 0.00, 0.00, 0.00, 0.00, 0.00, 0.00, 0.00, 0.00
7459, 0, 281.209, 0.98, 1, 0.23, 0.00, 0.00, 0.00, 0.00, 0.00, 0.00, 0.95, 0.26, 0.02, 0.00, 0.02, 0.15, 0.00, 0.31, 0.15, 0.00, 0.00, 0.00, 0.00, 1.00, 0.00, 0.00, 0.00, 0.00, 0.00, 0.00, 0.00, 0.00, 0.00, 0.00, 0.00, 0.00, 0.00, 0.00
7460, 0, 281.246, 0.98, 1, 0.31, 0.00, 0.00, 0.00, 0.00, 0.00, 0.00, 0.94, 0.22, 0.08, 0.00, 0.16, 0.57, 0.00, 0.18, 0.42, 0.14, 0.00, 0.00, 0.00, 1.00, 0.00, 0.00, 0.00, 0.00, 0.00, 0.00, 0.00, 0.00, 1.00, 0.00, 0.00, 0.00, 0.00, 0.00
7461, 0, 281.284, 0.88, 1, 0.32, 0.00, 0.00, 0.00, 0.00, 0.00, 0.00, 0.65, 0.26, 0.26, 0.00, 0.16, 0.84, 0.00, 0.15, 0.72, 0.32, 0.00, 0.00, 0.00, 1.00, 0.00, 0.00, 0.00, 0.00, 0.00, 0.00, 0.00, 0.00, 0.00, 0.00, 0.00, 0.00, 0.00, 0.00
7462, 0, 281.322, 0.88, 1, 0.27, 0.00, 0.00, 0.00, 0.00, 0.00, 0.00, 0.57, 0.41, 0.58, 0.00, 0.32, 1.06, 0.09, 0.18, 1.00, 0.33, 0.00, 0.00, 0.00, 1.00, 0.00, 0.00, 0.00, 0.00, 0.00, 0.00, 0.00, 0.00, 0.00, 0.00, 0.00, 0.00, 0.00, 0.00
7463, 0, 281.359, 0.93, 1, 0.13, 0.00, 0.00, 0.00, 0.00, 0.00, 0.00, 0.34, 0.55, 0.77, 0.00, 0.20, 0.51, 0.11, 0.44, 1.00, 0.19, 0.00, 0.00, 0.00, 1.00, 0.00, 0.00, 0.00, 0.00, 1.00, 0.00, 0.00, 0.00, 0.00, 0.00, 1.00, 0.00, 0.00, 0.00
7464, 0, 281.397, 0.93, 1, 0.07, 0.00, 0.00, 0.00, 0.00, 0.00, 0.00, 0.32, 0.62, 0.81, 0.00, 0.25, 0.23, 0.16, 0.72, 0.92, 0.01, 0.00, 0.00, 0.00, 1.00, 0.00, 0.00, 0.00, 0.00, 1.00, 0.00, 0.00, 0.00, 0.00, 0.00, 1.00, 0.00, 0.00, 0.00
7465, 0, 281.435, 0.93, 1, 0.00, 0.00, 0.00, 0.00, 0.00, 0.00, 0.00, 0.19, 0.66, 0.90, 0.00, 0.07, 0.00, 0.10, 1.08, 0.88, 0.04, 0.00, 0.00, 0.00, 1.00, 0.00, 0.00, 0.00, 0.00, 1.00, 1.00, 0.00, 0.00, 0.00, 0.00, 1.00, 0.00, 0.00, 0.00
7466, 0, 281.473, 0.93, 1, 0.00, 0.00, 0.00, 0.00, 0.00, 0.00, 0.00, 0.22, 0.79, 1.02, 0.00, 0.05, 0.00, 0.12, 1.33, 1.06, 0.14, 0.00, 0.00, 0.00, 1.00, 0.00, 0.00, 0.00, 0.00, 1.00, 1.00, 0.00, 0.00, 0.00, 0.00, 1.00, 0.00, 0.00, 0.00
7467, 0, 281.510, 0.88, 1, 0.00, 0.00, 0.00, 0.00, 0.00, 0.00, 0.00, 0.22, 0.93, 1.10, 0.00, 0.00, 0.00, 0.12, 1.52, 1.31, 0.25, 0.00, 0.00, 0.00, 1.00, 0.00, 0.00, 0.00, 0.00, 1.00, 1.00, 0.00, 0.00, 0.00, 0.00, 1.00, 0.00, 0.00, 1.00
7468, 0, 281.548, 0.93, 1, 0.00, 0.00, 0.00, 0.00, 0.00, 0.00, 0.00, 0.10, 1.09, 1.04, 0.04, 0.00, 0.00, 0.17, 1.79, 1.62, 0.37, 0.00, 0.00, 0.00, 1.00, 0.00, 0.00, 0.00, 0.00, 1.00, 1.00, 0.00, 0.00, 0.00, 0.00, 1.00, 0.00, 0.00, 1.00
7469, 0, 281.586, 0.93, 1, 0.00, 0.00, 0.00, 0.00, 0.00, 0.00, 0.00, 0.04, 1.29, 1.04, 0.04, 0.00, 0.00, 0.14, 1.83, 1.61, 0.41, 0.00, 0.00, 0.00, 1.00, 0.00, 0.00, 0.00, 0.00, 1.00, 1.00, 0.00, 0.00, 0.00, 0.00, 1.00, 0.00, 0.00, 1.00
7470, 0, 281.623, 0.93, 1, 0.07, 0.00, 0.00, 0.00, 0.04, 0.00, 0.00, 0.32, 1.35, 0.74, 0.04, 0.00, 0.15, 0.09, 1.86, 1.62, 0.35, 0.00, 0.00, 0.00, 1.00, 0.00, 0.00, 0.00, 0.00, 1.00, 1.00, 0.00, 0.00, 0.00, 0.00, 1.00, 1.00, 0.00, 1.00
7471, 0, 281.661, 0.88, 1, 0.14, 0.00, 0.00, 0.00, 0.10, 0.00, 0.00, 0.61, 1.34, 0.45, 0.00, 0.00, 0.36, 0.01, 1.69, 1.56, 0.25, 0.00, 0.00, 0.00, 1.00, 0.00, 0.00, 0.00, 1.00, 1.00, 0.00, 0.00, 0.00, 0.00, 0.00, 1.00, 1.00, 0.00, 1.00
7472, 0, 281.699, 0.88, 1, 0.15, 0.00, 0.00, 0.00, 0.14, 0.00, 0.00, 0.84, 1.27, 0.07, 0.00, 0.00, 0.65, 0.00, 1.70, 1.60, 0.13, 0.00, 0.00, 0.00, 1.00, 0.00, 0.00, 0.00, 1.00, 1.00, 0.00, 0.00, 0.00, 0.00, 0.00, 1.00, 1.00, 0.00, 1.00
7473, 0, 281.736, 0.93, 1, 0.07, 0.00, 0.00, 0.00, 0.10, 0.00, 0.00, 0.78, 1.16, 0.32, 0.00, 0.12, 0.50, 0.06, 1.12, 1.25, 0.08, 0.00, 0.00, 0.00, 1.00, 0.00, 0.00, 0.00, 1.00, 1.00, 0.00, 0.00, 0.00, 0.00, 0.00, 1.00, 0.00, 0.00, 1.00
7474, 0, 281.774, 0.98, 1, 0.01, 0.00, 0.00, 0.00, 0.04, 0.00, 0.00, 0.76, 1.03, 0.47, 0.00, 0.17, 0.29, 0.10, 0.67, 0.93, 0.03, 0.00, 0.00, 0.00, 1.00, 0.00, 0.00, 0.00, 1.00, 1.00, 0.00, 1.00, 0.00, 0.00, 0.00, 0.00, 0.00, 0.00, 1.00
7475, 0, 281.812, 0.98, 1, 0.01, 0.00, 0.00, 0.00, 0.06, 0.20, 0.00, 0.76, 0.82, 0.46, 0.00, 0.35, 0.00, 0.18, 0.07, 0.60, 0.00, 0.00, 0.00, 0.00, 1.00, 0.00, 0.00, 0.00, 0.00, 1.00, 0.00, 1.00, 0.00, 0.00, 0.00, 0.00, 0.00, 0.00, 1.00
7476, 0, 281.850, 0.93, 1, 0.01, 0.00, 0.00, 0.00, 0.06, 0.20, 0.00, 0.75, 0.71, 0.26, 0.00, 0.31, 0.00, 0.19, 0.14, 0.68, 0.00, 0.00, 0.00, 0.00, 1.00, 0.00, 0.00, 0.00, 0.00, 1.00, 0.00, 1.00, 0.00, 0.00, 1.00, 0.00, 0.00, 0.00, 1.00
7477, 0, 281.887, 0.93, 1, 0.04, 0.07, 0.00, 0.00, 0.06, 0.20, 0.00, 0.77, 0.58, 0.15, 0.00, 0.26, 0.00, 0.21, 0.14, 0.83, 0.02, 0.00, 0.00, 0.00, 1.00, 0.00, 0.00, 0.00, 0.00, 1.00, 0.00, 1.00, 0.00, 0.00, 1.00, 0.00, 0.00, 0.00, 1.00
7478, 0, 281.925, 0.93, 1, 0.15, 0.09, 0.00, 0.00, 0.00, 0.00, 0.00, 0.94, 0.53, 0.39, 0.00, 0.09, 0.00, 0.12, 0.14, 1.13, 0.02, 0.00, 0.00, 0.00, 1.00, 0.00, 0.00, 0.00, 0.00, 1.00, 0.00, 1.00, 0.00, 0.00, 1.00, 0.00, 0.00, 0.00, 1.00
7479, 0, 281.963, 0.98, 1, 0.53, 0.27, 0.00, 0.00, 0.00, 0.00, 0.00, 1.24, 0.43, 0.52, 0.00, 0.00, 0.00, 0.06, 0.19, 1.35, 0.02, 0.00, 0.00, 0.00, 1.00, 0.00, 0.00, 0.00, 0.00, 0.00, 0.00, 1.00, 0.00, 0.00, 1.00, 0.00, 0.00, 0.00, 1.00
7480, 0, 282.000, 0.98, 1, 1.05, 0.32, 0.00, 0.00, 0.00, 0.00, 0.01, 1.55, 0.32, 0.65, 0.00, 0.03, 0.00, 0.00, 0.13, 1.21, 0.02, 0.00, 0.00, 0.00, 1.00, 0.00, 0.00, 0.00, 0.00, 0.00, 0.00, 1.00, 0.00, 0.00, 1.00, 0.00, 0.00, 0.00, 1.00
7481, 0, 282.038, 0.93, 1, 1.29, 0.54, 0.00, 0.00, 0.00, 0.00, 0.01, 1.68, 0.20, 0.88, 0.00, 0.08, 0.00, 0.00, 0.17, 1.09, 0.04, 1.00, 0.00, 0.00, 1.00, 0.00, 0.00, 0.00, 0.00, 0.00, 0.00, 1.00, 0.00, 0.00, 1.00, 0.00, 0.00, 0.00, 0.00
7482, 0, 282.076, 0.88, 1, 1.20, 0.36, 0.00, 0.04, 0.00, 0.00, 0.01, 1.57, 0.23, 1.11, 0.09, 0.10, 0.00, 0.00, 0.05, 0.70, 0.04, 1.00, 0.00, 0.00, 1.00, 0.00, 0.00, 0.00, 0.00, 0.00, 0.00, 1.00, 0.00, 0.00, 1.00, 1.00, 0.00, 0.00, 0.00
7483, 0, 282.114, 0.98, 1, 0.87, 0.23, 0.00, 0.05, 0.00, 0.00, 0.00, 1.45, 0.31, 1.15, 0.09, 0.22, 0.00, 0.02, 0.09, 0.64, 0.19, 1.00, 1.00, 0.00, 1.00, 0.00, 0.00, 0.00, 0.00, 0.00, 0.00, 1.00, 0.00, 0.00, 1.00, 1.00, 0.00, 0.00, 0.00
7484, 0, 282.151, 0.98, 1, 0.62, 0.01, 0.00, 0.05, 0.03, 0.00, 0.00, 1.39, 0.40, 0.79, 0.09, 0.25, 0.00, 0.02, 0.12, 0.57, 0.20, 1.00, 1.00, 0.00, 1.00, 0.00, 0.00, 0.00, 0.00, 0.00, 0.00, 1.00, 0.00, 0.00, 1.00, 1.00, 0.00, 0.00, 0.00
7485, 0, 282.189, 0.98, 1, 0.47, 0.14, 0.00, 0.01, 0.16, 0.00, 0.07, 1.25, 0.35, 0.41, 0.17, 0.32, 0.00, 0.02, 0.31, 0.55, 0.20, 1.00, 1.00, 0.00, 1.00, 0.00, 0.00, 0.00, 0.00, 0.00, 0.00, 1.00, 0.00, 0.00, 1.00, 1.00, 0.00, 0.00, 0.00
7486, 0, 282.227, 0.98, 1, 0.42, 0.30, 0.06, 0.00, 0.28, 0.00, 0.15, 1.12, 0.26, 0.12, 0.24, 0.24, 0.00, 0.00, 0.45, 0.40, 0.04, 1.00, 1.00, 0.00, 1.00, 0.00, 0.00, 0.00, 0.00, 0.00, 0.00, 1.00, 0.00, 0.00, 1.00, 0.00, 0.00, 0.00, 0.00
7487, 0, 282.264, 0.98, 1, 0.46, 0.36, 0.06, 0.00, 0.25, 0.04, 0.15, 0.96, 0.33, 0.00, 0.35, 0.47, 0.00, 0.00, 0.85, 0.11, 0.01, 0.00, 0.00, 0.00, 1.00, 0.00, 0.00, 0.00, 0.00, 0.00, 0.00, 0.00, 0.00, 0.00, 1.00, 0.00, 0.00, 0.00, 0.00
7488, 0, 282.302, 0.98, 1, 0.42, 0.24, 0.06, 0.00, 0.12, 0.07, 0.08, 1.10, 0.32, 0.07, 0.51, 0.66, 0.00, 0.02, 0.65, 0.08, 0.06, 0.00, 0.00, 0.00, 1.00, 0.00, 0.00, 0.00, 0.00, 0.00, 0.00, 0.00, 0.00, 0.00, 1.00, 0.00, 0.00, 0.00, 0.00
7489, 0, 282.340, 0.98, 1, 0.42, 0.07, 0.00, 0.00, 0.00, 0.07, 0.00, 1.09, 0.44, 0.15, 0.63, 0.74, 0.00, 0.02, 0.50, 0.05, 0.09, 0.00, 0.00, 0.00, 1.00, 0.00, 0.00, 0.00, 0.00, 0.00, 0.00, 0.00, 0.00, 0.00, 1.00, 0.00, 0.00, 0.00, 0.00
7490, 0, 282.377, 0.98, 1, 0.39, 0.00, 0.00, 0.00, 0.02, 0.03, 0.00, 1.26, 0.42, 0.22, 0.79, 0.82, 0.00, 0.07, 0.16, 0.18, 0.09, 0.00, 0.00, 0.00, 1.00, 0.00, 0.00, 0.00, 0.00, 1.00, 0.00, 0.00, 0.00, 0.00, 1.00, 0.00, 0.00, 0.00, 0.00
7491, 0, 282.415, 0.98, 1, 0.51, 0.15, 0.00, 0.00, 0.09, 0.14, 0.00, 1.23, 0.60, 0.27, 0.59, 1.14, 0.07, 0.10, 0.41, 0.44, 0.04, 0.00, 0.00, 0.00, 1.00, 0.00, 0.00, 0.00, 0.00, 1.00, 0.00, 0.00, 1.00, 0.00, 1.00, 0.00, 0.00, 0.00, 0.00
7492, 0, 282.453, 0.98, 1, 0.51, 0.17, 0.00, 0.00, 0.17, 0.14, 0.00, 1.21, 0.62, 0.29, 0.42, 1.55, 0.38, 0.19, 0.70, 1.01, 0.02, 0.00, 0.00, 0.00, 1.00, 0.00, 0.00, 0.00, 0.00, 1.00, 0.00, 0.00, 1.00, 0.00, 1.00, 0.00, 0.00, 0.00, 0.00
7493, 0, 282.491, 0.98, 1, 0.50, 0.29, 0.12, 0.00, 0.26, 0.17, 0.00, 1.19, 0.75, 0.22, 0.84, 1.56, 0.58, 0.14, 1.15, 0.89, 0.01, 0.00, 0.00, 0.00, 1.00, 0.00, 0.00, 0.00, 0.00, 1.00, 0.00, 0.00, 1.00, 0.00, 1.00, 0.00, 0.00, 0.00, 0.00
7494, 0, 282.528, 0.98, 1, 0.42, 0.29, 0.21, 0.00, 0.30, 0.14, 0.00, 1.23, 0.86, 0.10, 1.29, 1.32, 0.68, 0.13, 1.39, 0.57, 0.03, 0.00, 0.00, 0.00, 1.00, 0.00, 0.00, 0.00, 0.00, 1.00, 0.00, 0.00, 1.00, 0.00, 1.00, 0.00, 0.00, 0.00, 0.00
7495, 0, 282.566, 0.98, 1, 0.27, 0.27, 0.21, 0.00, 0.33, 0.14, 0.00, 1.27, 1.00, 0.19, 1.34, 1.09, 0.37, 0.15, 1.57, 0.33, 0.05, 0.00, 0.00, 0.00, 1.00, 0.00, 0.00, 0.00, 0.00, 1.00, 0.00, 0.00, 1.00, 0.00, 1.00, 0.00, 0.00, 0.00, 0.00
7496, 0, 282.604, 0.98, 1, 0.16, 0.15, 0.10, 0.00, 0.22, 0.10, 0.00, 1.10, 0.92, 0.35, 0.65, 0.81, 0.19, 0.18, 1.29, 0.43, 0.05, 0.00, 0.00, 0.00, 1.00, 0.00, 0.00, 0.00, 0.00, 1.00, 0.00, 0.00, 0.00, 0.00, 1.00, 0.00, 0.00, 0.00, 0.00
7497, 0, 282.641, 0.98, 1, 0.03, 0.00, 0.00, 0.00, 0.11, 0.00, 0.00, 0.91, 0.88, 0.46, 0.08, 0.61, 0.02, 0.14, 0.88, 0.43, 0.10, 0.00, 0.00, 0.00, 1.00, 0.00, 0.00, 0.00, 0.00, 1.00, 0.00, 0.00, 0.00, 0.00, 1.00, 0.00, 0.00, 0.00, 0.00
7498, 0, 282.679, 0.93, 1, 0.00, 0.00, 0.00, 0.00, 0.00, 0.00, 0.03, 0.81, 0.75, 0.39, 0.00, 0.49, 0.02, 0.05, 0.39, 0.10, 0.07, 0.00, 0.00, 0.00, 1.00, 0.00, 0.00, 0.00, 0.00, 1.00, 0.00, 0.00, 0.00, 0.00, 1.00, 0.00, 0.00, 0.00, 0.00
7499, 0, 282.717, 0.88, 1, 0.05, 0.00, 0.00, 0.00, 0.00, 0.00, 0.06, 0.73, 0.71, 0.30, 0.00, 0.60, 0.13, 0.02, 0.09, 0.00, 0.07, 0.00, 0.00, 0.00, 1.00, 0.00, 0.00, 0.00, 0.00, 1.00, 0.00, 0.00, 0.00, 0.00, 1.00, 0.00, 0.00, 0.00, 0.00
7500, 0, 282.755, 0.93, 1, 0.05, 0.00, 0.00, 0.00, 0.00, 0.00, 0.06, 0.82, 0.48, 0.22, 0.26, 0.54, 0.13, 0.02, 0.28, 0.10, 0.11, 0.00, 0.00, 0.00, 1.00, 0.00, 0.00, 0.00, 0.00, 0.00, 0.00, 0.00, 0.00, 0.00, 1.00, 0.00, 0.00, 0.00, 0.00
7501, 0, 282.792, 0.93, 1, 0.05, 0.00, 0.00, 0.00, 0.00, 0.00, 0.03, 0.85, 0.40, 0.16, 0.32, 0.42, 0.21, 0.00, 0.48, 0.11, 0.20, 0.00, 0.00, 0.00, 1.00, 0.00, 0.00, 0.00, 0.00, 0.00, 0.00, 0.00, 0.00, 0.00, 1.00, 0.00, 0.00, 0.00, 0.00
7502, 0, 282.830, 0.93, 1, 0.00, 0.00, 0.00, 0.00, 0.00, 0.00, 0.00, 0.90, 0.30, 0.19, 0.51, 0.30, 0.26, 0.00, 0.80, 0.15, 0.27, 0.00, 0.00, 0.00, 1.00, 0.00, 0.00, 0.00, 0.00, 0.00, 0.00, 1.00, 0.00, 0.00, 1.00, 0.00, 0.00, 0.00, 0.00
7503, 0, 282.868, 0.93, 1, 0.00, 0.00, 0.00, 0.00, 0.00, 0.00, 0.00, 0.66, 0.30, 0.37, 0.33, 0.19, 0.26, 0.00, 0.82, 0.14, 0.29, 0.00, 0.00, 0.00, 1.00, 0.00, 0.00, 0.00, 0.00, 1.00, 0.00, 1.00, 0.00, 0.00, 1.00, 0.00, 0.00, 0.00, 0.00
7504, 0, 282.905, 0.93, 1, 0.04, 0.02, 0.00, 0.00, 0.00, 0.00, 0.17, 0.50, 0.40, 0.47, 0.43, 0.11, 0.19, 0.00, 0.73, 0.40, 0.39, 0.00, 0.00, 0.00, 1.00, 0.00, 0.00, 0.00, 0.00, 1.00, 0.00, 0.00, 0.00, 0.00, 1.00, 0.00, 0.00, 0.00, 0.00
7505, 0, 282.943, 0.98, 1, 0.05, 0.04, 0.00, 0.00, 0.00, 0.00, 0.17, 0.39, 0.49, 0.81, 0.24, 0.35, 0.00, 0.09, 0.45, 0.66, 0.52, 0.00, 0.00, 0.00, 1.00, 0.00, 0.00, 0.00, 0.00, 1.00, 0.00, 0.00, 0.00, 0.00, 1.00, 0.00, 0.00, 0.00, 0.00
7506, 0, 282.981, 0.98, 1, 0.05, 0.05, 0.00, 0.00, 0.00, 0.00, 0.17, 0.40, 0.58, 0.93, 0.17, 0.67, 0.00, 0.23, 0.28, 0.88, 0.61, 0.00, 0.00, 0.00, 1.00, 0.00, 0.00, 0.00, 0.00, 1.00, 0.00, 0.00, 0.00, 0.00, 1.00, 1.00, 0.00, 0.00, 0.00
7507, 0, 283.018, 0.98, 1, 0.01, 0.03, 0.00, 0.00, 0.00, 0.00, 0.03, 0.39, 0.53, 0.77, 0.00, 0.78, 0.00, 0.30, 0.39, 0.74, 0.55, 0.00, 0.00, 0.00, 1.00, 0.00, 0.00, 0.00, 0.00, 1.00, 0.00, 0.00, 0.00, 0.00, 1.00, 1.00, 0.00, 0.00, 1.00
7508, 0, 283.056, 0.98, 1, 0.00, 0.01, 0.00, 0.00, 0.00, 0.00, 0.03, 0.23, 0.54, 0.38, 0.00, 0.52, 0.00, 0.25, 0.64, 0.83, 0.61, 0.00, 0.00, 0.00, 1.00, 0.00, 0.00, 0.00, 0.00, 1.00, 0.00, 0.00, 0.00, 0.00, 1.00, 1.00, 0.00, 0.00, 1.00
7509, 0, 283.094, 0.93, 1, 0.00, 0.00, 0.00, 0.00, 0.00, 0.00, 0.03, 0.16, 0.60, 0.11, 0.00, 0.22, 0.02, 0.22, 1.08, 1.00, 0.71, 0.00, 0.00, 0.00, 1.00, 0.00, 0.00, 0.00, 0.00, 0.00, 0.00, 0.00, 0.00, 0.00, 1.00, 1.00, 1.00, 0.00, 1.00
7510, 0, 283.132, 0.93, 1, 0.00, 0.00, 0.00, 0.00, 0.00, 0.00, 0.00, 0.04, 0.58, 0.11, 0.02, 0.11, 0.07, 0.15, 1.35, 1.27, 1.02, 0.00, 0.00, 0.00, 1.00, 0.00, 0.00, 0.00, 0.00, 0.00, 0.00, 0.00, 0.00, 0.00, 1.00, 1.00, 1.00, 0.00, 1.00
7511, 0, 283.169, 0.93, 1, 0.00, 0.00, 0.00, 0.00, 0.00, 0.00, 0.00, 0.04, 0.51, 0.05, 0.02, 0.02, 0.20, 0.11, 1.58, 1.35, 1.20, 0.00, 0.00, 0.00, 1.00, 0.00, 0.00, 0.00, 0.00, 0.00, 0.00, 0.00, 0.00, 0.00, 0.00, 1.00, 1.00, 0.00, 1.00
7512, 0, 283.207, 0.93, 1, 0.00, 0.00, 0.00, 0.00, 0.00, 0.00, 0.00, 0.00, 0.44, 0.00, 0.02, 0.06, 0.25, 0.00, 1.69, 1.50, 1.01, 0.00, 0.00, 0.00, 1.00, 0.00, 0.00, 0.00, 0.00, 0.00, 0.00, 0.00, 0.00, 0.00, 0.00, 1.00, 1.00, 0.00, 1.00
7513, 0, 283.245, 0.88, 1, 0.00, 0.00, 0.00, 0.00, 0.04, 0.00, 0.00, 0.00, 0.54, 0.00, 0.02, 0.14, 0.25, 0.00, 1.54, 1.44, 0.89, 0.00, 0.00, 0.00, 1.00, 0.00, 0.00, 0.00, 0.00, 0.00, 0.00, 0.00, 0.00, 0.00, 0.00, 1.00, 0.00, 0.00, 1.00
7514, 0, 283.282, 0.88, 1, 0.00, 0.00, 0.00, 0.00, 0.09, 0.00, 0.00, 0.00, 0.67, 0.00, 0.03, 0.26, 0.21, 0.00, 1.42, 1.38, 0.63, 0.00, 0.00, 0.00, 1.00, 0.00, 0.00, 0.00, 0.00, 0.00, 0.00, 0.00, 0.00, 0.00, 0.00, 1.00, 0.00, 0.00, 1.00
7515, 0, 283.320, 0.88, 1, 0.00, 0.00, 0.00, 0.00, 0.12, 0.00, 0.00, 0.00, 0.75, 0.10, 0.03, 0.21, 0.19, 0.04, 1.32, 1.10, 0.67, 0.00, 0.00, 0.00, 1.00, 0.00, 0.00, 0.00, 0.00, 0.00, 0.00, 0.00, 0.00, 0.00, 0.00, 1.00, 0.00, 0.00, 1.00
7516, 0, 283.358, 0.88, 1, 0.00, 0.00, 0.00, 0.00, 0.15, 0.00, 0.00, 0.00, 0.74, 0.10, 0.12, 0.13, 0.27, 0.05, 1.50, 1.30, 0.44, 0.00, 0.00, 0.00, 1.00, 0.00, 0.00, 0.00, 0.00, 1.00, 0.00, 0.00, 0.00, 0.00, 0.00, 1.00, 0.00, 0.00, 1.00
7517, 0, 283.396, 0.93, 1, 0.00, 0.00, 0.00, 0.00, 0.18, 0.00, 0.00, 0.00, 0.70, 0.10, 0.11, 0.01, 0.29, 0.06, 1.67, 1.47, 0.46, 0.00, 0.00, 0.00, 1.00, 0.00, 0.00, 0.00, 0.00, 1.00, 0.00, 0.00, 0.00, 0.00, 1.00, 1.00, 0.00, 0.00, 1.00
7518, 0, 283.433, 0.93, 1, 0.00, 0.00, 0.00, 0.00, 0.14, 0.00, 0.00, 0.00, 0.72, 0.19, 0.11, 0.00, 0.49, 0.07, 1.92, 1.69, 0.60, 0.00, 0.00, 0.00, 1.00, 0.00, 0.00, 0.00, 0.00, 1.00, 0.00, 0.00, 0.00, 0.00, 1.00, 1.00, 1.00, 0.00, 1.00
7519, 0, 283.471, 0.93, 1, 0.00, 0.00, 0.00, 0.00, 0.10, 0.00, 0.00, 0.01, 0.86, 0.34, 0.16, 0.10, 0.52, 0.13, 1.93, 1.66, 0.99, 0.00, 0.00, 0.00, 1.00, 0.00, 0.00, 0.00, 0.00, 1.00, 0.00, 0.00, 0.00, 0.00, 1.00, 1.00, 1.00, 0.00, 1.00
7520, 0, 283.509, 0.93, 1, 0.00, 0.00, 0.00, 0.00, 0.20, 0.00, 0.00, 0.01, 1.10, 0.46, 0.42, 0.14, 0.51, 0.17, 2.24, 1.94, 0.99, 0.00, 0.00, 0.00, 1.00, 0.00, 0.00, 0.00, 0.00, 1.00, 0.00, 0.00, 0.00, 0.00, 0.00, 1.00, 1.00, 0.00, 1.00
7521, 0, 283.546, 0.93, 1, 0.00, 0.00, 0.00, 0.00, 0.36, 0.00, 0.00, 0.01, 1.34, 0.37, 0.60, 0.24, 0.35, 0.17, 2.19, 2.25, 0.96, 0.00, 0.00, 0.00, 1.00, 1.00, 0.00, 0.00, 0.00, 1.00, 0.00, 0.00, 0.00, 0.00, 0.00, 1.00, 1.00, 0.00, 1.00
7522, 0, 283.584, 0.93, 1, 0.00, 0.00, 0.00, 0.00, 0.46, 0.00, 0.00, 0.00, 1.56, 0.37, 0.67, 0.14, 0.19, 0.10, 2.38, 2.16, 0.72, 0.00, 0.00, 0.00, 1.00, 1.00, 0.00, 0.00, 0.00, 1.00, 0.00, 0.00, 0.00, 0.00, 0.00, 1.00, 1.00, 0.00, 1.00
7523, 0, 283.622, 0.98, 1, 0.00, 0.00, 0.00, 0.00, 0.41, 0.06, 0.00, 0.00, 1.61, 0.46, 0.42, 0.14, 0.09, 0.05, 2.08, 1.81, 0.68, 0.00, 0.00, 0.00, 1.00, 1.00, 0.00, 0.00, 0.00, 1.00, 0.00, 0.00, 0.00, 0.00, 0.00, 1.00, 1.00, 0.00, 1.00
7524, 0, 283.659, 0.93, 1, 0.00, 0.00, 0.00, 0.00, 0.32, 0.06, 0.00, 0.00, 1.58, 0.56, 0.24, 0.20, 0.00, 0.03, 1.79, 1.40, 0.63, 0.00, 0.00, 0.00, 1.00, 1.00, 0.00, 0.00, 0.00, 1.00, 1.00, 0.00, 0.00, 0.00, 0.00, 1.00, 1.00, 0.00, 1.00
7525, 0, 283.697, 0.93, 1, 0.00, 0.00, 0.00, 0.00, 0.43, 0.06, 0.00, 0.00, 1.60, 0.64, 0.06, 0.51, 0.13, 0.03, 1.73, 1.53, 0.56, 0.00, 0.00, 0.00, 1.00, 1.00, 0.00, 0.00, 0.00, 1.00, 1.00, 0.00, 1.00, 0.00, 0.00, 1.00, 1.00, 0.00, 1.00
7526, 0, 283.735, 0.98, 1, 0.00, 0.00, 0.00, 0.00, 0.51, 0.02, 0.00, 0.00, 1.66, 0.62, 0.05, 0.64, 0.26, 0.03, 1.81, 1.40, 0.71, 0.00, 0.00, 0.00, 1.00, 1.00, 0.00, 0.00, 0.00, 1.00, 1.00, 0.00, 1.00, 0.00, 0.00, 1.00, 1.00, 0.00, 1.00
7527, 0, 283.773, 0.98, 1, 0.00, 0.00, 0.00, 0.00, 0.63, 0.02, 0.00, 0.00, 1.78, 0.74, 0.05, 0.70, 0.35, 0.01, 1.94, 1.18, 0.84, 0.00, 0.00, 0.00, 1.00, 1.00, 0.00, 0.00, 0.00, 1.00, 1.00, 0.00, 1.00, 0.00, 0.00, 1.00, 1.00, 0.00, 1.00
7528, 0, 283.810, 0.93, 1, 0.00, 0.00, 0.00, 0.00, 0.53, 0.02, 0.00, 0.00, 1.79, 0.67, 0.11, 0.60, 0.29, 0.01, 1.82, 0.95, 0.88, 0.00, 0.00, 0.00, 1.00, 1.00, 0.00, 0.00, 0.00, 1.00, 1.00, 0.00, 1.00, 0.00, 0.00, 1.00, 0.00, 0.00, 1.00
7529, 0, 283.848, 0.98, 1, 0.00, 0.00, 0.00, 0.00, 0.53, 0.00, 0.00, 0.00, 1.84, 0.52, 0.11, 0.60, 0.16, 0.01, 1.78, 0.96, 0.72, 0.00, 0.00, 0.00, 1.00, 1.00, 0.00, 0.00, 0.00, 1.00, 0.00, 0.00, 1.00, 0.00, 0.00, 1.00, 0.00, 0.00, 1.00
7530, 0, 283.886, 0.98, 1, 0.00, 0.00, 0.00, 0.00, 0.34, 0.00, 0.00, 0.00, 1.76, 0.26, 0.11, 0.83, 0.17, 0.10, 1.64, 1.33, 0.75, 0.00, 0.00, 0.00, 1.00, 1.00, 0.00, 0.00, 0.00, 1.00, 0.00, 0.00, 1.00, 0.00, 0.00, 1.00, 0.00, 0.00, 1.00
7531, 0, 283.923, 0.88, 1, 0.00, 0.00, 0.00, 0.00, 0.21, 0.00, 0.00, 0.00, 1.68, 0.10, 0.04, 0.90, 0.29, 0.19, 1.54, 1.47, 0.97, 0.00, 0.00, 0.00, 1.00, 0.00, 0.00, 0.00, 0.00, 1.00, 0.00, 0.00, 1.00, 0.00, 0.00, 1.00, 0.00, 0.00, 1.00
7532, 0, 283.961, 0.88, 1, 0.00, 0.00, 0.00, 0.00, 0.09, 0.04, 0.00, 0.00, 1.65, 0.14, 0.04, 1.07, 0.29, 0.28, 1.36, 1.59, 1.30, 0.00, 0.00, 0.00, 1.00, 0.00, 0.00, 0.00, 0.00, 1.00, 0.00, 0.00, 1.00, 0.00, 0.00, 1.00, 0.00, 0.00, 1.00
7533, 0, 283.999, 0.88, 1, 0.00, 0.00, 0.00, 0.00, 0.12, 0.04, 0.00, 0.00, 1.70, 0.14, 0.04, 1.00, 0.18, 0.34, 1.40, 1.62, 1.17, 0.00, 0.00, 0.00, 1.00, 0.00, 0.00, 0.00, 0.00, 1.00, 0.00, 0.00, 1.00, 0.00, 0.00, 1.00, 0.00, 0.00, 1.00
7534, 0, 284.037, 0.93, 1, 0.00, 0.00, 0.00, 0.00, 0.13, 0.04, 0.00, 0.00, 1.69, 0.14, 0.00, 1.13, 0.00, 0.38, 1.41, 1.69, 0.81, 0.00, 0.00, 0.00, 1.00, 0.00, 0.00, 0.00, 0.00, 1.00, 0.00, 0.00, 1.00, 0.00, 0.00, 1.00, 0.00, 0.00, 1.00
7535, 0, 284.074, 0.93, 1, 0.00, 0.02, 0.00, 0.00, 0.23, 0.17, 0.00, 0.00, 1.60, 0.07, 0.03, 1.15, 0.00, 0.49, 1.40, 1.70, 0.45, 0.00, 0.00, 0.00, 1.00, 0.00, 0.00, 0.00, 0.00, 1.00, 0.00, 0.00, 1.00, 0.00, 1.00, 1.00, 0.00, 0.00, 1.00
7536, 0, 284.112, 0.93, 1, 0.00, 0.02, 0.00, 0.00, 0.38, 0.43, 0.00, 0.00, 1.52, 0.00, 0.03, 1.01, 0.00, 0.52, 1.28, 1.54, 0.29, 0.00, 0.00, 0.00, 1.00, 1.00, 0.00, 0.00, 0.00, 1.00, 0.00, 0.00, 1.00, 0.00, 1.00, 1.00, 0.00, 0.00, 1.00
7537, 0, 284.150, 0.93, 1, 0.00, 0.02, 0.00, 0.00, 0.53, 0.67, 0.00, 0.00, 1.47, 0.00, 0.23, 1.06, 0.00, 0.54, 1.23, 1.68, 0.22, 0.00, 0.00, 0.00, 1.00, 1.00, 0.00, 0.00, 0.00, 1.00, 0.00, 0.00, 1.00, 0.00, 1.00, 1.00, 0.00, 0.00, 1.00
7538, 0, 284.187, 0.93, 1, 0.00, 0.00, 0.00, 0.00, 0.49, 0.76, 0.00, 0.00, 1.47, 0.00, 0.26, 1.10, 0.00, 0.54, 1.16, 1.77, 0.13, 0.00, 0.00, 0.00, 1.00, 1.00, 0.00, 0.00, 0.00, 1.00, 0.00, 0.00, 1.00, 0.00, 1.00, 1.00, 0.00, 0.00, 1.00
7539, 0, 284.225, 0.93, 1, 0.00, 0.00, 0.00, 0.00, 0.43, 0.89, 0.00, 0.00, 1.44, 0.00, 0.32, 1.23, 0.00, 0.56, 1.26, 1.82, 0.08, 0.00, 0.00, 0.00, 1.00, 1.00, 0.00, 0.00, 0.00, 1.00, 0.00, 0.00, 1.00, 0.00, 1.00, 1.00, 0.00, 0.00, 1.00
7540, 0, 284.263, 0.93, 1, 0.00, 0.00, 0.00, 0.00, 0.43, 0.85, 0.00, 0.00, 1.49, 0.00, 0.12, 1.09, 0.00, 0.61, 1.36, 1.48, 0.22, 0.00, 0.00, 0.00, 1.00, 1.00, 0.00, 0.00, 0.00, 1.00, 0.00, 0.00, 1.00, 0.00, 1.00, 1.00, 0.00, 0.00, 1.00
7541, 0, 284.300, 0.93, 1, 0.00, 0.00, 0.00, 0.00, 0.48, 0.79, 0.00, 0.00, 1.50, 0.00, 0.10, 1.10, 0.00, 0.59, 1.48, 1.26, 0.31, 0.00, 0.00, 0.00, 1.00, 1.00, 0.00, 0.00, 0.00, 1.00, 0.00, 0.00, 1.00, 0.00, 1.00, 1.00, 0.00, 0.00, 1.00
7542, 0, 284.338, 0.93, 1, 0.00, 0.00, 0.00, 0.00, 0.58, 0.68, 0.00, 0.00, 1.56, 0.00, 0.06, 1.17, 0.00, 0.49, 1.41, 1.15, 0.25, 0.00, 0.00, 0.00, 1.00, 1.00, 0.00, 0.00, 0.00, 1.00, 0.00, 0.00, 1.00, 0.00, 1.00, 1.00, 1.00, 0.00, 1.00
7543, 0, 284.376, 0.93, 1, 0.00, 0.00, 0.00, 0.00, 0.63, 0.87, 0.00, 0.00, 1.50, 0.00, 0.06, 1.24, 0.00, 0.49, 1.41, 1.28, 0.09, 0.00, 0.00, 0.00, 1.00, 1.00, 0.00, 0.00, 0.00, 1.00, 0.00, 0.00, 1.00, 0.00, 1.00, 1.00, 1.00, 0.00, 1.00
7544, 0, 284.414, 0.93, 1, 0.00, 0.00, 0.00, 0.00, 0.65, 1.32, 0.00, 0.00, 1.45, 0.00, 0.15, 1.30, 0.00, 0.50, 1.26, 1.41, 0.00, 0.00, 0.00, 0.00, 1.00, 1.00, 0.00, 0.00, 0.00, 1.00, 0.00, 0.00, 1.00, 0.00, 1.00, 1.00, 1.00, 0.00, 1.00
7545, 0, 284.451, 0.93, 1, 0.00, 0.00, 0.00, 0.00, 0.66, 1.22, 0.00, 0.00, 1.32, 0.00, 0.13, 1.26, 0.00, 0.61, 1.10, 1.34, 0.00, 0.00, 0.00, 0.00, 1.00, 1.00, 0.00, 0.00, 0.00, 1.00, 0.00, 0.00, 1.00, 0.00, 1.00, 1.00, 1.00, 0.00, 1.00
7546, 0, 284.489, 0.93, 1, 0.00, 0.00, 0.00, 0.00, 0.68, 0.98, 0.00, 0.00, 1.22, 0.00, 0.13, 1.32, 0.00, 0.58, 0.78, 1.26, 0.00, 0.00, 0.00, 0.00, 1.00, 1.00, 0.00, 0.00, 0.00, 1.00, 0.00, 0.00, 1.00, 0.00, 1.00, 1.00, 0.00, 0.00, 1.00
7547, 0, 284.527, 0.93, 1, 0.00, 0.09, 0.00, 0.00, 0.70, 0.77, 0.00, 0.00, 1.13, 0.06, 0.00, 1.28, 0.00, 0.59, 0.79, 1.12, 0.00, 0.00, 0.00, 0.00, 1.00, 1.00, 0.00, 0.00, 0.00, 1.00, 0.00, 0.00, 1.00, 0.00, 1.00, 1.00, 0.00, 0.00, 1.00
7548, 0, 284.564, 0.93, 1, 0.00, 0.23, 0.00, 0.00, 0.65, 1.06, 0.00, 0.00, 1.06, 0.06, 0.00, 1.23, 0.00, 0.56, 0.82, 1.16, 0.00, 0.00, 0.00, 0.00, 1.00, 1.00, 0.00, 0.00, 0.00, 1.00, 0.00, 0.00, 1.00, 0.00, 1.00, 1.00, 0.00, 0.00, 1.00
7549, 0, 284.602, 0.93, 1, 0.00, 0.37, 0.00, 0.00, 0.63, 1.25, 0.00, 0.00, 0.97, 0.06, 0.00, 1.19, 0.00, 0.57, 0.88, 1.12, 0.00, 0.00, 0.00, 0.00, 1.00, 1.00, 0.00, 0.00, 0.00, 1.00, 0.00, 0.00, 1.00, 0.00, 1.00, 1.00, 0.00, 0.00, 1.00
7550, 0, 284.640, 0.93, 1, 0.00, 0.32, 0.00, 0.00, 0.62, 0.96, 0.00, 0.00, 0.96, 0.00, 0.21, 1.03, 0.06, 0.55, 0.78, 1.15, 0.00, 0.00, 0.00, 0.00, 1.00, 1.00, 0.00, 0.00, 0.00, 1.00, 0.00, 0.00, 1.00, 0.00, 1.00, 1.00, 0.00, 0.00, 1.00
7551, 0, 284.678, 0.98, 1, 0.00, 0.19, 0.00, 0.00, 0.58, 0.78, 0.00, 0.00, 1.00, 0.06, 0.21, 0.83, 0.08, 0.53, 0.75, 1.30, 0.01, 0.00, 0.00, 0.00, 1.00, 1.00, 0.00, 0.00, 0.00, 1.00, 0.00, 0.00, 1.00, 0.00, 1.00, 1.00, 0.00, 0.00, 1.00
7552, 0, 284.715, 0.93, 1, 0.00, 0.07, 0.00, 0.00, 0.53, 0.69, 0.00, 0.00, 1.03, 0.06, 0.22, 0.67, 0.08, 0.50, 0.77, 1.41, 0.01, 0.00, 0.00, 0.00, 1.00, 1.00, 0.00, 0.00, 0.00, 1.00, 0.00, 0.00, 1.00, 0.00, 1.00, 1.00, 0.00, 0.00, 1.00
7553, 0, 284.753, 0.93, 1, 0.00, 0.02, 0.00, 0.00, 0.40, 0.74, 0.00, 0.00, 0.98, 0.06, 0.02, 0.59, 0.02, 0.48, 0.67, 1.35, 0.01, 0.00, 0.00, 0.00, 1.00, 1.00, 0.00, 0.00, 0.00, 1.00, 0.00, 0.00, 1.00, 0.00, 1.00, 1.00, 0.00, 0.00, 1.00
7554, 0, 284.791, 0.93, 1, 0.00, 0.05, 0.00, 0.08, 0.35, 0.45, 0.00, 0.00, 0.93, 0.06, 0.08, 0.70, 0.00, 0.48, 0.69, 1.22, 0.00, 0.00, 0.00, 0.00, 1.00, 1.00, 0.00, 0.00, 0.00, 1.00, 0.00, 0.00, 1.00, 0.00, 1.00, 1.00, 0.00, 0.00, 0.00
7555, 0, 284.828, 0.93, 1, 0.00, 0.19, 0.00, 0.13, 0.30, 0.48, 0.00, 0.00, 0.95, 0.06, 0.07, 0.77, 0.00, 0.45, 0.75, 1.20, 0.05, 0.00, 0.00, 0.00, 1.00, 1.00, 0.00, 0.00, 0.00, 1.00, 0.00, 0.00, 1.00, 0.00, 1.00, 1.00, 0.00, 0.00, 0.00
7556, 0, 284.866, 0.93, 1, 0.00, 0.19, 0.00, 0.12, 0.29, 0.37, 0.00, 0.00, 0.98, 0.06, 0.06, 0.93, 0.00, 0.48, 0.98, 1.37, 0.09, 0.00, 0.00, 0.00, 1.00, 1.00, 0.00, 0.00, 0.00, 1.00, 0.00, 0.00, 1.00, 0.00, 1.00, 1.00, 0.00, 0.00, 0.00
7557, 0, 284.904, 0.93, 1, 0.00, 0.16, 0.00, 0.09, 0.30, 0.40, 0.00, 0.00, 1.01, 0.00, 0.00, 0.99, 0.05, 0.51, 0.95, 1.35, 0.12, 0.00, 0.00, 0.00, 1.00, 0.00, 0.00, 0.00, 0.00, 1.00, 0.00, 0.00, 1.00, 0.00, 1.00, 1.00, 0.00, 0.00, 0.00
7558, 0, 284.941, 0.98, 1, 0.00, 0.00, 0.00, 0.04, 0.18, 0.12, 0.00, 0.00, 0.88, 0.00, 0.00, 1.16, 0.09, 0.61, 0.78, 1.58, 0.16, 0.00, 0.00, 0.00, 1.00, 0.00, 0.00, 0.00, 0.00, 1.00, 0.00, 1.00, 1.00, 0.00, 1.00, 1.00, 0.00, 0.00, 0.00
7559, 0, 284.979, 0.93, 1, 0.00, 0.00, 0.00, 0.04, 0.12, 0.14, 0.00, 0.00, 0.77, 0.06, 0.09, 1.32, 0.23, 0.61, 0.61, 1.66, 0.12, 0.00, 0.00, 0.00, 1.00, 0.00, 0.00, 0.00, 0.00, 1.00, 0.00, 1.00, 1.00, 0.00, 1.00, 1.00, 0.00, 0.00, 1.00
7560, 0, 285.017, 0.98, 1, 0.00, 0.00, 0.00, 0.00, 0.13, 0.12, 0.00, 0.00, 0.66, 0.06, 0.16, 1.38, 0.24, 0.56, 0.37, 1.91, 0.11, 0.00, 0.00, 0.00, 1.00, 0.00, 0.00, 0.00, 0.00, 1.00, 0.00, 1.00, 1.00, 0.00, 1.00, 0.00, 0.00, 0.00, 1.00
7561, 0, 285.055, 0.98, 1, 0.00, 0.00, 0.00, 0.00, 0.21, 0.12, 0.00, 0.00, 0.66, 0.06, 0.23, 1.32, 0.20, 0.46, 0.27, 1.85, 0.12, 0.00, 0.00, 0.00, 1.00, 0.00, 0.00, 0.00, 0.00, 1.00, 0.00, 1.00, 1.00, 0.00, 1.00, 0.00, 0.00, 0.00, 1.00
7562, 0, 285.092, 0.98, 1, 0.00, 0.00, 0.00, 0.00, 0.29, 0.02, 0.00, 0.00, 0.63, 0.00, 0.25, 1.22, 0.06, 0.35, 0.14, 1.76, 0.12, 0.00, 0.00, 0.00, 1.00, 0.00, 0.00, 0.00, 0.00, 1.00, 0.00, 1.00, 1.00, 0.00, 0.00, 0.00, 1.00, 0.00, 1.00
7563, 0, 285.130, 0.98, 1, 0.00, 0.00, 0.00, 0.00, 0.26, 0.00, 0.00, 0.00, 0.76, 0.13, 0.18, 1.18, 0.00, 0.34, 0.47, 1.90, 0.20, 0.00, 0.00, 0.00, 1.00, 0.00, 0.00, 0.00, 0.00, 1.00, 0.00, 1.00, 1.00, 0.00, 0.00, 1.00, 1.00, 0.00, 1.00
7564, 0, 285.168, 0.98, 1, 0.00, 0.00, 0.00, 0.00, 0.19, 0.00, 0.00, 0.00, 0.90, 0.14, 0.15, 1.06, 0.00, 0.31, 0.77, 2.18, 0.15, 0.00, 0.00, 0.00, 1.00, 0.00, 0.00, 0.00, 0.00, 1.00, 0.00, 0.00, 1.00, 0.00, 0.00, 0.00, 1.00, 0.00, 1.00
7565, 0, 285.205, 0.98, 1, 0.00, 0.00, 0.00, 0.00, 0.09, 0.00, 0.00, 0.00, 1.00, 0.45, 0.04, 0.87, 0.00, 0.38, 1.04, 2.63, 0.16, 0.00, 0.00, 0.00, 1.00, 0.00, 0.00, 0.00, 0.00, 1.00, 0.00, 0.00, 1.00, 0.00, 0.00, 1.00, 1.00, 0.00, 1.00
7566, 0, 285.243, 0.93, 1, 0.00, 0.00, 0.00, 0.00, 0.00, 0.00, 0.00, 0.04, 0.96, 0.44, 0.04, 0.61, 0.00, 0.34, 1.00, 2.92, 0.26, 0.00, 0.00, 0.00, 1.00, 0.00, 0.00, 0.00, 0.00, 1.00, 0.00, 0.00, 0.00, 0.00, 0.00, 1.00, 1.00, 0.00, 1.00
7567, 0, 285.281, 0.93, 1, 0.00, 0.00, 0.00, 0.00, 0.00, 0.00, 0.00, 0.21, 0.92, 0.54, 0.00, 0.55, 0.00, 0.30, 1.08, 3.11, 0.56, 0.00, 0.00, 0.00, 1.00, 0.00, 0.00, 0.00, 0.00, 1.00, 0.00, 0.00, 0.00, 0.00, 0.00, 1.00, 1.00, 0.00, 1.00
7568, 0, 285.319, 0.93, 1, 0.00, 0.00, 0.00, 0.00, 0.02, 0.00, 0.00, 0.37, 0.98, 0.25, 0.00, 0.56, 0.00, 0.19, 1.16, 3.40, 0.54, 0.00, 0.00, 0.00, 1.00, 0.00, 0.00, 0.00, 0.00, 1.00, 0.00, 0.00, 0.00, 0.00, 0.00, 1.00, 1.00, 0.00, 1.00
7569, 0, 285.356, 0.93, 1, 0.00, 0.00, 0.00, 0.00, 0.14, 0.16, 0.00, 0.52, 1.10, 0.25, 0.00, 0.61, 0.00, 0.16, 1.35, 3.73, 0.35, 0.00, 0.00, 0.00, 1.00, 0.00, 0.00, 0.00, 0.00, 1.00, 0.00, 0.00, 0.00, 0.00, 0.00, 1.00, 1.00, 0.00, 1.00
7570, 0, 285.394, 0.93, 1, 0.00, 0.00, 0.00, 0.00, 0.23, 0.16, 0.00, 0.34, 1.18, 0.19, 0.01, 0.48, 0.00, 0.10, 1.34, 3.39, 0.00, 0.00, 0.00, 0.00, 1.00, 0.00, 0.00, 0.00, 0.00, 1.00, 0.00, 0.00, 0.00, 0.00, 0.00, 1.00, 1.00, 0.00, 1.00
7571, 0, 285.432, 0.98, 1, 0.00, 0.00, 0.00, 0.05, 0.29, 0.16, 0.00, 0.19, 1.21, 0.23, 0.09, 0.42, 0.00, 0.08, 1.34, 2.89, 0.00, 0.00, 0.00, 0.00, 1.00, 1.00, 0.00, 0.00, 0.00, 1.00, 0.00, 0.00, 0.00, 0.00, 0.00, 1.00, 1.00, 0.00, 1.00
7572, 0, 285.469, 0.98, 1, 0.00, 0.00, 0.00, 0.09, 0.37, 0.14, 0.00, 0.00, 1.21, 0.17, 0.34, 0.40, 0.00, 0.02, 1.05, 2.11, 0.00, 0.00, 0.00, 0.00, 1.00, 1.00, 0.00, 0.00, 0.00, 1.00, 0.00, 0.00, 0.00, 0.00, 0.00, 1.00, 1.00, 0.00, 1.00
7573, 0, 285.507, 0.98, 1, 0.00, 0.00, 0.00, 0.09, 0.53, 0.29, 0.00, 0.00, 1.22, 0.21, 0.45, 0.34, 0.00, 0.00, 0.84, 1.88, 0.00, 0.00, 0.00, 0.00, 1.00, 1.00, 0.00, 0.00, 0.00, 1.00, 0.00, 0.00, 0.00, 0.00, 0.00, 1.00, 1.00, 0.00, 1.00
7574, 0, 285.545, 0.98, 1, 0.00, 0.00, 0.00, 0.04, 0.70, 0.31, 0.00, 0.00, 1.28, 0.17, 0.57, 0.18, 0.00, 0.00, 0.82, 1.68, 0.00, 0.00, 0.00, 0.00, 1.00, 1.00, 0.00, 0.00, 0.00, 1.00, 0.00, 0.00, 1.00, 0.00, 0.00, 1.00, 1.00, 0.00, 1.00
7575, 0, 285.582, 0.98, 1, 0.00, 0.10, 0.00, 0.06, 0.84, 0.41, 0.00, 0.27, 1.33, 0.60, 0.40, 0.17, 0.00, 0.03, 1.07, 1.53, 0.00, 0.00, 0.00, 0.00, 1.00, 1.00, 1.00, 0.00, 0.00, 1.00, 0.00, 0.00, 1.00, 0.00, 0.00, 1.00, 1.00, 0.00, 1.00
7576, 0, 285.620, 0.98, 1, 0.00, 0.10, 0.00, 0.06, 0.87, 0.47, 0.00, 0.41, 1.39, 0.81, 0.42, 0.30, 0.00, 0.03, 1.25, 1.64, 0.00, 0.00, 0.00, 0.00, 1.00, 1.00, 1.00, 0.00, 0.00, 1.00, 1.00, 1.00, 1.00, 0.00, 0.00, 1.00, 1.00, 0.00, 1.00
7577, 0, 285.658, 0.98, 1, 0.00, 0.10, 0.00, 0.06, 0.88, 0.71, 0.00, 0.59, 1.42, 1.12, 0.30, 0.48, 0.00, 0.03, 1.27, 1.70, 0.00, 0.00, 0.00, 0.00, 1.00, 1.00, 1.00, 0.00, 0.00, 1.00, 1.00, 1.00, 1.00, 0.00, 0.00, 1.00, 1.00, 0.00, 1.00
7578, 0, 285.696, 0.98, 1, 0.00, 0.00, 0.00, 0.00, 0.63, 0.47, 0.00, 0.32, 1.13, 0.78, 0.27, 0.53, 0.03, 0.01, 0.99, 1.63, 0.00, 0.00, 0.00, 0.00, 1.00, 1.00, 1.00, 0.00, 0.00, 1.00, 1.00, 1.00, 1.00, 0.00, 0.00, 1.00, 1.00, 0.00, 1.00
7579, 0, 285.733, 0.98, 1, 0.00, 0.00, 0.00, 0.00, 0.46, 0.26, 0.00, 0.18, 0.90, 0.57, 0.14, 0.48, 0.09, 0.04, 0.81, 1.43, 0.00, 0.00, 0.00, 0.00, 1.00, 0.00, 1.00, 0.00, 0.00, 1.00, 1.00, 1.00, 1.00, 0.00, 0.00, 1.00, 0.00, 0.00, 1.00
7580, 0, 285.771, 0.98, 1, 0.00, 0.00, 0.00, 0.18, 0.30, 0.00, 0.00, 0.00, 0.66, 0.26, 0.16, 0.61, 0.09, 0.15, 0.40, 1.28, 0.00, 0.00, 0.00, 0.00, 1.00, 0.00, 0.00, 0.00, 0.00, 1.00, 1.00, 1.00, 1.00, 0.00, 0.00, 1.00, 0.00, 0.00, 1.00
7581, 0, 285.809, 0.98, 1, 0.00, 0.00, 0.00, 0.22, 0.36, 0.00, 0.00, 0.00, 0.68, 0.11, 0.11, 0.61, 0.06, 0.22, 0.23, 1.31, 0.07, 0.00, 0.00, 0.00, 1.00, 0.00, 0.00, 0.00, 0.00, 1.00, 0.00, 1.00, 1.00, 0.00, 0.00, 1.00, 0.00, 0.00, 1.00
7582, 0, 285.846, 0.98, 1, 0.00, 0.00, 0.00, 0.29, 0.39, 0.00, 0.00, 0.00, 0.69, 0.02, 0.11, 0.72, 0.00, 0.28, 0.00, 1.40, 0.08, 0.00, 0.00, 0.00, 1.00, 0.00, 0.00, 0.00, 0.00, 1.00, 0.00, 1.00, 1.00, 0.00, 0.00, 1.00, 0.00, 0.00, 1.00
7583, 0, 285.884, 0.98, 1, 0.00, 0.00, 0.00, 0.11, 0.27, 0.00, 0.00, 0.00, 0.64, 0.00, 0.00, 0.42, 0.00, 0.19, 0.07, 1.38, 0.39, 0.00, 0.00, 0.00, 1.00, 0.00, 0.00, 0.00, 0.00, 1.00, 0.00, 1.00, 1.00, 0.00, 0.00, 1.00, 0.00, 0.00, 1.00
7584, 0, 285.922, 0.88, 1, 0.00, 0.00, 0.00, 0.07, 0.16, 0.00, 0.00, 0.00, 0.60, 0.00, 0.00, 0.30, 0.00, 0.23, 0.29, 1.50, 0.61, 0.00, 0.00, 0.00, 1.00, 0.00, 0.00, 0.00, 0.00, 1.00, 0.00, 0.00, 1.00, 0.00, 1.00, 1.00, 0.00, 0.00, 1.00
7585, 0, 285.960, 0.88, 1, 0.00, 0.00, 0.00, 0.00, 0.10, 0.00, 0.00, 0.00, 0.52, 0.00, 0.00, 0.38, 0.00, 0.19, 0.67, 1.53, 0.93, 0.00, 0.00, 0.00, 1.00, 0.00, 0.00, 0.00, 0.00, 1.00, 0.00, 0.00, 1.00, 0.00, 1.00, 1.00, 0.00, 0.00, 1.00
7586, 0, 285.997, 0.93, 1, 0.00, 0.00, 0.00, 0.00, 0.17, 0.00, 0.00, 0.00, 0.52, 0.03, 0.00, 0.64, 0.11, 0.23, 0.87, 1.72, 0.96, 0.00, 0.00, 0.00, 1.00, 0.00, 0.00, 0.00, 0.00, 1.00, 0.00, 0.00, 1.00, 0.00, 1.00, 1.00, 1.00, 0.00, 1.00
7587, 0, 286.035, 0.93, 1, 0.00, 0.00, 0.00, 0.00, 0.25, 0.00, 0.00, 0.00, 0.56, 0.19, 0.09, 0.85, 0.27, 0.19, 0.99, 1.79, 0.84, 0.00, 0.00, 0.00, 1.00, 0.00, 0.00, 0.00, 0.00, 1.00, 1.00, 0.00, 1.00, 0.00, 1.00, 1.00, 1.00, 0.00, 1.00
7588, 0, 286.073, 0.93, 1, 0.00, 0.00, 0.00, 0.00, 0.32, 0.00, 0.00, 0.00, 0.59, 0.31, 0.09, 0.84, 0.40, 0.22, 0.77, 1.88, 0.55, 0.00, 0.00, 0.00, 1.00, 0.00, 0.00, 0.00, 0.00, 1.00, 1.00, 0.00, 1.00, 0.00, 1.00, 1.00, 1.00, 0.00, 1.00
7589, 0, 286.110, 0.98, 1, 0.00, 0.00, 0.00, 0.01, 0.40, 0.00, 0.00, 0.00, 0.59, 0.28, 0.09, 0.79, 0.44, 0.22, 0.49, 1.61, 0.21, 0.00, 0.00, 0.00, 1.00, 0.00, 0.00, 0.00, 0.00, 1.00, 1.00, 0.00, 1.00, 0.00, 1.00, 1.00, 1.00, 0.00, 1.00
7590, 0, 286.148, 0.98, 1, 0.00, 0.00, 0.00, 0.01, 0.41, 0.00, 0.00, 0.00, 0.63, 0.12, 0.00, 0.73, 0.28, 0.21, 0.34, 1.41, 0.04, 0.00, 0.00, 0.00, 1.00, 0.00, 0.00, 0.00, 0.00, 1.00, 1.00, 0.00, 1.00, 0.00, 1.00, 1.00, 1.00, 0.00, 1.00
7591, 0, 286.186, 0.98, 1, 0.00, 0.00, 0.00, 0.01, 0.35, 0.00, 0.00, 0.00, 0.72, 0.00, 0.00, 0.70, 0.15, 0.16, 0.37, 1.27, 0.07, 0.00, 0.00, 0.00, 1.00, 0.00, 0.00, 0.00, 0.00, 1.00, 1.00, 0.00, 1.00, 0.00, 1.00, 1.00, 1.00, 0.00, 1.00
7592, 0, 286.223, 0.93, 1, 0.00, 0.00, 0.00, 0.00, 0.25, 0.00, 0.00, 0.00, 0.83, 0.13, 0.00, 0.77, 0.00, 0.17, 0.61, 1.41, 0.21, 0.00, 0.00, 0.00, 1.00, 0.00, 0.00, 0.00, 0.00, 1.00, 1.00, 0.00, 1.00, 0.00, 1.00, 1.00, 1.00, 0.00, 1.00
7593, 0, 286.261, 0.88, 1, 0.00, 0.00, 0.00, 0.00, 0.19, 0.00, 0.00, 0.00, 0.84, 0.31, 0.00, 0.84, 0.00, 0.18, 0.74, 1.48, 0.30, 0.00, 0.00, 0.00, 1.00, 0.00, 0.00, 0.00, 0.00, 1.00, 1.00, 0.00, 1.00, 0.00, 1.00, 1.00, 1.00, 0.00, 1.00
7594, 0, 286.299, 0.93, 1, 0.00, 0.00, 0.00, 0.00, 0.14, 0.00, 0.00, 0.00, 0.82, 0.43, 0.00, 0.87, 0.00, 0.23, 0.85, 1.49, 0.35, 0.00, 0.00, 0.00, 1.00, 0.00, 0.00, 0.00, 0.00, 1.00, 0.00, 0.00, 1.00, 0.00, 1.00, 1.00, 1.00, 0.00, 1.00
7595, 0, 286.337, 0.93, 1, 0.00, 0.00, 0.00, 0.00, 0.08, 0.00, 0.00, 0.00, 0.75, 0.38, 0.00, 0.77, 0.01, 0.29, 0.85, 1.47, 0.35, 0.00, 0.00, 0.00, 1.00, 0.00, 0.00, 0.00, 0.00, 1.00, 0.00, 0.00, 1.00, 0.00, 1.00, 1.00, 1.00, 0.00, 1.00
7596, 0, 286.374, 0.93, 1, 0.00, 0.00, 0.00, 0.00, 0.04, 0.00, 0.00, 0.00, 0.72, 0.24, 0.00, 0.67, 0.07, 0.32, 0.65, 1.52, 0.36, 0.00, 0.00, 0.00, 1.00, 0.00, 0.00, 0.00, 0.00, 1.00, 0.00, 0.00, 1.00, 0.00, 1.00, 1.00, 1.00, 0.00, 1.00
7597, 0, 286.412, 0.93, 1, 0.00, 0.00, 0.00, 0.00, 0.00, 0.00, 0.00, 0.00, 0.72, 0.12, 0.00, 0.68, 0.07, 0.38, 0.47, 1.61, 0.33, 0.00, 0.00, 0.00, 1.00, 0.00, 0.00, 0.00, 0.00, 1.00, 0.00, 0.00, 1.00, 0.00, 1.00, 1.00, 1.00, 0.00, 1.00
7598, 0, 286.450, 0.93, 1, 0.00, 0.00, 0.00, 0.00, 0.00, 0.00, 0.00, 0.00, 0.78, 0.04, 0.00, 0.74, 0.05, 0.35, 0.42, 1.62, 0.30, 0.00, 0.00, 0.00, 1.00, 0.00, 0.00, 0.00, 0.00, 1.00, 0.00, 0.00, 1.00, 0.00, 1.00, 1.00, 1.00, 0.00, 1.00
7599, 0, 286.487, 0.93, 1, 0.05, 0.23, 0.00, 0.00, 0.00, 0.00, 0.00, 0.00, 0.82, 0.01, 0.00, 0.84, 0.00, 0.32, 0.56, 1.41, 0.40, 0.00, 0.00, 0.00, 1.00, 0.00, 0.00, 0.00, 0.00, 1.00, 0.00, 0.00, 1.00, 0.00, 1.00, 1.00, 1.00, 0.00, 1.00
7600, 0, 286.525, 0.93, 1, 0.05, 0.23, 0.00, 0.00, 0.00, 0.00, 0.00, 0.00, 0.83, 0.01, 0.00, 1.01, 0.00, 0.23, 0.67, 1.14, 0.45, 0.00, 0.00, 0.00, 1.00, 0.00, 0.00, 0.00, 0.00, 1.00, 0.00, 0.00, 1.00, 0.00, 1.00, 1.00, 0.00, 0.00, 1.00
7601, 0, 286.563, 0.88, 1, 0.05, 0.23, 0.00, 0.00, 0.00, 0.00, 0.00, 0.00, 0.73, 0.00, 0.00, 1.13, 0.00, 0.17, 0.70, 0.95, 0.43, 0.00, 0.00, 0.00, 1.00, 0.00, 0.00, 0.00, 0.00, 1.00, 0.00, 0.00, 1.00, 0.00, 1.00, 1.00, 0.00, 0.00, 1.00
7602, 0, 286.601, 0.93, 1, 0.00, 0.00, 0.00, 0.00, 0.00, 0.00, 0.00, 0.00, 0.74, 0.00, 0.00, 1.39, 0.00, 0.16, 0.67, 1.02, 0.47, 0.00, 0.00, 0.00, 1.00, 0.00, 0.00, 0.00, 0.00, 1.00, 0.00, 0.00, 1.00, 0.00, 1.00, 1.00, 0.00, 0.00, 1.00
7603, 0, 286.638, 0.93, 1, 0.00, 0.00, 0.00, 0.00, 0.00, 0.00, 0.00, 0.00, 0.74, 0.00, 0.00, 1.48, 0.00, 0.17, 0.72, 1.13, 0.78, 0.00, 0.00, 0.00, 1.00, 0.00, 0.00, 0.00, 0.00, 1.00, 0.00, 0.00, 1.00, 0.00, 1.00, 1.00, 0.00, 0.00, 1.00
7604, 0, 286.676, 0.93, 1, 0.00, 0.00, 0.00, 0.00, 0.00, 0.00, 0.00, 0.00, 0.91, 0.00, 0.00, 1.59, 0.00, 0.20, 0.77, 1.34, 1.15, 0.00, 0.00, 0.00, 1.00, 0.00, 0.00, 0.00, 0.00, 1.00, 0.00, 0.00, 1.00, 0.00, 1.00, 1.00, 0.00, 0.00, 1.00
7605, 0, 286.714, 0.93, 1, 0.00, 0.00, 0.02, 0.00, 0.00, 0.00, 0.00, 0.00, 0.80, 0.00, 0.00, 1.52, 0.00, 0.34, 0.65, 1.15, 0.96, 0.00, 0.00, 0.00, 1.00, 0.00, 0.00, 0.00, 0.00, 1.00, 0.00, 0.00, 1.00, 0.00, 1.00, 1.00, 0.00, 0.00, 1.00
7606, 0, 286.751, 0.98, 1, 0.00, 0.00, 0.02, 0.00, 0.00, 0.00, 0.00, 0.00, 0.70, 0.00, 0.00, 1.51, 0.00, 0.47, 0.48, 1.07, 0.58, 0.00, 0.00, 0.00, 1.00, 0.00, 0.00, 0.00, 0.00, 1.00, 0.00, 0.00, 1.00, 0.00, 1.00, 0.00, 0.00, 0.00, 1.00
7607, 0, 286.789, 0.98, 1, 0.00, 0.00, 0.02, 0.00, 0.00, 0.00, 0.00, 0.00, 0.43, 0.00, 0.00, 1.58, 0.00, 0.61, 0.31, 0.76, 0.13, 0.00, 0.00, 0.00, 1.00, 0.00, 0.00, 0.00, 0.00, 1.00, 0.00, 0.00, 1.00, 0.00, 1.00, 0.00, 0.00, 0.00, 1.00
7608, 0, 286.827, 0.98, 1, 0.00, 0.00, 0.00, 0.00, 0.00, 0.00, 0.00, 0.00, 0.45, 0.00, 0.00, 1.72, 0.23, 0.60, 0.38, 0.73, 0.07, 0.00, 0.00, 0.00, 1.00, 0.00, 0.00, 0.00, 0.00, 0.00, 0.00, 1.00, 1.00, 0.00, 1.00, 0.00, 0.00, 0.00, 1.00
7609, 0, 286.864, 0.98, 1, 0.00, 0.00, 0.00, 0.00, 0.01, 0.00, 0.00, 0.00, 0.48, 0.00, 0.00, 1.85, 0.45, 0.61, 0.45, 0.65, 0.01, 0.00, 0.00, 0.00, 1.00, 0.00, 0.00, 0.00, 0.00, 0.00, 0.00, 1.00, 1.00, 0.00, 1.00, 0.00, 0.00, 0.00, 1.00
7610, 0, 286.902, 0.98, 1, 0.05, 0.11, 0.00, 0.00, 0.01, 0.00, 0.00, 0.00, 0.54, 0.00, 0.00, 1.71, 0.45, 0.47, 0.34, 0.52, 0.49, 0.00, 0.00, 0.00, 1.00, 0.00, 0.00, 0.00, 0.00, 0.00, 0.00, 1.00, 1.00, 0.00, 1.00, 0.00, 0.00, 0.00, 1.00
7611, 0, 286.940, 0.93, 1, 0.07, 0.10, 0.00, 0.00, 0.01, 0.00, 0.00, 0.00, 0.46, 0.00, 0.00, 1.42, 0.21, 0.39, 0.24, 0.38, 0.95, 0.00, 0.00, 0.00, 1.00, 0.00, 0.00, 0.00, 0.00, 0.00, 0.00, 1.00, 1.00, 0.00, 1.00, 0.00, 0.00, 0.00, 1.00
7612, 0, 286.978, 0.88, 1, 0.07, 0.10, 0.00, 0.00, 0.00, 0.00, 0.00, 0.00, 0.40, 0.00, 0.00, 1.14, 0.00, 0.27, 0.22, 0.15, 1.41, 0.00, 0.00, 0.00, 1.00, 0.00, 0.00, 0.00, 0.00, 0.00, 0.00, 1.00, 1.00, 0.00, 1.00, 0.00, 0.00, 0.00, 1.00
7613, 0, 287.015, 0.88, 1, 0.02, 0.00, 0.00, 0.00, 0.00, 0.00, 0.00, 0.00, 0.36, 0.00, 0.00, 1.06, 0.13, 0.30, 0.35, 0.31, 1.40, 0.00, 0.00, 0.00, 1.00, 0.00, 0.00, 0.00, 0.00, 0.00, 0.00, 1.00, 1.00, 0.00, 1.00, 1.00, 0.00, 0.00, 1.00
7614, 0, 287.053, 0.88, 1, 0.00, 0.05, 0.00, 0.00, 0.00, 0.00, 0.00, 0.00, 0.36, 0.00, 0.00, 0.84, 0.19, 0.22, 0.32, 0.61, 1.42, 0.00, 0.00, 0.00, 1.00, 0.00, 0.00, 0.00, 0.00, 0.00, 0.00, 1.00, 1.00, 0.00, 1.00, 1.00, 0.00, 0.00, 1.00
7615, 0, 287.091, 0.88, 1, 0.00, 0.05, 0.00, 0.00, 0.00, 0.00, 0.00, 0.00, 0.27, 0.00, 0.00, 0.60, 0.19, 0.19, 0.24, 0.96, 1.13, 0.00, 0.00, 0.00, 1.00, 0.00, 0.00, 0.00, 0.00, 0.00, 0.00, 0.00, 1.00, 0.00, 1.00, 1.00, 0.00, 0.00, 1.00
7616, 0, 287.128, 0.88, 1, 0.00, 0.05, 0.00, 0.00, 0.00, 0.00, 0.00, 0.00, 0.23, 0.00, 0.00, 0.43, 0.06, 0.10, 0.27, 1.06, 0.94, 0.00, 0.00, 0.00, 1.00, 0.00, 0.00, 0.00, 0.00, 0.00, 0.00, 0.00, 1.00, 0.00, 1.00, 1.00, 0.00, 0.00, 1.00
7617, 0, 287.166, 0.93, 1, 0.00, 0.00, 0.00, 0.00, 0.00, 0.00, 0.00, 0.00, 0.17, 0.00, 0.00, 0.52, 0.00, 0.11, 0.42, 1.09, 0.73, 0.00, 0.00, 0.00, 1.00, 0.00, 0.00, 0.00, 0.00, 0.00, 0.00, 0.00, 1.00, 0.00, 1.00, 1.00, 0.00, 0.00, 1.00
7618, 0, 287.204, 0.93, 1, 0.00, 0.00, 0.00, 0.00, 0.00, 0.00, 0.00, 0.00, 0.21, 0.00, 0.00, 0.59, 0.05, 0.09, 0.64, 1.40, 0.85, 0.00, 0.00, 0.00, 1.00, 0.00, 0.00, 0.00, 0.00, 0.00, 0.00, 0.00, 1.00, 0.00, 1.00, 1.00, 0.00, 0.00, 1.00
7619, 0, 287.242, 0.93, 1, 0.00, 0.00, 0.00, 0.00, 0.03, 0.00, 0.00, 0.00, 0.32, 0.00, 0.00, 0.60, 0.30, 0.14, 0.93, 1.81, 0.96, 0.00, 0.00, 0.00, 1.00, 0.00, 0.00, 0.00, 0.00, 0.00, 0.00, 0.00, 1.00, 0.00, 1.00, 1.00, 1.00, 0.00, 1.00
7620, 0, 287.279, 0.93, 1, 0.00, 0.00, 0.00, 0.00, 0.10, 0.00, 0.00, 0.25, 0.59, 0.00, 0.00, 0.73, 0.39, 0.10, 1.15, 2.40, 0.93, 0.00, 0.00, 0.00, 1.00, 0.00, 0.00, 0.00, 0.00, 0.00, 0.00, 0.00, 0.00, 0.00, 1.00, 1.00, 1.00, 0.00, 1.00
7621, 0, 287.317, 0.93, 1, 0.07, 0.00, 0.00, 0.00, 0.10, 0.00, 0.00, 0.28, 0.61, 0.00, 0.00, 0.71, 0.35, 0.06, 1.45, 2.84, 0.80, 0.00, 0.00, 0.00, 1.00, 0.00, 0.00, 0.00, 0.00, 0.00, 0.00, 0.00, 0.00, 0.00, 1.00, 1.00, 1.00, 0.00, 1.00
7622, 0, 287.355, 0.98, 1, 0.12, 0.00, 0.00, 0.00, 0.07, 0.00, 0.00, 0.29, 0.55, 0.00, 0.02, 0.73, 0.10, 0.00, 1.58, 3.13, 0.56, 0.00, 0.00, 0.00, 1.00, 0.00, 0.00, 0.00, 0.00, 0.00, 0.00, 0.00, 0.00, 0.00, 1.00, 1.00, 1.00, 0.00, 1.00
7623, 0, 287.392, 0.98, 1, 0.41, 0.26, 0.28, 0.00, 0.00, 0.00, 0.00, 0.60, 0.34, 0.11, 0.40, 0.63, 0.00, 0.14, 1.61, 2.84, 0.31, 0.00, 0.00, 0.00, 1.00, 0.00, 0.00, 0.00, 0.00, 0.00, 0.00, 1.00, 0.00, 0.00, 0.00, 1.00, 1.00, 0.00, 1.00
7624, 0, 287.430, 0.88, 1, 0.34, 0.26, 0.28, 0.00, 0.00, 0.00, 0.00, 0.99, 0.30, 0.11, 0.78, 0.73, 0.36, 0.21, 1.26, 2.09, 0.16, 0.00, 0.00, 0.00, 1.00, 0.00, 0.00, 0.00, 0.00, 0.00, 0.00, 1.00, 0.00, 0.00, 0.00, 1.00, 0.00, 0.00, 0.00
7625, 0, 287.468, 0.93, 1, 0.31, 0.26, 0.28, 0.00, 0.00, 0.00, 0.00, 1.92, 0.19, 0.11, 1.28, 0.62, 0.36, 0.21, 1.27, 1.06, 0.00, 0.00, 0.00, 0.00, 1.00, 0.00, 0.00, 0.00, 0.00, 0.00, 0.00, 1.00, 0.00, 0.00, 0.00, 0.00, 0.00, 0.00, 0.00
7626, 0, 287.505, 0.98, 1, 0.06, 0.00, 0.00, 0.00, 0.01, 0.00, 0.00, 2.24, 0.07, 0.00, 1.64, 0.53, 0.36, 0.08, 1.45, 0.37, 0.00, 0.00, 0.00, 0.00, 1.00, 0.00, 0.00, 0.00, 1.00, 0.00, 0.00, 1.00, 0.00, 0.00, 1.00, 0.00, 0.00, 0.00, 0.00
7627, 0, 287.543, 0.98, 1, 0.22, 0.00, 0.00, 0.00, 0.04, 0.00, 0.00, 2.69, 0.01, 0.00, 1.60, 0.45, 0.16, 0.04, 1.59, 0.00, 0.00, 0.00, 0.00, 0.00, 1.00, 0.00, 0.00, 0.00, 1.00, 0.00, 0.00, 1.00, 0.00, 0.00, 1.00, 0.00, 0.00, 0.00, 0.00
7628, 0, 287.581, 0.98, 1, 0.34, 0.00, 0.00, 0.00, 0.04, 0.14, 0.05, 2.33, 0.01, 0.16, 1.17, 0.52, 0.16, 0.07, 1.26, 0.07, 0.00, 0.00, 0.00, 0.00, 1.00, 0.00, 0.00, 0.00, 1.00, 0.00, 0.00, 1.00, 0.00, 0.00, 1.00, 0.00, 0.00, 0.00, 0.00
7629, 0, 287.619, 0.98, 1, 0.48, 0.00, 0.00, 0.00, 0.04, 0.35, 0.05, 2.06, 0.04, 0.45, 0.62, 0.61, 0.16, 0.07, 0.88, 0.34, 0.00, 0.00, 0.00, 0.00, 1.00, 0.00, 0.00, 0.00, 1.00, 0.00, 0.00, 1.00, 0.00, 0.00, 1.00, 0.00, 0.00, 0.00, 0.00
7630, 0, 287.656, 0.98, 1, 0.34, 0.00, 0.00, 0.00, 0.01, 0.35, 0.05, 1.44, 0.03, 0.67, 0.57, 0.51, 0.08, 0.13, 1.01, 0.67, 0.00, 0.00, 0.00, 0.00, 1.00, 0.00, 0.00, 0.00, 1.00, 0.00, 0.00, 0.00, 0.00, 0.00, 1.00, 0.00, 0.00, 0.00, 0.00
7631, 0, 287.694, 0.98, 1, 0.19, 0.00, 0.00, 0.00, 0.05, 0.27, 0.00, 1.17, 0.20, 0.76, 0.88, 0.58, 0.08, 0.23, 1.21, 0.95, 0.00, 0.00, 0.00, 0.00, 1.00, 0.00, 0.00, 0.00, 1.00, 0.00, 0.00, 0.00, 0.00, 0.00, 1.00, 0.00, 0.00, 0.00, 0.00
7632, 0, 287.732, 0.93, 1, 0.01, 0.00, 0.00, 0.00, 0.09, 0.06, 0.00, 0.86, 0.37, 0.78, 1.07, 0.56, 0.08, 0.37, 1.42, 1.03, 0.00, 0.00, 0.00, 0.00, 1.00, 0.00, 0.00, 0.00, 1.00, 0.00, 1.00, 0.00, 0.00, 0.00, 1.00, 0.00, 0.00, 0.00, 0.00
7633, 0, 287.769, 0.93, 1, 0.00, 0.00, 0.00, 0.00, 0.14, 0.06, 0.00, 1.00, 0.60, 0.93, 1.03, 0.67, 0.08, 0.42, 1.29, 1.00, 0.00, 0.00, 0.00, 0.00, 1.00, 0.00, 0.00, 0.00, 1.00, 0.00, 1.00, 0.00, 0.00, 0.00, 1.00, 0.00, 0.00, 0.00, 0.00
7634, 0, 287.807, 0.98, 1, 0.00, 0.00, 0.00, 0.00, 0.22, 0.16, 0.00, 1.18, 0.73, 1.03, 0.63, 0.69, 0.08, 0.44, 1.16, 0.84, 0.00, 0.00, 0.00, 0.00, 1.00, 0.00, 0.00, 0.00, 1.00, 0.00, 1.00, 0.00, 0.00, 0.00, 1.00, 0.00, 0.00, 0.00, 0.00
7635, 0, 287.845, 0.98, 1, 0.00, 0.00, 0.05, 0.00, 0.21, 0.16, 0.00, 1.43, 0.80, 0.87, 0.90, 0.98, 0.08, 0.41, 1.23, 0.76, 0.00, 0.00, 0.00, 0.00, 1.00, 0.00, 0.00, 0.00, 1.00, 0.00, 1.00, 0.00, 0.00, 0.00, 1.00, 0.00, 0.00, 0.00, 0.00
7636, 0, 287.882, 0.98, 1, 0.00, 0.00, 0.05, 0.00, 0.19, 0.16, 0.00, 1.68, 0.84, 0.70, 0.85, 1.15, 0.21, 0.31, 1.54, 0.85, 0.00, 0.00, 0.00, 0.00, 1.00, 0.00, 0.00, 0.00, 1.00, 0.00, 0.00, 0.00, 0.00, 0.00, 1.00, 0.00, 0.00, 0.00, 0.00
7637, 0, 287.920, 0.98, 1, 0.00, 0.00, 0.05, 0.00, 0.08, 0.21, 0.00, 1.68, 0.83, 0.59, 1.02, 1.03, 0.33, 0.25, 1.80, 0.96, 0.00, 0.00, 0.00, 0.00, 1.00, 0.00, 0.00, 0.00, 1.00, 0.00, 0.00, 0.00, 0.00, 0.00, 1.00, 1.00, 0.00, 0.00, 0.00
7638, 0, 287.958, 0.98, 1, 0.00, 0.00, 0.00, 0.00, 0.09, 0.32, 0.00, 1.64, 0.87, 0.74, 0.38, 0.75, 0.48, 0.28, 1.93, 0.85, 0.05, 0.00, 0.00, 0.00, 1.00, 0.00, 0.00, 0.00, 1.00, 1.00, 0.00, 0.00, 0.00, 0.00, 1.00, 1.00, 0.00, 0.00, 1.00
7639, 0, 287.996, 0.98, 1, 0.00, 0.00, 0.00, 0.00, 0.12, 0.43, 0.00, 1.42, 0.86, 0.81, 0.18, 0.62, 0.35, 0.46, 1.88, 0.85, 0.22, 0.00, 0.00, 0.00, 1.00, 0.00, 0.00, 0.00, 1.00, 1.00, 0.00, 0.00, 0.00, 0.00, 1.00, 1.00, 0.00, 0.00, 1.00
7640, 0, 288.033, 0.98, 1, 0.00, 0.00, 0.00, 0.00, 0.18, 0.22, 0.00, 1.52, 1.01, 0.96, 0.00, 0.66, 0.38, 0.42, 1.89, 1.16, 0.22, 0.00, 0.00, 0.00, 1.00, 0.00, 0.00, 0.00, 1.00, 1.00, 0.00, 0.00, 0.00, 0.00, 1.00, 1.00, 0.00, 0.00, 1.00
7641, 0, 288.071, 0.98, 1, 0.00, 0.00, 0.00, 0.00, 0.23, 0.11, 0.00, 1.55, 1.18, 1.25, 0.00, 0.45, 0.30, 0.28, 2.02, 1.55, 0.17, 0.00, 0.00, 0.00, 1.00, 0.00, 0.00, 0.00, 1.00, 1.00, 0.00, 0.00, 0.00, 0.00, 0.00, 1.00, 0.00, 0.00, 0.00
7642, 0, 288.109, 0.98, 1, 0.00, 0.00, 0.00, 0.00, 0.31, 0.00, 0.00, 1.79, 1.40, 1.44, 0.10, 0.22, 0.38, 0.04, 2.07, 1.64, 0.01, 0.00, 0.00, 0.00, 1.00, 0.00, 0.00, 0.00, 1.00, 1.00, 1.00, 0.00, 0.00, 0.00, 0.00, 1.00, 0.00, 0.00, 0.00
7643, 0, 288.146, 0.98, 1, 0.00, 0.00, 0.00, 0.00, 0.38, 0.03, 0.02, 1.88, 1.47, 1.57, 0.10, 0.05, 0.31, 0.01, 2.17, 1.53, 0.08, 0.00, 0.00, 0.00, 1.00, 0.00, 0.00, 0.00, 1.00, 1.00, 1.00, 0.00, 0.00, 0.00, 0.00, 1.00, 0.00, 0.00, 0.00
7644, 0, 288.184, 0.98, 1, 0.00, 0.00, 0.00, 0.00, 0.50, 0.03, 0.03, 2.07, 1.49, 1.42, 0.10, 0.19, 0.26, 0.00, 2.04, 1.37, 0.23, 0.00, 0.00, 0.00, 1.00, 0.00, 0.00, 0.00, 1.00, 1.00, 1.00, 0.00, 0.00, 0.00, 0.00, 1.00, 0.00, 0.00, 0.00
7645, 0, 288.222, 0.98, 1, 0.00, 0.00, 0.00, 0.02, 0.49, 0.21, 0.05, 2.10, 1.47, 1.25, 0.00, 0.36, 0.31, 0.11, 1.72, 0.97, 0.22, 0.00, 0.00, 0.00, 1.00, 0.00, 0.00, 0.00, 1.00, 1.00, 1.00, 0.00, 0.00, 0.00, 0.00, 1.00, 0.00, 0.00, 0.00
7646, 0, 288.260, 0.98, 1, 0.00, 0.00, 0.00, 0.07, 0.44, 0.24, 0.04, 2.00, 1.29, 1.07, 0.05, 0.39, 0.42, 0.19, 1.44, 0.47, 0.14, 0.00, 0.00, 0.00, 1.00, 0.00, 0.00, 0.00, 1.00, 1.00, 1.00, 0.00, 0.00, 0.00, 0.00, 1.00, 0.00, 0.00, 0.00
7647, 0, 288.297, 0.98, 1, 0.00, 0.00, 0.00, 0.07, 0.32, 0.24, 0.03, 1.76, 1.12, 0.96, 0.05, 0.29, 0.44, 0.35, 1.17, 0.07, 0.00, 0.00, 1.00, 0.00, 1.00, 0.00, 0.00, 0.00, 1.00, 1.00, 0.00, 0.00, 0.00, 0.00, 0.00, 1.00, 0.00, 0.00, 0.00
7648, 0, 288.335, 0.98, 1, 0.00, 0.00, 0.00, 0.07, 0.33, 0.07, 0.00, 1.71, 1.09, 0.69, 0.05, 0.24, 0.25, 0.30, 1.19, 0.00, 0.00, 0.00, 1.00, 0.00, 1.00, 0.00, 0.00, 0.00, 1.00, 1.00, 0.00, 0.00, 0.00, 0.00, 0.00, 1.00, 0.00, 0.00, 0.00
7649, 0, 288.373, 0.98, 1, 0.00, 0.00, 0.00, 0.02, 0.35, 0.00, 0.00, 1.79, 1.19, 0.38, 0.00, 0.38, 0.06, 0.28, 1.23, 0.02, 0.00, 0.00, 1.00, 0.00, 1.00, 0.00, 0.00, 0.00, 1.00, 1.00, 0.00, 0.00, 0.00, 0.00, 0.00, 1.00, 0.00, 0.00, 0.00
7650, 0, 288.410, 0.98, 1, 0.02, 0.00, 0.00, 0.04, 0.34, 0.28, 0.00, 1.83, 1.28, 0.41, 0.03, 0.42, 0.35, 0.12, 1.41, 0.20, 0.00, 0.00, 1.00, 0.00, 1.00, 0.00, 0.00, 0.00, 1.00, 1.00, 1.00, 0.00, 0.00, 0.00, 0.00, 1.00, 0.00, 0.00, 0.00
7651, 0, 288.448, 0.93, 1, 0.02, 0.03, 0.00, 0.06, 0.30, 0.57, 0.00, 1.79, 1.30, 0.80, 0.03, 0.41, 0.54, 0.07, 1.52, 0.56, 0.00, 0.00, 1.00, 0.00, 1.00, 0.00, 0.00, 0.00, 1.00, 1.00, 1.00, 0.00, 0.00, 0.00, 0.00, 1.00, 1.00, 0.00, 0.00
7652, 0, 288.486, 0.98, 1, 0.02, 0.14, 0.00, 0.11, 0.20, 0.72, 0.01, 1.64, 1.33, 1.25, 0.03, 0.44, 0.80, 0.14, 1.57, 0.93, 0.00, 0.00, 1.00, 0.00, 1.00, 0.00, 0.00, 0.00, 1.00, 1.00, 1.00, 1.00, 0.00, 0.00, 0.00, 1.00, 1.00, 0.00, 0.00
7653, 0, 288.523, 0.98, 1, 0.00, 0.14, 0.00, 0.13, 0.23, 0.69, 0.01, 1.66, 1.40, 1.39, 0.00, 0.48, 0.73, 0.28, 1.51, 1.17, 0.00, 0.00, 1.00, 0.00, 1.00, 0.00, 0.00, 0.00, 1.00, 1.00, 1.00, 1.00, 0.00, 0.00, 0.00, 1.00, 1.00, 0.00, 0.00
7654, 0, 288.561, 0.98, 1, 0.00, 0.11, 0.00, 0.11, 0.30, 0.62, 0.01, 1.64, 1.48, 1.57, 0.00, 0.50, 0.69, 0.40, 1.40, 1.11, 0.00, 0.00, 1.00, 0.00, 1.00, 0.00, 0.00, 0.00, 1.00, 1.00, 1.00, 0.00, 0.00, 0.00, 0.00, 1.00, 1.00, 0.00, 0.00
7655, 0, 288.599, 0.98, 1, 0.00, 0.00, 0.00, 0.05, 0.27, 0.53, 0.00, 1.76, 1.45, 1.72, 0.09, 0.65, 0.45, 0.30, 1.53, 1.25, 0.01, 0.00, 0.00, 0.00, 1.00, 0.00, 0.00, 0.00, 1.00, 1.00, 1.00, 0.00, 0.00, 0.00, 0.00, 1.00, 1.00, 0.00, 0.00
7656, 0, 288.637, 0.93, 1, 0.00, 0.00, 0.00, 0.00, 0.25, 0.49, 0.00, 1.84, 1.39, 1.67, 0.27, 0.78, 0.24, 0.31, 1.70, 1.30, 0.01, 0.00, 0.00, 0.00, 1.00, 0.00, 0.00, 0.00, 1.00, 1.00, 1.00, 0.00, 0.00, 0.00, 0.00, 1.00, 1.00, 0.00, 0.00
7657, 0, 288.674, 0.98, 1, 0.00, 0.00, 0.00, 0.00, 0.21, 0.54, 0.00, 1.84, 1.36, 1.48, 0.43, 0.91, 0.08, 0.40, 1.91, 1.37, 0.03, 0.00, 0.00, 0.00, 1.00, 0.00, 0.00, 0.00, 1.00, 1.00, 1.00, 0.00, 0.00, 0.00, 1.00, 1.00, 0.00, 0.00, 0.00
7658, 0, 288.712, 0.98, 1, 0.00, 0.00, 0.00, 0.00, 0.28, 0.68, 0.00, 1.76, 1.37, 1.17, 0.35, 0.85, 0.06, 0.45, 1.67, 1.22, 0.17, 0.00, 0.00, 0.00, 1.00, 0.00, 0.00, 0.00, 1.00, 1.00, 0.00, 0.00, 0.00, 0.00, 1.00, 1.00, 0.00, 0.00, 0.00
7659, 0, 288.750, 0.98, 1, 0.00, 0.00, 0.00, 0.00, 0.24, 0.61, 0.00, 1.68, 1.41, 0.98, 0.18, 0.79, 0.02, 0.37, 1.43, 1.01, 0.17, 0.00, 0.00, 0.00, 1.00, 0.00, 0.00, 0.00, 1.00, 1.00, 0.00, 0.00, 1.00, 0.00, 0.00, 1.00, 0.00, 0.00, 0.00
7660, 0, 288.787, 0.98, 1, 0.00, 0.00, 0.00, 0.00, 0.18, 0.34, 0.00, 1.68, 1.33, 0.77, 0.66, 0.73, 0.05, 0.25, 1.57, 1.06, 0.16, 0.00, 0.00, 0.00, 1.00, 0.00, 0.00, 0.00, 1.00, 1.00, 0.00, 0.00, 1.00, 0.00, 0.00, 1.00, 0.00, 0.00, 0.00
7661, 0, 288.825, 0.98, 1, 0.00, 0.00, 0.00, 0.00, 0.15, 0.14, 0.00, 1.77, 1.38, 0.77, 0.64, 0.72, 0.05, 0.32, 1.81, 1.04, 0.00, 0.00, 0.00, 0.00, 1.00, 0.00, 0.00, 0.00, 1.00, 1.00, 0.00, 0.00, 1.00, 0.00, 0.00, 1.00, 0.00, 0.00, 0.00
7662, 0, 288.863, 0.98, 1, 0.00, 0.00, 0.00, 0.00, 0.19, 0.00, 0.00, 1.83, 1.36, 0.80, 1.04, 1.03, 0.05, 0.39, 2.06, 1.01, 0.00, 0.00, 0.00, 0.00, 1.00, 0.00, 0.00, 0.00, 1.00, 1.00, 0.00, 0.00, 1.00, 0.00, 0.00, 1.00, 0.00, 0.00, 0.00
7663, 0, 288.901, 0.98, 1, 0.00, 0.00, 0.00, 0.00, 0.19, 0.00, 0.00, 1.92, 1.41, 0.98, 0.64, 1.15, 0.00, 0.36, 2.05, 0.73, 0.00, 0.00, 0.00, 0.00, 1.00, 0.00, 0.00, 0.00, 1.00, 1.00, 0.00, 0.00, 1.00, 0.00, 0.00, 1.00, 0.00, 0.00, 0.00
7664, 0, 288.938, 0.98, 1, 0.00, 0.00, 0.00, 0.00, 0.15, 0.00, 0.00, 1.89, 1.41, 1.23, 0.77, 1.23, 0.00, 0.19, 2.11, 0.51, 0.11, 0.00, 0.00, 0.00, 1.00, 0.00, 0.00, 0.00, 1.00, 1.00, 0.00, 0.00, 1.00, 0.00, 0.00, 1.00, 0.00, 0.00, 1.00
7665, 0, 288.976, 0.88, 1, 0.00, 0.00, 0.00, 0.00, 0.06, 0.00, 0.00, 1.57, 1.43, 1.17, 0.41, 0.85, 0.04, 0.06, 2.12, 0.46, 0.35, 0.00, 0.00, 0.00, 1.00, 0.00, 0.00, 0.00, 1.00, 1.00, 0.00, 0.00, 1.00, 0.00, 1.00, 1.00, 0.00, 0.00, 1.00
7666, 0, 289.014, 0.93, 1, 0.00, 0.00, 0.00, 0.00, 0.05, 0.00, 0.00, 1.35, 1.56, 1.06, 0.26, 0.66, 0.04, 0.01, 1.93, 0.66, 0.45, 0.00, 0.00, 0.00, 1.00, 0.00, 0.00, 0.00, 1.00, 1.00, 0.00, 0.00, 0.00, 0.00, 1.00, 1.00, 0.00, 0.00, 1.00
7667, 0, 289.051, 0.93, 1, 0.00, 0.00, 0.00, 0.00, 0.11, 0.00, 0.00, 1.16, 1.67, 0.75, 0.20, 0.42, 0.04, 0.01, 1.79, 0.82, 0.47, 0.00, 0.00, 0.00, 1.00, 0.00, 0.00, 0.00, 1.00, 1.00, 1.00, 0.00, 0.00, 0.00, 1.00, 1.00, 0.00, 0.00, 0.00
7668, 0, 289.089, 0.93, 1, 0.00, 0.00, 0.00, 0.00, 0.21, 0.00, 0.00, 1.40, 1.84, 0.90, 0.16, 0.30, 0.00, 0.01, 1.83, 0.91, 0.48, 0.00, 0.00, 0.00, 1.00, 0.00, 0.00, 0.00, 1.00, 1.00, 0.00, 0.00, 0.00, 0.00, 1.00, 1.00, 0.00, 0.00, 0.00
7669, 0, 289.127, 0.98, 1, 0.00, 0.00, 0.00, 0.00, 0.33, 0.00, 0.00, 1.46, 1.90, 1.10, 0.08, 0.30, 0.00, 0.00, 2.05, 0.99, 0.57, 0.00, 0.00, 0.00, 1.00, 0.00, 0.00, 0.00, 1.00, 1.00, 0.00, 0.00, 0.00, 0.00, 1.00, 1.00, 0.00, 0.00, 0.00
7670, 0, 289.164, 0.98, 1, 0.00, 0.00, 0.00, 0.00, 0.38, 0.00, 0.00, 1.63, 1.82, 1.05, 1.54, 0.41, 0.22, 0.00, 2.81, 1.22, 0.54, 0.00, 0.00, 0.00, 1.00, 0.00, 0.00, 0.00, 1.00, 1.00, 0.00, 0.00, 0.00, 0.00, 1.00, 1.00, 0.00, 0.00, 0.00
7671, 0, 289.202, 0.98, 1, 0.00, 0.00, 0.00, 0.00, 0.35, 0.00, 0.00, 1.61, 1.76, 1.08, 1.84, 0.55, 0.42, 0.00, 3.03, 1.57, 0.36, 0.00, 0.00, 0.00, 1.00, 0.00, 0.00, 0.00, 1.00, 1.00, 1.00, 0.00, 0.00, 0.00, 1.00, 1.00, 1.00, 0.00, 0.00
7672, 0, 289.240, 0.93, 1, 0.00, 0.00, 0.00, 0.00, 0.28, 0.00, 0.00, 1.52, 1.69, 1.12, 2.18, 0.49, 0.42, 0.04, 3.15, 1.91, 0.17, 0.00, 0.00, 0.00, 1.00, 0.00, 0.00, 0.00, 1.00, 1.00, 1.00, 0.00, 0.00, 0.00, 1.00, 1.00, 1.00, 0.00, 0.00
7673, 0, 289.278, 0.93, 1, 0.00, 0.00, 0.00, 0.00, 0.26, 0.00, 0.00, 1.46, 1.74, 1.48, 0.91, 0.48, 0.20, 0.05, 2.69, 2.17, 0.07, 0.00, 0.00, 0.00, 1.00, 0.00, 0.00, 0.00, 1.00, 1.00, 1.00, 0.00, 0.00, 0.00, 1.00, 1.00, 1.00, 0.00, 0.00
7674, 0, 289.315, 0.93, 1, 0.00, 0.00, 0.00, 0.00, 0.31, 0.00, 0.00, 1.57, 1.80, 1.61, 0.90, 0.65, 0.05, 0.08, 2.61, 2.33, 0.00, 0.00, 0.00, 0.00, 1.00, 0.00, 0.00, 0.00, 1.00, 1.00, 0.00, 0.00, 0.00, 0.00, 1.00, 1.00, 1.00, 0.00, 0.00
7675, 0, 289.353, 0.93, 1, 0.00, 0.00, 0.00, 0.00, 0.34, 0.06, 0.00, 2.12, 1.75, 1.20, 1.31, 0.98, 0.05, 0.04, 2.71, 2.50, 0.00, 0.00, 0.00, 0.00, 1.00, 0.00, 0.00, 0.00, 1.00, 1.00, 0.00, 0.00, 0.00, 0.00, 1.00, 1.00, 1.00, 0.00, 0.00
7676, 0, 289.391, 0.98, 1, 0.00, 0.00, 0.00, 0.00, 0.40, 0.06, 0.00, 2.41, 1.73, 0.82, 1.62, 1.03, 0.05, 0.03, 2.75, 2.28, 0.00, 0.00, 0.00, 0.00, 1.00, 0.00, 0.00, 0.00, 1.00, 1.00, 0.00, 1.00, 0.00, 0.00, 0.00, 1.00, 1.00, 0.00, 0.00
7677, 0, 289.428, 0.98, 1, 0.00, 0.00, 0.00, 0.00, 0.42, 0.26, 0.00, 2.60, 1.61, 0.30, 1.46, 1.06, 0.00, 0.00, 2.65, 1.95, 0.00, 0.00, 1.00, 0.00, 1.00, 0.00, 0.00, 0.00, 1.00, 1.00, 0.00, 1.00, 0.00, 0.00, 0.00, 1.00, 1.00, 0.00, 0.00
7678, 0, 289.466, 0.98, 1, 0.00, 0.00, 0.00, 0.00, 0.54, 0.42, 0.00, 2.35, 1.68, 0.58, 0.76, 0.75, 0.00, 0.00, 2.51, 1.63, 0.00, 0.00, 1.00, 0.00, 1.00, 0.00, 0.00, 0.00, 1.00, 1.00, 0.00, 1.00, 0.00, 0.00, 0.00, 1.00, 1.00, 0.00, 0.00
7679, 0, 289.504, 0.98, 1, 0.00, 0.00, 0.00, 0.00, 0.63, 0.67, 0.00, 2.24, 1.74, 0.80, 0.18, 0.70, 0.00, 0.00, 2.51, 1.67, 0.00, 0.00, 1.00, 0.00, 1.00, 0.00, 0.00, 0.00, 1.00, 1.00, 0.00, 1.00, 0.00, 0.00, 0.00, 1.00, 1.00, 0.00, 0.00
7680, 0, 289.542, 0.98, 1, 0.00, 0.00, 0.00, 0.00, 0.59, 0.69, 0.00, 1.98, 1.66, 0.86, 0.06, 0.51, 0.00, 0.03, 2.48, 1.73, 0.00, 0.00, 1.00, 0.00, 1.00, 0.00, 0.00, 0.00, 1.00, 1.00, 0.00, 1.00, 0.00, 0.00, 0.00, 1.00, 1.00, 0.00, 0.00
7681, 0, 289.579, 0.98, 1, 0.00, 0.00, 0.00, 0.00, 0.47, 0.94, 0.00, 1.72, 1.56, 0.67, 0.01, 0.49, 0.11, 0.09, 2.18, 1.60, 0.00, 0.00, 0.00, 0.00, 1.00, 0.00, 0.00, 0.00, 1.00, 1.00, 0.00, 0.00, 0.00, 0.00, 0.00, 1.00, 1.00, 0.00, 0.00
7682, 0, 289.617, 0.98, 1, 0.00, 0.00, 0.00, 0.00, 0.38, 1.13, 0.00, 1.48, 1.47, 0.48, 0.00, 0.31, 0.11, 0.18, 1.74, 1.44, 0.00, 0.00, 0.00, 0.00, 1.00, 0.00, 0.00, 0.00, 1.00, 1.00, 0.00, 0.00, 0.00, 0.00, 0.00, 1.00, 1.00, 0.00, 0.00
7683, 0, 289.655, 0.98, 1, 0.00, 0.00, 0.00, 0.00, 0.41, 1.26, 0.00, 1.42, 1.54, 0.68, 0.00, 0.27, 0.19, 0.20, 1.64, 1.49, 0.00, 0.00, 0.00, 0.00, 1.00, 0.00, 0.00, 0.00, 1.00, 1.00, 0.00, 0.00, 0.00, 0.00, 0.00, 1.00, 1.00, 0.00, 0.00
7684, 0, 289.692, 0.98, 1, 0.00, 0.00, 0.00, 0.00, 0.39, 0.98, 0.00, 1.46, 1.57, 0.80, 0.00, 0.39, 0.16, 0.14, 1.71, 1.61, 0.00, 0.00, 0.00, 0.00, 1.00, 0.00, 0.00, 0.00, 1.00, 1.00, 0.00, 0.00, 0.00, 0.00, 1.00, 1.00, 1.00, 0.00, 0.00
7685, 0, 289.730, 0.98, 1, 0.00, 0.00, 0.00, 0.00, 0.36, 0.65, 0.00, 1.65, 1.59, 0.86, 0.21, 0.56, 0.16, 0.05, 1.97, 1.76, 0.00, 0.00, 0.00, 0.00, 1.00, 0.00, 0.00, 0.00, 1.00, 1.00, 0.00, 0.00, 0.00, 0.00, 1.00, 1.00, 1.00, 0.00, 0.00
7686, 0, 289.768, 0.98, 1, 0.00, 0.00, 0.00, 0.00, 0.36, 0.31, 0.00, 1.78, 1.61, 0.87, 0.22, 0.54, 0.07, 0.00, 2.19, 1.62, 0.00, 0.00, 0.00, 0.00, 1.00, 0.00, 0.00, 0.00, 1.00, 1.00, 0.00, 0.00, 0.00, 0.00, 1.00, 1.00, 1.00, 0.00, 0.00
7687, 0, 289.805, 0.88, 1, 0.00, 0.00, 0.00, 0.02, 0.36, 0.11, 0.00, 1.94, 1.69, 0.91, 0.22, 0.42, 0.00, 0.00, 2.32, 1.45, 0.00, 0.00, 0.00, 0.00, 1.00, 0.00, 0.00, 0.00, 1.00, 1.00, 1.00, 0.00, 0.00, 0.00, 1.00, 1.00, 1.00, 0.00, 0.00
7688, 0, 289.843, 0.88, 1, 0.00, 0.00, 0.00, 0.02, 0.37, 0.00, 0.00, 1.93, 1.68, 1.10, 0.02, 0.36, 0.00, 0.00, 2.50, 1.45, 0.00, 0.00, 0.00, 0.00, 1.00, 0.00, 0.00, 0.00, 1.00, 1.00, 0.00, 0.00, 0.00, 0.00, 1.00, 1.00, 1.00, 0.00, 0.00
7689, 0, 289.881, 0.88, 1, 0.00, 0.00, 0.00, 0.02, 0.35, 0.07, 0.00, 1.78, 1.62, 1.22, 0.00, 0.40, 0.00, 0.00, 2.40, 1.45, 0.00, 0.00, 0.00, 0.00, 1.00, 0.00, 0.00, 0.00, 1.00, 1.00, 0.00, 0.00, 0.00, 0.00, 1.00, 1.00, 1.00, 0.00, 0.00
7690, 0, 289.919, 0.88, 1, 0.00, 0.00, 0.00, 0.00, 0.32, 0.10, 0.00, 2.06, 1.53, 1.27, 0.05, 0.47, 0.15, 0.00, 2.46, 1.36, 0.00, 0.00, 0.00, 0.00, 1.00, 0.00, 0.00, 0.00, 1.00, 1.00, 0.00, 0.00, 0.00, 0.00, 0.00, 1.00, 0.00, 0.00, 0.00
7691, 0, 289.956, 0.98, 1, 0.00, 0.00, 0.00, 0.00, 0.29, 0.10, 0.00, 2.31, 1.55, 1.30, 0.05, 0.55, 0.23, 0.00, 2.31, 1.22, 0.00, 0.00, 0.00, 0.00, 1.00, 0.00, 0.00, 0.00, 1.00, 1.00, 1.00, 0.00, 0.00, 0.00, 0.00, 1.00, 0.00, 0.00, 0.00
7692, 0, 289.994, 0.98, 1, 0.00, 0.00, 0.00, 0.00, 0.21, 0.03, 0.00, 2.68, 1.55, 1.30, 0.05, 0.60, 0.28, 0.00, 2.30, 1.17, 0.00, 0.00, 0.00, 0.00, 1.00, 0.00, 0.00, 0.00, 1.00, 1.00, 1.00, 0.00, 0.00, 0.00, 0.00, 1.00, 0.00, 0.00, 0.00
7693, 0, 290.032, 0.98, 1, 0.00, 0.00, 0.00, 0.00, 0.15, 0.00, 0.00, 2.61, 1.53, 1.34, 0.00, 0.53, 0.13, 0.00, 2.20, 1.12, 0.00, 0.00, 0.00, 0.00, 1.00, 0.00, 0.00, 0.00, 1.00, 1.00, 1.00, 0.00, 0.00, 0.00, 0.00, 1.00, 0.00, 0.00, 0.00
7694, 0, 290.069, 0.98, 1, 0.00, 0.00, 0.00, 0.00, 0.06, 0.00, 0.00, 2.57, 1.54, 1.33, 0.06, 0.50, 0.05, 0.00, 2.19, 0.92, 0.00, 0.00, 0.00, 0.00, 1.00, 0.00, 0.00, 0.00, 1.00, 1.00, 1.00, 0.00, 0.00, 0.00, 0.00, 1.00, 0.00, 0.00, 0.00
7695, 0, 290.107, 0.98, 1, 0.00, 0.00, 0.00, 0.00, 0.11, 0.00, 0.00, 2.46, 1.58, 1.40, 0.06, 0.53, 0.02, 0.00, 2.01, 0.89, 0.00, 0.00, 0.00, 0.00, 1.00, 0.00, 0.00, 0.00, 1.00, 1.00, 1.00, 0.00, 0.00, 0.00, 0.00, 1.00, 0.00, 0.00, 0.00
7696, 0, 290.145, 0.98, 1, 0.00, 0.00, 0.00, 0.00, 0.13, 0.14, 0.00, 2.13, 1.67, 1.23, 0.06, 0.59, 0.15, 0.00, 1.81, 0.89, 0.00, 0.00, 0.00, 0.00, 1.00, 0.00, 0.00, 0.00, 1.00, 1.00, 0.00, 0.00, 0.00, 0.00, 0.00, 1.00, 0.00, 0.00, 0.00
7697, 0, 290.183, 0.98, 1, 0.00, 0.00, 0.00, 0.00, 0.18, 0.20, 0.00, 1.81, 1.72, 0.88, 0.00, 0.69, 0.26, 0.01, 1.54, 0.83, 0.00, 0.00, 0.00, 0.00, 1.00, 0.00, 0.00, 0.00, 1.00, 1.00, 0.00, 1.00, 0.00, 0.00, 0.00, 1.00, 0.00, 0.00, 0.00
7698, 0, 290.220, 0.98, 1, 0.00, 0.00, 0.00, 0.00, 0.17, 0.44, 0.00, 1.61, 1.80, 0.64, 0.05, 0.70, 0.33, 0.01, 1.56, 0.92, 0.00, 0.00, 0.00, 0.00, 1.00, 0.00, 0.00, 0.00, 1.00, 1.00, 0.00, 1.00, 0.00, 0.00, 0.00, 1.00, 0.00, 0.00, 0.00
7699, 0, 290.258, 0.98, 1, 0.00, 0.00, 0.00, 0.00, 0.28, 0.45, 0.02, 1.54, 1.81, 0.69, 0.05, 0.62, 0.37, 0.01, 1.70, 0.92, 0.00, 0.00, 0.00, 0.00, 1.00, 0.00, 0.00, 0.00, 1.00, 1.00, 0.00, 1.00, 0.00, 0.00, 0.00, 1.00, 0.00, 0.00, 0.00
7700, 0, 290.296, 0.98, 1, 0.00, 0.00, 0.00, 0.00, 0.36, 0.39, 0.02, 1.35, 1.75, 0.94, 0.05, 0.58, 0.35, 0.00, 1.87, 1.01, 0.00, 0.00, 0.00, 0.00, 1.00, 0.00, 0.00, 0.00, 1.00, 1.00, 0.00, 0.00, 0.00, 0.00, 0.00, 1.00, 0.00, 0.00, 0.00
7701, 0, 290.333, 0.98, 1, 0.00, 0.00, 0.00, 0.00, 0.43, 0.15, 0.02, 1.22, 1.71, 0.94, 0.02, 0.46, 0.45, 0.00, 1.90, 0.97, 0.00, 0.00, 0.00, 0.00, 1.00, 0.00, 0.00, 0.00, 1.00, 1.00, 0.00, 0.00, 0.00, 0.00, 0.00, 1.00, 0.00, 0.00, 0.00
7702, 0, 290.371, 0.98, 1, 0.00, 0.00, 0.00, 0.00, 0.40, 0.00, 0.00, 1.18, 1.69, 0.82, 0.17, 0.56, 0.49, 0.00, 2.04, 1.19, 0.00, 0.00, 0.00, 0.00, 1.00, 0.00, 0.00, 0.00, 1.00, 1.00, 0.00, 0.00, 0.00, 0.00, 0.00, 1.00, 0.00, 0.00, 0.00
7703, 0, 290.409, 0.98, 1, 0.00, 0.00, 0.00, 0.00, 0.37, 0.00, 0.00, 1.26, 1.74, 0.64, 0.34, 0.47, 0.54, 0.00, 2.19, 1.51, 0.00, 0.00, 0.00, 0.00, 1.00, 0.00, 0.00, 0.00, 1.00, 1.00, 0.00, 0.00, 0.00, 0.00, 0.00, 1.00, 0.00, 0.00, 0.00
7704, 0, 290.446, 0.98, 1, 0.00, 0.00, 0.00, 0.00, 0.32, 0.04, 0.00, 1.14, 1.74, 0.71, 0.53, 0.46, 0.53, 0.00, 2.31, 1.55, 0.00, 0.00, 0.00, 0.00, 1.00, 0.00, 0.00, 0.00, 1.00, 1.00, 0.00, 0.00, 0.00, 0.00, 0.00, 1.00, 0.00, 0.00, 0.00
7705, 0, 290.484, 0.98, 1, 0.00, 0.00, 0.00, 0.00, 0.26, 0.04, 0.00, 1.27, 1.72, 1.15, 0.64, 0.39, 0.32, 0.00, 2.13, 1.45, 0.00, 0.00, 0.00, 0.00, 1.00, 0.00, 0.00, 0.00, 1.00, 1.00, 0.00, 0.00, 0.00, 0.00, 0.00, 1.00, 0.00, 0.00, 0.00
7706, 0, 290.522, 0.93, 1, 0.00, 0.00, 0.00, 0.00, 0.25, 0.03, 0.00, 1.46, 1.73, 1.57, 0.47, 0.35, 0.23, 0.00, 1.78, 1.30, 0.00, 0.00, 0.00, 0.00, 1.00, 0.00, 0.00, 0.00, 1.00, 1.00, 0.00, 0.00, 0.00, 0.00, 0.00, 1.00, 0.00, 0.00, 0.00
7707, 0, 290.560, 0.93, 1, 0.00, 0.00, 0.00, 0.00, 0.20, 0.00, 0.00, 1.90, 1.77, 1.73, 0.47, 0.33, 0.20, 0.00, 1.58, 1.28, 0.00, 0.00, 0.00, 0.00, 1.00, 0.00, 0.00, 0.00, 1.00, 1.00, 0.00, 0.00, 0.00, 0.00, 0.00, 1.00, 0.00, 0.00, 0.00
7708, 0, 290.597, 0.93, 1, 0.00, 0.00, 0.00, 0.00, 0.22, 0.00, 0.00, 1.98, 1.79, 1.56, 0.28, 0.43, 0.24, 0.01, 1.56, 1.16, 0.00, 0.00, 0.00, 0.00, 1.00, 0.00, 0.00, 0.00, 1.00, 1.00, 0.00, 0.00, 0.00, 0.00, 0.00, 1.00, 0.00, 0.00, 0.00
7709, 0, 290.635, 0.88, 1, 0.00, 0.00, 0.00, 0.00, 0.18, 0.00, 0.05, 1.85, 1.72, 1.23, 0.28, 0.43, 0.37, 0.00, 1.79, 0.86, 0.00, 0.00, 0.00, 0.00, 1.00, 0.00, 0.00, 0.00, 1.00, 1.00, 1.00, 0.00, 0.00, 0.00, 0.00, 1.00, 0.00, 0.00, 0.00
7710, 0, 290.673, 0.88, 1, 0.00, 0.00, 0.00, 0.00, 0.28, 0.00, 0.05, 1.74, 1.78, 1.11, 0.22, 0.38, 0.47, 0.00, 1.95, 0.73, 0.02, 0.00, 0.00, 0.00, 1.00, 0.00, 0.00, 0.00, 1.00, 1.00, 1.00, 0.00, 0.00, 0.00, 0.00, 1.00, 0.00, 0.00, 0.00
7711, 0, 290.710, 0.88, 1, 0.00, 0.00, 0.00, 0.00, 0.34, 0.00, 0.05, 1.58, 1.86, 1.05, 0.17, 0.16, 0.62, 0.00, 2.14, 0.94, 0.02, 0.00, 0.00, 0.00, 1.00, 0.00, 0.00, 0.00, 1.00, 1.00, 1.00, 0.00, 0.00, 0.00, 0.00, 1.00, 0.00, 0.00, 0.00
7712, 0, 290.748, 0.88, 1, 0.00, 0.00, 0.00, 0.00, 0.33, 0.00, 0.00, 1.63, 2.00, 1.14, 0.17, 0.02, 0.63, 0.00, 2.26, 1.41, 0.02, 0.00, 0.00, 0.00, 1.00, 0.00, 0.00, 0.00, 1.00, 1.00, 1.00, 0.00, 0.00, 0.00, 0.00, 1.00, 0.00, 0.00, 0.00
7713, 0, 290.786, 0.88, 1, 0.00, 0.00, 0.00, 0.00, 0.31, 0.00, 0.00, 1.37, 2.00, 1.16, 0.03, 0.13, 0.67, 0.00, 2.23, 1.58, 0.00, 0.00, 0.00, 0.00, 1.00, 0.00, 0.00, 0.00, 1.00, 1.00, 1.00, 0.00, 0.00, 0.00, 0.00, 1.00, 0.00, 0.00, 0.00
7714, 0, 290.824, 0.88, 1, 0.00, 0.00, 0.00, 0.00, 0.36, 0.00, 0.00, 1.25, 2.02, 1.21, 0.00, 0.31, 0.75, 0.03, 2.09, 1.60, 0.00, 0.00, 0.00, 0.00, 1.00, 0.00, 0.00, 0.00, 1.00, 1.00, 1.00, 0.00, 0.00, 0.00, 0.00, 1.00, 0.00, 0.00, 0.00
7715, 0, 290.861, 0.88, 1, 0.00, 0.00, 0.00, 0.00, 0.38, 0.00, 0.00, 1.26, 2.06, 1.35, 0.00, 0.49, 0.62, 0.09, 2.20, 1.74, 0.00, 0.00, 0.00, 0.00, 1.00, 0.00, 0.00, 0.00, 1.00, 1.00, 1.00, 0.00, 0.00, 0.00, 0.00, 1.00, 0.00, 0.00, 0.00
7716, 0, 290.899, 0.88, 1, 0.00, 0.00, 0.00, 0.00, 0.25, 0.00, 0.00, 1.37, 2.06, 1.31, 0.00, 0.37, 0.42, 0.19, 2.29, 2.00, 0.00, 0.00, 0.00, 0.00, 1.00, 0.00, 0.00, 0.00, 1.00, 1.00, 1.00, 0.00, 0.00, 0.00, 0.00, 1.00, 1.00, 0.00, 0.00
7717, 0, 290.937, 0.93, 1, 0.00, 0.00, 0.00, 0.00, 0.10, 0.00, 0.00, 1.55, 2.00, 1.01, 0.00, 0.19, 0.30, 0.16, 2.43, 2.12, 0.00, 0.00, 0.00, 0.00, 1.00, 0.00, 0.00, 0.00, 1.00, 1.00, 1.00, 0.00, 0.00, 0.00, 0.00, 1.00, 1.00, 0.00, 0.00
7718, 0, 290.974, 0.88, 1, 0.00, 0.00, 0.00, 0.00, 0.15, 0.00, 0.00, 1.55, 2.00, 0.92, 0.00, 0.01, 0.23, 0.10, 2.15, 1.94, 0.00, 0.00, 0.00, 0.00, 1.00, 0.00, 0.00, 0.00, 1.00, 1.00, 1.00, 0.00, 0.00, 0.00, 0.00, 1.00, 1.00, 0.00, 0.00
7719, 0, 291.012, 0.93, 1, 0.00, 0.00, 0.00, 0.00, 0.26, 0.00, 0.00, 1.69, 1.98, 1.14, 0.00, 0.01, 0.23, 0.02, 2.09, 1.57, 0.00, 0.00, 0.00, 0.00, 1.00, 0.00, 0.00, 0.00, 1.00, 1.00, 1.00, 0.00, 0.00, 0.00, 0.00, 1.00, 1.00, 0.00, 0.00
7720, 0, 291.050, 0.88, 1, 0.00, 0.00, 0.00, 0.00, 0.34, 0.10, 0.00, 1.60, 1.95, 1.74, 0.17, 0.15, 0.07, 0.08, 1.94, 1.61, 0.00, 0.00, 0.00, 0.00, 1.00, 0.00, 0.00, 0.00, 1.00, 1.00, 1.00, 0.00, 0.00, 0.00, 0.00, 1.00, 1.00, 0.00, 0.00
7721, 0, 291.087, 0.88, 1, 0.00, 0.00, 0.00, 0.00, 0.31, 0.21, 0.00, 1.60, 1.84, 1.92, 0.23, 0.20, 0.06, 0.08, 2.03, 1.86, 0.00, 0.00, 0.00, 0.00, 1.00, 0.00, 0.00, 0.00, 1.00, 1.00, 1.00, 0.00, 0.00, 0.00, 0.00, 1.00, 1.00, 0.00, 0.00
7722, 0, 291.125, 0.93, 1, 0.00, 0.00, 0.00, 0.00, 0.26, 0.21, 0.00, 1.56, 1.80, 2.00, 0.23, 0.48, 0.02, 0.09, 2.00, 2.38, 0.00, 0.00, 0.00, 0.00, 1.00, 0.00, 0.00, 0.00, 1.00, 1.00, 1.00, 0.00, 0.00, 0.00, 0.00, 1.00, 1.00, 0.00, 0.00
7723, 0, 291.163, 0.93, 1, 0.00, 0.00, 0.00, 0.00, 0.17, 0.11, 0.00, 1.71, 1.85, 1.88, 0.06, 0.60, 0.03, 0.14, 2.10, 2.52, 0.11, 0.00, 0.00, 0.00, 1.00, 0.00, 0.00, 0.00, 1.00, 1.00, 1.00, 0.00, 0.00, 0.00, 0.00, 1.00, 1.00, 0.00, 0.00
7724, 0, 291.201, 0.88, 1, 0.00, 0.00, 0.00, 0.00, 0.11, 0.00, 0.00, 1.77, 1.83, 1.85, 0.00, 0.81, 0.03, 0.22, 2.13, 2.43, 0.11, 0.00, 0.00, 0.00, 1.00, 0.00, 0.00, 0.00, 1.00, 1.00, 1.00, 0.00, 0.00, 0.00, 0.00, 1.00, 1.00, 0.00, 0.00
7725, 0, 291.238, 0.93, 1, 0.00, 0.00, 0.00, 0.00, 0.16, 0.12, 0.01, 1.68, 1.73, 1.48, 0.22, 0.70, 0.10, 0.19, 2.10, 2.27, 0.17, 0.00, 0.00, 0.00, 1.00, 0.00, 0.00, 0.00, 1.00, 1.00, 1.00, 0.00, 0.00, 0.00, 0.00, 1.00, 1.00, 0.00, 0.00
7726, 0, 291.276, 0.98, 1, 0.00, 0.00, 0.00, 0.00, 0.26, 0.23, 0.03, 1.48, 1.59, 1.12, 0.46, 0.59, 0.22, 0.09, 2.03, 2.09, 0.12, 0.00, 0.00, 0.00, 1.00, 0.00, 0.00, 0.00, 1.00, 1.00, 1.00, 0.00, 0.00, 0.00, 0.00, 1.00, 1.00, 0.00, 0.00
7727, 0, 291.314, 0.98, 1, 0.00, 0.00, 0.00, 0.00, 0.29, 0.23, 0.03, 1.41, 1.48, 0.88, 0.55, 0.50, 0.22, 0.00, 2.11, 2.05, 0.13, 0.00, 0.00, 0.00, 1.00, 0.00, 0.00, 0.00, 1.00, 1.00, 0.00, 0.00, 0.00, 0.00, 0.00, 1.00, 1.00, 0.00, 0.00
7728, 0, 291.351, 0.88, 1, 0.00, 0.00, 0.00, 0.00, 0.17, 0.11, 0.03, 1.49, 1.39, 1.08, 0.33, 0.40, 0.21, 0.00, 2.28, 1.97, 0.32, 0.00, 0.00, 0.00, 1.00, 0.00, 0.00, 0.00, 1.00, 1.00, 0.00, 0.00, 0.00, 0.00, 0.00, 1.00, 1.00, 0.00, 1.00
7729, 0, 291.389, 0.88, 1, 0.00, 0.00, 0.00, 0.00, 0.06, 0.00, 0.01, 1.41, 1.27, 1.23, 0.09, 0.37, 0.30, 0.00, 2.51, 2.03, 0.43, 0.00, 0.00, 0.00, 1.00, 0.00, 0.00, 0.00, 1.00, 1.00, 0.00, 0.00, 0.00, 0.00, 0.00, 1.00, 1.00, 0.00, 1.00
7730, 0, 291.427, 0.88, 1, 0.02, 0.00, 0.00, 0.00, 0.01, 0.00, 0.04, 1.45, 1.25, 1.09, 0.00, 0.42, 0.34, 0.00, 2.46, 2.05, 0.45, 0.00, 0.00, 0.00, 1.00, 0.00, 0.00, 0.00, 1.00, 1.00, 0.00, 0.00, 0.00, 0.00, 0.00, 1.00, 1.00, 0.00, 1.00
7731, 0, 291.465, 0.88, 1, 0.08, 0.07, 0.00, 0.00, 0.01, 0.13, 0.02, 1.39, 1.20, 0.98, 0.00, 0.68, 0.39, 0.00, 2.50, 2.28, 0.52, 0.00, 0.00, 0.00, 1.00, 0.00, 0.00, 0.00, 1.00, 1.00, 1.00, 0.00, 0.00, 0.00, 0.00, 1.00, 1.00, 0.00, 1.00
7732, 0, 291.502, 0.88, 1, 0.16, 0.20, 0.00, 0.00, 0.01, 0.18, 0.02, 1.50, 1.18, 0.79, 0.00, 0.88, 0.31, 0.00, 2.38, 2.47, 0.62, 0.00, 0.00, 0.00, 1.00, 0.00, 0.00, 0.00, 1.00, 1.00, 1.00, 0.00, 0.00, 0.00, 0.00, 1.00, 1.00, 0.00, 1.00
7733, 0, 291.540, 0.88, 1, 0.16, 0.24, 0.00, 0.00, 0.00, 0.19, 0.00, 1.48, 1.09, 0.88, 0.00, 0.89, 0.50, 0.00, 2.39, 2.81, 0.74, 0.00, 0.00, 0.00, 1.00, 0.00, 0.00, 0.00, 1.00, 1.00, 1.00, 0.00, 0.00, 0.00, 0.00, 1.00, 1.00, 0.00, 1.00
7734, 0, 291.578, 0.88, 1, 0.10, 0.19, 0.00, 0.00, 0.00, 0.07, 0.00, 1.51, 1.06, 0.82, 0.00, 0.62, 0.55, 0.00, 2.36, 2.92, 0.43, 0.00, 0.00, 0.00, 1.00, 0.00, 1.00, 0.00, 1.00, 1.00, 1.00, 0.00, 0.00, 0.00, 0.00, 1.00, 1.00, 0.00, 0.00
7735, 0, 291.615, 0.88, 1, 0.02, 0.06, 0.00, 0.00, 0.11, 0.01, 0.00, 1.37, 1.03, 0.60, 0.00, 0.61, 0.75, 0.00, 2.24, 2.86, 0.37, 0.00, 0.00, 0.00, 1.00, 0.00, 1.00, 0.00, 1.00, 1.00, 0.00, 0.00, 0.00, 0.00, 0.00, 1.00, 1.00, 0.00, 0.00
7736, 0, 291.653, 0.93, 1, 0.00, 0.02, 0.00, 0.00, 0.15, 0.21, 0.00, 1.00, 1.00, 0.53, 0.00, 0.62, 0.83, 0.00, 1.97, 2.72, 0.41, 0.00, 0.00, 0.00, 1.00, 0.00, 0.00, 0.00, 1.00, 1.00, 0.00, 0.00, 0.00, 0.00, 0.00, 1.00, 1.00, 0.00, 0.00
7737, 0, 291.691, 0.88, 1, 0.03, 0.00, 0.00, 0.00, 0.15, 0.38, 0.00, 0.73, 0.92, 0.48, 0.00, 0.72, 0.92, 0.00, 1.75, 2.76, 0.52, 0.00, 0.00, 0.00, 1.00, 0.00, 0.00, 0.00, 1.00, 1.00, 0.00, 0.00, 0.00, 0.00, 0.00, 1.00, 1.00, 0.00, 0.00
7738, 0, 291.728, 0.93, 1, 0.09, 0.00, 0.00, 0.00, 0.05, 0.49, 0.00, 0.55, 0.86, 0.66, 0.24, 0.46, 0.76, 0.00, 1.85, 2.78, 0.34, 0.00, 0.00, 0.00, 1.00, 0.00, 0.00, 0.00, 1.00, 1.00, 0.00, 0.00, 0.00, 0.00, 0.00, 1.00, 1.00, 0.00, 0.00
7739, 0, 291.766, 0.88, 1, 0.09, 0.00, 0.00, 0.00, 0.00, 0.33, 0.00, 0.56, 0.84, 0.49, 0.24, 0.36, 0.45, 0.03, 1.92, 2.41, 0.18, 0.00, 0.00, 0.00, 1.00, 0.00, 0.00, 0.00, 1.00, 1.00, 0.00, 0.00, 0.00, 0.00, 0.00, 1.00, 1.00, 0.00, 0.00
7740, 0, 291.804, 0.88, 1, 0.10, 0.01, 0.00, 0.00, 0.00, 0.15, 0.00, 0.65, 0.83, 0.73, 0.24, 0.30, 0.19, 0.03, 1.69, 1.53, 0.07, 0.00, 0.00, 0.00, 1.00, 0.00, 0.00, 0.00, 1.00, 1.00, 0.00, 1.00, 0.00, 0.00, 0.00, 1.00, 1.00, 0.00, 1.00
7741, 0, 291.842, 0.88, 1, 0.05, 0.05, 0.00, 0.00, 0.00, 0.04, 0.05, 0.71, 0.91, 0.96, 0.00, 0.33, 0.00, 0.03, 1.28, 0.91, 0.14, 0.00, 0.00, 0.00, 1.00, 0.00, 0.00, 0.00, 1.00, 1.00, 1.00, 1.00, 1.00, 0.00, 0.00, 1.00, 1.00, 0.00, 1.00
7742, 0, 291.879, 0.88, 1, 0.05, 0.10, 0.00, 0.00, 0.00, 0.00, 0.05, 0.70, 0.92, 1.19, 0.00, 0.47, 0.00, 0.00, 1.15, 0.65, 0.31, 0.00, 0.00, 0.00, 1.00, 0.00, 0.00, 0.00, 1.00, 1.00, 1.00, 1.00, 1.00, 0.00, 0.00, 1.00, 0.00, 0.00, 1.00
7743, 0, 291.917, 0.88, 1, 0.02, 0.10, 0.00, 0.00, 0.00, 0.00, 0.05, 0.60, 1.02, 1.06, 0.00, 0.54, 0.03, 0.00, 1.10, 0.59, 0.57, 0.00, 0.00, 0.00, 1.00, 0.00, 0.00, 0.00, 1.00, 1.00, 1.00, 1.00, 1.00, 0.00, 1.00, 1.00, 0.00, 0.00, 1.00
7744, 0, 291.955, 0.88, 1, 0.01, 0.09, 0.00, 0.00, 0.00, 0.00, 0.00, 0.50, 0.96, 0.93, 0.00, 0.55, 0.07, 0.00, 1.01, 0.35, 0.70, 0.00, 0.00, 0.00, 1.00, 0.00, 0.00, 0.00, 1.00, 1.00, 1.00, 1.00, 1.00, 0.00, 1.00, 1.00, 0.00, 0.00, 1.00
7745, 0, 291.992, 0.88, 1, 0.08, 0.04, 0.00, 0.00, 0.00, 0.00, 0.00, 0.53, 0.94, 1.03, 0.00, 0.29, 0.22, 0.00, 1.07, 0.13, 0.63, 0.00, 0.00, 0.00, 1.00, 0.00, 0.00, 0.00, 1.00, 1.00, 1.00, 1.00, 1.00, 0.00, 1.00, 1.00, 0.00, 0.00, 1.00
7746, 0, 292.030, 0.88, 1, 0.12, 0.04, 0.00, 0.00, 0.00, 0.00, 0.00, 0.47, 0.82, 1.08, 0.00, 0.21, 0.30, 0.00, 1.07, 0.14, 0.48, 0.00, 0.00, 0.00, 1.00, 0.00, 0.00, 0.00, 0.00, 1.00, 1.00, 1.00, 1.00, 0.00, 1.00, 1.00, 0.00, 0.00, 1.00
7747, 0, 292.068, 0.88, 1, 0.14, 0.00, 0.00, 0.00, 0.00, 0.00, 0.00, 0.49, 0.84, 1.10, 0.03, 0.35, 0.44, 0.03, 1.19, 0.33, 0.34, 0.00, 0.00, 0.00, 1.00, 0.00, 0.00, 0.00, 0.00, 1.00, 1.00, 1.00, 0.00, 0.00, 1.00, 1.00, 0.00, 0.00, 1.00
7748, 0, 292.106, 0.88, 1, 0.06, 0.00, 0.00, 0.00, 0.00, 0.00, 0.00, 0.40, 0.82, 1.07, 0.03, 0.51, 0.42, 0.04, 1.10, 0.43, 0.37, 0.00, 0.00, 0.00, 1.00, 0.00, 0.00, 0.00, 0.00, 1.00, 0.00, 1.00, 0.00, 0.00, 1.00, 1.00, 0.00, 0.00, 1.00
7749, 0, 292.143, 0.88, 1, 0.02, 0.00, 0.00, 0.00, 0.00, 0.03, 0.00, 0.30, 0.86, 1.03, 0.03, 0.64, 0.43, 0.05, 1.15, 0.46, 0.40, 0.00, 0.00, 0.00, 1.00, 0.00, 0.00, 0.00, 0.00, 1.00, 0.00, 1.00, 0.00, 0.00, 1.00, 1.00, 0.00, 0.00, 1.00
7750, 0, 292.181, 0.88, 1, 0.00, 0.00, 0.00, 0.00, 0.14, 0.03, 0.00, 0.56, 1.02, 0.95, 0.20, 0.55, 0.75, 0.04, 1.47, 0.40, 0.58, 0.00, 0.00, 0.00, 1.00, 0.00, 0.00, 0.00, 0.00, 1.00, 0.00, 1.00, 0.00, 1.00, 1.00, 1.00, 0.00, 0.00, 1.00
7751, 0, 292.219, 0.93, 1, 0.00, 0.00, 0.00, 0.00, 0.19, 0.03, 0.00, 0.55, 1.11, 0.70, 0.43, 0.36, 1.05, 0.03, 1.59, 0.26, 0.74, 0.00, 0.00, 0.00, 1.00, 0.00, 0.00, 0.00, 0.00, 1.00, 0.00, 1.00, 0.00, 1.00, 0.00, 1.00, 0.00, 0.00, 1.00
7752, 0, 292.256, 0.88, 1, 0.01, 0.00, 0.00, 0.00, 0.19, 0.00, 0.00, 0.59, 1.18, 0.55, 0.43, 0.19, 1.35, 0.02, 1.75, 0.28, 1.03, 0.00, 0.00, 0.00, 1.00, 0.00, 0.00, 0.00, 1.00, 1.00, 0.00, 1.00, 0.00, 1.00, 0.00, 1.00, 0.00, 0.00, 1.00
7753, 0, 292.294, 0.88, 1, 0.01, 0.00, 0.00, 0.00, 0.06, 0.00, 0.00, 0.25, 1.08, 0.79, 0.23, 0.23, 1.41, 0.03, 1.67, 0.53, 1.12, 0.00, 0.00, 0.00, 1.00, 0.00, 0.00, 0.00, 1.00, 1.00, 0.00, 1.00, 0.00, 1.00, 0.00, 1.00, 1.00, 0.00, 1.00
7754, 0, 292.332, 0.88, 1, 0.01, 0.00, 0.00, 0.00, 0.02, 0.00, 0.00, 0.19, 1.18, 1.06, 0.00, 0.39, 1.37, 0.20, 1.82, 1.16, 1.01, 0.00, 0.00, 0.00, 1.00, 0.00, 0.00, 0.00, 1.00, 1.00, 0.00, 1.00, 0.00, 1.00, 0.00, 1.00, 1.00, 0.00, 1.00
7755, 0, 292.369, 0.88, 1, 0.00, 0.00, 0.00, 0.00, 0.07, 0.00, 0.00, 0.32, 1.38, 1.02, 0.12, 0.55, 1.19, 0.20, 1.98, 1.61, 0.62, 0.00, 0.00, 0.00, 1.00, 0.00, 0.00, 0.00, 0.00, 1.00, 0.00, 1.00, 0.00, 1.00, 0.00, 1.00, 1.00, 0.00, 1.00
7756, 0, 292.407, 0.88, 1, 0.00, 0.00, 0.00, 0.00, 0.07, 0.19, 0.00, 0.55, 1.48, 0.65, 0.38, 0.66, 0.96, 0.19, 1.89, 1.98, 0.34, 0.00, 0.00, 0.00, 1.00, 0.00, 0.00, 0.00, 0.00, 1.00, 0.00, 1.00, 0.00, 1.00, 0.00, 1.00, 1.00, 0.00, 1.00
7757, 0, 292.445, 0.88, 1, 0.00, 0.00, 0.00, 0.00, 0.05, 0.19, 0.00, 0.72, 1.44, 0.43, 0.71, 0.76, 0.72, 0.05, 1.52, 2.14, 0.24, 0.00, 0.00, 0.00, 1.00, 0.00, 0.00, 0.00, 0.00, 1.00, 0.00, 1.00, 0.00, 0.00, 0.00, 1.00, 1.00, 0.00, 1.00
7758, 0, 292.483, 0.88, 1, 0.00, 0.00, 0.00, 0.00, 0.00, 0.19, 0.00, 0.87, 1.23, 0.48, 0.59, 0.84, 0.78, 0.14, 1.02, 2.11, 0.35, 0.00, 0.00, 0.00, 1.00, 0.00, 0.00, 0.00, 0.00, 1.00, 0.00, 1.00, 0.00, 0.00, 0.00, 1.00, 1.00, 0.00, 1.00
7759, 0, 292.520, 0.88, 1, 0.00, 0.00, 0.00, 0.00, 0.00, 0.03, 0.00, 0.95, 1.07, 0.54, 0.32, 0.86, 0.74, 0.23, 0.68, 1.90, 0.46, 0.00, 0.00, 0.00, 1.00, 0.00, 0.00, 0.00, 0.00, 1.00, 0.00, 1.00, 0.00, 0.00, 0.00, 1.00, 1.00, 0.00, 1.00
7760, 0, 292.558, 0.88, 1, 0.00, 0.00, 0.00, 0.00, 0.00, 0.03, 0.00, 0.95, 0.80, 0.45, 0.00, 0.71, 0.86, 0.39, 0.96, 1.63, 0.37, 0.00, 0.00, 0.00, 1.00, 0.00, 0.00, 0.00, 0.00, 1.00, 0.00, 1.00, 0.00, 0.00, 0.00, 1.00, 1.00, 0.00, 1.00
7761, 0, 292.596, 0.88, 1, 0.00, 0.00, 0.00, 0.00, 0.00, 0.03, 0.00, 0.63, 0.64, 0.30, 0.00, 0.52, 0.69, 0.42, 1.16, 1.70, 0.34, 0.00, 0.00, 0.00, 1.00, 0.00, 0.00, 0.00, 0.00, 0.00, 0.00, 1.00, 0.00, 0.00, 1.00, 0.00, 1.00, 0.00, 1.00
7762, 0, 292.633, 0.93, 1, 0.00, 0.00, 0.00, 0.00, 0.00, 0.00, 0.00, 0.34, 0.53, 0.34, 0.00, 0.35, 0.45, 0.40, 1.30, 1.81, 0.30, 0.00, 0.00, 0.00, 1.00, 0.00, 0.00, 0.00, 0.00, 0.00, 0.00, 1.00, 0.00, 0.00, 1.00, 1.00, 1.00, 0.00, 1.00
7763, 0, 292.671, 0.98, 1, 0.00, 0.00, 0.00, 0.00, 0.00, 0.00, 0.00, 0.16, 0.65, 0.33, 0.00, 0.31, 0.19, 0.30, 1.17, 1.89, 0.51, 0.00, 0.00, 0.00, 1.00, 0.00, 0.00, 0.00, 0.00, 0.00, 0.00, 1.00, 0.00, 0.00, 1.00, 1.00, 1.00, 0.00, 1.00
7764, 0, 292.709, 0.98, 1, 0.00, 0.00, 0.00, 0.00, 0.00, 0.00, 0.00, 0.25, 0.76, 0.60, 0.00, 0.44, 0.29, 0.27, 1.28, 1.98, 0.57, 0.00, 0.00, 0.00, 1.00, 0.00, 0.00, 0.00, 0.00, 0.00, 0.00, 1.00, 0.00, 0.00, 1.00, 1.00, 1.00, 0.00, 1.00
7765, 0, 292.747, 0.93, 1, 0.06, 0.00, 0.00, 0.00, 0.06, 0.00, 0.00, 0.29, 0.84, 0.39, 0.00, 0.40, 0.38, 0.27, 1.24, 1.84, 0.40, 0.00, 0.00, 0.00, 1.00, 0.00, 0.00, 0.00, 0.00, 0.00, 0.00, 1.00, 0.00, 0.00, 1.00, 1.00, 1.00, 0.00, 1.00
7766, 0, 292.784, 0.88, 1, 0.09, 0.00, 0.00, 0.00, 0.09, 0.00, 0.00, 0.36, 0.80, 0.35, 0.00, 0.33, 0.38, 0.25, 1.04, 1.78, 0.18, 0.00, 0.00, 0.00, 1.00, 0.00, 0.00, 0.00, 0.00, 1.00, 0.00, 1.00, 0.00, 0.00, 1.00, 1.00, 1.00, 0.00, 1.00
7767, 0, 292.822, 0.93, 1, 0.09, 0.00, 0.00, 0.00, 0.12, 0.00, 0.00, 0.27, 0.72, 0.01, 0.00, 0.18, 0.17, 0.29, 0.66, 1.66, 0.09, 0.00, 0.00, 0.00, 1.00, 0.00, 0.00, 0.00, 0.00, 1.00, 0.00, 1.00, 0.00, 0.00, 1.00, 0.00, 1.00, 0.00, 1.00
7768, 0, 292.860, 0.93, 1, 0.03, 0.00, 0.00, 0.00, 0.06, 0.00, 0.00, 0.21, 0.62, 0.00, 0.00, 0.07, 0.04, 0.25, 0.68, 1.83, 0.09, 0.00, 0.00, 0.00, 1.00, 0.00, 0.00, 0.00, 0.00, 1.00, 0.00, 1.00, 0.00, 0.00, 1.00, 1.00, 0.00, 0.00, 1.00
7769, 0, 292.897, 0.93, 1, 0.00, 0.00, 0.00, 0.00, 0.03, 0.00, 0.00, 0.27, 0.64, 0.00, 0.00, 0.07, 0.07, 0.26, 0.74, 2.02, 0.09, 0.00, 0.00, 0.00, 1.00, 0.00, 0.00, 0.00, 0.00, 1.00, 0.00, 1.00, 0.00, 0.00, 1.00, 1.00, 0.00, 0.00, 1.00
7770, 0, 292.935, 0.88, 1, 0.06, 0.00, 0.00, 0.00, 0.00, 0.00, 0.00, 0.41, 0.60, 0.00, 0.00, 0.00, 0.03, 0.14, 1.06, 1.61, 0.11, 0.00, 0.00, 0.00, 1.00, 0.00, 0.00, 0.00, 0.00, 1.00, 0.00, 1.00, 0.00, 0.00, 1.00, 1.00, 0.00, 0.00, 1.00
7771, 0, 292.973, 0.98, 1, 0.12, 0.00, 0.00, 0.00, 0.00, 0.00, 0.00, 0.59, 0.58, 0.00, 0.00, 0.00, 0.03, 0.08, 1.11, 1.15, 0.14, 0.00, 0.00, 0.00, 1.00, 0.00, 0.00, 0.00, 0.00, 0.00, 0.00, 0.00, 0.00, 0.00, 1.00, 1.00, 0.00, 0.00, 1.00
7772, 0, 293.010, 0.98, 1, 0.12, 0.00, 0.00, 0.00, 0.00, 0.00, 0.00, 0.83, 0.57, 0.00, 0.00, 0.00, 0.00, 0.00, 1.24, 0.79, 0.23, 0.00, 0.00, 0.00, 1.00, 0.00, 0.00, 0.00, 0.00, 0.00, 0.00, 0.00, 0.00, 0.00, 1.00, 1.00, 0.00, 0.00, 1.00
7773, 0, 293.048, 0.98, 1, 0.05, 0.00, 0.00, 0.00, 0.00, 0.00, 0.02, 0.90, 0.51, 0.00, 0.00, 0.00, 0.00, 0.02, 1.16, 0.77, 0.14, 0.00, 0.00, 0.00, 1.00, 0.00, 0.00, 0.00, 0.00, 0.00, 0.00, 0.00, 0.00, 0.00, 1.00, 1.00, 0.00, 0.00, 1.00
7774, 0, 293.086, 0.88, 1, 0.00, 0.00, 0.00, 0.00, 0.00, 0.01, 0.02, 0.93, 0.42, 0.00, 0.00, 0.00, 0.00, 0.02, 1.12, 0.72, 0.13, 0.00, 0.00, 0.00, 1.00, 0.00, 0.00, 0.00, 0.00, 0.00, 0.00, 0.00, 0.00, 0.00, 1.00, 1.00, 0.00, 0.00, 1.00
7775, 0, 293.124, 0.93, 1, 0.00, 0.00, 0.00, 0.00, 0.00, 0.01, 0.02, 0.72, 0.37, 0.11, 0.03, 0.00, 0.03, 0.09, 0.87, 0.67, 0.05, 0.00, 0.00, 0.00, 1.00, 0.00, 0.00, 0.00, 0.00, 0.00, 0.00, 0.00, 0.00, 0.00, 1.00, 1.00, 0.00, 0.00, 1.00
7776, 0, 293.161, 0.98, 1, 0.00, 0.00, 0.00, 0.00, 0.00, 0.01, 0.00, 0.60, 0.36, 0.25, 0.03, 0.02, 0.08, 0.09, 0.61, 0.79, 0.24, 0.00, 0.00, 0.00, 1.00, 0.00, 0.00, 0.00, 0.00, 0.00, 0.00, 0.00, 0.00, 0.00, 1.00, 0.00, 0.00, 0.00, 0.00
7777, 0, 293.199, 0.98, 1, 0.00, 0.00, 0.00, 0.00, 0.00, 0.00, 0.00, 0.46, 0.35, 0.29, 0.03, 0.03, 0.08, 0.15, 0.32, 0.84, 0.44, 0.00, 0.00, 0.00, 1.00, 0.00, 0.00, 0.00, 0.00, 0.00, 0.00, 0.00, 0.00, 0.00, 1.00, 0.00, 0.00, 0.00, 0.00
7778, 0, 293.237, 0.98, 1, 0.00, 0.00, 0.00, 0.00, 0.00, 0.20, 0.00, 0.30, 0.25, 0.40, 0.00, 0.16, 0.05, 0.15, 0.21, 0.77, 0.51, 0.00, 0.00, 0.00, 1.00, 0.00, 0.00, 0.00, 0.00, 0.00, 0.00, 0.00, 0.00, 0.00, 1.00, 0.00, 0.00, 0.00, 0.00
7779, 0, 293.274, 0.98, 1, 0.00, 0.00, 0.00, 0.00, 0.00, 0.27, 0.00, 0.14, 0.23, 0.42, 0.00, 0.39, 0.11, 0.22, 0.30, 0.94, 0.35, 0.00, 0.00, 0.00, 1.00, 0.00, 0.00, 0.00, 0.00, 0.00, 0.00, 1.00, 0.00, 0.00, 1.00, 0.00, 0.00, 0.00, 0.00
7780, 0, 293.312, 0.98, 1, 0.00, 0.00, 0.00, 0.00, 0.00, 0.27, 0.00, 0.09, 0.32, 0.46, 0.00, 0.55, 0.11, 0.29, 0.29, 0.95, 0.13, 0.00, 0.00, 0.00, 1.00, 0.00, 0.00, 0.00, 0.00, 0.00, 0.00, 1.00, 0.00, 0.00, 1.00, 0.00, 0.00, 0.00, 0.00
7781, 0, 293.350, 0.98, 1, 0.00, 0.00, 0.00, 0.04, 0.00, 0.11, 0.00, 0.19, 0.40, 0.43, 0.00, 0.66, 0.11, 0.27, 0.22, 0.89, 0.05, 0.00, 0.00, 0.00, 1.00, 0.00, 0.00, 0.00, 0.00, 0.00, 0.00, 1.00, 1.00, 0.00, 1.00, 0.00, 0.00, 0.00, 0.00
7782, 0, 293.388, 0.98, 1, 0.08, 0.05, 0.00, 0.04, 0.00, 0.15, 0.00, 0.25, 0.47, 0.59, 0.09, 0.70, 0.00, 0.24, 0.10, 0.86, 0.00, 0.00, 0.00, 0.00, 1.00, 0.00, 0.00, 0.00, 0.00, 0.00, 0.00, 1.00, 1.00, 0.00, 1.00, 0.00, 0.00, 0.00, 0.00
7783, 0, 293.425, 0.98, 1, 0.08, 0.05, 0.00, 0.04, 0.00, 0.23, 0.00, 0.28, 0.49, 0.70, 0.09, 0.87, 0.00, 0.14, 0.15, 0.84, 0.00, 0.00, 0.00, 0.00, 1.00, 0.00, 0.00, 0.00, 0.00, 0.00, 0.00, 1.00, 1.00, 0.00, 1.00, 0.00, 0.00, 0.00, 0.00
7784, 0, 293.463, 0.98, 1, 0.08, 0.05, 0.00, 0.00, 0.00, 0.31, 0.00, 0.28, 0.52, 0.70, 0.09, 0.98, 0.00, 0.11, 0.24, 0.78, 0.00, 0.00, 0.00, 0.00, 1.00, 0.00, 0.00, 0.00, 0.00, 0.00, 0.00, 1.00, 1.00, 0.00, 1.00, 0.00, 0.00, 0.00, 0.00
7785, 0, 293.501, 0.98, 1, 0.00, 0.00, 0.00, 0.00, 0.00, 0.20, 0.00, 0.38, 0.54, 0.38, 0.82, 0.96, 0.00, 0.09, 0.60, 0.43, 0.00, 0.00, 0.00, 0.00, 1.00, 0.00, 0.00, 0.00, 0.00, 0.00, 0.00, 1.00, 1.00, 0.00, 1.00, 0.00, 0.00, 0.00, 0.00
7786, 0, 293.538, 0.98, 1, 0.00, 0.00, 0.00, 0.00, 0.04, 0.23, 0.00, 0.49, 0.58, 0.20, 0.99, 0.72, 0.00, 0.08, 0.90, 0.27, 0.00, 0.00, 0.00, 0.00, 1.00, 0.00, 0.00, 0.00, 0.00, 0.00, 0.00, 0.00, 0.00, 0.00, 1.00, 0.00, 0.00, 0.00, 0.00
7787, 0, 293.576, 0.98, 1, 0.00, 0.00, 0.00, 0.00, 0.07, 0.11, 0.00, 0.60, 0.59, 0.02, 1.50, 0.37, 0.00, 0.11, 1.22, 0.31, 0.00, 0.00, 0.00, 0.00, 1.00, 0.00, 0.00, 0.00, 0.00, 0.00, 0.00, 0.00, 0.00, 0.00, 1.00, 1.00, 0.00, 0.00, 0.00
7788, 0, 293.614, 0.98, 1, 0.00, 0.00, 0.00, 0.00, 0.07, 0.15, 0.00, 0.66, 0.64, 0.02, 0.88, 0.16, 0.00, 0.08, 1.24, 0.33, 0.00, 0.00, 0.00, 0.00, 1.00, 0.00, 0.00, 0.00, 0.00, 1.00, 0.00, 0.00, 0.00, 0.00, 1.00, 1.00, 0.00, 0.00, 0.00
7789, 0, 293.651, 0.98, 1, 0.00, 0.00, 0.00, 0.00, 0.03, 0.04, 0.00, 0.60, 0.71, 0.18, 0.70, 0.27, 0.00, 0.06, 1.22, 0.31, 0.00, 0.00, 0.00, 0.00, 1.00, 0.00, 0.00, 0.00, 0.00, 1.00, 0.00, 0.00, 0.00, 0.00, 1.00, 1.00, 0.00, 0.00, 0.00
7790, 0, 293.689, 0.98, 1, 0.00, 0.00, 0.00, 0.00, 0.00, 0.04, 0.00, 0.39, 0.84, 0.17, 0.47, 0.27, 0.00, 0.04, 1.24, 0.48, 0.00, 0.00, 0.00, 0.00, 1.00, 0.00, 0.00, 0.00, 0.00, 1.00, 0.00, 0.00, 0.00, 0.00, 1.00, 1.00, 0.00, 0.00, 0.00
7791, 0, 293.727, 0.98, 1, 0.00, 0.02, 0.00, 0.00, 0.00, 0.00, 0.00, 0.16, 0.89, 0.23, 0.28, 0.28, 0.00, 0.12, 1.07, 0.85, 0.00, 0.00, 0.00, 0.00, 1.00, 0.00, 0.00, 0.00, 0.00, 1.00, 0.00, 0.00, 0.00, 0.00, 1.00, 1.00, 0.00, 0.00, 0.00
7792, 0, 293.765, 0.98, 1, 0.10, 0.02, 0.00, 0.00, 0.00, 0.23, 0.00, 0.13, 0.81, 0.06, 0.32, 0.06, 0.00, 0.23, 0.94, 1.15, 0.00, 0.00, 0.00, 0.00, 1.00, 0.00, 0.00, 0.00, 0.00, 0.00, 0.00, 0.00, 0.00, 0.00, 1.00, 1.00, 0.00, 0.00, 0.00
7793, 0, 293.802, 0.98, 1, 0.10, 0.02, 0.00, 0.00, 0.00, 0.51, 0.00, 0.13, 0.67, 0.11, 0.21, 0.12, 0.00, 0.26, 0.74, 1.26, 0.00, 0.00, 0.00, 0.00, 1.00, 0.00, 0.00, 0.00, 0.00, 1.00, 0.00, 0.00, 0.00, 0.00, 1.00, 1.00, 0.00, 0.00, 0.00
7794, 0, 293.840, 0.98, 1, 0.14, 0.05, 0.00, 0.00, 0.00, 0.67, 0.00, 0.13, 0.59, 0.08, 0.21, 0.07, 0.00, 0.24, 0.60, 1.12, 0.00, 0.00, 0.00, 0.00, 1.00, 0.00, 0.00, 0.00, 0.00, 1.00, 0.00, 0.00, 0.00, 0.00, 1.00, 1.00, 0.00, 0.00, 0.00
7795, 0, 293.878, 0.98, 1, 0.08, 0.12, 0.00, 0.00, 0.00, 0.45, 0.00, 0.00, 0.51, 0.08, 0.32, 0.07, 0.00, 0.17, 0.96, 0.93, 0.00, 0.00, 0.00, 0.00, 1.00, 0.00, 0.00, 0.00, 0.00, 1.00, 0.00, 0.00, 0.00, 0.00, 1.00, 0.00, 0.00, 0.00, 0.00
7796, 0, 293.915, 0.98, 1, 0.12, 0.21, 0.00, 0.00, 0.00, 0.17, 0.00, 0.00, 0.43, 0.02, 0.46, 0.01, 0.00, 0.13, 1.43, 0.61, 0.00, 0.00, 0.00, 0.00, 1.00, 0.00, 0.00, 0.00, 0.00, 1.00, 0.00, 0.00, 0.00, 0.00, 1.00, 0.00, 0.00, 0.00, 0.00
7797, 0, 293.953, 0.98, 1, 0.08, 0.39, 0.00, 0.00, 0.00, 0.17, 0.00, 0.00, 0.46, 0.00, 0.46, 0.17, 0.00, 0.19, 1.69, 0.35, 0.00, 0.00, 0.00, 0.00, 1.00, 0.00, 0.00, 0.00, 0.00, 1.00, 0.00, 0.00, 0.00, 0.00, 1.00, 0.00, 0.00, 0.00, 0.00
7798, 0, 293.991, 0.98, 1, 0.05, 0.34, 0.00, 0.00, 0.00, 0.17, 0.00, 0.00, 0.55, 0.00, 0.38, 0.37, 0.00, 0.28, 1.39, 0.31, 0.00, 0.00, 0.00, 0.00, 1.00, 0.00, 0.00, 0.00, 0.00, 1.00, 0.00, 0.00, 0.00, 0.00, 1.00, 0.00, 0.00, 0.00, 0.00
7799, 0, 294.029, 0.98, 1, 0.00, 0.25, 0.00, 0.00, 0.01, 0.17, 0.00, 0.07, 0.66, 0.00, 0.20, 0.59, 0.00, 0.39, 0.91, 0.34, 0.00, 0.00, 0.00, 0.00, 1.00, 0.00, 0.00, 0.00, 0.00, 1.00, 0.00, 0.00, 0.00, 0.00, 0.00, 0.00, 0.00, 0.00, 0.00
7800, 0, 294.066, 0.98, 1, 0.12, 0.17, 0.00, 0.08, 0.01, 0.00, 0.00, 0.07, 0.52, 0.04, 0.31, 0.42, 0.00, 0.28, 0.76, 0.59, 0.00, 0.00, 0.00, 0.00, 1.00, 0.00, 0.00, 0.00, 0.00, 0.00, 0.00, 0.00, 0.00, 0.00, 0.00, 0.00, 0.00, 0.00, 0.00
7801, 0, 294.104, 0.98, 1, 0.21, 0.27, 0.00, 0.08, 0.07, 0.15, 0.03, 0.11, 0.42, 0.04, 0.25, 0.27, 0.00, 0.17, 0.73, 0.86, 0.00, 0.00, 0.00, 0.00, 1.00, 0.00, 0.00, 0.00, 0.00, 0.00, 0.00, 0.00, 0.00, 0.00, 0.00, 1.00, 1.00, 0.00, 0.00
7802, 0, 294.142, 0.98, 1, 0.28, 0.33, 0.00, 0.08, 0.14, 0.23, 0.03, 0.06, 0.31, 0.04, 0.16, 0.11, 0.00, 0.06, 0.82, 1.10, 0.00, 0.00, 0.00, 0.00, 1.00, 0.00, 0.00, 0.00, 0.00, 0.00, 0.00, 0.00, 0.00, 0.00, 0.00, 1.00, 1.00, 0.00, 0.00
7803, 0, 294.179, 0.98, 1, 0.17, 0.18, 0.00, 0.00, 0.14, 0.23, 0.03, 0.06, 0.33, 0.00, 0.10, 0.24, 0.00, 0.06, 0.98, 1.27, 0.00, 0.00, 0.00, 0.00, 1.00, 0.00, 0.00, 0.00, 0.00, 0.00, 0.00, 0.00, 0.00, 0.00, 0.00, 1.00, 1.00, 0.00, 1.00
7804, 0, 294.217, 0.98, 1, 0.07, 0.07, 0.00, 0.00, 0.08, 0.08, 0.00, 0.02, 0.34, 0.00, 0.18, 0.29, 0.00, 0.04, 1.34, 1.51, 0.17, 0.00, 0.00, 0.00, 1.00, 0.00, 0.00, 0.00, 0.00, 0.00, 0.00, 0.00, 0.00, 0.00, 0.00, 1.00, 1.00, 0.00, 1.00
7805, 0, 294.255, 0.93, 1, 0.00, 0.00, 0.00, 0.00, 0.00, 0.00, 0.00, 0.00, 0.75, 0.00, 0.34, 0.23, 0.00, 0.01, 1.74, 1.38, 0.40, 0.00, 0.00, 0.00, 1.00, 0.00, 0.00, 0.00, 0.00, 0.00, 0.00, 0.00, 0.00, 0.00, 0.00, 1.00, 1.00, 0.00, 1.00
7806, 0, 294.292, 0.88, 1, 0.00, 0.00, 0.00, 0.00, 0.00, 0.00, 0.00, 0.00, 1.17, 0.03, 0.29, 0.10, 0.00, 0.00, 1.90, 1.18, 0.44, 0.00, 0.00, 0.00, 1.00, 0.00, 0.00, 0.00, 0.00, 1.00, 0.00, 0.00, 0.00, 0.00, 0.00, 1.00, 1.00, 0.00, 1.00
7807, 0, 294.330, 0.88, 1, 0.00, 0.00, 0.00, 0.00, 0.00, 0.00, 0.00, 0.00, 1.45, 0.33, 0.20, 0.00, 0.00, 0.03, 1.80, 0.88, 0.28, 0.00, 0.00, 0.00, 1.00, 0.00, 0.00, 0.00, 0.00, 1.00, 0.00, 0.00, 0.00, 0.00, 1.00, 1.00, 1.00, 0.00, 1.00
7808, 0, 294.368, 0.88, 1, 0.00, 0.00, 0.00, 0.00, 0.00, 0.00, 0.00, 0.00, 1.36, 0.55, 0.00, 0.00, 0.00, 0.03, 1.71, 0.91, 0.07, 0.00, 0.00, 0.00, 1.00, 0.00, 0.00, 0.00, 0.00, 1.00, 0.00, 0.00, 0.00, 0.00, 1.00, 1.00, 1.00, 0.00, 1.00
7809, 0, 294.406, 0.88, 1, 0.00, 0.00, 0.00, 0.00, 0.00, 0.00, 0.00, 0.00, 1.24, 0.83, 0.00, 0.00, 0.00, 0.03, 1.71, 1.01, 0.21, 0.00, 0.00, 0.00, 1.00, 0.00, 0.00, 0.00, 0.00, 1.00, 0.00, 0.00, 0.00, 0.00, 1.00, 1.00, 1.00, 0.00, 1.00
7810, 0, 294.443, 0.88, 1, 0.00, 0.00, 0.00, 0.00, 0.00, 0.00, 0.00, 0.00, 1.16, 0.76, 0.00, 0.00, 0.22, 0.00, 1.83, 1.00, 0.33, 0.00, 0.00, 0.00, 1.00, 0.00, 0.00, 0.00, 0.00, 1.00, 0.00, 0.00, 0.00, 0.00, 1.00, 1.00, 1.00, 0.00, 1.00
7811, 0, 294.481, 0.93, 1, 0.02, 0.00, 0.00, 0.00, 0.00, 0.00, 0.00, 0.00, 1.07, 0.88, 0.00, 0.00, 0.35, 0.04, 1.76, 1.04, 0.41, 0.00, 0.00, 0.00, 1.00, 0.00, 0.00, 0.00, 0.00, 1.00, 0.00, 0.00, 0.00, 0.00, 0.00, 1.00, 1.00, 0.00, 1.00
7812, 0, 294.519, 0.93, 1, 0.02, 0.00, 0.00, 0.00, 0.00, 0.00, 0.00, 0.00, 0.95, 0.78, 0.00, 0.04, 0.44, 0.05, 1.68, 1.14, 0.44, 0.00, 0.00, 0.00, 1.00, 0.00, 0.00, 0.00, 0.00, 1.00, 0.00, 0.00, 0.00, 0.00, 0.00, 1.00, 1.00, 0.00, 1.00
7813, 0, 294.556, 0.88, 1, 0.02, 0.00, 0.00, 0.00, 0.00, 0.00, 0.00, 0.00, 0.84, 0.80, 0.00, 0.04, 0.30, 0.09, 1.51, 1.22, 0.47, 0.00, 0.00, 0.00, 1.00, 0.00, 0.00, 0.00, 0.00, 1.00, 0.00, 0.00, 0.00, 0.00, 0.00, 1.00, 1.00, 0.00, 1.00
7814, 0, 294.594, 0.88, 1, 0.00, 0.00, 0.00, 0.04, 0.00, 0.00, 0.01, 0.00, 0.73, 0.69, 0.00, 0.04, 0.23, 0.09, 1.36, 1.26, 0.48, 0.00, 0.00, 0.00, 1.00, 0.00, 0.00, 0.00, 0.00, 1.00, 0.00, 0.00, 0.00, 0.00, 0.00, 1.00, 0.00, 0.00, 1.00
7815, 0, 294.632, 0.88, 1, 0.10, 0.00, 0.00, 0.04, 0.00, 0.00, 0.02, 0.11, 0.65, 0.48, 0.17, 0.00, 0.14, 0.07, 0.96, 0.81, 0.42, 0.00, 0.00, 0.00, 1.00, 0.00, 0.00, 0.00, 0.00, 1.00, 0.00, 0.00, 0.00, 0.00, 0.00, 1.00, 0.00, 0.00, 1.00
7816, 0, 294.670, 0.88, 1, 0.13, 0.00, 0.00, 0.04, 0.00, 0.00, 0.02, 0.13, 0.55, 0.22, 0.17, 0.00, 0.13, 0.09, 0.49, 0.59, 0.28, 0.00, 0.00, 0.00, 1.00, 0.00, 0.00, 0.00, 0.00, 1.00, 0.00, 1.00, 0.00, 0.00, 0.00, 1.00, 0.00, 0.00, 1.00
7817, 0, 294.707, 0.93, 1, 0.29, 0.02, 0.00, 0.00, 0.00, 0.00, 0.03, 0.13, 0.36, 0.13, 0.17, 0.00, 0.06, 0.09, 0.11, 0.34, 0.18, 0.00, 0.00, 0.00, 1.00, 0.00, 0.00, 0.00, 0.00, 1.00, 0.00, 1.00, 0.00, 0.00, 0.00, 1.00, 0.00, 0.00, 1.00
7818, 0, 294.745, 0.98, 1, 0.25, 0.02, 0.00, 0.00, 0.00, 0.00, 0.07, 0.10, 0.17, 0.22, 0.10, 0.00, 0.20, 0.09, 0.03, 0.74, 0.08, 0.00, 0.00, 0.00, 1.00, 0.00, 0.00, 0.00, 0.00, 1.00, 0.00, 1.00, 0.00, 0.00, 0.00, 1.00, 0.00, 0.00, 0.00
7819, 0, 294.783, 0.93, 1, 0.32, 0.02, 0.00, 0.00, 0.00, 0.00, 0.10, 0.14, 0.04, 0.28, 0.24, 0.00, 0.33, 0.03, 0.02, 0.95, 0.06, 0.00, 0.00, 0.00, 1.00, 0.00, 0.00, 0.00, 0.00, 0.00, 0.00, 1.00, 0.00, 0.00, 0.00, 1.00, 0.00, 0.00, 0.00
7820, 0, 294.820, 0.93, 1, 0.26, 0.00, 0.00, 0.00, 0.00, 0.00, 0.07, 0.15, 0.05, 0.15, 0.24, 0.00, 0.33, 0.00, 0.28, 0.95, 0.10, 0.00, 0.00, 0.00, 1.00, 0.00, 0.00, 0.00, 0.00, 0.00, 0.00, 1.00, 0.00, 0.00, 0.00, 1.00, 0.00, 0.00, 0.00
7821, 0, 294.858, 0.98, 1, 0.28, 0.00, 0.00, 0.00, 0.00, 0.00, 0.03, 0.07, 0.10, 0.06, 0.13, 0.00, 0.19, 0.00, 0.38, 0.64, 0.04, 0.00, 0.00, 0.00, 1.00, 0.00, 0.00, 0.00, 0.00, 0.00, 0.00, 1.00, 0.00, 0.00, 0.00, 1.00, 0.00, 0.00, 0.00
7822, 0, 294.896, 0.98, 1, 0.21, 0.00, 0.00, 0.00, 0.00, 0.00, 0.00, 0.17, 0.14, 0.00, 0.00, 0.00, 0.00, 0.00, 0.53, 0.47, 0.12, 0.00, 0.00, 0.00, 1.00, 0.00, 0.00, 0.00, 0.00, 0.00, 0.00, 1.00, 0.00, 0.00, 0.00, 1.00, 0.00, 0.00, 0.00
7823, 0, 294.933, 0.98, 1, 0.13, 0.02, 0.00, 0.00, 0.00, 0.00, 0.00, 0.22, 0.20, 0.00, 0.11, 0.00, 0.00, 0.00, 0.41, 0.67, 0.27, 0.00, 0.00, 0.00, 1.00, 0.00, 0.00, 0.00, 0.00, 0.00, 0.00, 0.00, 0.00, 0.00, 0.00, 1.00, 0.00, 0.00, 0.00
7824, 0, 294.971, 0.98, 1, 0.11, 0.02, 0.00, 0.00, 0.00, 0.00, 0.01, 0.37, 0.25, 0.00, 0.21, 0.00, 0.00, 0.00, 0.47, 0.92, 0.52, 0.00, 0.00, 0.00, 1.00, 0.00, 0.00, 0.00, 0.00, 0.00, 0.00, 0.00, 0.00, 0.00, 0.00, 1.00, 0.00, 0.00, 0.00
7825, 0, 295.009, 0.98, 1, 0.17, 0.08, 0.00, 0.00, 0.00, 0.00, 0.01, 0.20, 0.31, 0.00, 0.43, 0.00, 0.00, 0.00, 0.34, 0.92, 0.43, 0.00, 0.00, 0.00, 1.00, 0.00, 0.00, 0.00, 0.00, 0.00, 0.00, 0.00, 0.00, 0.00, 0.00, 1.00, 0.00, 0.00, 0.00
7826, 0, 295.047, 0.93, 1, 0.29, 0.09, 0.00, 0.00, 0.00, 0.00, 0.01, 0.15, 0.33, 0.04, 0.32, 0.00, 0.00, 0.01, 0.18, 0.80, 0.40, 0.00, 0.00, 0.00, 1.00, 0.00, 0.00, 0.00, 0.00, 1.00, 0.00, 0.00, 0.00, 0.00, 0.00, 0.00, 0.00, 0.00, 0.00
7827, 0, 295.084, 0.93, 1, 0.23, 0.09, 0.00, 0.00, 0.00, 0.00, 0.00, 0.00, 0.30, 0.04, 0.26, 0.02, 0.00, 0.01, 0.01, 0.43, 0.39, 0.00, 0.00, 0.00, 1.00, 0.00, 0.00, 0.00, 0.00, 1.00, 0.00, 0.00, 0.00, 0.00, 1.00, 0.00, 0.00, 0.00, 0.00
7828, 0, 295.122, 0.98, 1, 0.14, 0.04, 0.00, 0.00, 0.00, 0.00, 0.00, 0.00, 0.33, 0.04, 0.05, 0.02, 0.00, 0.04, 0.00, 0.29, 0.54, 0.00, 0.00, 0.00, 1.00, 0.00, 0.00, 0.00, 0.00, 1.00, 0.00, 0.00, 0.00, 0.00, 1.00, 0.00, 0.00, 0.00, 0.00
7829, 0, 295.160, 0.98, 1, 0.04, 0.00, 0.00, 0.00, 0.00, 0.00, 0.01, 0.00, 0.38, 0.03, 0.05, 0.13, 0.00, 0.04, 0.10, 0.12, 0.41, 0.00, 0.00, 0.00, 1.00, 0.00, 0.00, 0.00, 0.00, 1.00, 0.00, 0.00, 0.00, 0.00, 1.00, 0.00, 0.00, 0.00, 0.00
7830, 0, 295.197, 0.98, 1, 0.04, 0.00, 0.00, 0.00, 0.00, 0.00, 0.01, 0.00, 0.54, 0.03, 0.27, 0.11, 0.01, 0.06, 0.37, 0.27, 0.18, 0.00, 0.00, 0.00, 1.00, 0.00, 0.00, 0.00, 0.00, 1.00, 0.00, 0.00, 0.00, 0.00, 0.00, 0.00, 0.00, 0.00, 0.00
7831, 0, 295.235, 0.98, 1, 0.04, 0.00, 0.00, 0.00, 0.00, 0.00, 0.01, 0.00, 0.62, 0.03, 0.48, 0.11, 0.01, 0.04, 0.63, 0.29, 0.06, 0.00, 0.00, 0.00, 1.00, 0.00, 0.00, 0.00, 0.00, 1.00, 0.00, 0.00, 0.00, 0.00, 0.00, 1.00, 0.00, 0.00, 0.00
7832, 0, 295.273, 0.98, 1, 0.00, 0.00, 0.00, 0.00, 0.03, 0.00, 0.00, 0.00, 0.68, 0.00, 0.48, 0.00, 0.01, 0.04, 0.70, 0.47, 0.06, 0.00, 0.00, 0.00, 1.00, 0.00, 0.00, 0.00, 0.00, 1.00, 0.00, 0.00, 0.00, 0.00, 0.00, 1.00, 0.00, 0.00, 0.00
7833, 0, 295.311, 0.98, 1, 0.00, 0.00, 0.00, 0.00, 0.03, 0.00, 0.00, 0.00, 0.69, 0.00, 0.22, 0.00, 0.00, 0.06, 0.54, 0.63, 0.07, 0.00, 0.00, 0.00, 1.00, 0.00, 0.00, 0.00, 0.00, 1.00, 0.00, 0.00, 0.00, 0.00, 0.00, 1.00, 0.00, 0.00, 0.00
7834, 0, 295.348, 0.98, 1, 0.00, 0.00, 0.00, 0.01, 0.05, 0.09, 0.04, 0.00, 0.64, 0.00, 0.02, 0.00, 0.00, 0.07, 0.60, 0.72, 0.04, 0.00, 0.00, 0.00, 1.00, 0.00, 0.00, 0.00, 0.00, 1.00, 0.00, 0.00, 0.00, 0.00, 0.00, 1.00, 0.00, 0.00, 0.00
7835, 0, 295.386, 0.98, 1, 0.04, 0.00, 0.00, 0.01, 0.02, 0.09, 0.04, 0.09, 0.67, 0.00, 0.02, 0.03, 0.04, 0.07, 0.73, 0.55, 0.30, 0.00, 0.00, 0.00, 1.00, 0.00, 0.00, 0.00, 0.00, 1.00, 0.00, 0.00, 0.00, 0.00, 0.00, 1.00, 0.00, 0.00, 0.00
7836, 0, 295.424, 0.98, 1, 0.04, 0.00, 0.00, 0.01, 0.03, 0.09, 0.04, 0.14, 0.74, 0.00, 0.09, 0.03, 0.04, 0.03, 0.97, 0.28, 0.57, 0.00, 0.00, 0.00, 1.00, 0.00, 0.00, 0.00, 0.00, 1.00, 0.00, 0.00, 0.00, 0.00, 0.00, 1.00, 0.00, 0.00, 0.00
7837, 0, 295.461, 0.98, 1, 0.04, 0.00, 0.00, 0.00, 0.01, 0.00, 0.00, 0.20, 0.88, 0.00, 0.17, 0.03, 0.06, 0.00, 1.03, 0.13, 0.87, 0.00, 0.00, 0.00, 1.00, 0.00, 0.00, 0.00, 0.00, 1.00, 0.00, 0.00, 0.00, 0.00, 0.00, 1.00, 0.00, 0.00, 0.00
7838, 0, 295.499, 0.98, 1, 0.00, 0.00, 0.00, 0.00, 0.01, 0.00, 0.00, 0.11, 0.91, 0.00, 0.20, 0.04, 0.10, 0.00, 1.10, 0.08, 0.69, 0.00, 0.00, 0.00, 1.00, 0.00, 0.00, 0.00, 0.00, 1.00, 0.00, 0.00, 0.00, 0.00, 0.00, 1.00, 0.00, 0.00, 0.00
7839, 0, 295.537, 0.98, 1, 0.00, 0.00, 0.00, 0.00, 0.01, 0.00, 0.00, 0.06, 0.88, 0.00, 0.15, 0.27, 0.10, 0.05, 1.16, 0.05, 0.42, 0.00, 0.00, 0.00, 1.00, 0.00, 0.00, 0.00, 0.00, 1.00, 0.00, 0.00, 0.00, 0.00, 0.00, 1.00, 0.00, 0.00, 0.00
7840, 0, 295.574, 0.98, 1, 0.01, 0.04, 0.00, 0.00, 0.00, 0.00, 0.00, 0.00, 0.94, 0.33, 0.06, 0.34, 0.16, 0.05, 1.19, 0.12, 0.13, 0.00, 0.00, 0.00, 1.00, 0.00, 0.00, 0.00, 0.00, 1.00, 0.00, 0.00, 0.00, 0.00, 0.00, 1.00, 0.00, 0.00, 0.00
7841, 0, 295.612, 0.98, 1, 0.01, 0.14, 0.00, 0.00, 0.00, 0.00, 0.00, 0.00, 0.96, 0.49, 0.02, 0.30, 0.13, 0.05, 0.92, 0.12, 0.03, 0.00, 0.00, 0.00, 1.00, 0.00, 0.00, 0.00, 0.00, 1.00, 1.00, 0.00, 0.00, 0.00, 0.00, 1.00, 0.00, 0.00, 0.00
7842, 0, 295.650, 0.98, 1, 0.02, 0.29, 0.08, 0.02, 0.00, 0.00, 0.05, 0.00, 0.86, 0.62, 0.00, 0.07, 0.14, 0.00, 0.57, 0.12, 0.03, 0.00, 0.00, 0.00, 1.00, 0.00, 0.00, 0.00, 0.00, 1.00, 1.00, 0.00, 0.00, 0.00, 0.00, 0.00, 0.00, 0.00, 0.00
7843, 0, 295.688, 0.98, 1, 0.14, 0.27, 0.17, 0.02, 0.00, 0.00, 0.10, 0.00, 0.66, 0.44, 0.00, 0.00, 0.14, 0.00, 0.17, 0.00, 0.07, 0.00, 0.00, 0.00, 1.00, 0.00, 0.00, 0.00, 0.00, 1.00, 1.00, 0.00, 0.00, 0.00, 0.00, 0.00, 0.00, 0.00, 0.00
7844, 0, 295.725, 0.98, 1, 0.37, 0.27, 0.26, 0.02, 0.00, 0.00, 0.16, 0.00, 0.46, 0.49, 0.00, 0.00, 0.25, 0.00, 0.06, 0.00, 0.07, 0.00, 0.00, 0.00, 1.00, 0.00, 0.00, 0.00, 0.00, 1.00, 1.00, 0.00, 0.00, 0.00, 0.00, 0.00, 0.00, 0.00, 0.00
7845, 0, 295.763, 0.98, 1, 0.36, 0.13, 0.23, 0.00, 0.00, 0.00, 0.13, 0.08, 0.45, 0.49, 0.36, 0.13, 0.25, 0.07, 0.00, 0.00, 0.05, 0.00, 0.00, 0.00, 1.00, 0.00, 0.00, 0.00, 0.00, 1.00, 1.00, 0.00, 0.00, 0.00, 0.00, 0.00, 0.00, 0.00, 0.00
7846, 0, 295.801, 0.98, 1, 0.23, 0.11, 0.14, 0.07, 0.00, 0.00, 0.08, 0.08, 0.45, 0.40, 0.75, 0.34, 0.17, 0.13, 0.00, 0.00, 0.00, 0.00, 0.00, 0.00, 1.00, 0.00, 0.00, 0.00, 0.00, 0.00, 1.00, 1.00, 1.00, 0.00, 1.00, 0.00, 0.00, 0.00, 0.00
7847, 0, 295.838, 0.98, 1, 0.00, 0.00, 0.05, 0.10, 0.00, 0.00, 0.04, 0.08, 0.45, 0.19, 1.08, 0.51, 0.00, 0.17, 0.00, 0.00, 0.00, 0.00, 0.00, 0.00, 1.00, 0.00, 0.00, 0.00, 0.00, 0.00, 0.00, 1.00, 1.00, 0.00, 1.00, 0.00, 0.00, 0.00, 0.00
7848, 0, 295.876, 0.98, 1, 0.03, 0.00, 0.00, 0.10, 0.00, 0.00, 0.07, 0.00, 0.27, 0.06, 1.13, 0.50, 0.00, 0.16, 0.00, 0.00, 0.08, 0.00, 0.00, 0.00, 1.00, 0.00, 0.00, 0.00, 0.00, 0.00, 0.00, 1.00, 1.00, 0.00, 1.00, 0.00, 0.00, 0.00, 0.00
7849, 0, 295.914, 0.98, 1, 0.04, 0.00, 0.00, 0.03, 0.00, 0.00, 0.12, 0.00, 0.11, 0.00, 1.14, 0.38, 0.00, 0.17, 0.00, 0.00, 0.16, 0.00, 0.00, 0.00, 1.00, 0.00, 0.00, 0.00, 0.00, 0.00, 0.00, 1.00, 1.00, 0.00, 1.00, 0.00, 0.00, 0.00, 0.00
7850, 0, 295.952, 0.98, 1, 0.21, 0.00, 0.00, 0.00, 0.00, 0.00, 0.10, 0.22, 0.01, 0.00, 1.46, 0.42, 0.16, 0.16, 0.00, 0.14, 0.30, 0.00, 0.00, 0.00, 1.00, 0.00, 0.00, 0.00, 0.00, 0.00, 0.00, 1.00, 1.00, 0.00, 1.00, 0.00, 0.00, 0.00, 0.00
7851, 0, 295.989, 0.98, 1, 0.29, 0.00, 0.00, 0.00, 0.00, 0.00, 0.05, 0.26, 0.00, 0.00, 1.28, 0.44, 0.34, 0.12, 0.00, 0.40, 0.37, 0.00, 0.00, 0.00, 1.00, 0.00, 0.00, 0.00, 0.00, 0.00, 0.00, 1.00, 1.00, 0.00, 1.00, 0.00, 0.00, 0.00, 0.00
7852, 0, 296.027, 0.93, 1, 0.41, 0.00, 0.00, 0.00, 0.00, 0.00, 0.00, 0.28, 0.00, 0.00, 1.10, 0.45, 0.53, 0.11, 0.00, 0.69, 0.43, 0.00, 0.00, 0.00, 1.00, 0.00, 0.00, 0.00, 0.00, 0.00, 0.00, 1.00, 1.00, 0.00, 0.00, 0.00, 0.00, 0.00, 0.00
7853, 0, 296.065, 0.93, 1, 0.24, 0.00, 0.00, 0.00, 0.00, 0.00, 0.00, 0.06, 0.00, 0.00, 0.57, 0.42, 0.46, 0.17, 0.00, 1.03, 0.33, 0.00, 0.00, 0.00, 1.00, 0.00, 0.00, 0.00, 0.00, 0.00, 0.00, 1.00, 1.00, 0.00, 0.00, 0.00, 0.00, 0.00, 0.00
7854, 0, 296.102, 0.93, 1, 0.13, 0.00, 0.00, 0.00, 0.00, 0.00, 0.00, 0.06, 0.00, 0.00, 0.36, 0.53, 0.54, 0.22, 0.00, 1.24, 0.36, 0.00, 0.00, 0.00, 1.00, 0.00, 0.00, 0.00, 0.00, 0.00, 0.00, 1.00, 0.00, 0.00, 0.00, 0.00, 0.00, 0.00, 1.00
7855, 0, 296.140, 0.93, 1, 0.11, 0.00, 0.00, 0.00, 0.00, 0.00, 0.00, 0.16, 0.00, 0.00, 0.29, 0.55, 0.62, 0.22, 0.00, 1.27, 0.50, 0.00, 0.00, 0.00, 1.00, 0.00, 0.00, 0.00, 0.00, 0.00, 0.00, 1.00, 0.00, 0.00, 0.00, 0.00, 0.00, 0.00, 1.00
7856, 0, 296.178, 0.98, 1, 0.11, 0.00, 0.00, 0.00, 0.00, 0.00, 0.00, 0.20, 0.00, 0.00, 0.22, 0.38, 0.61, 0.13, 0.00, 1.01, 0.60, 0.00, 0.00, 0.00, 1.00, 0.00, 0.00, 0.00, 0.00, 0.00, 0.00, 1.00, 0.00, 0.00, 0.00, 0.00, 0.00, 0.00, 1.00
7857, 0, 296.215, 0.93, 1, 0.18, 0.00, 0.00, 0.00, 0.00, 0.00, 0.00, 0.16, 0.00, 0.06, 0.51, 0.13, 0.50, 0.06, 0.31, 1.14, 0.56, 0.00, 0.00, 0.00, 1.00, 0.00, 0.00, 0.00, 0.00, 0.00, 0.00, 1.00, 0.00, 0.00, 0.00, 0.00, 0.00, 0.00, 1.00
7858, 0, 296.253, 0.88, 1, 0.25, 0.00, 0.00, 0.00, 0.00, 0.00, 0.00, 0.10, 0.00, 0.06, 0.45, 0.07, 0.29, 0.00, 0.45, 1.32, 0.46, 0.00, 0.00, 0.00, 1.00, 0.00, 0.00, 0.00, 0.00, 0.00, 0.00, 1.00, 0.00, 0.00, 0.00, 0.00, 0.00, 0.00, 1.00
7859, 0, 296.291, 0.88, 1, 0.55, 0.00, 0.00, 0.00, 0.00, 0.00, 0.02, 0.05, 0.00, 0.06, 0.46, 0.07, 0.22, 0.00, 0.72, 1.65, 0.54, 0.00, 0.00, 0.00, 1.00, 0.00, 0.00, 0.00, 0.00, 0.00, 0.00, 1.00, 0.00, 0.00, 0.00, 0.00, 1.00, 0.00, 1.00
7860, 0, 296.329, 0.88, 1, 0.53, 0.00, 0.01, 0.00, 0.03, 0.00, 0.02, 0.07, 0.03, 0.00, 0.25, 0.19, 0.08, 0.00, 0.67, 1.50, 0.59, 0.00, 0.00, 0.00, 1.00, 0.00, 0.00, 0.00, 0.00, 0.00, 0.00, 1.00, 0.00, 0.00, 0.00, 1.00, 1.00, 0.00, 1.00
7861, 0, 296.366, 0.88, 1, 0.42, 0.00, 0.04, 0.00, 0.07, 0.00, 0.02, 0.08, 0.05, 0.00, 0.29, 0.20, 0.05, 0.00, 0.75, 1.40, 0.62, 0.00, 0.00, 0.00, 1.00, 0.00, 0.00, 0.00, 0.00, 0.00, 0.00, 1.00, 0.00, 0.00, 0.00, 1.00, 1.00, 0.00, 1.00
7862, 0, 296.404, 0.88, 1, 0.14, 0.00, 0.04, 0.00, 0.12, 0.00, 0.00, 0.15, 0.05, 0.00, 0.43, 0.41, 0.25, 0.00, 0.68, 1.48, 0.63, 0.00, 0.00, 0.00, 1.00, 0.00, 0.00, 0.00, 0.00, 0.00, 0.00, 1.00, 0.00, 0.00, 0.00, 1.00, 1.00, 0.00, 1.00
7863, 0, 296.442, 0.93, 1, 0.09, 0.00, 0.03, 0.00, 0.09, 0.00, 0.00, 0.13, 0.02, 0.09, 0.35, 0.35, 0.35, 0.00, 0.60, 1.67, 0.68, 0.00, 0.00, 0.00, 1.00, 0.00, 0.00, 0.00, 0.00, 0.00, 0.00, 1.00, 0.00, 0.00, 0.00, 1.00, 1.00, 0.00, 1.00
7864, 0, 296.479, 0.93, 1, 0.03, 0.00, 0.00, 0.00, 0.04, 0.00, 0.00, 0.07, 0.00, 0.09, 0.22, 0.27, 0.31, 0.00, 0.46, 1.83, 0.72, 0.00, 0.00, 0.00, 1.00, 0.00, 0.00, 0.00, 0.00, 0.00, 0.00, 1.00, 0.00, 0.00, 0.00, 1.00, 1.00, 0.00, 1.00
7865, 0, 296.517, 0.93, 1, 0.00, 0.00, 0.00, 0.00, 0.00, 0.00, 0.00, 0.00, 0.09, 0.12, 0.23, 0.12, 0.11, 0.00, 0.69, 1.97, 0.82, 0.00, 0.00, 0.00, 1.00, 0.00, 0.00, 0.00, 0.00, 0.00, 0.00, 1.00, 0.00, 0.00, 0.00, 1.00, 1.00, 0.00, 1.00
7866, 0, 296.555, 0.98, 1, 0.00, 0.00, 0.00, 0.00, 0.01, 0.00, 0.00, 0.00, 0.17, 0.07, 0.25, 0.18, 0.00, 0.00, 0.80, 2.16, 0.98, 0.00, 0.00, 0.00, 1.00, 0.00, 0.00, 0.00, 0.00, 0.00, 0.00, 1.00, 0.00, 0.00, 0.00, 1.00, 1.00, 0.00, 1.00
7867, 0, 296.592, 0.98, 1, 0.00, 0.00, 0.00, 0.00, 0.03, 0.00, 0.00, 0.00, 0.27, 0.11, 0.28, 0.33, 0.00, 0.00, 1.02, 2.47, 1.08, 0.00, 0.00, 0.00, 1.00, 0.00, 0.00, 0.00, 0.00, 0.00, 0.00, 1.00, 1.00, 0.00, 0.00, 1.00, 1.00, 0.00, 1.00
7868, 0, 296.630, 0.98, 1, 0.00, 0.00, 0.00, 0.00, 0.03, 0.00, 0.00, 0.00, 0.33, 0.19, 0.06, 0.48, 0.00, 0.01, 0.90, 2.67, 1.17, 0.00, 0.00, 0.00, 1.00, 0.00, 0.00, 0.00, 0.00, 0.00, 0.00, 1.00, 1.00, 0.00, 1.00, 1.00, 1.00, 0.00, 1.00
7869, 0, 296.668, 0.98, 1, 0.00, 0.00, 0.00, 0.00, 0.02, 0.00, 0.00, 0.00, 0.46, 0.30, 0.03, 0.59, 0.00, 0.01, 0.76, 2.77, 1.25, 0.00, 0.00, 0.00, 1.00, 0.00, 0.00, 0.00, 0.00, 0.00, 0.00, 1.00, 1.00, 0.00, 1.00, 1.00, 1.00, 0.00, 1.00
7870, 0, 296.706, 0.93, 1, 0.00, 0.00, 0.00, 0.00, 0.00, 0.00, 0.08, 0.00, 0.51, 0.26, 0.00, 0.44, 0.00, 0.01, 0.82, 2.58, 1.11, 0.00, 0.00, 0.00, 1.00, 0.00, 0.00, 0.00, 0.00, 0.00, 0.00, 1.00, 1.00, 0.00, 0.00, 0.00, 0.00, 0.00, 1.00
7871, 0, 296.743, 0.93, 1, 0.00, 0.00, 0.00, 0.00, 0.00, 0.00, 0.10, 0.00, 0.38, 0.15, 0.00, 0.23, 0.00, 0.00, 0.67, 2.22, 0.72, 0.00, 0.00, 0.00, 1.00, 0.00, 0.00, 0.00, 0.00, 0.00, 0.00, 1.00, 0.00, 0.00, 0.00, 0.00, 0.00, 0.00, 1.00
7872, 0, 296.781, 0.98, 1, 0.00, 0.00, 0.00, 0.00, 0.00, 0.00, 0.10, 0.00, 0.17, 0.00, 0.00, 0.00, 0.02, 0.00, 0.62, 1.80, 0.27, 0.00, 0.00, 0.00, 1.00, 0.00, 0.00, 0.00, 0.00, 0.00, 0.00, 1.00, 0.00, 0.00, 0.00, 0.00, 0.00, 0.00, 1.00
7873, 0, 296.819, 0.98, 1, 0.03, 0.00, 0.00, 0.00, 0.01, 0.00, 0.02, 0.00, 0.02, 0.00, 0.00, 0.00, 0.02, 0.00, 0.28, 1.77, 0.06, 0.00, 0.00, 0.00, 1.00, 0.00, 0.00, 0.00, 0.00, 0.00, 0.00, 1.00, 0.00, 0.00, 0.00, 0.00, 0.00, 0.00, 1.00
7874, 0, 296.856, 0.98, 1, 0.05, 0.00, 0.00, 0.00, 0.02, 0.00, 0.00, 0.00, 0.00, 0.13, 0.00, 0.00, 0.02, 0.00, 0.11, 1.99, 0.02, 0.00, 0.00, 0.00, 1.00, 0.00, 0.00, 0.00, 0.00, 0.00, 0.00, 1.00, 0.00, 0.00, 0.00, 0.00, 0.00, 0.00, 1.00
7875, 0, 296.894, 0.98, 1, 0.05, 0.00, 0.00, 0.00, 0.02, 0.00, 0.00, 0.01, 0.03, 0.13, 0.00, 0.10, 0.00, 0.00, 0.01, 2.16, 0.00, 0.00, 0.00, 0.00, 1.00, 0.00, 0.00, 0.00, 0.00, 0.00, 0.00, 1.00, 0.00, 0.00, 0.00, 0.00, 0.00, 0.00, 0.00
7876, 0, 296.932, 0.98, 1, 0.02, 0.00, 0.00, 0.00, 0.02, 0.00, 0.00, 0.01, 0.03, 0.15, 0.00, 0.17, 0.00, 0.00, 0.00, 2.23, 0.00, 0.00, 0.00, 0.00, 1.00, 0.00, 0.00, 0.00, 0.00, 0.00, 0.00, 1.00, 0.00, 0.00, 0.00, 0.00, 0.00, 0.00, 0.00
7877, 0, 296.970, 0.98, 1, 0.00, 0.00, 0.00, 0.00, 0.00, 0.00, 0.00, 0.01, 0.03, 0.01, 0.00, 0.17, 0.00, 0.00, 0.13, 2.17, 0.00, 0.00, 0.00, 0.00, 1.00, 0.00, 0.00, 0.00, 0.00, 0.00, 0.00, 1.00, 0.00, 0.00, 0.00, 0.00, 0.00, 0.00, 0.00
7878, 0, 297.007, 0.98, 1, 0.00, 0.00, 0.00, 0.00, 0.03, 0.00, 0.00, 0.00, 0.00, 0.02, 0.00, 0.09, 0.00, 0.00, 0.49, 2.15, 0.00, 0.00, 0.00, 0.00, 1.00, 0.00, 0.00, 0.00, 0.00, 0.00, 0.00, 1.00, 0.00, 0.00, 0.00, 1.00, 0.00, 0.00, 0.00
7879, 0, 297.045, 0.98, 1, 0.00, 0.01, 0.00, 0.00, 0.03, 0.00, 0.00, 0.00, 0.00, 0.01, 0.00, 0.13, 0.00, 0.04, 0.76, 2.03, 0.09, 0.00, 0.00, 0.00, 1.00, 0.00, 0.00, 0.00, 0.00, 0.00, 0.00, 1.00, 0.00, 0.00, 0.00, 1.00, 0.00, 0.00, 0.00
7880, 0, 297.083, 0.98, 1, 0.00, 0.01, 0.00, 0.00, 0.03, 0.00, 0.00, 0.00, 0.15, 0.01, 0.00, 0.13, 0.00, 0.10, 0.75, 1.68, 0.09, 0.00, 0.00, 0.00, 1.00, 0.00, 0.00, 0.00, 0.00, 0.00, 0.00, 1.00, 0.00, 0.00, 0.00, 1.00, 0.00, 0.00, 0.00
7881, 0, 297.120, 0.98, 1, 0.00, 0.01, 0.00, 0.00, 0.00, 0.01, 0.00, 0.00, 0.30, 0.09, 0.00, 0.11, 0.00, 0.10, 0.61, 1.47, 0.09, 0.00, 0.00, 0.00, 1.00, 0.00, 0.00, 0.00, 0.00, 0.00, 0.00, 1.00, 0.00, 0.00, 0.00, 1.00, 0.00, 0.00, 0.00
7882, 0, 297.158, 0.98, 1, 0.00, 0.00, 0.00, 0.00, 0.00, 0.06, 0.00, 0.00, 0.37, 0.15, 0.00, 0.03, 0.00, 0.10, 0.66, 1.48, 0.00, 0.00, 0.00, 0.00, 1.00, 0.00, 0.00, 0.00, 0.00, 0.00, 0.00, 1.00, 0.00, 0.00, 0.00, 1.00, 0.00, 0.00, 0.00
7883, 0, 297.196, 0.98, 1, 0.00, 0.00, 0.00, 0.00, 0.04, 0.09, 0.00, 0.00, 0.37, 0.19, 0.00, 0.08, 0.00, 0.07, 0.75, 1.71, 0.00, 0.00, 0.00, 0.00, 1.00, 0.00, 0.00, 0.00, 0.00, 0.00, 0.00, 0.00, 0.00, 0.00, 0.00, 1.00, 0.00, 0.00, 0.00
7884, 0, 297.233, 0.98, 1, 0.00, 0.00, 0.00, 0.00, 0.04, 0.08, 0.00, 0.00, 0.43, 0.20, 0.13, 0.08, 0.00, 0.07, 0.68, 1.72, 0.00, 0.00, 0.00, 0.00, 1.00, 0.00, 0.00, 0.00, 0.00, 0.00, 0.00, 0.00, 0.00, 0.00, 0.00, 0.00, 0.00, 0.00, 0.00
7885, 0, 297.271, 0.98, 1, 0.00, 0.00, 0.00, 0.00, 0.18, 0.16, 0.00, 0.00, 0.55, 0.14, 0.36, 0.20, 0.00, 0.07, 0.75, 1.72, 0.00, 0.00, 0.00, 0.00, 1.00, 0.00, 0.00, 0.00, 0.00, 1.00, 0.00, 0.00, 0.00, 0.00, 0.00, 0.00, 0.00, 0.00, 0.00
7886, 0, 297.309, 0.98, 1, 0.00, 0.00, 0.00, 0.27, 0.21, 0.29, 0.00, 0.00, 0.59, 0.09, 0.50, 0.30, 0.00, 0.03, 1.01, 1.55, 0.00, 0.00, 0.00, 0.00, 1.00, 0.00, 0.00, 0.00, 0.00, 1.00, 0.00, 0.00, 0.00, 0.00, 0.00, 0.00, 0.00, 0.00, 0.00
7887, 0, 297.347, 0.98, 1, 0.00, 0.00, 0.00, 0.62, 0.31, 0.55, 0.00, 0.00, 0.58, 0.00, 0.69, 0.45, 0.00, 0.04, 1.23, 1.37, 0.00, 0.00, 0.00, 0.00, 1.00, 0.00, 0.00, 0.00, 0.00, 1.00, 0.00, 0.00, 0.00, 0.00, 0.00, 0.00, 0.00, 0.00, 0.00
7888, 0, 297.384, 0.98, 1, 0.00, 0.00, 0.00, 1.02, 0.23, 0.68, 0.00, 0.00, 0.59, 0.00, 0.76, 0.39, 0.00, 0.01, 1.17, 1.03, 0.00, 0.00, 0.00, 0.00, 1.00, 0.00, 0.00, 0.00, 0.00, 1.00, 0.00, 0.00, 0.00, 0.00, 0.00, 0.00, 0.00, 0.00, 1.00
7889, 0, 297.422, 0.98, 1, 0.00, 0.05, 0.00, 0.86, 0.19, 0.65, 0.00, 0.00, 0.56, 0.13, 0.69, 0.30, 0.00, 0.01, 1.04, 1.15, 0.00, 0.00, 0.00, 0.00, 1.00, 0.00, 0.00, 0.00, 0.00, 1.00, 0.00, 0.00, 0.00, 0.00, 0.00, 0.00, 0.00, 0.00, 1.00
7890, 0, 297.460, 0.98, 1, 0.00, 0.25, 0.00, 0.51, 0.10, 0.39, 0.02, 0.00, 0.49, 0.25, 0.37, 0.15, 0.00, 0.03, 0.86, 1.13, 0.03, 0.00, 0.00, 0.00, 1.00, 0.00, 0.00, 0.00, 0.00, 1.00, 0.00, 0.00, 0.00, 0.00, 0.00, 0.00, 0.00, 0.00, 1.00
7891, 0, 297.497, 0.98, 1, 0.00, 0.25, 0.00, 0.11, 0.03, 0.13, 0.02, 0.00, 0.46, 0.31, 0.07, 0.05, 0.00, 0.03, 0.75, 1.25, 0.17, 0.00, 0.00, 0.00, 1.00, 0.00, 0.00, 0.00, 0.00, 1.00, 1.00, 0.00, 0.00, 0.00, 0.00, 0.00, 0.00, 0.00, 1.00
7892, 0, 297.535, 0.98, 1, 0.00, 0.21, 0.00, 0.00, 0.00, 0.00, 0.02, 0.00, 0.45, 0.36, 0.00, 0.00, 0.00, 0.03, 0.68, 1.21, 0.24, 0.00, 0.00, 0.00, 1.00, 0.00, 0.00, 0.00, 0.00, 1.00, 1.00, 0.00, 0.00, 0.00, 0.00, 0.00, 0.00, 0.00, 1.00
7893, 0, 297.573, 0.98, 1, 0.00, 0.04, 0.00, 0.00, 0.00, 0.00, 0.00, 0.00, 0.49, 0.34, 0.00, 0.00, 0.00, 0.01, 0.79, 1.62, 0.47, 0.00, 0.00, 0.00, 1.00, 0.00, 0.00, 0.00, 0.00, 1.00, 1.00, 0.00, 0.00, 0.00, 0.00, 0.00, 0.00, 0.00, 1.00
7894, 0, 297.611, 0.98, 1, 0.00, 0.21, 0.00, 0.00, 0.00, 0.00, 0.00, 0.00, 0.49, 0.47, 0.00, 0.00, 0.00, 0.01, 0.81, 1.87, 0.56, 0.00, 0.00, 0.00, 1.00, 0.00, 0.00, 0.00, 0.00, 1.00, 1.00, 0.00, 0.00, 0.00, 0.00, 0.00, 0.00, 0.00, 1.00
7895, 0, 297.648, 0.98, 1, 0.23, 0.21, 0.00, 0.00, 0.00, 0.00, 0.00, 0.00, 0.55, 0.32, 0.18, 0.11, 0.00, 0.01, 0.78, 1.72, 0.68, 0.00, 0.00, 0.00, 1.00, 0.00, 0.00, 0.00, 0.00, 1.00, 1.00, 0.00, 0.00, 0.00, 0.00, 0.00, 0.00, 0.00, 1.00
7896, 0, 297.686, 0.98, 1, 0.46, 0.16, 0.00, 0.00, 0.00, 0.00, 0.00, 0.00, 0.53, 0.21, 0.21, 0.29, 0.00, 0.00, 0.81, 1.76, 0.55, 0.00, 0.00, 0.00, 1.00, 0.00, 0.00, 0.00, 0.00, 1.00, 1.00, 1.00, 1.00, 0.00, 0.00, 0.00, 0.00, 0.00, 1.00
7897, 0, 297.724, 0.98, 1, 0.66, 0.00, 0.00, 0.00, 0.00, 0.00, 0.00, 0.00, 0.56, 0.03, 0.22, 0.47, 0.00, 0.06, 0.92, 1.94, 0.48, 0.00, 0.00, 0.00, 1.00, 0.00, 0.00, 0.00, 0.00, 1.00, 1.00, 1.00, 1.00, 0.00, 0.00, 1.00, 1.00, 0.00, 1.00
7898, 0, 297.761, 0.98, 1, 0.59, 0.00, 0.00, 0.00, 0.00, 0.02, 0.00, 0.00, 0.57, 0.00, 0.14, 0.49, 0.00, 0.09, 1.25, 2.46, 0.52, 0.00, 0.00, 0.00, 1.00, 0.00, 0.00, 0.00, 0.00, 1.00, 1.00, 1.00, 1.00, 0.00, 0.00, 1.00, 1.00, 0.00, 1.00
7899, 0, 297.799, 0.98, 1, 0.37, 0.00, 0.00, 0.00, 0.00, 0.02, 0.00, 0.00, 0.63, 0.02, 0.11, 0.51, 0.01, 0.10, 1.58, 2.64, 0.43, 0.00, 0.00, 0.00, 1.00, 0.00, 0.00, 0.00, 0.00, 1.00, 1.00, 1.00, 1.00, 0.00, 1.00, 1.00, 1.00, 0.00, 1.00
7900, 0, 297.837, 0.98, 1, 0.18, 0.00, 0.00, 0.00, 0.00, 0.02, 0.00, 0.00, 0.68, 0.32, 0.14, 0.69, 0.01, 0.08, 1.64, 2.39, 0.41, 0.00, 0.00, 0.00, 1.00, 0.00, 0.00, 0.00, 0.00, 1.00, 1.00, 1.00, 1.00, 0.00, 1.00, 1.00, 1.00, 0.00, 1.00
7901, 0, 297.874, 0.98, 1, 0.01, 0.00, 0.00, 0.00, 0.00, 0.00, 0.00, 0.00, 0.69, 0.63, 0.10, 0.84, 0.01, 0.08, 1.46, 2.01, 0.35, 0.00, 0.00, 0.00, 1.00, 0.00, 0.00, 0.00, 0.00, 1.00, 1.00, 0.00, 1.00, 0.00, 1.00, 1.00, 1.00, 0.00, 1.00
7902, 0, 297.912, 0.98, 1, 0.00, 0.00, 0.00, 0.00, 0.02, 0.00, 0.00, 0.00, 0.74, 0.95, 0.28, 0.96, 0.00, 0.07, 1.25, 1.80, 0.37, 0.00, 0.00, 0.00, 1.00, 0.00, 0.00, 0.00, 0.00, 0.00, 1.00, 0.00, 1.00, 0.00, 1.00, 1.00, 1.00, 0.00, 1.00
7903, 0, 297.950, 0.98, 1, 0.00, 0.00, 0.00, 0.00, 0.06, 0.05, 0.00, 0.00, 0.72, 0.86, 0.36, 0.77, 0.00, 0.05, 1.16, 1.83, 0.47, 0.00, 0.00, 0.00, 1.00, 0.00, 0.00, 0.00, 0.00, 0.00, 1.00, 0.00, 1.00, 0.00, 1.00, 1.00, 1.00, 0.00, 1.00
7904, 0, 297.988, 0.98, 1, 0.00, 0.00, 0.00, 0.00, 0.09, 0.05, 0.00, 0.00, 0.71, 0.80, 0.36, 0.64, 0.00, 0.07, 0.92, 1.81, 0.40, 0.00, 0.00, 0.00, 1.00, 0.00, 0.00, 0.00, 0.00, 0.00, 1.00, 0.00, 1.00, 0.00, 1.00, 1.00, 1.00, 0.00, 1.00
7905, 0, 298.025, 0.98, 1, 0.00, 0.00, 0.00, 0.00, 0.07, 0.05, 0.00, 0.00, 0.66, 0.47, 0.17, 0.31, 0.00, 0.07, 0.87, 1.69, 0.40, 0.00, 0.00, 0.00, 1.00, 0.00, 0.00, 0.00, 0.00, 0.00, 1.00, 0.00, 1.00, 0.00, 1.00, 1.00, 1.00, 0.00, 1.00
7906, 0, 298.063, 0.98, 1, 0.00, 0.00, 0.00, 0.00, 0.03, 0.00, 0.00, 0.00, 0.65, 0.26, 0.05, 0.14, 0.00, 0.04, 0.91, 1.56, 0.27, 0.00, 0.00, 0.00, 1.00, 0.00, 0.00, 0.00, 0.00, 1.00, 1.00, 0.00, 0.00, 0.00, 0.00, 1.00, 1.00, 0.00, 1.00
7907, 0, 298.101, 0.98, 1, 0.00, 0.00, 0.00, 0.00, 0.00, 0.00, 0.00, 0.00, 0.59, 0.02, 0.00, 0.00, 0.00, 0.00, 1.18, 1.76, 0.24, 0.00, 0.00, 0.00, 1.00, 0.00, 0.00, 0.00, 0.00, 1.00, 1.00, 0.00, 0.00, 0.00, 0.00, 0.00, 1.00, 0.00, 1.00
7908, 0, 298.138, 0.98, 1, 0.00, 0.00, 0.00, 0.00, 0.00, 0.00, 0.00, 0.00, 0.59, 0.00, 0.00, 0.00, 0.00, 0.00, 1.03, 1.76, 0.31, 0.00, 0.00, 0.00, 1.00, 0.00, 0.00, 0.00, 0.00, 1.00, 0.00, 0.00, 0.00, 0.00, 0.00, 0.00, 1.00, 0.00, 1.00
7909, 0, 298.176, 0.98, 1, 0.00, 0.00, 0.00, 0.00, 0.00, 0.00, 0.00, 0.00, 0.56, 0.04, 0.04, 0.09, 0.00, 0.01, 0.90, 1.78, 0.32, 0.00, 0.00, 0.00, 1.00, 0.00, 0.00, 0.00, 0.00, 1.00, 0.00, 0.00, 0.00, 0.00, 0.00, 0.00, 0.00, 0.00, 1.00
7910, 0, 298.214, 0.98, 1, 0.08, 0.00, 0.00, 0.00, 0.00, 0.00, 0.00, 0.00, 0.52, 0.06, 0.07, 0.10, 0.00, 0.01, 0.53, 1.56, 0.47, 0.00, 0.00, 0.00, 1.00, 0.00, 0.00, 0.00, 0.00, 1.00, 0.00, 0.00, 0.00, 0.00, 0.00, 0.00, 0.00, 0.00, 1.00
7911, 0, 298.252, 0.88, 1, 0.21, 0.00, 0.00, 0.00, 0.00, 0.00, 0.00, 0.00, 0.40, 0.06, 0.37, 0.28, 0.00, 0.02, 0.30, 1.62, 0.55, 0.00, 0.00, 0.00, 1.00, 0.00, 0.00, 0.00, 0.00, 0.00, 0.00, 0.00, 1.00, 0.00, 0.00, 0.00, 0.00, 0.00, 1.00
7912, 0, 298.289, 0.88, 1, 0.32, 0.00, 0.00, 0.00, 0.00, 0.00, 0.00, 0.00, 0.28, 0.02, 0.55, 0.36, 0.00, 0.02, 0.06, 1.70, 0.73, 0.00, 0.00, 0.00, 1.00, 0.00, 0.00, 0.00, 0.00, 0.00, 0.00, 1.00, 1.00, 0.00, 0.00, 0.00, 0.00, 0.00, 1.00
7913, 0, 298.327, 0.88, 1, 0.26, 0.00, 0.00, 0.00, 0.00, 0.00, 0.00, 0.00, 0.17, 0.03, 0.68, 0.49, 0.00, 0.02, 0.07, 1.91, 0.70, 0.00, 0.00, 0.00, 1.00, 0.00, 0.00, 0.00, 0.00, 0.00, 0.00, 1.00, 1.00, 0.00, 0.00, 0.00, 0.00, 0.00, 1.00
7914, 0, 298.365, 0.88, 1, 0.16, 0.00, 0.00, 0.00, 0.00, 0.00, 0.00, 0.00, 0.16, 0.03, 0.69, 0.35, 0.00, 0.01, 0.22, 1.82, 0.71, 0.00, 0.00, 0.00, 1.00, 0.00, 0.00, 0.00, 0.00, 0.00, 0.00, 1.00, 0.00, 0.00, 0.00, 0.00, 0.00, 0.00, 1.00
7915, 0, 298.402, 0.93, 1, 0.14, 0.00, 0.00, 0.00, 0.00, 0.00, 0.00, 0.00, 0.24, 0.03, 0.53, 0.31, 0.00, 0.00, 0.34, 1.74, 0.56, 0.00, 0.00, 0.00, 1.00, 0.00, 0.00, 0.00, 0.00, 0.00, 0.00, 1.00, 0.00, 0.00, 0.00, 0.00, 0.00, 0.00, 1.00
7916, 0, 298.440, 0.98, 1, 0.25, 0.00, 0.00, 0.00, 0.00, 0.00, 0.00, 0.04, 0.39, 0.02, 0.37, 0.17, 0.00, 0.00, 0.27, 1.59, 0.37, 0.00, 0.00, 0.00, 1.00, 0.00, 0.00, 0.00, 0.00, 1.00, 0.00, 1.00, 0.00, 0.00, 0.00, 0.00, 0.00, 0.00, 1.00
7917, 0, 298.478, 0.93, 1, 0.38, 0.00, 0.00, 0.00, 0.00, 0.00, 0.00, 0.06, 0.52, 0.04, 0.06, 0.14, 0.00, 0.00, 0.12, 1.60, 0.15, 0.00, 0.00, 0.00, 1.00, 0.00, 0.00, 0.00, 0.00, 1.00, 0.00, 1.00, 0.00, 0.00, 0.00, 0.00, 0.00, 0.00, 1.00
7918, 0, 298.515, 0.93, 1, 0.42, 0.00, 0.11, 0.00, 0.00, 0.00, 0.05, 0.06, 0.48, 0.04, 0.12, 0.07, 0.00, 0.00, 0.00, 1.74, 0.06, 0.00, 0.00, 0.00, 1.00, 0.00, 0.00, 0.00, 0.00, 1.00, 0.00, 1.00, 0.00, 0.00, 0.00, 0.00, 0.00, 0.00, 1.00
7919, 0, 298.553, 0.93, 1, 0.42, 0.00, 0.11, 0.00, 0.00, 0.00, 0.10, 0.02, 0.42, 0.06, 0.20, 0.08, 0.00, 0.00, 0.00, 1.47, 0.07, 0.00, 0.00, 0.00, 1.00, 0.00, 0.00, 0.00, 0.00, 1.00, 0.00, 1.00, 0.00, 0.00, 0.00, 0.00, 0.00, 0.00, 1.00
7920, 0, 298.591, 0.93, 1, 0.33, 0.00, 0.11, 0.00, 0.05, 0.12, 0.13, 0.00, 0.41, 0.04, 0.20, 0.08, 0.00, 0.00, 0.40, 1.23, 0.34, 0.00, 0.00, 0.00, 1.00, 0.00, 0.00, 0.00, 0.00, 1.00, 0.00, 1.00, 0.00, 0.00, 0.00, 0.00, 0.00, 0.00, 1.00
7921, 0, 298.629, 0.98, 1, 0.19, 0.00, 0.00, 0.00, 0.05, 0.22, 0.08, 0.00, 0.50, 0.04, 0.08, 0.17, 0.00, 0.00, 0.74, 1.18, 0.60, 0.00, 0.00, 0.00, 1.00, 0.00, 0.00, 0.00, 0.00, 1.00, 0.00, 0.00, 0.00, 0.00, 0.00, 1.00, 1.00, 0.00, 1.00
7922, 0, 298.666, 0.98, 1, 0.06, 0.00, 0.00, 0.00, 0.07, 0.46, 0.03, 0.00, 0.59, 0.00, 0.09, 0.40, 0.00, 0.06, 1.25, 1.76, 0.66, 0.00, 0.00, 0.00, 1.00, 0.00, 0.00, 0.00, 0.00, 1.00, 0.00, 0.00, 0.00, 0.00, 0.00, 1.00, 1.00, 0.00, 1.00
7923, 0, 298.704, 0.98, 1, 0.00, 0.00, 0.00, 0.00, 0.04, 0.68, 0.00, 0.00, 0.60, 0.00, 0.13, 0.63, 0.00, 0.07, 1.20, 2.20, 0.39, 0.00, 0.00, 0.00, 1.00, 0.00, 0.00, 0.00, 0.00, 1.00, 0.00, 0.00, 0.00, 0.00, 0.00, 1.00, 1.00, 0.00, 1.00
7924, 0, 298.742, 0.98, 1, 0.00, 0.00, 0.00, 0.00, 0.04, 0.58, 0.00, 0.00, 0.75, 0.12, 0.13, 0.70, 0.00, 0.09, 1.15, 2.40, 0.07, 0.00, 0.00, 0.00, 1.00, 0.00, 0.00, 0.00, 0.00, 1.00, 0.00, 0.00, 0.00, 0.00, 0.00, 1.00, 1.00, 0.00, 1.00
7925, 0, 298.779, 0.98, 1, 0.00, 0.00, 0.00, 0.00, 0.02, 0.34, 0.00, 0.00, 0.82, 0.25, 0.04, 0.53, 0.00, 0.04, 1.16, 2.21, 0.25, 0.00, 0.00, 0.00, 1.00, 0.00, 0.00, 0.00, 0.00, 1.00, 0.00, 0.00, 0.00, 0.00, 0.00, 1.00, 1.00, 0.00, 1.00
7926, 0, 298.817, 0.93, 1, 0.00, 0.00, 0.00, 0.00, 0.00, 0.00, 0.00, 0.00, 0.96, 0.50, 0.00, 0.37, 0.00, 0.03, 1.28, 2.28, 0.25, 0.00, 0.00, 0.00, 1.00, 0.00, 0.00, 0.00, 0.00, 1.00, 0.00, 0.00, 0.00, 0.00, 0.00, 1.00, 1.00, 0.00, 1.00
7927, 0, 298.855, 0.98, 1, 0.00, 0.00, 0.00, 0.00, 0.00, 0.00, 0.00, 0.00, 0.90, 0.62, 0.00, 0.30, 0.00, 0.07, 1.43, 2.47, 0.25, 0.00, 0.00, 0.00, 1.00, 0.00, 0.00, 0.00, 0.00, 1.00, 0.00, 0.00, 0.00, 0.00, 0.00, 1.00, 1.00, 0.00, 1.00
7928, 0, 298.893, 0.98, 1, 0.00, 0.00, 0.00, 0.00, 0.00, 0.00, 0.00, 0.00, 0.83, 0.73, 0.15, 0.32, 0.04, 0.21, 1.60, 2.72, 0.02, 0.00, 0.00, 0.00, 1.00, 0.00, 0.00, 0.00, 0.00, 1.00, 0.00, 0.00, 0.00, 0.00, 0.00, 1.00, 1.00, 0.00, 0.00
7929, 0, 298.930, 0.93, 1, 0.00, 0.00, 0.00, 0.00, 0.00, 0.00, 0.00, 0.00, 0.70, 0.66, 0.35, 0.37, 0.12, 0.35, 1.79, 2.90, 0.02, 0.00, 0.00, 0.00, 1.00, 0.00, 0.00, 0.00, 0.00, 1.00, 0.00, 0.00, 0.00, 0.00, 0.00, 1.00, 1.00, 0.00, 0.00
7930, 0, 298.968, 0.93, 1, 0.00, 0.00, 0.00, 0.00, 0.10, 0.06, 0.00, 0.09, 0.71, 0.77, 0.40, 0.31, 0.12, 0.28, 1.77, 2.63, 0.14, 0.00, 0.00, 0.00, 1.00, 0.00, 0.00, 0.00, 0.00, 1.00, 1.00, 0.00, 0.00, 0.00, 0.00, 1.00, 1.00, 0.00, 0.00
7931, 0, 299.006, 0.98, 1, 0.00, 0.00, 0.00, 0.00, 0.17, 0.06, 0.00, 0.12, 0.79, 0.90, 0.25, 0.38, 0.09, 0.14, 1.52, 2.49, 0.31, 0.00, 0.00, 0.00, 1.00, 0.00, 0.00, 0.00, 0.00, 1.00, 1.00, 1.00, 0.00, 0.00, 0.00, 1.00, 1.00, 0.00, 0.00
7932, 0, 299.043, 0.98, 1, 0.00, 0.00, 0.00, 0.00, 0.21, 0.06, 0.00, 0.40, 0.91, 1.05, 0.14, 0.29, 0.00, 0.00, 1.02, 2.10, 0.32, 0.00, 0.00, 0.00, 1.00, 0.00, 0.00, 0.00, 0.00, 1.00, 1.00, 1.00, 0.00, 0.00, 0.00, 1.00, 1.00, 0.00, 0.00
7933, 0, 299.081, 0.93, 1, 0.00, 0.00, 0.00, 0.04, 0.20, 0.00, 0.00, 0.46, 0.90, 1.06, 0.24, 0.28, 0.00, 0.00, 0.90, 2.21, 0.42, 0.00, 0.00, 0.00, 1.00, 0.00, 0.00, 0.00, 0.00, 1.00, 1.00, 1.00, 0.00, 0.00, 0.00, 1.00, 1.00, 0.00, 0.00
7934, 0, 299.119, 0.98, 1, 0.01, 0.00, 0.00, 0.04, 0.13, 0.00, 0.00, 0.45, 0.81, 0.98, 0.24, 0.34, 0.00, 0.00, 0.78, 2.31, 0.56, 0.00, 0.00, 0.00, 1.00, 0.00, 0.00, 0.00, 0.00, 1.00, 1.00, 1.00, 0.00, 0.00, 0.00, 1.00, 1.00, 0.00, 1.00
7935, 0, 299.156, 0.93, 1, 0.01, 0.00, 0.00, 0.04, 0.09, 0.00, 0.00, 0.18, 0.82, 0.87, 0.20, 0.54, 0.11, 0.00, 1.03, 2.65, 0.85, 0.00, 0.00, 0.00, 1.00, 0.00, 0.00, 0.00, 0.00, 1.00, 1.00, 1.00, 0.00, 0.00, 0.00, 1.00, 1.00, 0.00, 1.00
7936, 0, 299.194, 0.88, 1, 0.04, 0.00, 0.00, 0.00, 0.00, 0.00, 0.00, 0.03, 0.81, 0.62, 0.05, 0.57, 0.19, 0.00, 1.11, 2.63, 0.91, 0.00, 0.00, 0.00, 1.00, 0.00, 0.00, 0.00, 0.00, 1.00, 0.00, 1.00, 0.00, 0.00, 0.00, 0.00, 1.00, 0.00, 1.00
7937, 0, 299.232, 0.93, 1, 0.06, 0.00, 0.00, 0.00, 0.00, 0.00, 0.00, 0.00, 0.85, 0.34, 0.05, 0.39, 0.19, 0.00, 1.23, 2.48, 0.70, 0.00, 0.00, 0.00, 1.00, 0.00, 0.00, 0.00, 0.00, 1.00, 0.00, 1.00, 0.00, 0.00, 0.00, 0.00, 1.00, 0.00, 1.00
7938, 0, 299.270, 0.93, 1, 0.11, 0.00, 0.00, 0.00, 0.00, 0.00, 0.00, 0.00, 0.69, 0.12, 0.00, 0.15, 0.08, 0.01, 1.09, 2.14, 0.59, 0.00, 0.00, 0.00, 1.00, 0.00, 0.00, 0.00, 0.00, 1.00, 0.00, 1.00, 0.00, 0.00, 0.00, 0.00, 1.00, 0.00, 1.00
7939, 0, 299.307, 0.98, 1, 0.17, 0.00, 0.00, 0.00, 0.00, 0.00, 0.00, 0.00, 0.55, 0.00, 0.00, 0.05, 0.00, 0.01, 0.89, 1.78, 0.54, 0.00, 0.00, 0.00, 1.00, 0.00, 0.00, 0.00, 0.00, 1.00, 0.00, 1.00, 0.00, 0.00, 0.00, 0.00, 1.00, 0.00, 1.00
7940, 0, 299.345, 0.98, 1, 0.14, 0.00, 0.00, 0.00, 0.00, 0.00, 0.00, 0.08, 0.56, 0.00, 0.00, 0.22, 0.00, 0.01, 0.45, 1.20, 0.74, 0.00, 0.00, 0.00, 1.00, 0.00, 0.00, 0.00, 0.00, 1.00, 0.00, 1.00, 0.00, 0.00, 0.00, 0.00, 0.00, 0.00, 1.00
7941, 0, 299.383, 0.98, 1, 0.09, 0.00, 0.00, 0.00, 0.00, 0.01, 0.00, 0.19, 0.63, 0.00, 0.00, 0.45, 0.00, 0.00, 0.19, 0.82, 0.88, 0.00, 0.00, 0.00, 1.00, 0.00, 0.00, 0.00, 0.00, 0.00, 0.00, 1.00, 1.00, 0.00, 0.00, 0.00, 0.00, 0.00, 1.00
7942, 0, 299.420, 0.98, 1, 0.00, 0.00, 0.00, 0.00, 0.00, 0.01, 0.00, 0.33, 0.66, 0.00, 0.02, 0.74, 0.03, 0.00, 0.00, 0.86, 0.84, 0.00, 0.00, 0.00, 1.00, 0.00, 0.00, 0.00, 0.00, 0.00, 0.00, 1.00, 1.00, 0.00, 0.00, 0.00, 0.00, 0.00, 1.00
7943, 0, 299.458, 0.98, 1, 0.00, 0.00, 0.00, 0.00, 0.00, 0.01, 0.00, 0.25, 0.55, 0.00, 0.02, 0.83, 0.09, 0.00, 0.01, 0.96, 0.62, 0.00, 0.00, 0.00, 1.00, 0.00, 0.00, 0.00, 0.00, 0.00, 0.00, 1.00, 1.00, 0.00, 0.00, 0.00, 0.00, 0.00, 1.00
7944, 0, 299.496, 0.98, 1, 0.00, 0.00, 0.00, 0.00, 0.00, 0.11, 0.09, 0.14, 0.43, 0.00, 0.02, 0.63, 0.32, 0.00, 0.01, 0.75, 0.42, 0.00, 0.00, 0.00, 1.00, 0.00, 0.00, 0.00, 0.00, 0.00, 0.00, 1.00, 1.00, 0.00, 0.00, 0.00, 0.00, 0.00, 1.00
7945, 0, 299.534, 0.98, 1, 0.00, 0.00, 0.00, 0.00, 0.08, 0.11, 0.12, 0.00, 0.43, 0.00, 0.00, 0.33, 0.29, 0.00, 0.30, 0.33, 0.31, 0.00, 0.00, 0.00, 1.00, 0.00, 0.00, 0.00, 0.00, 0.00, 0.00, 1.00, 0.00, 0.00, 0.00, 0.00, 0.00, 0.00, 1.00
7946, 0, 299.571, 0.98, 1, 0.00, 0.00, 0.00, 0.00, 0.18, 0.15, 0.15, 0.00, 0.45, 0.00, 0.00, 0.02, 0.27, 0.00, 0.61, 0.09, 0.26, 0.00, 0.00, 0.00, 1.00, 0.00, 0.00, 0.00, 0.00, 0.00, 0.00, 0.00, 0.00, 0.00, 0.00, 1.00, 0.00, 0.00, 1.00
7947, 0, 299.609, 0.98, 1, 0.00, 0.00, 0.00, 0.00, 0.18, 0.06, 0.09, 0.00, 0.44, 0.11, 0.00, 0.00, 0.12, 0.00, 0.88, 0.25, 0.36, 0.00, 0.00, 0.00, 1.00, 0.00, 0.00, 0.00, 0.00, 0.00, 0.00, 0.00, 0.00, 0.00, 0.00, 1.00, 0.00, 0.00, 1.00
7948, 0, 299.647, 0.98, 1, 0.00, 0.00, 0.00, 0.00, 0.15, 0.06, 0.08, 0.00, 0.40, 0.27, 0.00, 0.00, 0.12, 0.00, 0.92, 0.48, 0.44, 0.00, 0.00, 0.00, 1.00, 0.00, 0.00, 0.00, 0.00, 0.00, 0.00, 0.00, 0.00, 0.00, 0.00, 1.00, 0.00, 0.00, 1.00
7949, 0, 299.684, 0.98, 1, 0.00, 0.00, 0.00, 0.00, 0.12, 0.02, 0.06, 0.00, 0.38, 0.55, 0.00, 0.00, 0.08, 0.00, 0.98, 0.73, 0.64, 0.00, 0.00, 0.00, 1.00, 0.00, 0.00, 0.00, 0.00, 0.00, 0.00, 0.00, 0.00, 0.00, 0.00, 1.00, 0.00, 0.00, 1.00
7950, 0, 299.722, 0.98, 1, 0.05, 0.00, 0.01, 0.00, 0.12, 0.12, 0.02, 0.00, 0.46, 0.44, 0.00, 0.07, 0.00, 0.00, 1.12, 1.06, 0.58, 0.00, 0.00, 0.00, 1.00, 0.00, 0.00, 0.00, 0.00, 0.00, 0.00, 0.00, 0.00, 0.00, 0.00, 1.00, 1.00, 0.00, 1.00
7951, 0, 299.760, 0.98, 1, 0.05, 0.00, 0.01, 0.00, 0.06, 0.50, 0.00, 0.00, 0.51, 0.31, 0.00, 0.12, 0.00, 0.00, 1.22, 1.43, 0.55, 0.00, 0.00, 0.00, 1.00, 0.00, 0.00, 0.00, 0.00, 0.00, 0.00, 1.00, 0.00, 0.00, 0.00, 1.00, 1.00, 0.00, 1.00
7952, 0, 299.797, 0.98, 1, 0.05, 0.00, 0.02, 0.00, 0.00, 0.83, 0.00, 0.00, 0.59, 0.16, 0.00, 0.16, 0.00, 0.01, 1.31, 1.78, 0.45, 0.00, 0.00, 0.00, 1.00, 0.00, 0.00, 0.00, 0.00, 0.00, 0.00, 1.00, 0.00, 0.00, 0.00, 0.00, 1.00, 0.00, 1.00
7953, 0, 299.835, 0.98, 1, 0.00, 0.00, 0.00, 0.00, 0.00, 0.71, 0.01, 0.00, 0.42, 0.16, 0.00, 0.10, 0.00, 0.01, 0.99, 1.68, 0.43, 0.00, 0.00, 0.00, 1.00, 0.00, 0.00, 0.00, 0.00, 0.00, 0.00, 1.00, 0.00, 0.00, 1.00, 0.00, 1.00, 0.00, 1.00
7954, 0, 299.873, 0.98, 1, 0.00, 0.00, 0.00, 0.00, 0.00, 0.33, 0.05, 0.00, 0.24, 0.13, 0.08, 0.04, 0.00, 0.01, 0.69, 1.33, 0.37, 0.00, 0.00, 0.00, 1.00, 0.00, 0.00, 0.00, 0.00, 0.00, 0.00, 1.00, 0.00, 0.00, 1.00, 0.00, 0.00, 0.00, 1.00
7955, 0, 299.911, 0.98, 1, 0.00, 0.00, 0.00, 0.00, 0.00, 0.00, 0.05, 0.00, 0.10, 0.11, 0.15, 0.34, 0.00, 0.00, 0.21, 1.20, 0.29, 0.00, 0.00, 0.00, 1.00, 0.00, 0.00, 0.00, 0.00, 0.00, 0.00, 1.00, 0.00, 0.00, 1.00, 0.00, 0.00, 0.00, 1.00
7956, 0, 299.948, 0.98, 1, 0.00, 0.00, 0.00, 0.00, 0.00, 0.00, 0.04, 0.00, 0.12, 0.20, 0.27, 0.78, 0.00, 0.01, 0.13, 1.29, 0.36, 0.00, 0.00, 0.00, 1.00, 0.00, 0.00, 0.00, 0.00, 0.00, 0.00, 1.00, 1.00, 0.00, 1.00, 0.00, 0.00, 0.00, 1.00
7957, 0, 299.986, 0.98, 1, 0.00, 0.00, 0.00, 0.00, 0.00, 0.00, 0.00, 0.00, 0.22, 0.29, 0.28, 1.20, 0.00, 0.02, 0.00, 1.42, 0.51, 0.00, 0.00, 0.00, 1.00, 0.00, 0.00, 0.00, 0.00, 0.00, 0.00, 1.00, 1.00, 0.00, 1.00, 0.00, 0.00, 0.00, 1.00
7958, 0, 300.024, 0.98, 1, 0.00, 0.00, 0.00, 0.00, 0.00, 0.00, 0.00, 0.00, 0.25, 0.26, 0.27, 1.30, 0.00, 0.03, 0.00, 1.34, 0.60, 0.00, 0.00, 0.00, 1.00, 0.00, 0.00, 0.00, 0.00, 0.00, 1.00, 1.00, 1.00, 0.00, 1.00, 0.00, 0.00, 0.00, 1.00
7959, 0, 300.061, 0.98, 1, 0.00, 0.00, 0.00, 0.00, 0.00, 0.00, 0.00, 0.00, 0.24, 0.18, 0.19, 1.10, 0.08, 0.03, 0.00, 1.26, 0.51, 0.00, 0.00, 0.00, 1.00, 0.00, 0.00, 0.00, 0.00, 0.00, 1.00, 1.00, 1.00, 0.00, 1.00, 0.00, 0.00, 0.00, 1.00
7960, 0, 300.099, 0.98, 1, 0.00, 0.00, 0.00, 0.00, 0.00, 0.00, 0.09, 0.14, 0.25, 0.25, 0.13, 0.82, 0.14, 0.02, 0.00, 1.19, 0.28, 0.00, 0.00, 0.00, 1.00, 0.00, 0.00, 0.00, 0.00, 0.00, 1.00, 1.00, 1.00, 0.00, 0.00, 0.00, 0.00, 0.00, 1.00
7961, 0, 300.137, 0.98, 1, 0.00, 0.00, 0.00, 0.00, 0.00, 0.00, 0.16, 0.29, 0.19, 0.50, 0.17, 0.57, 0.14, 0.00, 0.01, 1.07, 0.18, 0.00, 0.00, 0.00, 1.00, 0.00, 0.00, 0.00, 0.00, 0.00, 1.00, 1.00, 1.00, 0.00, 0.00, 0.00, 0.00, 0.00, 0.00
7962, 0, 300.175, 0.98, 1, 0.00, 0.00, 0.00, 0.17, 0.00, 0.00, 0.34, 0.47, 0.24, 0.75, 0.23, 0.35, 0.21, 0.00, 0.01, 0.87, 0.05, 0.00, 0.00, 0.00, 1.00, 0.00, 0.00, 0.00, 0.00, 0.00, 1.00, 1.00, 1.00, 0.00, 0.00, 0.00, 0.00, 0.00, 0.00
7963, 0, 300.212, 0.98, 1, 0.03, 0.00, 0.00, 0.17, 0.00, 0.00, 0.24, 0.33, 0.15, 0.59, 0.20, 0.29, 0.15, 0.00, 0.01, 0.86, 0.15, 0.00, 0.00, 0.00, 1.00, 0.00, 0.00, 0.00, 0.00, 0.00, 1.00, 1.00, 1.00, 0.00, 0.00, 0.00, 0.00, 0.00, 0.00
7964, 0, 300.250, 0.98, 1, 0.03, 0.00, 0.00, 0.17, 0.00, 0.00, 0.17, 0.18, 0.13, 0.30, 0.09, 0.28, 0.15, 0.06, 0.17, 1.10, 0.16, 0.00, 0.00, 0.00, 1.00, 0.00, 0.00, 0.00, 0.00, 0.00, 1.00, 1.00, 1.00, 0.00, 0.00, 0.00, 0.00, 0.00, 0.00
7965, 0, 300.288, 0.98, 1, 0.03, 0.08, 0.00, 0.00, 0.00, 0.00, 0.00, 0.00, 0.13, 0.08, 0.00, 0.25, 0.00, 0.06, 0.45, 1.36, 0.16, 0.00, 0.00, 0.00, 1.00, 0.00, 0.00, 0.00, 0.00, 0.00, 1.00, 1.00, 1.00, 0.00, 0.00, 0.00, 1.00, 0.00, 0.00
7966, 0, 300.325, 0.93, 1, 0.00, 0.08, 0.00, 0.00, 0.00, 0.00, 0.00, 0.02, 0.26, 0.32, 0.00, 0.22, 0.00, 0.16, 0.74, 1.72, 0.17, 0.00, 0.00, 0.00, 1.00, 0.00, 0.00, 0.00, 0.00, 0.00, 1.00, 0.00, 0.00, 0.00, 0.00, 0.00, 1.00, 0.00, 0.00
7967, 0, 300.363, 0.98, 1, 0.00, 0.08, 0.00, 0.00, 0.00, 0.00, 0.00, 0.14, 0.37, 0.63, 0.00, 0.11, 0.00, 0.18, 0.95, 1.99, 0.22, 0.00, 0.00, 0.00, 1.00, 0.00, 0.00, 0.00, 0.00, 1.00, 0.00, 0.00, 0.00, 0.00, 0.00, 0.00, 1.00, 0.00, 0.00
7968, 0, 300.401, 0.98, 1, 0.00, 0.00, 0.00, 0.00, 0.00, 0.00, 0.00, 0.14, 0.49, 0.90, 0.00, 0.11, 0.00, 0.20, 0.82, 2.22, 0.25, 0.00, 0.00, 0.00, 1.00, 0.00, 0.00, 0.00, 0.00, 1.00, 0.00, 0.00, 0.00, 0.00, 0.00, 1.00, 1.00, 0.00, 0.00
7969, 0, 300.438, 0.88, 1, 0.00, 0.00, 0.00, 0.00, 0.00, 0.00, 0.00, 0.11, 0.57, 0.68, 0.00, 0.08, 0.00, 0.10, 0.74, 2.02, 0.14, 0.00, 0.00, 0.00, 1.00, 0.00, 0.00, 0.00, 0.00, 1.00, 0.00, 0.00, 0.00, 0.00, 0.00, 1.00, 1.00, 0.00, 0.00
7970, 0, 300.476, 0.88, 1, 0.00, 0.00, 0.00, 0.00, 0.00, 0.00, 0.00, 0.00, 0.63, 0.33, 0.00, 0.00, 0.00, 0.02, 0.79, 1.26, 0.16, 0.00, 0.00, 0.00, 1.00, 0.00, 0.00, 0.00, 0.00, 1.00, 0.00, 0.00, 0.00, 0.00, 0.00, 1.00, 0.00, 0.00, 0.00
7971, 0, 300.514, 0.98, 1, 0.00, 0.00, 0.00, 0.00, 0.00, 0.00, 0.00, 0.00, 0.64, 0.03, 0.00, 0.00, 0.00, 0.00, 1.10, 0.66, 0.28, 0.00, 0.00, 0.00, 1.00, 0.00, 0.00, 0.00, 0.00, 1.00, 0.00, 0.00, 0.00, 0.00, 0.00, 1.00, 0.00, 0.00, 1.00
7972, 0, 300.552, 0.98, 1, 0.00, 0.00, 0.15, 0.00, 0.00, 0.00, 0.00, 0.00, 0.62, 0.00, 0.00, 0.00, 0.00, 0.00, 1.26, 0.33, 0.38, 0.00, 0.00, 0.00, 1.00, 0.00, 0.00, 0.00, 0.00, 1.00, 0.00, 0.00, 0.00, 0.00, 0.00, 1.00, 0.00, 0.00, 1.00
7973, 0, 300.589, 0.98, 1, 0.23, 0.10, 0.15, 0.00, 0.00, 0.00, 0.00, 0.00, 0.61, 0.00, 0.00, 0.16, 0.00, 0.00, 1.24, 0.66, 0.63, 0.00, 0.00, 0.00, 1.00, 0.00, 0.00, 0.00, 0.00, 1.00, 0.00, 0.00, 0.00, 0.00, 0.00, 1.00, 0.00, 0.00, 1.00
7974, 0, 300.627, 0.88, 1, 0.48, 0.21, 0.15, 0.00, 0.00, 0.00, 0.00, 0.00, 0.61, 0.00, 0.00, 0.44, 0.00, 0.00, 1.23, 1.03, 0.83, 0.00, 0.00, 0.00, 1.00, 0.00, 0.00, 0.00, 0.00, 1.00, 0.00, 0.00, 0.00, 0.00, 1.00, 1.00, 0.00, 0.00, 1.00
7975, 0, 300.665, 0.88, 1, 0.76, 0.21, 0.11, 0.00, 0.00, 0.00, 0.00, 0.00, 0.50, 0.00, 0.19, 0.44, 0.00, 0.00, 1.34, 1.33, 1.34, 0.00, 0.00, 0.00, 1.00, 0.00, 0.00, 0.00, 0.00, 1.00, 0.00, 0.00, 0.00, 0.00, 1.00, 1.00, 0.00, 0.00, 1.00
7976, 0, 300.702, 0.88, 1, 0.67, 0.12, 0.17, 0.00, 0.00, 0.00, 0.00, 0.00, 0.35, 0.00, 0.19, 0.28, 0.00, 0.00, 1.33, 1.31, 1.55, 0.00, 0.00, 0.00, 1.00, 0.00, 0.00, 0.00, 0.00, 1.00, 0.00, 0.00, 0.00, 0.00, 1.00, 1.00, 0.00, 0.00, 1.00
7977, 0, 300.740, 0.88, 1, 0.65, 0.08, 0.29, 0.00, 0.00, 0.00, 0.01, 0.00, 0.15, 0.00, 0.19, 0.03, 0.00, 0.00, 1.19, 1.25, 1.60, 0.00, 0.00, 0.00, 1.00, 0.00, 0.00, 0.00, 0.00, 1.00, 0.00, 0.00, 0.00, 0.00, 1.00, 1.00, 0.00, 0.00, 1.00
7978, 0, 300.778, 0.98, 1, 0.49, 0.20, 0.31, 0.00, 0.00, 0.00, 0.01, 0.00, 0.11, 0.00, 0.00, 0.03, 0.00, 0.00, 0.90, 1.11, 1.34, 0.00, 0.00, 0.00, 1.00, 0.00, 0.00, 0.00, 0.00, 1.00, 0.00, 0.00, 0.00, 0.00, 0.00, 1.00, 0.00, 0.00, 0.00
7979, 0, 300.816, 0.98, 1, 0.60, 0.27, 0.30, 0.00, 0.00, 0.00, 0.01, 0.00, 0.12, 0.00, 0.07, 0.03, 0.00, 0.00, 0.75, 0.99, 0.97, 0.00, 0.00, 0.00, 1.00, 0.00, 0.00, 0.00, 0.00, 1.00, 0.00, 0.00, 0.00, 0.00, 0.00, 1.00, 0.00, 0.00, 0.00
7980, 0, 300.853, 0.98, 1, 0.38, 0.19, 0.18, 0.06, 0.00, 0.00, 0.03, 0.00, 0.12, 0.00, 0.07, 0.00, 0.00, 0.03, 0.45, 0.74, 0.65, 0.00, 0.00, 0.00, 1.00, 0.00, 0.00, 0.00, 0.00, 1.00, 0.00, 0.00, 0.00, 0.00, 0.00, 0.00, 0.00, 0.00, 0.00
7981, 0, 300.891, 0.98, 1, 0.27, 0.07, 0.10, 0.06, 0.00, 0.00, 0.04, 0.00, 0.11, 0.04, 0.07, 0.00, 0.00, 0.06, 0.29, 0.48, 0.44, 0.00, 0.00, 0.00, 1.00, 0.00, 0.00, 0.00, 0.00, 0.00, 0.00, 0.00, 0.00, 0.00, 0.00, 0.00, 0.00, 0.00, 0.00
7982, 0, 300.929, 0.98, 1, 0.09, 0.11, 0.13, 0.06, 0.00, 0.00, 0.05, 0.00, 0.05, 0.04, 0.01, 0.00, 0.00, 0.08, 0.05, 0.36, 0.34, 0.00, 0.00, 0.00, 1.00, 0.00, 0.00, 0.00, 0.00, 0.00, 0.00, 0.00, 0.00, 0.00, 0.00, 0.00, 0.00, 0.00, 0.00
7983, 0, 300.966, 0.98, 1, 0.08, 0.11, 0.21, 0.00, 0.00, 0.00, 0.02, 0.00, 0.08, 0.16, 0.01, 0.00, 0.00, 0.05, 0.25, 0.25, 0.48, 0.00, 0.00, 0.00, 1.00, 0.00, 0.00, 0.00, 0.00, 0.00, 0.00, 0.00, 0.00, 0.00, 0.00, 0.00, 0.00, 0.00, 0.00
7984, 0, 301.004, 0.98, 1, 0.08, 0.14, 0.16, 0.00, 0.00, 0.00, 0.01, 0.00, 0.20, 0.27, 0.01, 0.00, 0.00, 0.03, 0.37, 0.17, 0.42, 0.00, 0.00, 0.00, 1.00, 0.00, 0.00, 0.00, 0.00, 0.00, 0.00, 0.00, 0.00, 0.00, 0.00, 0.00, 0.00, 0.00, 0.00
7985, 0, 301.042, 0.98, 1, 0.06, 0.03, 0.09, 0.00, 0.00, 0.00, 0.00, 0.00, 0.47, 0.29, 0.00, 0.00, 0.12, 0.00, 0.65, 0.05, 0.88, 0.00, 0.00, 0.00, 1.00, 0.00, 0.00, 0.00, 0.00, 1.00, 0.00, 0.00, 0.00, 0.00, 0.00, 1.00, 0.00, 0.00, 0.00
7986, 0, 301.079, 0.93, 1, 0.14, 0.03, 0.00, 0.00, 0.02, 0.00, 0.00, 0.00, 0.71, 0.20, 0.00, 0.00, 0.29, 0.00, 0.78, 0.12, 1.29, 0.00, 0.00, 0.00, 1.00, 0.00, 0.00, 0.00, 0.00, 1.00, 0.00, 0.00, 0.00, 0.00, 0.00, 1.00, 0.00, 0.00, 0.00
7987, 0, 301.117, 0.93, 1, 0.28, 0.06, 0.00, 0.00, 0.09, 0.00, 0.00, 0.00, 0.82, 0.06, 0.00, 0.01, 0.33, 0.00, 0.73, 0.14, 1.69, 0.00, 0.00, 0.00, 1.00, 0.00, 0.00, 0.00, 0.00, 1.00, 0.00, 0.00, 0.00, 0.00, 0.00, 1.00, 0.00, 0.00, 0.00
7988, 0, 301.155, 0.93, 1, 0.27, 0.06, 0.03, 0.00, 0.09, 0.00, 0.01, 0.00, 0.81, 0.04, 0.00, 0.01, 0.21, 0.00, 0.44, 0.27, 1.22, 0.00, 0.00, 0.00, 1.00, 0.00, 0.00, 0.00, 0.00, 1.00, 0.00, 0.00, 0.00, 0.00, 0.00, 1.00, 0.00, 0.00, 0.00
7989, 0, 301.193, 0.98, 1, 0.33, 0.27, 0.03, 0.00, 0.07, 0.00, 0.09, 0.00, 0.75, 0.00, 0.00, 0.01, 0.05, 0.00, 0.11, 0.24, 0.65, 0.00, 0.00, 0.00, 1.00, 0.00, 0.00, 0.00, 0.00, 1.00, 0.00, 0.00, 0.00, 0.00, 0.00, 1.00, 0.00, 0.00, 0.00
7990, 0, 301.230, 0.98, 1, 0.42, 0.54, 0.05, 0.00, 0.00, 0.00, 0.24, 0.00, 0.62, 0.00, 0.00, 0.00, 0.00, 0.00, 0.11, 0.22, 0.30, 0.00, 0.00, 0.00, 1.00, 0.00, 0.00, 0.00, 0.00, 1.00, 0.00, 0.00, 0.00, 0.00, 0.00, 1.00, 0.00, 0.00, 0.00
7991, 0, 301.268, 0.98, 1, 0.53, 0.85, 0.02, 0.00, 0.00, 0.00, 0.36, 0.00, 0.47, 0.05, 0.00, 0.00, 0.00, 0.00, 0.26, 0.07, 0.28, 0.00, 0.00, 0.00, 1.00, 0.00, 0.00, 0.00, 0.00, 1.00, 0.00, 0.00, 0.00, 0.00, 0.00, 1.00, 0.00, 0.00, 0.00
7992, 0, 301.306, 0.98, 1, 0.49, 0.75, 0.02, 0.00, 0.01, 0.00, 0.48, 0.00, 0.45, 0.13, 0.00, 0.00, 0.00, 0.00, 0.29, 0.10, 0.31, 0.00, 0.00, 0.00, 1.00, 0.00, 0.00, 0.00, 0.00, 1.00, 0.00, 0.00, 0.00, 0.00, 0.00, 1.00, 0.00, 0.00, 0.00
7993, 0, 301.343, 0.98, 1, 0.38, 0.56, 0.08, 0.08, 0.01, 0.00, 0.41, 0.00, 0.48, 0.17, 0.00, 0.00, 0.00, 0.00, 0.42, 0.48, 0.18, 0.00, 0.00, 0.00, 1.00, 0.00, 0.00, 0.00, 0.00, 1.00, 0.00, 0.00, 0.00, 0.00, 0.00, 1.00, 0.00, 0.00, 0.00
7994, 0, 301.381, 0.98, 1, 0.34, 0.37, 0.15, 0.14, 0.01, 0.00, 0.34, 0.00, 0.50, 0.15, 0.00, 0.00, 0.00, 0.00, 0.48, 0.85, 0.08, 0.00, 0.00, 0.00, 1.00, 0.00, 0.00, 0.00, 0.00, 1.00, 0.00, 0.00, 0.00, 0.00, 0.00, 1.00, 1.00, 0.00, 0.00
7995, 0, 301.419, 0.98, 1, 0.42, 0.64, 0.23, 0.14, 0.03, 0.00, 0.14, 0.00, 0.58, 0.07, 0.00, 0.17, 0.13, 0.00, 1.07, 1.30, 0.00, 0.00, 0.00, 0.00, 1.00, 0.00, 0.00, 0.00, 0.00, 1.00, 0.00, 0.00, 0.00, 0.00, 0.00, 1.00, 1.00, 0.00, 0.00
7996, 0, 301.457, 0.88, 1, 0.51, 0.77, 0.15, 0.06, 0.03, 0.00, 0.06, 0.00, 0.71, 0.08, 0.00, 0.42, 0.23, 0.00, 1.22, 1.47, 0.01, 0.00, 0.00, 0.00, 1.00, 0.00, 0.00, 0.00, 0.00, 1.00, 0.00, 0.00, 1.00, 0.00, 0.00, 1.00, 1.00, 0.00, 0.00
7997, 0, 301.494, 0.88, 1, 0.49, 0.82, 0.08, 0.00, 0.03, 0.00, 0.00, 0.00, 0.79, 0.10, 0.00, 0.55, 0.23, 0.00, 1.31, 1.64, 0.18, 0.00, 0.00, 0.00, 1.00, 0.00, 0.00, 0.00, 0.00, 1.00, 0.00, 0.00, 1.00, 0.00, 0.00, 1.00, 1.00, 0.00, 0.00
7998, 0, 301.532, 0.98, 1, 0.30, 0.47, 0.00, 0.00, 0.00, 0.00, 0.00, 0.00, 0.62, 0.10, 0.00, 0.58, 0.10, 0.07, 0.69, 1.53, 0.30, 0.00, 0.00, 0.00, 1.00, 0.00, 0.00, 0.00, 0.00, 1.00, 0.00, 0.00, 1.00, 0.00, 0.00, 1.00, 0.00, 0.00, 0.00
7999, 0, 301.570, 0.98, 1, 0.17, 0.21, 0.00, 0.13, 0.00, 0.00, 0.00, 0.00, 0.33, 0.04, 0.01, 0.52, 0.04, 0.13, 0.31, 1.31, 0.44, 0.00, 0.00, 0.00, 1.00, 0.00, 0.00, 0.00, 0.00, 1.00, 0.00, 0.00, 1.00, 0.00, 0.00, 0.00, 0.00, 0.00, 0.00
8000, 0, 301.607, 0.98, 1, 0.09, 0.03, 0.00, 0.21, 0.00, 0.00, 0.00, 0.00, 0.10, 0.00, 0.01, 0.44, 0.13, 0.21, 0.01, 1.03, 0.51, 0.00, 0.00, 0.00, 1.00, 0.00, 0.00, 0.00, 0.00, 0.00, 0.00, 0.00, 1.00, 0.00, 0.00, 0.00, 0.00, 0.00, 0.00
8001, 0, 301.645, 0.98, 1, 0.08, 0.00, 0.00, 0.23, 0.00, 0.00, 0.00, 0.00, 0.05, 0.00, 0.01, 0.28, 0.13, 0.18, 0.00, 0.91, 0.48, 0.00, 0.00, 0.00, 1.00, 0.00, 0.00, 0.00, 0.00, 0.00, 0.00, 0.00, 1.00, 0.00, 0.00, 0.00, 0.00, 0.00, 0.00
8002, 0, 301.683, 0.98, 1, 0.18, 0.00, 0.06, 0.10, 0.00, 0.00, 0.00, 0.00, 0.12, 0.00, 0.00, 0.31, 0.09, 0.15, 0.00, 0.83, 0.33, 0.00, 0.00, 0.00, 1.00, 0.00, 0.00, 0.00, 0.00, 0.00, 0.00, 1.00, 1.00, 0.00, 0.00, 0.00, 0.00, 0.00, 0.00
8003, 0, 301.720, 0.98, 1, 0.21, 0.00, 0.08, 0.03, 0.00, 0.00, 0.00, 0.09, 0.20, 0.00, 0.06, 0.40, 0.00, 0.07, 0.00, 0.99, 0.14, 0.00, 0.00, 0.00, 1.00, 0.00, 0.00, 0.00, 0.00, 0.00, 0.00, 1.00, 1.00, 0.00, 0.00, 0.00, 0.00, 0.00, 0.00
8004, 0, 301.758, 0.98, 1, 0.24, 0.00, 0.08, 0.00, 0.00, 0.00, 0.00, 0.11, 0.24, 0.00, 0.27, 0.58, 0.00, 0.04, 0.06, 1.29, 0.17, 0.00, 0.00, 0.00, 1.00, 0.00, 0.00, 0.00, 0.00, 0.00, 0.00, 1.00, 1.00, 0.00, 0.00, 0.00, 0.00, 0.00, 1.00
8005, 0, 301.796, 0.98, 1, 0.06, 0.00, 0.02, 0.00, 0.01, 0.00, 0.00, 0.20, 0.29, 0.00, 0.49, 0.42, 0.00, 0.09, 0.29, 1.31, 0.17, 0.00, 0.00, 0.00, 1.00, 0.00, 0.00, 0.00, 0.00, 0.00, 0.00, 1.00, 1.00, 0.00, 0.00, 0.00, 0.00, 0.00, 1.00
8006, 0, 301.834, 0.98, 1, 0.04, 0.00, 0.00, 0.00, 0.02, 0.00, 0.00, 0.16, 0.34, 0.00, 0.63, 0.35, 0.00, 0.18, 0.53, 1.24, 0.15, 0.00, 0.00, 0.00, 1.00, 0.00, 0.00, 0.00, 0.00, 0.00, 0.00, 1.00, 1.00, 0.00, 0.00, 0.00, 0.00, 0.00, 0.00
8007, 0, 301.871, 0.98, 1, 0.03, 0.00, 0.00, 0.00, 0.02, 0.00, 0.00, 0.29, 0.37, 0.00, 0.79, 0.26, 0.00, 0.26, 0.67, 1.12, 0.02, 0.00, 0.00, 0.00, 1.00, 0.00, 0.00, 0.00, 0.00, 0.00, 0.00, 1.00, 1.00, 0.00, 0.00, 0.00, 0.00, 0.00, 0.00
8008, 0, 301.909, 0.98, 1, 0.03, 0.00, 0.00, 0.00, 0.02, 0.00, 0.00, 0.26, 0.35, 0.20, 0.57, 0.29, 0.00, 0.20, 0.58, 1.36, 0.02, 0.00, 0.00, 0.00, 1.00, 0.00, 0.00, 0.00, 0.00, 0.00, 0.00, 1.00, 1.00, 0.00, 1.00, 0.00, 0.00, 0.00, 0.00
8009, 0, 301.947, 0.98, 1, 0.05, 0.00, 0.00, 0.00, 0.00, 0.00, 0.00, 0.32, 0.31, 0.20, 0.37, 0.60, 0.00, 0.22, 0.44, 1.36, 0.00, 0.00, 0.00, 0.00, 1.00, 0.00, 0.00, 0.00, 0.00, 0.00, 0.00, 1.00, 1.00, 0.00, 1.00, 0.00, 0.00, 0.00, 0.00
8010, 0, 301.984, 0.98, 1, 0.04, 0.00, 0.00, 0.03, 0.00, 0.00, 0.00, 0.43, 0.33, 0.32, 0.00, 0.74, 0.00, 0.21, 0.27, 1.21, 0.00, 0.00, 0.00, 0.00, 1.00, 0.00, 0.00, 0.00, 0.00, 0.00, 0.00, 1.00, 1.00, 0.00, 1.00, 0.00, 0.00, 0.00, 0.00
8011, 0, 302.022, 0.98, 1, 0.16, 0.00, 0.00, 0.03, 0.00, 0.00, 0.00, 0.37, 0.34, 0.20, 0.10, 0.64, 0.00, 0.19, 0.24, 1.19, 0.08, 0.00, 0.00, 0.00, 1.00, 0.00, 0.00, 0.00, 0.00, 0.00, 0.00, 1.00, 1.00, 0.00, 1.00, 0.00, 0.00, 0.00, 0.00
8012, 0, 302.060, 0.98, 1, 0.34, 0.00, 0.00, 0.03, 0.00, 0.00, 0.00, 0.47, 0.37, 0.20, 0.11, 0.52, 0.00, 0.14, 0.13, 0.96, 0.21, 0.00, 0.00, 0.00, 1.00, 0.00, 0.00, 0.00, 0.00, 0.00, 0.00, 1.00, 1.00, 0.00, 0.00, 0.00, 0.00, 0.00, 0.00
8013, 0, 302.098, 0.88, 1, 0.50, 0.01, 0.00, 0.20, 0.00, 0.00, 0.00, 0.44, 0.31, 0.20, 0.23, 0.24, 0.00, 0.07, 0.12, 0.78, 0.23, 1.00, 0.00, 0.00, 1.00, 0.00, 0.00, 0.00, 0.00, 0.00, 0.00, 1.00, 1.00, 0.00, 0.00, 0.00, 0.00, 0.00, 0.00
8014, 0, 302.135, 0.98, 1, 0.58, 0.01, 0.00, 0.34, 0.00, 0.00, 0.00, 0.66, 0.26, 0.29, 0.24, 0.24, 0.00, 0.07, 0.00, 0.51, 0.16, 1.00, 0.00, 0.00, 1.00, 0.00, 0.00, 0.00, 0.00, 0.00, 0.00, 1.00, 0.00, 0.00, 0.00, 0.00, 0.00, 0.00, 0.00
8015, 0, 302.173, 0.98, 1, 0.66, 0.01, 0.00, 0.48, 0.00, 0.00, 0.00, 0.69, 0.14, 0.29, 0.27, 0.00, 0.00, 0.00, 0.00, 0.60, 0.02, 1.00, 0.00, 0.00, 1.00, 0.00, 0.00, 0.00, 0.00, 0.00, 0.00, 1.00, 0.00, 0.00, 0.00, 0.00, 0.00, 0.00, 0.00
8016, 0, 302.211, 0.98, 1, 0.69, 0.03, 0.00, 0.50, 0.00, 0.00, 0.00, 0.56, 0.06, 0.17, 0.15, 0.04, 0.00, 0.00, 0.00, 0.45, 0.00, 1.00, 0.00, 0.00, 1.00, 0.00, 0.00, 0.00, 0.00, 0.00, 0.00, 1.00, 0.00, 0.00, 0.00, 0.00, 0.00, 0.00, 0.00
8017, 0, 302.248, 0.98, 1, 0.64, 0.20, 0.00, 0.49, 0.00, 0.00, 0.00, 0.36, 0.00, 0.00, 0.05, 0.04, 0.00, 0.00, 0.00, 0.22, 0.02, 1.00, 0.00, 0.00, 1.00, 0.00, 0.00, 0.00, 0.00, 0.00, 0.00, 1.00, 0.00, 0.00, 0.00, 0.00, 0.00, 0.00, 0.00
8018, 0, 302.286, 0.98, 1, 0.42, 0.26, 0.00, 0.46, 0.00, 0.00, 0.00, 0.27, 0.00, 0.00, 0.00, 0.04, 0.06, 0.00, 0.00, 0.12, 0.02, 0.00, 0.00, 0.00, 1.00, 0.00, 0.00, 0.00, 0.00, 0.00, 0.00, 1.00, 0.00, 0.00, 0.00, 0.00, 0.00, 0.00, 0.00
8019, 0, 302.324, 0.98, 1, 0.25, 0.23, 0.00, 0.33, 0.00, 0.00, 0.00, 0.47, 0.00, 0.00, 0.00, 0.00, 0.06, 0.00, 0.00, 0.10, 0.02, 0.00, 0.00, 0.00, 1.00, 0.00, 0.00, 0.00, 0.00, 0.00, 0.00, 1.00, 0.00, 0.00, 0.00, 0.00, 0.00, 0.00, 0.00
8020, 0, 302.361, 0.98, 1, 0.19, 0.06, 0.00, 0.20, 0.00, 0.00, 0.00, 0.70, 0.00, 0.00, 0.04, 0.05, 0.06, 0.00, 0.00, 0.37, 0.00, 0.00, 0.00, 0.00, 1.00, 0.00, 0.00, 0.00, 0.00, 0.00, 0.00, 1.00, 0.00, 0.00, 0.00, 0.00, 0.00, 0.00, 0.00
8021, 0, 302.399, 0.98, 1, 0.25, 0.21, 0.00, 0.29, 0.00, 0.13, 0.00, 0.91, 0.00, 0.07, 0.14, 0.10, 0.00, 0.00, 0.00, 0.50, 0.00, 0.00, 0.00, 0.00, 1.00, 0.00, 0.00, 0.00, 0.00, 0.00, 0.00, 1.00, 0.00, 0.00, 0.00, 0.00, 0.00, 0.00, 0.00
8022, 0, 302.437, 0.98, 1, 0.45, 0.55, 0.00, 0.39, 0.00, 0.47, 0.04, 1.13, 0.00, 0.07, 0.28, 0.20, 0.02, 0.00, 0.00, 0.93, 0.00, 0.00, 0.00, 0.00, 1.00, 0.00, 0.00, 0.00, 0.00, 0.00, 0.00, 1.00, 0.00, 0.00, 0.00, 0.00, 0.00, 0.00, 0.00
8023, 0, 302.475, 0.98, 1, 0.50, 0.68, 0.00, 0.42, 0.00, 0.82, 0.04, 1.29, 0.00, 0.07, 0.50, 0.32, 0.02, 0.00, 0.00, 0.96, 0.00, 0.00, 0.00, 0.00, 1.00, 0.00, 0.00, 0.00, 0.00, 0.00, 0.00, 1.00, 0.00, 0.00, 0.00, 0.00, 0.00, 0.00, 0.00
8024, 0, 302.512, 0.98, 1, 0.48, 0.56, 0.00, 0.25, 0.00, 1.02, 0.04, 1.33, 0.00, 0.07, 0.84, 0.37, 0.02, 0.00, 0.00, 0.95, 0.00, 0.00, 0.00, 0.00, 1.00, 0.00, 0.00, 0.00, 0.00, 0.00, 0.00, 1.00, 0.00, 0.00, 0.00, 0.00, 0.00, 0.00, 0.00
8025, 0, 302.550, 0.98, 1, 0.27, 0.22, 0.00, 0.10, 0.05, 0.68, 0.00, 1.45, 0.10, 0.28, 0.70, 0.35, 0.00, 0.00, 0.41, 0.62, 0.00, 0.00, 0.00, 0.00, 1.00, 0.00, 0.00, 0.00, 0.00, 0.00, 0.00, 1.00, 0.00, 0.00, 0.00, 0.00, 0.00, 0.00, 0.00
8026, 0, 302.588, 0.98, 1, 0.15, 0.08, 0.00, 0.07, 0.07, 0.33, 0.00, 1.67, 0.21, 0.49, 0.44, 0.18, 0.00, 0.00, 0.75, 0.37, 0.00, 0.00, 0.00, 0.00, 1.00, 0.00, 0.00, 0.00, 0.00, 0.00, 0.00, 1.00, 0.00, 0.00, 0.00, 0.00, 0.00, 0.00, 0.00
8027, 0, 302.625, 0.98, 1, 0.31, 0.08, 0.00, 0.04, 0.18, 0.09, 0.01, 1.71, 0.21, 0.43, 0.08, 0.10, 0.00, 0.00, 0.81, 0.18, 0.00, 0.00, 0.00, 0.00, 1.00, 0.00, 0.00, 0.00, 0.00, 1.00, 0.00, 1.00, 0.00, 0.00, 1.00, 0.00, 0.00, 0.00, 0.00
8028, 0, 302.663, 0.98, 1, 0.34, 0.28, 0.00, 0.00, 0.13, 0.09, 0.01, 1.48, 0.17, 0.41, 0.08, 0.02, 0.00, 0.00, 0.47, 0.19, 0.00, 0.00, 0.00, 0.00, 1.00, 0.00, 0.00, 0.00, 0.00, 1.00, 0.00, 1.00, 0.00, 0.00, 1.00, 0.00, 0.00, 0.00, 0.00
8029, 0, 302.701, 0.98, 1, 0.53, 0.47, 0.00, 0.06, 0.10, 0.09, 0.01, 1.16, 0.14, 0.53, 0.08, 0.02, 0.00, 0.00, 0.13, 0.13, 0.00, 0.00, 0.00, 0.00, 1.00, 0.00, 0.00, 0.00, 0.00, 1.00, 0.00, 1.00, 0.00, 0.00, 1.00, 0.00, 0.00, 0.00, 0.00
8030, 0, 302.739, 0.98, 1, 0.47, 0.39, 0.00, 0.06, 0.00, 0.00, 0.00, 1.06, 0.20, 0.52, 0.00, 0.01, 0.00, 0.11, 0.07, 0.13, 0.00, 0.00, 0.00, 0.00, 1.00, 0.00, 0.00, 0.00, 0.00, 0.00, 0.00, 1.00, 0.00, 0.00, 1.00, 0.00, 0.00, 0.00, 0.00
8031, 0, 302.776, 0.98, 1, 0.61, 0.28, 0.00, 0.06, 0.02, 0.00, 0.00, 0.95, 0.18, 0.36, 0.00, 0.12, 0.00, 0.24, 0.05, 0.01, 0.00, 0.00, 0.00, 0.00, 1.00, 0.00, 0.00, 0.00, 0.00, 0.00, 0.00, 1.00, 0.00, 0.00, 1.00, 0.00, 0.00, 0.00, 0.00
8032, 0, 302.814, 0.98, 1, 0.62, 0.23, 0.00, 0.00, 0.02, 0.00, 0.00, 0.92, 0.15, 0.11, 0.00, 0.24, 0.00, 0.34, 0.05, 0.01, 0.00, 0.00, 0.00, 0.00, 1.00, 0.00, 0.00, 0.00, 0.00, 1.00, 0.00, 1.00, 0.00, 0.00, 1.00, 0.00, 0.00, 0.00, 0.00
8033, 0, 302.852, 0.98, 1, 0.59, 0.34, 0.00, 0.00, 0.02, 0.00, 0.00, 0.92, 0.19, 0.10, 0.00, 0.35, 0.00, 0.28, 0.16, 0.07, 0.02, 0.00, 1.00, 0.00, 1.00, 0.00, 0.00, 0.00, 0.00, 1.00, 0.00, 1.00, 0.00, 0.00, 1.00, 0.00, 0.00, 0.00, 0.00
8034, 0, 302.889, 0.98, 1, 0.50, 0.36, 0.00, 0.00, 0.15, 0.00, 0.00, 1.07, 0.31, 0.08, 0.17, 0.35, 0.00, 0.15, 0.35, 0.07, 0.02, 0.00, 1.00, 0.00, 1.00, 0.00, 0.00, 0.00, 0.00, 1.00, 0.00, 1.00, 0.00, 0.00, 1.00, 0.00, 0.00, 0.00, 0.00
8035, 0, 302.927, 0.98, 1, 0.44, 0.20, 0.00, 0.04, 0.15, 0.00, 0.00, 1.33, 0.42, 0.20, 0.17, 0.29, 0.00, 0.06, 0.35, 0.31, 0.02, 0.00, 1.00, 0.00, 1.00, 0.00, 0.00, 0.00, 0.00, 1.00, 0.00, 1.00, 0.00, 0.00, 1.00, 0.00, 0.00, 0.00, 0.00
8036, 0, 302.965, 0.98, 1, 0.41, 0.10, 0.00, 0.14, 0.15, 0.00, 0.00, 1.34, 0.43, 0.37, 0.17, 0.17, 0.00, 0.02, 0.24, 0.52, 0.00, 0.00, 1.00, 0.00, 1.00, 0.00, 0.00, 0.00, 0.00, 1.00, 0.00, 0.00, 0.00, 0.00, 1.00, 0.00, 0.00, 0.00, 0.00
8037, 0, 303.002, 0.98, 1, 0.44, 0.00, 0.00, 0.17, 0.00, 0.00, 0.07, 1.32, 0.37, 0.49, 0.00, 0.06, 0.00, 0.02, 0.00, 0.62, 0.01, 0.00, 1.00, 0.00, 1.00, 0.00, 0.00, 0.00, 0.00, 1.00, 0.00, 0.00, 0.00, 0.00, 1.00, 0.00, 0.00, 0.00, 0.00
8038, 0, 303.040, 0.98, 1, 0.40, 0.00, 0.00, 0.22, 0.00, 0.00, 0.12, 1.23, 0.35, 0.45, 0.00, 0.00, 0.00, 0.00, 0.00, 0.40, 0.01, 0.00, 1.00, 0.00, 1.00, 0.00, 0.00, 0.00, 0.00, 1.00, 0.00, 0.00, 0.00, 0.00, 1.00, 0.00, 0.00, 0.00, 0.00
8039, 0, 303.078, 0.98, 1, 0.27, 0.00, 0.00, 0.20, 0.00, 0.00, 0.17, 1.48, 0.35, 0.47, 0.08, 0.08, 0.00, 0.00, 0.10, 0.36, 0.20, 0.00, 1.00, 0.00, 1.00, 0.00, 0.00, 0.00, 0.00, 1.00, 0.00, 0.00, 0.00, 0.00, 1.00, 0.00, 0.00, 0.00, 0.00
8040, 0, 303.116, 0.98, 1, 0.24, 0.00, 0.00, 0.17, 0.00, 0.00, 0.11, 1.37, 0.37, 0.35, 0.08, 0.07, 0.00, 0.00, 0.18, 0.27, 0.21, 0.00, 1.00, 0.00, 1.00, 0.00, 0.00, 0.00, 0.00, 1.00, 0.00, 0.00, 0.00, 0.00, 1.00, 0.00, 0.00, 0.00, 0.00
8041, 0, 303.153, 0.98, 1, 0.30, 0.00, 0.00, 0.11, 0.00, 0.00, 0.05, 1.19, 0.34, 0.19, 0.08, 0.07, 0.00, 0.00, 0.29, 0.25, 0.27, 0.00, 1.00, 0.00, 1.00, 0.00, 0.00, 0.00, 0.00, 1.00, 0.00, 0.00, 0.00, 0.00, 1.00, 0.00, 0.00, 0.00, 0.00
8042, 0, 303.191, 0.98, 1, 0.41, 0.21, 0.00, 0.17, 0.00, 0.00, 0.00, 0.85, 0.33, 0.00, 0.00, 0.00, 0.00, 0.00, 0.27, 0.00, 0.11, 0.00, 1.00, 0.00, 1.00, 0.00, 0.00, 0.00, 0.00, 1.00, 0.00, 0.00, 0.00, 0.00, 1.00, 0.00, 0.00, 0.00, 0.00
8043, 0, 303.229, 0.98, 1, 0.38, 0.28, 0.00, 0.17, 0.00, 0.00, 0.00, 0.75, 0.21, 0.00, 0.00, 0.00, 0.00, 0.00, 0.19, 0.00, 0.36, 0.00, 1.00, 0.00, 1.00, 0.00, 0.00, 0.00, 0.00, 1.00, 0.00, 0.00, 0.00, 0.00, 1.00, 0.00, 0.00, 0.00, 0.00
8044, 0, 303.266, 0.88, 1, 0.34, 0.37, 0.00, 0.15, 0.00, 0.00, 0.00, 0.75, 0.11, 0.00, 0.00, 0.00, 0.00, 0.00, 0.09, 0.00, 0.56, 0.00, 1.00, 0.00, 1.00, 0.00, 0.00, 0.00, 0.00, 1.00, 0.00, 0.00, 0.00, 0.00, 0.00, 0.00, 0.00, 0.00, 0.00
8045, 0, 303.304, 0.88, 1, 0.37, 0.23, 0.00, 0.01, 0.00, 0.00, 0.00, 0.76, 0.06, 0.00, 0.18, 0.00, 0.00, 0.00, 0.43, 0.00, 1.00, 0.00, 1.00, 0.00, 1.00, 0.00, 0.00, 0.00, 0.00, 1.00, 0.00, 0.00, 0.00, 0.00, 0.00, 0.00, 0.00, 0.00, 0.00
8046, 0, 303.342, 0.93, 1, 0.41, 0.26, 0.00, 0.01, 0.00, 0.00, 0.00, 0.90, 0.08, 0.00, 0.24, 0.00, 0.00, 0.00, 0.75, 0.00, 1.01, 0.00, 1.00, 0.00, 1.00, 0.00, 0.00, 0.00, 0.00, 1.00, 0.00, 0.00, 0.00, 0.00, 0.00, 0.00, 0.00, 0.00, 0.00
8047, 0, 303.380, 0.98, 1, 0.38, 0.18, 0.00, 0.00, 0.00, 0.00, 0.00, 1.06, 0.12, 0.00, 0.47, 0.00, 0.00, 0.00, 1.06, 0.00, 0.98, 0.00, 1.00, 0.00, 1.00, 0.00, 0.00, 0.00, 0.00, 1.00, 0.00, 0.00, 0.00, 0.00, 0.00, 0.00, 0.00, 0.00, 0.00
8048, 0, 303.417, 0.98, 1, 0.48, 0.28, 0.00, 0.00, 0.00, 0.00, 0.00, 1.02, 0.09, 0.00, 0.59, 0.00, 0.04, 0.00, 0.93, 0.00, 0.60, 0.00, 0.00, 0.00, 1.00, 0.00, 0.00, 0.00, 0.00, 1.00, 0.00, 0.00, 0.00, 0.00, 0.00, 0.00, 0.00, 0.00, 0.00
8049, 0, 303.455, 0.98, 1, 0.55, 0.40, 0.00, 0.00, 0.00, 0.00, 0.02, 1.02, 0.16, 0.00, 0.57, 0.00, 0.05, 0.00, 0.77, 0.00, 0.48, 0.00, 0.00, 0.00, 1.00, 0.00, 0.00, 0.00, 0.00, 1.00, 0.00, 0.00, 0.00, 0.00, 0.00, 0.00, 0.00, 0.00, 0.00
8050, 0, 303.493, 0.98, 1, 0.66, 0.60, 0.00, 0.00, 0.00, 0.00, 0.13, 0.87, 0.24, 0.00, 0.34, 0.25, 0.05, 0.00, 0.46, 0.03, 0.29, 0.00, 1.00, 0.00, 1.00, 0.00, 0.00, 0.00, 0.00, 1.00, 0.00, 0.00, 0.00, 0.00, 0.00, 0.00, 0.00, 0.00, 0.00
8051, 0, 303.530, 0.98, 1, 0.68, 0.56, 0.00, 0.00, 0.00, 0.00, 0.25, 1.03, 0.22, 0.00, 0.05, 0.25, 0.01, 0.00, 0.16, 0.03, 0.26, 0.00, 1.00, 0.00, 1.00, 0.00, 0.00, 0.00, 0.00, 1.00, 0.00, 0.00, 0.00, 0.00, 0.00, 0.00, 0.00, 0.00, 0.00
8052, 0, 303.568, 0.98, 1, 0.66, 0.58, 0.00, 0.00, 0.00, 0.00, 0.45, 1.32, 0.12, 0.00, 0.00, 0.34, 0.10, 0.00, 0.00, 0.03, 0.09, 0.00, 1.00, 0.00, 1.00, 0.00, 0.00, 0.00, 0.00, 0.00, 0.00, 0.00, 0.00, 0.00, 0.00, 0.00, 0.00, 0.00, 0.00
8053, 0, 303.606, 0.98, 1, 0.72, 0.77, 0.00, 0.01, 0.00, 0.00, 0.43, 1.40, 0.06, 0.23, 0.00, 0.09, 0.10, 0.00, 0.00, 0.00, 0.09, 0.00, 1.00, 0.00, 1.00, 0.00, 0.00, 0.00, 0.00, 0.00, 0.00, 0.00, 0.00, 0.00, 0.00, 0.00, 0.00, 0.00, 0.00
8054, 0, 303.643, 0.88, 1, 0.50, 0.83, 0.00, 0.01, 0.00, 0.00, 0.39, 1.33, 0.13, 0.44, 0.00, 0.09, 0.36, 0.00, 0.09, 0.00, 0.05, 0.00, 0.00, 0.00, 1.00, 0.00, 0.00, 0.00, 0.00, 0.00, 0.00, 0.00, 0.00, 0.00, 0.00, 0.00, 0.00, 0.00, 0.00
8055, 0, 303.681, 0.98, 1, 0.53, 0.76, 0.00, 0.01, 0.00, 0.00, 0.16, 0.75, 0.22, 0.47, 0.00, 0.00, 0.26, 0.00, 0.27, 0.00, 0.36, 0.00, 0.00, 0.00, 1.00, 0.00, 0.00, 0.00, 0.00, 0.00, 0.00, 0.00, 0.00, 0.00, 0.00, 1.00, 0.00, 0.00, 0.00
8056, 0, 303.719, 0.88, 1, 0.48, 0.58, 0.00, 0.00, 0.00, 0.00, 0.08, 0.42, 0.23, 0.27, 0.00, 0.00, 0.26, 0.00, 0.44, 0.00, 0.63, 0.00, 0.00, 0.00, 1.00, 0.00, 0.00, 0.00, 0.00, 0.00, 0.00, 0.00, 0.00, 0.00, 0.00, 1.00, 0.00, 0.00, 0.00
8057, 0, 303.757, 0.88, 1, 0.60, 0.70, 0.00, 0.00, 0.00, 0.00, 0.07, 0.14, 0.25, 0.06, 0.00, 0.03, 0.00, 0.00, 0.54, 0.00, 0.78, 0.00, 0.00, 0.00, 1.00, 0.00, 0.00, 0.00, 0.00, 0.00, 0.00, 0.00, 0.00, 0.00, 0.00, 1.00, 0.00, 0.00, 0.00
8058, 0, 303.794, 0.98, 1, 0.61, 0.71, 0.00, 0.00, 0.00, 0.00, 0.07, 0.10, 0.32, 0.05, 0.00, 0.03, 0.00, 0.00, 0.53, 0.22, 0.70, 0.00, 0.00, 0.00, 1.00, 0.00, 0.00, 0.00, 0.00, 0.00, 0.00, 0.00, 0.00, 0.00, 0.00, 1.00, 0.00, 0.00, 0.00
8059, 0, 303.832, 0.93, 1, 0.74, 0.68, 0.00, 0.00, 0.00, 0.00, 0.07, 0.08, 0.36, 0.02, 0.05, 0.06, 0.00, 0.00, 0.55, 0.32, 0.48, 0.00, 0.00, 0.00, 1.00, 0.00, 0.00, 0.00, 0.00, 0.00, 0.00, 0.00, 0.00, 0.00, 0.00, 1.00, 0.00, 0.00, 0.00
8060, 0, 303.870, 0.98, 1, 0.82, 0.38, 0.00, 0.00, 0.00, 0.00, 0.00, 0.14, 0.49, 0.02, 0.15, 0.06, 0.00, 0.00, 0.68, 0.41, 0.40, 0.00, 1.00, 0.00, 1.00, 0.00, 0.00, 0.00, 0.00, 1.00, 0.00, 0.00, 0.00, 0.00, 0.00, 1.00, 0.00, 0.00, 0.00
8061, 0, 303.907, 0.98, 1, 0.66, 0.34, 0.00, 0.00, 0.00, 0.00, 0.00, 0.30, 0.55, 0.00, 0.15, 0.34, 0.00, 0.00, 0.69, 0.45, 0.25, 0.00, 1.00, 0.00, 1.00, 0.00, 0.00, 0.00, 0.00, 1.00, 0.00, 0.00, 0.00, 0.00, 0.00, 1.00, 0.00, 0.00, 0.00
8062, 0, 303.945, 0.98, 1, 0.51, 0.40, 0.00, 0.00, 0.00, 0.00, 0.00, 0.47, 0.67, 0.00, 0.10, 0.48, 0.02, 0.00, 0.72, 0.44, 0.20, 1.00, 1.00, 0.00, 1.00, 0.00, 0.00, 0.00, 0.00, 1.00, 0.00, 0.00, 0.00, 0.00, 0.00, 1.00, 0.00, 0.00, 0.00
8063, 0, 303.983, 0.98, 1, 0.47, 0.56, 0.00, 0.00, 0.00, 0.00, 0.00, 0.52, 0.71, 0.13, 0.00, 0.54, 0.02, 0.00, 0.66, 0.62, 0.11, 1.00, 1.00, 0.00, 1.00, 0.00, 0.00, 0.00, 0.00, 1.00, 0.00, 0.00, 0.00, 0.00, 1.00, 1.00, 0.00, 0.00, 0.00
8064, 0, 304.021, 0.98, 1, 0.55, 0.41, 0.00, 0.00, 0.00, 0.00, 0.00, 0.52, 0.70, 0.13, 0.00, 0.25, 0.02, 0.00, 0.82, 0.36, 0.03, 1.00, 1.00, 0.00, 1.00, 0.00, 0.00, 0.00, 0.00, 1.00, 0.00, 0.00, 0.00, 0.00, 1.00, 1.00, 0.00, 0.00, 0.00
8065, 0, 304.058, 0.98, 1, 0.45, 0.18, 0.00, 0.00, 0.00, 0.00, 0.00, 0.41, 0.70, 0.13, 0.00, 0.09, 0.03, 0.00, 1.03, 0.27, 0.19, 1.00, 1.00, 0.00, 1.00, 0.00, 0.00, 0.00, 0.00, 1.00, 0.00, 0.00, 0.00, 0.00, 1.00, 1.00, 0.00, 0.00, 0.00
8066, 0, 304.096, 0.88, 1, 0.35, 0.17, 0.00, 0.00, 0.00, 0.00, 0.00, 0.27, 0.67, 0.00, 0.00, 0.07, 0.09, 0.00, 1.16, 0.00, 0.35, 1.00, 1.00, 0.00, 1.00, 0.00, 0.00, 0.00, 0.00, 1.00, 0.00, 0.00, 0.00, 1.00, 1.00, 1.00, 0.00, 0.00, 0.00
8067, 0, 304.134, 0.88, 1, 0.36, 0.47, 0.00, 0.00, 0.00, 0.00, 0.00, 0.10, 0.73, 0.00, 0.00, 0.07, 0.19, 0.00, 1.32, 0.00, 0.39, 1.00, 1.00, 0.00, 1.00, 0.00, 0.00, 0.00, 0.00, 1.00, 0.00, 0.00, 0.00, 1.00, 0.00, 1.00, 0.00, 0.00, 0.00
8068, 0, 304.171, 0.88, 1, 0.37, 0.66, 0.00, 0.00, 0.00, 0.00, 0.00, 0.04, 0.86, 0.00, 0.08, 0.07, 0.24, 0.00, 1.30, 0.00, 0.34, 1.00, 1.00, 0.00, 1.00, 0.00, 0.00, 0.00, 0.00, 1.00, 0.00, 0.00, 0.00, 1.00, 0.00, 1.00, 0.00, 0.00, 0.00
8069, 0, 304.209, 0.88, 1, 0.37, 0.69, 0.00, 0.02, 0.00, 0.00, 0.00, 0.06, 0.97, 0.00, 0.08, 0.00, 0.18, 0.00, 1.28, 0.00, 0.33, 0.00, 1.00, 0.00, 1.00, 0.00, 0.00, 0.00, 0.00, 1.00, 0.00, 0.00, 0.00, 1.00, 0.00, 1.00, 0.00, 0.00, 0.00
8070, 0, 304.247, 0.88, 1, 0.29, 0.57, 0.00, 0.02, 0.00, 0.00, 0.00, 0.13, 0.99, 0.06, 0.08, 0.10, 0.09, 0.00, 0.97, 0.23, 0.52, 0.00, 1.00, 0.00, 1.00, 0.00, 0.00, 0.00, 0.00, 1.00, 0.00, 0.00, 0.00, 0.00, 0.00, 1.00, 0.00, 0.00, 0.00
8071, 0, 304.284, 0.88, 1, 0.39, 0.80, 0.00, 0.02, 0.00, 0.00, 0.00, 0.13, 0.81, 0.13, 0.00, 0.24, 0.04, 0.00, 0.72, 0.36, 0.58, 0.00, 0.00, 0.00, 1.00, 0.00, 0.00, 0.00, 0.00, 1.00, 0.00, 0.00, 0.00, 0.00, 0.00, 1.00, 0.00, 0.00, 0.00
8072, 0, 304.322, 0.88, 1, 0.46, 0.97, 0.00, 0.00, 0.00, 0.00, 0.00, 0.07, 0.71, 0.15, 0.02, 0.62, 0.10, 0.00, 0.43, 0.51, 0.59, 0.00, 0.00, 0.00, 1.00, 0.00, 0.00, 0.00, 0.00, 1.00, 0.00, 0.00, 1.00, 0.00, 0.00, 1.00, 0.00, 0.00, 0.00
8073, 0, 304.360, 0.88, 1, 0.58, 1.07, 0.00, 0.00, 0.00, 0.00, 0.00, 0.00, 0.71, 0.09, 0.02, 0.62, 0.18, 0.00, 0.52, 0.56, 0.56, 0.00, 0.00, 0.00, 1.00, 0.00, 0.00, 0.00, 0.00, 1.00, 0.00, 0.00, 1.00, 0.00, 0.00, 1.00, 0.00, 0.00, 0.00
8074, 0, 304.398, 0.88, 1, 0.49, 0.65, 0.00, 0.00, 0.00, 0.00, 0.00, 0.09, 0.72, 0.02, 0.02, 0.60, 0.17, 0.00, 0.58, 0.66, 0.46, 0.00, 0.00, 0.00, 1.00, 0.00, 0.00, 0.00, 0.00, 1.00, 0.00, 0.00, 1.00, 0.00, 0.00, 1.00, 1.00, 0.00, 0.00
8075, 0, 304.435, 0.88, 1, 0.41, 0.32, 0.00, 0.00, 0.00, 0.00, 0.00, 0.21, 0.69, 0.15, 0.00, 0.22, 0.11, 0.01, 0.80, 0.85, 0.48, 0.00, 0.00, 0.00, 1.00, 0.00, 0.00, 0.00, 0.00, 1.00, 0.00, 0.00, 1.00, 0.00, 0.00, 1.00, 1.00, 0.00, 0.00
8076, 0, 304.473, 0.88, 1, 0.35, 0.15, 0.00, 0.00, 0.00, 0.00, 0.00, 0.36, 0.69, 0.29, 0.00, 0.19, 0.02, 0.01, 1.04, 0.85, 0.31, 0.00, 0.00, 0.00, 1.00, 0.00, 0.00, 0.00, 0.00, 1.00, 0.00, 0.00, 0.00, 0.00, 0.00, 1.00, 1.00, 0.00, 0.00
8077, 0, 304.511, 0.93, 1, 0.38, 0.30, 0.00, 0.00, 0.00, 0.00, 0.02, 0.41, 0.79, 0.39, 0.00, 0.15, 0.00, 0.01, 1.33, 0.89, 0.22, 0.00, 0.00, 0.00, 1.00, 0.00, 0.00, 0.00, 0.00, 1.00, 0.00, 0.00, 0.00, 0.00, 0.00, 1.00, 1.00, 0.00, 0.00
8078, 0, 304.548, 0.93, 1, 0.43, 0.41, 0.00, 0.00, 0.00, 0.00, 0.02, 0.36, 0.83, 0.42, 0.00, 0.17, 0.00, 0.00, 1.44, 0.74, 0.15, 0.00, 0.00, 0.00, 1.00, 0.00, 0.00, 0.00, 0.00, 1.00, 0.00, 0.00, 0.00, 0.00, 0.00, 1.00, 1.00, 0.00, 0.00
8079, 0, 304.586, 0.88, 1, 0.46, 0.54, 0.00, 0.00, 0.00, 0.00, 0.02, 0.27, 0.83, 0.48, 0.00, 0.24, 0.00, 0.00, 1.28, 0.49, 0.24, 0.00, 1.00, 0.00, 1.00, 0.00, 0.00, 0.00, 0.00, 1.00, 0.00, 0.00, 0.00, 0.00, 1.00, 1.00, 1.00, 0.00, 0.00
8080, 0, 304.624, 0.88, 1, 0.46, 0.48, 0.00, 0.00, 0.00, 0.00, 0.00, 0.30, 0.83, 0.38, 0.13, 0.36, 0.11, 0.00, 1.08, 0.30, 0.43, 0.00, 1.00, 0.00, 1.00, 0.00, 0.00, 0.00, 0.00, 1.00, 0.00, 0.00, 0.00, 0.00, 1.00, 1.00, 1.00, 0.00, 0.00
8081, 0, 304.662, 0.93, 1, 0.70, 0.66, 0.00, 0.00, 0.00, 0.00, 0.00, 0.56, 0.81, 0.29, 0.13, 0.54, 0.28, 0.00, 0.94, 0.47, 0.45, 0.00, 0.00, 0.00, 1.00, 0.00, 0.00, 0.00, 0.00, 1.00, 0.00, 0.00, 0.00, 0.00, 1.00, 1.00, 1.00, 0.00, 0.00
8082, 0, 304.699, 0.88, 1, 0.94, 0.73, 0.00, 0.00, 0.00, 0.00, 0.00, 0.90, 0.76, 0.09, 0.13, 0.51, 0.28, 0.00, 0.95, 0.63, 0.32, 0.00, 0.00, 0.00, 1.00, 0.00, 0.00, 0.00, 0.00, 1.00, 0.00, 0.00, 0.00, 0.00, 1.00, 1.00, 1.00, 0.00, 0.00
8083, 0, 304.737, 0.88, 1, 1.11, 0.90, 0.00, 0.00, 0.00, 0.00, 0.00, 0.89, 0.76, 0.09, 0.00, 0.32, 0.17, 0.00, 1.07, 0.78, 0.27, 0.00, 0.00, 0.00, 1.00, 0.00, 0.00, 0.00, 0.00, 1.00, 0.00, 0.00, 0.00, 0.00, 1.00, 1.00, 1.00, 0.00, 0.00
8084, 0, 304.775, 0.88, 1, 0.89, 0.75, 0.00, 0.00, 0.00, 0.00, 0.00, 0.70, 0.84, 0.00, 0.00, 0.13, 0.00, 0.00, 1.21, 0.54, 0.33, 0.00, 0.00, 0.00, 1.00, 0.00, 0.00, 0.00, 0.00, 1.00, 0.00, 0.00, 0.00, 0.00, 1.00, 1.00, 0.00, 0.00, 0.00
8085, 0, 304.812, 0.88, 1, 0.48, 0.62, 0.00, 0.00, 0.00, 0.00, 0.00, 0.41, 0.91, 0.38, 0.17, 0.16, 0.00, 0.06, 0.95, 0.39, 0.33, 0.00, 0.00, 0.00, 1.00, 0.00, 0.00, 0.00, 0.00, 1.00, 0.00, 0.00, 0.00, 0.00, 1.00, 1.00, 0.00, 0.00, 0.00
8086, 0, 304.850, 0.98, 1, 0.17, 0.51, 0.00, 0.00, 0.00, 0.00, 0.00, 0.40, 0.91, 0.74, 0.29, 0.30, 0.00, 0.14, 0.69, 0.25, 0.18, 0.00, 0.00, 0.00, 1.00, 0.00, 0.00, 0.00, 1.00, 1.00, 0.00, 0.00, 0.00, 0.00, 1.00, 1.00, 0.00, 0.00, 0.00
8087, 0, 304.888, 0.98, 1, 0.07, 0.38, 0.00, 0.09, 0.00, 0.00, 0.00, 0.34, 0.98, 0.86, 0.29, 0.37, 0.00, 0.14, 0.56, 0.35, 0.00, 0.00, 0.00, 0.00, 1.00, 0.00, 0.00, 0.00, 1.00, 1.00, 1.00, 0.00, 1.00, 0.00, 1.00, 1.00, 0.00, 0.00, 0.00
8088, 0, 304.925, 0.98, 1, 0.10, 0.19, 0.00, 0.13, 0.00, 0.00, 0.00, 0.40, 1.05, 0.69, 0.12, 0.33, 0.05, 0.09, 0.70, 0.54, 0.00, 0.00, 0.00, 0.00, 1.00, 0.00, 0.00, 0.00, 1.00, 1.00, 1.00, 0.00, 1.00, 0.00, 1.00, 1.00, 0.00, 0.00, 0.00
8089, 0, 304.963, 0.98, 1, 0.12, 0.21, 0.00, 0.18, 0.00, 0.00, 0.00, 0.39, 1.09, 0.45, 0.00, 0.32, 0.29, 0.02, 0.76, 0.64, 0.00, 0.00, 1.00, 0.00, 1.00, 0.00, 0.00, 0.00, 1.00, 1.00, 1.00, 0.00, 1.00, 0.00, 1.00, 1.00, 0.00, 0.00, 0.00
8090, 0, 305.001, 0.98, 1, 0.06, 0.16, 0.00, 0.09, 0.00, 0.00, 0.00, 0.46, 1.08, 0.65, 0.00, 0.39, 0.34, 0.02, 0.82, 0.44, 0.00, 0.00, 0.00, 0.00, 1.00, 0.00, 0.00, 0.00, 0.00, 1.00, 1.00, 0.00, 1.00, 0.00, 0.00, 1.00, 0.00, 0.00, 0.00
8091, 0, 305.039, 0.98, 1, 0.03, 0.16, 0.00, 0.12, 0.00, 0.00, 0.00, 0.44, 1.07, 0.69, 0.00, 0.33, 0.37, 0.01, 0.87, 0.35, 0.00, 0.00, 0.00, 0.00, 1.00, 0.00, 0.00, 0.00, 0.00, 1.00, 1.00, 0.00, 0.00, 0.00, 0.00, 1.00, 0.00, 0.00, 0.00
8092, 0, 305.076, 0.98, 1, 0.00, 0.00, 0.00, 0.18, 0.00, 0.00, 0.00, 0.43, 1.09, 0.79, 0.00, 0.20, 0.23, 0.00, 0.93, 0.28, 0.00, 0.00, 0.00, 0.00, 1.00, 0.00, 0.00, 0.00, 0.00, 1.00, 1.00, 0.00, 0.00, 0.00, 0.00, 1.00, 0.00, 0.00, 0.00
8093, 0, 305.114, 0.98, 1, 0.07, 0.04, 0.00, 0.18, 0.00, 0.00, 0.00, 0.53, 1.12, 0.81, 0.00, 0.05, 0.23, 0.00, 1.02, 0.58, 0.00, 0.00, 0.00, 0.00, 1.00, 0.00, 0.00, 0.00, 0.00, 1.00, 0.00, 0.00, 0.00, 0.00, 0.00, 1.00, 0.00, 0.00, 0.00
8094, 0, 305.152, 0.98, 1, 0.21, 0.10, 0.00, 0.10, 0.00, 0.00, 0.00, 0.76, 1.04, 0.93, 0.00, 0.19, 0.19, 0.00, 1.23, 0.73, 0.00, 0.00, 0.00, 0.00, 1.00, 0.00, 0.00, 0.00, 0.00, 1.00, 0.00, 0.00, 0.00, 0.00, 0.00, 1.00, 1.00, 0.00, 0.00
8095, 0, 305.189, 0.98, 1, 0.29, 0.18, 0.00, 0.02, 0.00, 0.04, 0.00, 1.00, 0.83, 0.71, 0.00, 0.42, 0.10, 0.00, 1.35, 1.07, 0.00, 0.00, 0.00, 0.00, 1.00, 0.00, 0.00, 0.00, 0.00, 1.00, 0.00, 0.00, 0.00, 0.00, 0.00, 1.00, 1.00, 0.00, 0.00
8096, 0, 305.227, 0.93, 1, 0.32, 0.26, 0.00, 0.02, 0.00, 0.30, 0.05, 0.95, 0.60, 0.39, 0.00, 0.58, 0.05, 0.00, 1.15, 1.06, 0.00, 0.00, 0.00, 0.00, 1.00, 0.00, 0.00, 0.00, 0.00, 1.00, 0.00, 0.00, 0.00, 0.00, 0.00, 1.00, 1.00, 0.00, 0.00
8097, 0, 305.265, 0.98, 1, 0.32, 0.31, 0.00, 0.02, 0.00, 0.30, 0.06, 0.64, 0.45, 0.21, 0.00, 0.52, 0.01, 0.00, 0.97, 0.93, 0.00, 0.00, 0.00, 0.00, 1.00, 0.00, 0.00, 0.00, 0.00, 1.00, 0.00, 0.00, 0.00, 0.00, 0.00, 1.00, 1.00, 0.00, 0.00
8098, 0, 305.303, 0.98, 1, 0.31, 0.33, 0.00, 0.00, 0.00, 0.26, 0.12, 0.27, 0.47, 0.46, 0.00, 0.29, 0.00, 0.00, 0.90, 0.77, 0.00, 0.00, 0.00, 0.00, 1.00, 0.00, 0.00, 0.00, 0.00, 0.00, 0.00, 0.00, 0.00, 0.00, 0.00, 1.00, 1.00, 0.00, 0.00
8099, 0, 305.340, 0.98, 1, 0.23, 0.25, 0.00, 0.09, 0.00, 0.32, 0.15, 0.08, 0.54, 0.64, 0.00, 0.14, 0.00, 0.00, 0.99, 0.84, 0.00, 0.00, 0.00, 0.00, 1.00, 0.00, 0.00, 0.00, 0.00, 0.00, 0.00, 0.00, 0.00, 0.00, 0.00, 1.00, 1.00, 0.00, 0.00
8100, 0, 305.378, 0.98, 1, 0.13, 0.36, 0.00, 0.09, 0.00, 0.32, 0.15, 0.00, 0.57, 0.65, 0.14, 0.26, 0.07, 0.05, 1.09, 1.14, 0.16, 0.00, 1.00, 0.00, 1.00, 0.00, 0.00, 0.00, 0.00, 1.00, 0.00, 0.00, 0.00, 0.00, 1.00, 1.00, 1.00, 0.00, 0.00
8101, 0, 305.416, 0.98, 1, 0.09, 0.50, 0.00, 0.22, 0.00, 0.32, 0.09, 0.03, 0.64, 0.60, 0.26, 0.47, 0.08, 0.05, 1.22, 1.30, 0.26, 0.00, 1.00, 0.00, 1.00, 0.00, 0.00, 0.00, 0.00, 1.00, 0.00, 0.00, 0.00, 0.00, 1.00, 1.00, 1.00, 0.00, 0.00
8102, 0, 305.453, 0.98, 1, 0.19, 0.64, 0.00, 0.14, 0.00, 0.00, 0.00, 0.04, 0.65, 0.52, 0.36, 0.65, 0.08, 0.05, 1.55, 1.05, 0.46, 0.00, 1.00, 0.00, 1.00, 0.00, 0.00, 0.00, 0.00, 1.00, 0.00, 0.00, 0.00, 0.00, 1.00, 1.00, 1.00, 0.00, 0.00
8103, 0, 305.491, 0.98, 1, 0.33, 0.53, 0.00, 0.16, 0.00, 0.01, 0.00, 0.04, 0.62, 0.47, 0.46, 0.59, 0.00, 0.00, 1.66, 0.73, 0.36, 0.00, 1.00, 0.00, 1.00, 0.00, 0.00, 0.00, 0.00, 1.00, 0.00, 0.00, 0.00, 0.00, 1.00, 1.00, 1.00, 0.00, 0.00
8104, 0, 305.529, 0.98, 1, 0.49, 0.35, 0.00, 0.06, 0.00, 0.01, 0.00, 0.06, 0.51, 0.37, 0.48, 0.63, 0.03, 0.00, 1.63, 0.41, 0.33, 0.00, 1.00, 0.00, 1.00, 0.00, 0.00, 0.00, 0.00, 1.00, 0.00, 0.00, 0.00, 0.00, 1.00, 1.00, 1.00, 0.00, 0.00
8105, 0, 305.566, 0.98, 1, 0.45, 0.17, 0.00, 0.29, 0.00, 0.01, 0.00, 0.13, 0.46, 0.25, 0.38, 0.58, 0.04, 0.00, 1.29, 0.28, 0.17, 0.00, 1.00, 0.00, 1.00, 0.00, 0.00, 0.00, 0.00, 1.00, 0.00, 0.00, 0.00, 0.00, 1.00, 1.00, 1.00, 0.00, 0.00
8106, 0, 305.604, 0.98, 1, 0.39, 0.15, 0.00, 0.54, 0.00, 0.00, 0.00, 0.24, 0.50, 0.15, 0.15, 0.43, 0.04, 0.00, 0.97, 0.14, 0.19, 0.00, 1.00, 0.00, 1.00, 0.00, 0.00, 0.00, 0.00, 1.00, 0.00, 0.00, 0.00, 0.00, 1.00, 1.00, 1.00, 0.00, 0.00
8107, 0, 305.642, 0.98, 1, 0.36, 0.10, 0.00, 0.79, 0.00, 0.00, 0.00, 0.35, 0.52, 0.16, 0.00, 0.23, 0.01, 0.00, 0.62, 0.00, 0.13, 0.00, 1.00, 0.00, 1.00, 0.00, 0.00, 0.00, 0.00, 1.00, 0.00, 0.00, 0.00, 0.00, 1.00, 1.00, 1.00, 0.00, 0.00
8108, 0, 305.680, 0.98, 1, 0.29, 0.10, 0.00, 0.59, 0.01, 0.00, 0.00, 0.56, 0.57, 0.16, 0.00, 0.12, 0.02, 0.00, 0.70, 0.15, 0.09, 0.00, 1.00, 0.00, 1.00, 0.00, 0.00, 0.00, 0.00, 1.00, 0.00, 0.00, 0.00, 0.00, 1.00, 1.00, 1.00, 0.00, 0.00
8109, 0, 305.717, 0.98, 1, 0.15, 0.02, 0.00, 0.36, 0.02, 0.00, 0.00, 0.80, 0.62, 0.11, 0.00, 0.10, 0.05, 0.00, 0.93, 0.32, 0.01, 0.00, 1.00, 0.00, 1.00, 0.00, 0.00, 0.00, 0.00, 1.00, 0.00, 0.00, 0.00, 0.00, 1.00, 1.00, 1.00, 0.00, 0.00
8110, 0, 305.755, 0.98, 1, 0.21, 0.01, 0.00, 0.09, 0.02, 0.00, 0.08, 1.04, 0.57, 0.36, 0.00, 0.11, 0.18, 0.00, 1.08, 0.65, 0.00, 0.00, 1.00, 0.00, 1.00, 0.00, 0.00, 0.00, 0.00, 1.00, 0.00, 0.00, 0.00, 0.00, 1.00, 1.00, 0.00, 0.00, 0.00
8111, 0, 305.793, 0.98, 1, 0.23, 0.01, 0.00, 0.04, 0.01, 0.00, 0.08, 0.94, 0.49, 0.98, 0.00, 0.11, 0.24, 0.00, 1.07, 0.79, 0.00, 0.00, 1.00, 0.00, 1.00, 0.00, 0.00, 0.00, 0.00, 0.00, 0.00, 0.00, 0.00, 0.00, 0.00, 1.00, 0.00, 0.00, 0.00
8112, 0, 305.830, 0.98, 1, 0.23, 0.01, 0.00, 0.01, 0.00, 0.00, 0.08, 0.70, 0.42, 1.62, 0.00, 0.06, 0.37, 0.00, 1.16, 0.98, 0.00, 0.00, 1.00, 0.00, 1.00, 0.00, 0.00, 0.00, 0.00, 0.00, 1.00, 0.00, 0.00, 1.00, 0.00, 1.00, 0.00, 0.00, 0.00
8113, 0, 305.868, 0.98, 1, 0.02, 0.00, 0.00, 0.01, 0.00, 0.00, 0.00, 0.42, 0.41, 1.93, 0.00, 0.00, 0.45, 0.00, 1.31, 1.15, 0.00, 0.00, 1.00, 0.00, 1.00, 0.00, 0.00, 0.00, 0.00, 0.00, 1.00, 0.00, 0.00, 1.00, 1.00, 1.00, 0.00, 0.00, 0.00
8114, 0, 305.906, 0.98, 1, 0.00, 0.00, 0.00, 0.00, 0.00, 0.00, 0.00, 0.33, 0.41, 1.74, 0.00, 0.00, 0.51, 0.00, 1.12, 1.23, 0.00, 0.00, 1.00, 0.00, 1.00, 0.00, 0.00, 0.00, 0.00, 0.00, 1.00, 0.00, 0.00, 1.00, 1.00, 1.00, 0.00, 0.00, 0.00
8115, 0, 305.943, 0.98, 1, 0.00, 0.00, 0.00, 0.00, 0.00, 0.00, 0.01, 0.21, 0.50, 1.23, 0.00, 0.29, 0.37, 0.15, 0.60, 1.21, 0.00, 0.00, 1.00, 0.00, 1.00, 0.00, 0.00, 0.00, 0.00, 1.00, 1.00, 0.00, 0.00, 1.00, 1.00, 0.00, 0.00, 0.00, 0.00
8116, 0, 305.981, 0.98, 1, 0.00, 0.06, 0.00, 0.00, 0.00, 0.00, 0.01, 0.11, 0.64, 0.70, 0.02, 0.57, 0.16, 0.27, 0.20, 0.98, 0.00, 0.00, 1.00, 0.00, 1.00, 0.00, 0.00, 0.00, 0.00, 1.00, 1.00, 0.00, 0.00, 1.00, 1.00, 0.00, 0.00, 0.00, 0.00
8117, 0, 306.019, 0.98, 1, 0.00, 0.13, 0.00, 0.07, 0.00, 0.00, 0.01, 0.00, 0.74, 0.39, 0.04, 0.82, 0.13, 0.37, 0.07, 0.90, 0.00, 0.00, 1.00, 0.00, 1.00, 0.00, 0.00, 0.00, 0.00, 1.00, 1.00, 0.00, 0.00, 0.00, 1.00, 0.00, 0.00, 0.00, 0.00
8118, 0, 306.057, 0.98, 1, 0.00, 0.16, 0.00, 0.08, 0.00, 0.00, 0.02, 0.00, 0.67, 0.39, 0.04, 0.62, 0.18, 0.35, 0.07, 0.67, 0.00, 0.00, 1.00, 0.00, 1.00, 0.00, 0.00, 0.00, 0.00, 1.00, 0.00, 0.00, 0.00, 0.00, 1.00, 0.00, 0.00, 0.00, 0.00
8119, 0, 306.094, 0.98, 1, 0.10, 0.23, 0.00, 0.08, 0.00, 0.00, 0.06, 0.00, 0.56, 0.27, 0.07, 0.40, 0.26, 0.32, 0.07, 0.38, 0.00, 0.00, 1.00, 0.00, 1.00, 0.00, 0.00, 0.00, 0.00, 1.00, 0.00, 0.00, 0.00, 0.00, 1.00, 0.00, 0.00, 0.00, 0.00
8120, 0, 306.132, 0.98, 1, 0.10, 0.17, 0.00, 0.24, 0.00, 0.00, 0.08, 0.27, 0.45, 0.22, 0.05, 0.16, 0.40, 0.22, 0.10, 0.10, 0.00, 0.00, 1.00, 0.00, 1.00, 0.00, 0.00, 0.00, 0.00, 1.00, 0.00, 0.00, 0.00, 1.00, 1.00, 0.00, 0.00, 0.00, 0.00
8121, 0, 306.170, 0.98, 1, 0.10, 0.13, 0.00, 0.41, 0.00, 0.00, 0.08, 0.52, 0.40, 0.21, 0.05, 0.07, 0.58, 0.10, 0.22, 0.00, 0.00, 0.00, 1.00, 0.00, 1.00, 0.00, 0.00, 0.00, 0.00, 0.00, 0.00, 1.00, 0.00, 1.00, 1.00, 0.00, 0.00, 0.00, 0.00
8122, 0, 306.207, 0.98, 1, 0.00, 0.06, 0.00, 0.48, 0.00, 0.00, 0.11, 0.74, 0.40, 0.32, 0.00, 0.00, 0.64, 0.01, 0.28, 0.00, 0.00, 0.00, 0.00, 0.00, 1.00, 0.00, 0.00, 0.00, 0.00, 0.00, 0.00, 1.00, 0.00, 1.00, 1.00, 0.00, 0.00, 0.00, 0.00
8123, 0, 306.245, 0.98, 1, 0.00, 0.06, 0.00, 0.28, 0.00, 0.00, 0.19, 0.68, 0.38, 0.25, 0.00, 0.00, 0.40, 0.00, 0.34, 0.00, 0.02, 0.00, 0.00, 0.00, 1.00, 0.00, 0.00, 0.00, 0.00, 0.00, 0.00, 1.00, 0.00, 1.00, 1.00, 0.00, 0.00, 0.00, 0.00
8124, 0, 306.283, 0.98, 1, 0.00, 0.06, 0.00, 0.16, 0.00, 0.00, 0.16, 0.53, 0.38, 0.13, 0.07, 0.03, 0.23, 0.00, 0.32, 0.00, 0.18, 0.00, 0.00, 0.00, 1.00, 0.00, 0.00, 0.00, 0.00, 0.00, 0.00, 1.00, 0.00, 1.00, 1.00, 0.00, 0.00, 0.00, 0.00
8125, 0, 306.321, 0.98, 1, 0.09, 0.00, 0.00, 0.08, 0.00, 0.00, 0.17, 0.39, 0.27, 0.00, 0.07, 0.25, 0.10, 0.00, 0.33, 0.00, 0.44, 0.00, 0.00, 0.00, 1.00, 0.00, 0.00, 0.00, 0.00, 0.00, 0.00, 1.00, 0.00, 0.00, 1.00, 0.00, 0.00, 0.00, 0.00
8126, 0, 306.358, 0.93, 1, 0.22, 0.23, 0.00, 0.06, 0.00, 0.00, 0.08, 0.34, 0.19, 0.00, 0.25, 0.54, 0.10, 0.00, 0.28, 0.00, 0.52, 0.00, 0.00, 0.00, 1.00, 0.00, 0.00, 0.00, 0.00, 0.00, 0.00, 1.00, 0.00, 0.00, 1.00, 0.00, 0.00, 0.00, 0.00
8127, 0, 306.396, 0.93, 1, 0.36, 0.42, 0.00, 0.00, 0.00, 0.00, 0.08, 0.42, 0.09, 0.00, 0.54, 0.78, 0.00, 0.00, 0.27, 0.00, 0.40, 0.00, 0.00, 0.00, 1.00, 0.00, 0.00, 0.00, 0.00, 0.00, 0.00, 1.00, 0.00, 0.00, 1.00, 0.00, 0.00, 0.00, 0.00
8128, 0, 306.434, 0.93, 1, 0.43, 0.59, 0.00, 0.00, 0.00, 0.00, 0.00, 0.44, 0.09, 0.00, 0.73, 0.78, 0.00, 0.00, 0.19, 0.00, 0.27, 0.00, 0.00, 0.00, 1.00, 0.00, 0.00, 0.00, 0.00, 0.00, 0.00, 1.00, 0.00, 0.00, 1.00, 0.00, 0.00, 0.00, 0.00
8129, 0, 306.471, 0.93, 1, 0.41, 0.40, 0.00, 0.00, 0.00, 0.00, 0.00, 0.32, 0.12, 0.00, 0.81, 0.79, 0.00, 0.00, 0.08, 0.00, 0.30, 0.00, 0.00, 0.00, 1.00, 0.00, 0.00, 0.00, 0.00, 0.00, 0.00, 1.00, 0.00, 0.00, 1.00, 0.00, 0.00, 0.00, 0.00
8130, 0, 306.509, 0.98, 1, 0.33, 0.20, 0.00, 0.00, 0.00, 0.00, 0.00, 0.37, 0.21, 0.00, 0.49, 0.63, 0.00, 0.00, 0.00, 0.00, 0.44, 0.00, 0.00, 0.00, 1.00, 0.00, 0.00, 0.00, 0.00, 0.00, 0.00, 1.00, 0.00, 0.00, 1.00, 0.00, 0.00, 0.00, 0.00
8131, 0, 306.547, 0.98, 1, 0.17, 0.03, 0.00, 0.06, 0.00, 0.00, 0.00, 0.56, 0.24, 0.22, 0.30, 0.40, 0.00, 0.00, 0.17, 0.00, 0.43, 0.00, 0.00, 0.00, 1.00, 0.00, 0.00, 0.00, 0.00, 0.00, 0.00, 1.00, 0.00, 0.00, 1.00, 0.00, 0.00, 0.00, 0.00
8132, 0, 306.584, 0.98, 1, 0.07, 0.00, 0.00, 0.11, 0.00, 0.00, 0.00, 0.63, 0.26, 0.58, 0.11, 0.11, 0.03, 0.00, 0.33, 0.00, 0.31, 0.00, 0.00, 0.00, 1.00, 0.00, 0.00, 0.00, 0.00, 0.00, 0.00, 1.00, 0.00, 0.00, 0.00, 1.00, 0.00, 0.00, 0.00
8133, 0, 306.622, 0.98, 1, 0.02, 0.00, 0.00, 0.11, 0.00, 0.00, 0.00, 0.65, 0.21, 0.78, 0.08, 0.00, 0.03, 0.00, 0.56, 0.00, 0.14, 0.00, 0.00, 0.00, 1.00, 0.00, 0.00, 0.00, 0.00, 0.00, 0.00, 1.00, 0.00, 0.00, 0.00, 1.00, 0.00, 0.00, 0.00
8134, 0, 306.660, 0.98, 1, 0.02, 0.01, 0.00, 0.05, 0.00, 0.08, 0.00, 0.71, 0.21, 0.86, 0.13, 0.00, 0.05, 0.00, 0.83, 0.27, 0.02, 0.00, 0.00, 0.00, 1.00, 0.00, 0.00, 0.00, 0.00, 0.00, 0.00, 1.00, 0.00, 0.00, 0.00, 1.00, 0.00, 0.00, 0.00
8135, 0, 306.698, 0.98, 1, 0.05, 0.05, 0.00, 0.00, 0.00, 0.08, 0.00, 0.86, 0.37, 0.64, 0.10, 0.00, 0.10, 0.00, 1.04, 0.57, 0.22, 0.00, 0.00, 0.00, 1.00, 0.00, 0.00, 0.00, 0.00, 0.00, 0.00, 0.00, 0.00, 0.00, 0.00, 1.00, 1.00, 0.00, 0.00
8136, 0, 306.735, 0.93, 1, 0.19, 0.30, 0.00, 0.00, 0.01, 0.08, 0.01, 1.02, 0.60, 0.74, 0.09, 0.00, 0.10, 0.00, 1.23, 0.92, 0.21, 0.00, 0.00, 0.00, 1.00, 0.00, 0.00, 0.00, 0.00, 1.00, 0.00, 0.00, 0.00, 0.00, 0.00, 1.00, 1.00, 0.00, 0.00
8137, 0, 306.773, 0.88, 1, 0.35, 0.63, 0.00, 0.00, 0.05, 0.00, 0.19, 0.92, 0.80, 0.86, 0.04, 0.00, 0.08, 0.00, 1.17, 0.87, 0.21, 0.00, 0.00, 0.00, 1.00, 0.00, 0.00, 0.00, 0.00, 1.00, 0.00, 0.00, 0.00, 0.00, 0.00, 1.00, 1.00, 0.00, 0.00
8138, 0, 306.811, 0.88, 1, 0.46, 0.89, 0.00, 0.00, 0.05, 0.00, 0.19, 0.78, 0.84, 1.25, 0.00, 0.00, 0.00, 0.00, 1.17, 0.66, 0.13, 0.00, 0.00, 0.00, 1.00, 0.00, 0.00, 0.00, 0.00, 1.00, 0.00, 0.00, 0.00, 0.00, 0.00, 1.00, 1.00, 0.00, 0.00
8139, 0, 306.848, 0.88, 1, 0.46, 0.96, 0.00, 0.00, 0.04, 0.00, 0.19, 0.54, 0.81, 1.43, 0.00, 0.00, 0.01, 0.00, 1.13, 0.41, 0.21, 0.00, 0.00, 0.00, 1.00, 0.00, 0.00, 0.00, 0.00, 1.00, 0.00, 0.00, 0.00, 0.00, 0.00, 1.00, 1.00, 0.00, 0.00
8140, 0, 306.886, 0.88, 1, 0.30, 0.62, 0.00, 0.00, 0.00, 0.00, 0.01, 0.68, 0.86, 1.09, 0.09, 0.24, 0.01, 0.00, 1.35, 0.47, 0.33, 0.00, 0.00, 0.00, 1.00, 0.00, 0.00, 0.00, 0.00, 1.00, 0.00, 0.00, 0.00, 0.00, 0.00, 1.00, 1.00, 0.00, 0.00
8141, 0, 306.924, 0.88, 1, 0.15, 0.62, 0.00, 0.00, 0.00, 0.00, 0.00, 0.89, 0.88, 0.57, 0.44, 0.40, 0.10, 0.00, 1.51, 0.47, 0.23, 0.00, 0.00, 0.00, 1.00, 0.00, 0.00, 0.00, 0.00, 1.00, 0.00, 0.00, 0.00, 0.00, 0.00, 1.00, 0.00, 0.00, 0.00
8142, 0, 306.962, 0.88, 1, 0.00, 0.31, 0.00, 0.00, 0.00, 0.00, 0.00, 1.17, 0.90, 0.08, 0.66, 0.52, 0.09, 0.00, 1.43, 0.44, 0.24, 0.00, 0.00, 0.00, 1.00, 0.00, 0.00, 0.00, 0.00, 1.00, 0.00, 1.00, 0.00, 0.00, 0.00, 1.00, 0.00, 0.00, 0.00
8143, 0, 306.999, 0.93, 1, 0.00, 0.33, 0.00, 0.00, 0.00, 0.00, 0.00, 1.17, 0.81, 0.00, 0.99, 0.41, 0.09, 0.00, 1.24, 0.32, 0.32, 0.00, 0.00, 0.00, 1.00, 0.00, 0.00, 0.00, 0.00, 1.00, 0.00, 1.00, 0.00, 0.00, 0.00, 1.00, 0.00, 0.00, 0.00
8144, 0, 307.037, 0.98, 1, 0.00, 0.02, 0.00, 0.00, 0.00, 0.00, 0.00, 1.19, 0.70, 0.00, 1.02, 0.53, 0.25, 0.00, 1.21, 0.56, 0.34, 0.00, 0.00, 0.00, 1.00, 0.00, 0.00, 0.00, 0.00, 1.00, 0.00, 1.00, 0.00, 0.00, 0.00, 1.00, 0.00, 0.00, 0.00
8145, 0, 307.075, 0.98, 1, 0.13, 0.12, 0.00, 0.00, 0.00, 0.00, 0.00, 1.08, 0.48, 0.00, 1.33, 0.45, 0.54, 0.04, 1.17, 0.68, 0.40, 0.00, 0.00, 0.00, 1.00, 0.00, 0.00, 0.00, 0.00, 1.00, 0.00, 1.00, 0.00, 0.00, 0.00, 0.00, 0.00, 0.00, 0.00
8146, 0, 307.112, 0.93, 1, 0.17, 0.15, 0.00, 0.00, 0.00, 0.00, 0.06, 0.89, 0.35, 0.00, 1.12, 0.39, 0.72, 0.06, 0.92, 0.79, 0.22, 0.00, 0.00, 0.00, 1.00, 0.00, 0.00, 0.00, 0.00, 1.00, 0.00, 1.00, 0.00, 0.00, 0.00, 0.00, 0.00, 0.00, 0.00
8147, 0, 307.150, 0.98, 1, 0.19, 0.37, 0.00, 0.00, 0.00, 0.00, 0.06, 0.69, 0.28, 0.00, 0.94, 0.18, 0.47, 0.13, 0.67, 0.72, 0.17, 0.00, 0.00, 0.00, 1.00, 0.00, 0.00, 0.00, 0.00, 0.00, 0.00, 1.00, 1.00, 0.00, 1.00, 0.00, 0.00, 0.00, 0.00
8148, 0, 307.188, 0.98, 1, 0.06, 0.32, 0.00, 0.00, 0.00, 0.00, 0.06, 0.55, 0.38, 0.00, 0.71, 0.17, 0.18, 0.09, 0.82, 0.86, 0.03, 0.00, 0.00, 0.00, 1.00, 0.00, 0.00, 0.00, 0.00, 0.00, 0.00, 1.00, 1.00, 0.00, 1.00, 0.00, 0.00, 0.00, 0.00
8149, 0, 307.225, 0.98, 1, 0.02, 0.43, 0.00, 0.00, 0.00, 0.00, 0.00, 0.69, 0.44, 0.04, 0.72, 0.27, 0.00, 0.07, 0.83, 0.86, 0.03, 0.00, 0.00, 0.00, 1.00, 0.00, 0.00, 0.00, 0.00, 0.00, 0.00, 1.00, 1.00, 0.00, 1.00, 0.00, 0.00, 0.00, 0.00
8150, 0, 307.263, 0.98, 1, 0.03, 0.20, 0.00, 0.00, 0.00, 0.00, 0.00, 0.85, 0.52, 0.04, 1.06, 0.45, 0.01, 0.03, 0.66, 0.59, 0.15, 0.00, 1.00, 0.00, 1.00, 0.00, 0.00, 0.00, 0.00, 0.00, 0.00, 1.00, 1.00, 0.00, 1.00, 0.00, 0.00, 0.00, 0.00
8151, 0, 307.301, 0.98, 1, 0.04, 0.16, 0.00, 0.00, 0.00, 0.00, 0.00, 1.00, 0.57, 0.04, 1.21, 0.67, 0.03, 0.06, 0.30, 0.25, 0.29, 0.00, 1.00, 0.00, 1.00, 0.00, 0.00, 0.00, 0.00, 0.00, 0.00, 1.00, 1.00, 0.00, 1.00, 0.00, 0.00, 0.00, 0.00
8152, 0, 307.339, 0.98, 1, 0.04, 0.01, 0.00, 0.00, 0.00, 0.00, 0.00, 0.77, 0.62, 0.00, 1.13, 0.50, 0.12, 0.07, 0.14, 0.00, 0.31, 0.00, 1.00, 0.00, 1.00, 0.00, 0.00, 0.00, 0.00, 0.00, 0.00, 1.00, 1.00, 0.00, 1.00, 0.00, 0.00, 0.00, 0.00
8153, 0, 307.376, 0.98, 1, 0.08, 0.15, 0.00, 0.00, 0.00, 0.00, 0.00, 0.51, 0.57, 0.01, 0.59, 0.26, 0.11, 0.04, 0.19, 0.00, 0.26, 0.00, 0.00, 0.00, 1.00, 0.00, 0.00, 0.00, 0.00, 0.00, 0.00, 1.00, 0.00, 0.00, 1.00, 0.00, 0.00, 0.00, 0.00
8154, 0, 307.414, 0.98, 1, 0.15, 0.35, 0.01, 0.00, 0.00, 0.00, 0.00, 0.40, 0.56, 0.01, 0.22, 0.11, 0.09, 0.05, 0.49, 0.00, 0.11, 0.00, 0.00, 0.00, 1.00, 0.00, 0.00, 0.00, 0.00, 0.00, 0.00, 1.00, 0.00, 0.00, 1.00, 0.00, 0.00, 0.00, 0.00
8155, 0, 307.452, 0.98, 1, 0.33, 0.41, 0.01, 0.00, 0.00, 0.03, 0.00, 0.68, 0.52, 0.01, 0.08, 0.24, 0.00, 0.05, 0.52, 0.05, 0.13, 0.00, 0.00, 0.00, 1.00, 0.00, 0.00, 0.00, 0.00, 0.00, 0.00, 1.00, 0.00, 0.00, 1.00, 0.00, 0.00, 0.00, 0.00
8156, 0, 307.489, 0.98, 1, 0.42, 0.34, 0.01, 0.00, 0.00, 0.08, 0.00, 1.00, 0.55, 0.00, 0.08, 0.42, 0.00, 0.05, 0.40, 0.11, 0.08, 0.00, 0.00, 0.00, 1.00, 0.00, 0.00, 0.00, 0.00, 0.00, 0.00, 1.00, 0.00, 0.00, 1.00, 0.00, 0.00, 0.00, 0.00
8157, 0, 307.527, 0.98, 1, 0.42, 0.33, 0.02, 0.00, 0.00, 0.12, 0.00, 0.99, 0.49, 0.00, 0.00, 0.37, 0.00, 0.01, 0.06, 0.32, 0.07, 0.00, 0.00, 0.00, 1.00, 0.00, 0.00, 0.00, 0.00, 0.00, 0.00, 1.00, 0.00, 0.00, 1.00, 0.00, 0.00, 0.00, 0.00
8158, 0, 307.565, 0.98, 1, 0.28, 0.32, 0.02, 0.00, 0.00, 0.12, 0.00, 0.72, 0.50, 0.15, 0.07, 0.30, 0.00, 0.01, 0.02, 0.36, 0.03, 0.00, 0.00, 0.00, 1.00, 0.00, 0.00, 0.00, 0.00, 0.00, 0.00, 1.00, 0.00, 0.00, 1.00, 0.00, 0.00, 0.00, 0.00
8159, 0, 307.603, 0.98, 1, 0.12, 0.24, 0.02, 0.00, 0.00, 0.22, 0.00, 0.52, 0.51, 0.17, 0.13, 0.24, 0.00, 0.01, 0.20, 0.54, 0.04, 0.00, 0.00, 0.00, 1.00, 0.00, 0.00, 0.00, 0.00, 0.00, 0.00, 1.00, 0.00, 0.00, 1.00, 0.00, 0.00, 0.00, 0.00
8160, 0, 307.640, 0.98, 1, 0.04, 0.05, 0.00, 0.00, 0.00, 0.19, 0.00, 0.33, 0.68, 0.28, 0.13, 0.52, 0.00, 0.04, 0.36, 0.45, 0.04, 0.00, 0.00, 0.00, 1.00, 0.00, 0.00, 0.00, 0.00, 0.00, 0.00, 1.00, 0.00, 0.00, 1.00, 1.00, 0.00, 0.00, 0.00
8161, 0, 307.678, 0.98, 1, 0.00, 0.00, 0.00, 0.00, 0.00, 0.16, 0.00, 0.29, 0.71, 0.28, 0.08, 0.57, 0.00, 0.06, 0.58, 0.37, 0.04, 0.00, 0.00, 0.00, 1.00, 0.00, 0.00, 0.00, 0.00, 0.00, 0.00, 1.00, 0.00, 0.00, 1.00, 1.00, 0.00, 0.00, 0.00
8162, 0, 307.716, 0.98, 1, 0.00, 0.00, 0.00, 0.00, 0.00, 0.00, 0.00, 0.09, 0.74, 0.43, 0.23, 0.59, 0.00, 0.11, 0.66, 0.13, 0.00, 0.00, 0.00, 0.00, 1.00, 0.00, 0.00, 0.00, 0.00, 0.00, 0.00, 1.00, 0.00, 0.00, 1.00, 1.00, 0.00, 0.00, 0.00
8163, 0, 307.753, 0.98, 1, 0.00, 0.00, 0.00, 0.00, 0.00, 0.00, 0.00, 0.15, 0.64, 0.51, 0.34, 0.41, 0.00, 0.10, 0.50, 0.02, 0.00, 0.00, 0.00, 0.00, 1.00, 0.00, 0.00, 0.00, 0.00, 0.00, 0.00, 1.00, 0.00, 0.00, 1.00, 1.00, 0.00, 0.00, 0.00
8164, 0, 307.791, 0.98, 1, 0.00, 0.12, 0.00, 0.00, 0.00, 0.00, 0.00, 0.12, 0.66, 0.37, 0.32, 0.43, 0.00, 0.14, 0.27, 0.02, 0.04, 0.00, 0.00, 0.00, 1.00, 0.00, 0.00, 0.00, 0.00, 0.00, 0.00, 1.00, 0.00, 0.00, 1.00, 0.00, 0.00, 0.00, 0.00
8165, 0, 307.829, 0.98, 1, 0.00, 0.12, 0.00, 0.00, 0.00, 0.00, 0.00, 0.62, 0.66, 0.42, 0.11, 0.42, 0.00, 0.13, 0.25, 0.19, 0.04, 0.00, 0.00, 0.00, 1.00, 0.00, 0.00, 0.00, 0.00, 0.00, 0.00, 1.00, 0.00, 0.00, 1.00, 0.00, 0.00, 0.00, 0.00
8166, 0, 307.866, 0.98, 1, 0.00, 0.12, 0.00, 0.00, 0.00, 0.00, 0.00, 0.91, 0.59, 0.50, 0.00, 0.27, 0.00, 0.12, 0.40, 0.28, 0.04, 0.00, 0.00, 0.00, 1.00, 0.00, 0.00, 0.00, 0.00, 0.00, 0.00, 1.00, 0.00, 0.00, 1.00, 0.00, 0.00, 0.00, 0.00
8167, 0, 307.904, 0.98, 1, 0.02, 0.15, 0.00, 0.00, 0.00, 0.00, 0.01, 1.12, 0.48, 0.95, 0.04, 0.13, 0.00, 0.06, 0.49, 0.38, 0.00, 0.00, 0.00, 0.00, 1.00, 0.00, 0.00, 0.00, 0.00, 0.00, 0.00, 1.00, 0.00, 0.00, 1.00, 0.00, 0.00, 0.00, 0.00
8168, 0, 307.942, 0.98, 1, 0.05, 0.28, 0.00, 0.00, 0.00, 0.00, 0.02, 0.78, 0.35, 1.26, 0.04, 0.00, 0.00, 0.03, 0.42, 0.33, 0.00, 0.00, 0.00, 0.00, 1.00, 0.00, 0.00, 0.00, 0.00, 0.00, 0.00, 1.00, 0.00, 0.00, 1.00, 0.00, 0.00, 0.00, 0.00
8169, 0, 307.980, 0.98, 1, 0.10, 0.30, 0.00, 0.00, 0.00, 0.00, 0.02, 0.50, 0.26, 1.39, 0.04, 0.00, 0.00, 0.01, 0.59, 0.31, 0.00, 0.00, 0.00, 0.00, 1.00, 0.00, 0.00, 0.00, 0.00, 0.00, 0.00, 0.00, 0.00, 0.00, 1.00, 0.00, 0.00, 0.00, 0.00
8170, 0, 308.017, 0.98, 1, 0.10, 0.24, 0.00, 0.00, 0.00, 0.00, 0.00, 0.61, 0.19, 0.93, 0.00, 0.23, 0.00, 0.00, 0.49, 0.21, 0.00, 0.00, 0.00, 0.00, 1.00, 0.00, 0.00, 0.00, 0.00, 0.00, 0.00, 0.00, 0.00, 0.00, 1.00, 0.00, 0.00, 0.00, 0.00
8171, 0, 308.055, 0.98, 1, 0.09, 0.13, 0.00, 0.00, 0.00, 0.00, 0.06, 0.65, 0.21, 0.40, 0.00, 0.23, 0.01, 0.00, 0.32, 0.09, 0.00, 0.00, 0.00, 0.00, 1.00, 0.00, 0.00, 0.00, 0.00, 0.00, 0.00, 0.00, 0.00, 0.00, 0.00, 0.00, 0.00, 0.00, 0.00
8172, 0, 308.093, 0.98, 1, 0.04, 0.10, 0.00, 0.00, 0.00, 0.01, 0.06, 0.77, 0.40, 0.00, 0.00, 0.23, 0.01, 0.00, 0.03, 0.00, 0.00, 0.00, 0.00, 0.00, 1.00, 0.00, 0.00, 0.00, 0.00, 0.00, 0.00, 0.00, 0.00, 0.00, 0.00, 0.00, 0.00, 0.00, 0.00
8173, 0, 308.130, 0.98, 1, 0.14, 0.07, 0.00, 0.00, 0.00, 0.10, 0.06, 0.69, 0.48, 0.00, 0.00, 0.05, 0.01, 0.00, 0.10, 0.00, 0.00, 0.00, 0.00, 0.00, 1.00, 0.00, 0.00, 0.00, 0.00, 0.00, 0.00, 0.00, 0.00, 0.00, 0.00, 0.00, 0.00, 0.00, 0.00
8174, 0, 308.168, 0.98, 1, 0.18, 0.04, 0.00, 0.00, 0.00, 0.10, 0.00, 0.74, 0.55, 0.00, 0.00, 0.08, 0.00, 0.00, 0.17, 0.00, 0.00, 0.00, 0.00, 0.00, 1.00, 0.00, 0.00, 0.00, 0.00, 0.00, 0.00, 0.00, 0.00, 0.00, 0.00, 0.00, 0.00, 0.00, 0.00
8175, 0, 308.206, 0.98, 1, 0.25, 0.04, 0.00, 0.00, 0.00, 0.27, 0.00, 0.78, 0.42, 0.30, 0.00, 0.44, 0.03, 0.02, 0.14, 0.20, 0.00, 0.00, 0.00, 0.00, 1.00, 0.00, 0.00, 0.00, 0.00, 0.00, 0.00, 0.00, 0.00, 0.00, 1.00, 0.00, 0.00, 0.00, 0.00
8176, 0, 308.244, 0.98, 1, 0.17, 0.02, 0.00, 0.00, 0.00, 0.18, 0.00, 0.65, 0.32, 0.45, 0.00, 0.52, 0.04, 0.02, 0.07, 0.20, 0.00, 0.00, 0.00, 0.00, 1.00, 0.00, 0.00, 0.00, 0.00, 0.00, 0.00, 1.00, 0.00, 0.00, 1.00, 0.00, 0.00, 0.00, 0.00
8177, 0, 308.281, 0.98, 1, 0.13, 0.17, 0.00, 0.00, 0.00, 0.18, 0.01, 0.49, 0.19, 0.67, 0.00, 0.49, 0.22, 0.06, 0.00, 0.20, 0.00, 0.00, 0.00, 0.00, 1.00, 0.00, 0.00, 0.00, 0.00, 0.00, 0.00, 1.00, 0.00, 0.00, 1.00, 0.00, 0.00, 0.00, 0.00
8178, 0, 308.319, 0.98, 1, 0.06, 0.17, 0.00, 0.00, 0.00, 0.00, 0.01, 0.35, 0.19, 0.66, 0.00, 0.13, 0.19, 0.11, 0.00, 0.00, 0.00, 0.00, 0.00, 0.00, 1.00, 0.00, 0.00, 0.00, 0.00, 0.00, 0.00, 1.00, 0.00, 0.00, 1.00, 0.00, 0.00, 0.00, 0.00
8179, 0, 308.357, 0.98, 1, 0.02, 0.15, 0.00, 0.00, 0.00, 0.00, 0.03, 0.54, 0.24, 0.74, 0.00, 0.03, 0.18, 0.18, 0.08, 0.21, 0.00, 0.00, 0.00, 0.00, 1.00, 0.00, 0.00, 0.00, 0.00, 0.00, 0.00, 1.00, 0.00, 0.00, 1.00, 0.00, 0.00, 0.00, 0.00
8180, 0, 308.394, 0.98, 1, 0.00, 0.00, 0.00, 0.00, 0.00, 0.00, 0.03, 0.55, 0.43, 0.66, 0.18, 0.06, 0.00, 0.14, 0.37, 0.21, 0.07, 0.00, 0.00, 0.00, 1.00, 0.00, 0.00, 0.00, 0.00, 0.00, 0.00, 1.00, 0.00, 0.00, 1.00, 0.00, 0.00, 0.00, 0.00
8181, 0, 308.432, 0.98, 1, 0.00, 0.00, 0.00, 0.00, 0.00, 0.00, 0.03, 0.55, 0.60, 0.37, 0.29, 0.19, 0.00, 0.07, 0.66, 0.23, 0.07, 0.00, 0.00, 0.00, 1.00, 0.00, 0.00, 0.00, 0.00, 0.00, 0.00, 0.00, 0.00, 0.00, 1.00, 1.00, 0.00, 0.00, 0.00
8182, 0, 308.470, 0.98, 1, 0.00, 0.12, 0.00, 0.00, 0.00, 0.00, 0.00, 0.37, 0.72, 0.13, 0.49, 0.25, 0.06, 0.00, 0.94, 0.02, 0.07, 0.00, 0.00, 0.00, 1.00, 0.00, 0.00, 0.00, 0.00, 0.00, 0.00, 0.00, 0.00, 0.00, 1.00, 1.00, 0.00, 0.00, 0.00
8183, 0, 308.507, 0.98, 1, 0.00, 0.12, 0.00, 0.00, 0.00, 0.00, 0.00, 0.43, 0.71, 0.00, 0.39, 0.34, 0.08, 0.00, 0.94, 0.11, 0.00, 0.00, 0.00, 0.00, 1.00, 0.00, 0.00, 0.00, 0.00, 0.00, 0.00, 0.00, 0.00, 0.00, 1.00, 1.00, 0.00, 0.00, 0.00
8184, 0, 308.545, 0.98, 1, 0.00, 0.14, 0.00, 0.00, 0.00, 0.00, 0.00, 0.58, 0.59, 0.00, 0.33, 0.24, 0.17, 0.00, 1.05, 0.17, 0.00, 0.00, 0.00, 0.00, 1.00, 0.00, 0.00, 0.00, 0.00, 0.00, 0.00, 0.00, 0.00, 0.00, 1.00, 1.00, 0.00, 0.00, 0.00
8185, 0, 308.583, 0.98, 1, 0.00, 0.02, 0.00, 0.00, 0.00, 0.00, 0.00, 0.57, 0.59, 0.16, 0.28, 0.16, 0.11, 0.00, 0.94, 0.38, 0.00, 0.00, 0.00, 0.00, 1.00, 0.00, 0.00, 0.00, 0.00, 0.00, 0.00, 0.00, 0.00, 0.00, 1.00, 1.00, 0.00, 0.00, 0.00
8186, 0, 308.621, 0.98, 1, 0.00, 0.02, 0.00, 0.00, 0.00, 0.00, 0.00, 0.51, 0.60, 0.33, 0.40, 0.03, 0.09, 0.00, 0.87, 0.51, 0.00, 0.00, 0.00, 0.00, 1.00, 0.00, 0.00, 0.00, 0.00, 0.00, 0.00, 0.00, 0.00, 0.00, 1.00, 0.00, 0.00, 0.00, 0.00
8187, 0, 308.658, 0.98, 1, 0.02, 0.02, 0.00, 0.00, 0.00, 0.00, 0.03, 0.34, 0.55, 0.62, 0.36, 0.00, 0.00, 0.00, 0.69, 0.48, 0.00, 0.00, 0.00, 0.00, 1.00, 0.00, 0.00, 0.00, 0.00, 0.00, 0.00, 0.00, 0.00, 0.00, 1.00, 0.00, 0.00, 0.00, 0.00
8188, 0, 308.696, 0.98, 1, 0.02, 0.02, 0.00, 0.00, 0.00, 0.00, 0.09, 0.30, 0.46, 0.79, 0.21, 0.00, 0.00, 0.00, 0.53, 0.27, 0.00, 0.00, 0.00, 0.00, 1.00, 0.00, 0.00, 0.00, 0.00, 0.00, 0.00, 0.00, 0.00, 0.00, 1.00, 0.00, 0.00, 0.00, 0.00
8189, 0, 308.734, 0.98, 1, 0.02, 0.02, 0.00, 0.00, 0.00, 0.00, 0.09, 0.25, 0.39, 0.87, 0.01, 0.00, 0.00, 0.00, 0.46, 0.05, 0.00, 0.00, 0.00, 0.00, 1.00, 0.00, 0.00, 0.00, 0.00, 0.00, 0.00, 0.00, 0.00, 0.00, 1.00, 0.00, 0.00, 0.00, 0.00
8190, 0, 308.771, 0.98, 1, 0.00, 0.00, 0.00, 0.00, 0.00, 0.00, 0.10, 0.38, 0.42, 0.86, 0.00, 0.00, 0.00, 0.04, 0.46, 0.08, 0.00, 0.00, 0.00, 0.00, 1.00, 0.00, 0.00, 0.00, 0.00, 0.00, 0.00, 0.00, 0.00, 0.00, 1.00, 0.00, 0.00, 0.00, 0.00
8191, 0, 308.809, 0.98, 1, 0.00, 0.00, 0.00, 0.00, 0.00, 0.00, 0.06, 0.45, 0.32, 0.88, 0.00, 0.00, 0.00, 0.04, 0.42, 0.08, 0.20, 0.00, 0.00, 0.00, 1.00, 0.00, 0.00, 0.00, 0.00, 0.00, 0.00, 0.00, 0.00, 0.00, 1.00, 0.00, 0.00, 0.00, 0.00
8192, 0, 308.847, 0.88, 1, 0.00, 0.00, 0.00, 0.00, 0.00, 0.00, 0.09, 0.54, 0.23, 1.05, 0.00, 0.00, 0.00, 0.04, 0.30, 0.08, 0.41, 0.00, 0.00, 0.00, 1.00, 0.00, 0.00, 0.00, 0.00, 0.00, 0.00, 0.00, 0.00, 0.00, 1.00, 0.00, 0.00, 0.00, 0.00
8193, 0, 308.885, 0.88, 1, 0.00, 0.00, 0.00, 0.00, 0.00, 0.00, 0.05, 0.42, 0.21, 1.03, 0.00, 0.01, 0.00, 0.00, 0.13, 0.24, 0.48, 0.00, 0.00, 0.00, 1.00, 0.00, 0.00, 0.00, 0.00, 0.00, 0.00, 0.00, 0.00, 0.00, 0.00, 0.00, 0.00, 0.00, 0.00
8194, 0, 308.922, 0.98, 1, 0.00, 0.00, 0.00, 0.00, 0.00, 0.00, 0.03, 0.33, 0.25, 0.89, 0.00, 0.12, 0.00, 0.00, 0.25, 0.39, 0.28, 0.00, 0.00, 0.00, 1.00, 0.00, 0.00, 0.00, 0.00, 0.00, 0.00, 0.00, 0.00, 0.00, 0.00, 0.00, 0.00, 0.00, 0.00
8195, 0, 308.960, 0.98, 1, 0.11, 0.00, 0.00, 0.00, 0.00, 0.00, 0.12, 0.43, 0.24, 0.71, 0.00, 0.12, 0.00, 0.00, 0.23, 0.46, 0.22, 0.00, 0.00, 0.00, 1.00, 0.00, 0.00, 0.00, 0.00, 0.00, 0.00, 0.00, 0.00, 0.00, 0.00, 0.00, 0.00, 0.00, 0.00
8196, 0, 308.998, 0.98, 1, 0.22, 0.00, 0.00, 0.00, 0.00, 0.00, 0.23, 0.74, 0.18, 0.54, 0.00, 0.11, 0.00, 0.00, 0.18, 0.35, 0.27, 0.00, 0.00, 0.00, 1.00, 0.00, 0.00, 0.00, 0.00, 0.00, 0.00, 0.00, 0.00, 0.00, 0.00, 0.00, 0.00, 0.00, 0.00
8197, 0, 309.035, 0.98, 1, 0.42, 0.01, 0.00, 0.00, 0.00, 0.00, 0.29, 1.05, 0.12, 0.32, 0.00, 0.00, 0.06, 0.00, 0.04, 0.44, 0.55, 0.00, 0.00, 0.00, 1.00, 0.00, 0.00, 0.00, 0.00, 0.00, 0.00, 0.00, 0.00, 0.00, 0.00, 0.00, 0.00, 0.00, 0.00
8198, 0, 309.073, 0.88, 1, 0.34, 0.01, 0.00, 0.00, 0.00, 0.00, 0.24, 1.24, 0.08, 0.08, 0.00, 0.00, 0.06, 0.00, 0.19, 0.67, 0.60, 0.00, 0.00, 0.00, 1.00, 0.00, 0.00, 0.00, 0.00, 0.00, 0.00, 0.00, 0.00, 0.00, 0.00, 0.00, 0.00, 0.00, 0.00
8199, 0, 309.111, 0.98, 1, 0.28, 0.01, 0.00, 0.00, 0.00, 0.00, 0.22, 1.36, 0.06, 0.00, 0.00, 0.00, 0.06, 0.00, 0.33, 0.89, 0.64, 0.00, 0.00, 0.00, 1.00, 0.00, 0.00, 0.00, 0.00, 0.00, 0.00, 1.00, 0.00, 0.00, 0.00, 0.00, 0.00, 0.00, 0.00
8200, 0, 309.148, 0.98, 1, 0.40, 0.23, 0.00, 0.00, 0.00, 0.00, 0.16, 1.26, 0.15, 0.18, 0.00, 0.18, 0.00, 0.00, 0.28, 0.86, 0.36, 0.00, 0.00, 0.00, 1.00, 0.00, 0.00, 0.00, 0.00, 0.00, 0.00, 1.00, 0.00, 0.00, 0.00, 0.00, 0.00, 0.00, 0.00
8201, 0, 309.186, 0.98, 1, 0.66, 0.33, 0.00, 0.00, 0.00, 0.00, 0.10, 0.84, 0.24, 0.36, 0.00, 0.28, 0.00, 0.00, 0.13, 0.74, 0.17, 0.00, 0.00, 0.00, 1.00, 0.00, 0.00, 0.00, 0.00, 1.00, 1.00, 1.00, 0.00, 0.00, 1.00, 0.00, 0.00, 0.00, 0.00
8202, 0, 309.224, 0.98, 1, 0.86, 0.41, 0.00, 0.00, 0.00, 0.00, 0.04, 0.42, 0.32, 0.50, 0.00, 0.40, 0.00, 0.00, 0.00, 0.61, 0.00, 0.00, 0.00, 0.00, 1.00, 0.00, 0.00, 0.00, 0.00, 1.00, 1.00, 1.00, 0.00, 0.00, 1.00, 0.00, 0.00, 0.00, 0.00
8203, 0, 309.262, 0.98, 1, 0.78, 0.44, 0.00, 0.00, 0.00, 0.00, 0.08, 0.23, 0.31, 0.71, 0.00, 0.32, 0.00, 0.00, 0.00, 0.62, 0.04, 0.00, 0.00, 0.00, 1.00, 0.00, 0.00, 0.00, 0.00, 1.00, 1.00, 1.00, 0.00, 0.00, 1.00, 0.00, 0.00, 0.00, 0.00
8204, 0, 309.299, 0.98, 1, 0.62, 0.34, 0.00, 0.00, 0.00, 0.00, 0.07, 0.17, 0.35, 0.95, 0.00, 0.42, 0.05, 0.12, 0.12, 0.70, 0.04, 0.00, 0.00, 0.00, 1.00, 0.00, 0.00, 0.00, 0.00, 1.00, 1.00, 1.00, 0.00, 0.00, 1.00, 0.00, 0.00, 0.00, 0.00
8205, 0, 309.337, 0.98, 1, 0.50, 0.26, 0.00, 0.09, 0.00, 0.00, 0.04, 0.44, 0.33, 0.80, 0.00, 0.42, 0.05, 0.12, 0.37, 0.74, 0.04, 0.00, 0.00, 0.00, 1.00, 0.00, 0.00, 0.00, 0.00, 1.00, 1.00, 1.00, 0.00, 0.00, 1.00, 0.00, 0.00, 0.00, 0.00
8206, 0, 309.375, 0.98, 1, 0.25, 0.00, 0.00, 0.23, 0.00, 0.00, 0.00, 0.72, 0.35, 0.41, 0.00, 0.52, 0.05, 0.12, 0.72, 0.67, 0.00, 0.00, 0.00, 0.00, 1.00, 0.00, 0.00, 0.00, 0.00, 0.00, 0.00, 1.00, 0.00, 0.00, 1.00, 0.00, 0.00, 0.00, 0.00
8207, 0, 309.412, 0.98, 1, 0.20, 0.00, 0.00, 0.34, 0.00, 0.00, 0.00, 1.13, 0.33, 0.00, 0.25, 0.43, 0.00, 0.00, 1.01, 0.47, 0.02, 0.00, 0.00, 0.00, 1.00, 0.00, 0.00, 0.00, 0.00, 0.00, 0.00, 1.00, 0.00, 0.00, 0.00, 0.00, 0.00, 0.00, 0.00
8208, 0, 309.450, 0.98, 1, 0.17, 0.00, 0.00, 0.33, 0.00, 0.09, 0.00, 1.28, 0.33, 0.00, 0.55, 0.39, 0.00, 0.00, 1.09, 0.37, 0.15, 0.00, 0.00, 0.00, 1.00, 0.00, 0.00, 0.00, 0.00, 0.00, 0.00, 1.00, 0.00, 0.00, 0.00, 0.00, 0.00, 0.00, 0.00
8209, 0, 309.488, 0.98, 1, 0.24, 0.00, 0.00, 0.19, 0.00, 0.09, 0.00, 1.46, 0.32, 0.00, 0.64, 0.29, 0.00, 0.00, 1.05, 0.39, 0.19, 0.00, 0.00, 0.00, 1.00, 0.00, 0.00, 0.00, 0.00, 0.00, 0.00, 1.00, 0.00, 0.00, 0.00, 0.00, 0.00, 0.00, 0.00
8210, 0, 309.526, 0.88, 1, 0.34, 0.04, 0.00, 0.08, 0.00, 0.09, 0.06, 1.33, 0.29, 0.10, 0.39, 0.18, 0.12, 0.00, 0.64, 0.49, 0.16, 0.00, 0.00, 0.00, 1.00, 0.00, 0.00, 0.00, 0.00, 0.00, 0.00, 1.00, 0.00, 0.00, 0.00, 0.00, 0.00, 0.00, 0.00
8211, 0, 309.563, 0.93, 1, 0.34, 0.28, 0.00, 0.00, 0.00, 0.00, 0.06, 1.14, 0.29, 0.21, 0.09, 0.10, 0.18, 0.00, 0.31, 0.49, 0.03, 0.00, 0.00, 0.00, 1.00, 0.00, 0.00, 0.00, 0.00, 0.00, 0.00, 1.00, 0.00, 0.00, 1.00, 0.00, 0.00, 0.00, 0.00
8212, 0, 309.601, 0.93, 1, 0.34, 0.28, 0.00, 0.00, 0.00, 0.00, 0.06, 0.85, 0.20, 0.24, 0.00, 0.00, 0.18, 0.00, 0.14, 0.63, 0.00, 0.00, 0.00, 0.00, 1.00, 0.00, 0.00, 0.00, 0.00, 0.00, 0.00, 0.00, 0.00, 0.00, 1.00, 0.00, 0.00, 0.00, 0.00
8213, 0, 309.639, 0.93, 1, 0.33, 0.24, 0.00, 0.00, 0.00, 0.00, 0.00, 0.82, 0.12, 0.42, 0.00, 0.00, 0.06, 0.00, 0.14, 0.78, 0.00, 0.00, 0.00, 0.00, 1.00, 0.00, 0.00, 0.00, 0.00, 0.00, 0.00, 0.00, 0.00, 0.00, 1.00, 0.00, 0.00, 0.00, 0.00
8214, 0, 309.676, 0.98, 1, 0.38, 0.12, 0.00, 0.00, 0.00, 0.00, 0.00, 0.81, 0.04, 0.60, 0.16, 0.00, 0.00, 0.00, 0.33, 0.88, 0.00, 0.00, 0.00, 0.00, 1.00, 0.00, 0.00, 0.00, 0.00, 0.00, 0.00, 0.00, 0.00, 0.00, 1.00, 1.00, 0.00, 0.00, 0.00
8215, 0, 309.714, 0.98, 1, 0.43, 0.12, 0.00, 0.00, 0.00, 0.00, 0.00, 0.77, 0.03, 0.60, 0.29, 0.00, 0.00, 0.00, 0.81, 0.63, 0.00, 0.00, 0.00, 0.00, 1.00, 0.00, 0.00, 0.00, 0.00, 0.00, 0.00, 0.00, 0.00, 0.00, 1.00, 1.00, 0.00, 0.00, 0.00
8216, 0, 309.752, 0.98, 1, 0.30, 0.12, 0.00, 0.00, 0.00, 0.00, 0.00, 0.62, 0.07, 0.32, 0.36, 0.00, 0.00, 0.00, 1.31, 0.48, 0.00, 0.00, 0.00, 0.00, 1.00, 0.00, 0.00, 0.00, 0.00, 0.00, 0.00, 0.00, 0.00, 0.00, 1.00, 1.00, 0.00, 0.00, 0.00
8217, 0, 309.789, 0.98, 1, 0.16, 0.01, 0.00, 0.00, 0.00, 0.00, 0.00, 0.42, 0.15, 0.07, 0.26, 0.01, 0.00, 0.05, 1.60, 0.61, 0.02, 0.00, 0.00, 0.00, 1.00, 0.00, 0.00, 0.00, 0.00, 0.00, 0.00, 0.00, 0.00, 0.00, 1.00, 1.00, 0.00, 0.00, 0.00
8218, 0, 309.827, 0.98, 1, 0.04, 0.01, 0.00, 0.00, 0.00, 0.00, 0.00, 0.39, 0.26, 0.12, 0.12, 0.05, 0.00, 0.12, 1.24, 0.92, 0.02, 0.00, 0.00, 0.00, 1.00, 0.00, 0.00, 0.00, 0.00, 0.00, 0.00, 0.00, 0.00, 0.00, 1.00, 1.00, 0.00, 0.00, 0.00
8219, 0, 309.865, 0.98, 1, 0.07, 0.04, 0.00, 0.00, 0.00, 0.00, 0.00, 0.52, 0.27, 0.22, 0.05, 0.05, 0.00, 0.21, 1.03, 1.03, 0.02, 0.00, 0.00, 0.00, 1.00, 0.00, 0.00, 0.00, 0.00, 0.00, 0.00, 0.00, 0.00, 0.00, 1.00, 0.00, 0.00, 0.00, 0.00
8220, 0, 309.903, 0.98, 1, 0.29, 0.03, 0.00, 0.00, 0.00, 0.00, 0.00, 0.62, 0.33, 0.28, 0.12, 0.25, 0.04, 0.25, 0.72, 0.88, 0.00, 0.00, 0.00, 0.00, 1.00, 0.00, 0.00, 0.00, 0.00, 0.00, 0.00, 0.00, 0.00, 0.00, 1.00, 0.00, 0.00, 0.00, 0.00
8221, 0, 309.940, 0.98, 1, 0.53, 0.14, 0.04, 0.00, 0.00, 0.00, 0.00, 0.54, 0.36, 0.44, 0.12, 0.42, 0.04, 0.23, 0.46, 0.95, 0.00, 0.00, 0.00, 0.00, 1.00, 0.00, 0.00, 0.00, 0.00, 0.00, 0.00, 0.00, 1.00, 0.00, 1.00, 0.00, 0.00, 0.00, 0.00
8222, 0, 309.978, 0.98, 1, 0.78, 0.22, 0.10, 0.00, 0.00, 0.00, 0.00, 0.44, 0.47, 0.56, 0.12, 0.60, 0.04, 0.21, 0.19, 1.05, 0.00, 0.00, 0.00, 0.00, 1.00, 0.00, 0.00, 0.00, 0.00, 0.00, 0.00, 0.00, 1.00, 0.00, 1.00, 0.00, 0.00, 0.00, 0.00
8223, 0, 310.016, 0.98, 1, 0.77, 0.25, 0.21, 0.00, 0.00, 0.00, 0.03, 0.43, 0.49, 0.64, 0.00, 0.45, 0.00, 0.16, 0.03, 1.19, 0.00, 0.00, 0.00, 0.00, 1.00, 0.00, 0.00, 0.00, 0.00, 0.00, 0.00, 0.00, 1.00, 0.00, 1.00, 0.00, 0.00, 0.00, 0.00
8224, 0, 310.053, 0.98, 1, 0.69, 0.15, 0.26, 0.05, 0.00, 0.00, 0.03, 0.40, 0.52, 0.52, 0.00, 0.47, 0.00, 0.14, 0.03, 1.11, 0.00, 0.00, 0.00, 0.00, 1.00, 0.00, 0.00, 0.00, 0.00, 0.00, 0.00, 1.00, 1.00, 0.00, 1.00, 0.00, 0.00, 0.00, 0.00
8225, 0, 310.091, 0.98, 1, 0.43, 0.03, 0.21, 0.05, 0.00, 0.00, 0.11, 0.69, 0.41, 0.49, 0.02, 0.29, 0.02, 0.08, 0.00, 0.79, 0.00, 0.00, 0.00, 0.00, 1.00, 0.00, 0.00, 0.00, 0.00, 0.00, 0.00, 1.00, 1.00, 0.00, 1.00, 0.00, 0.00, 0.00, 0.00
8226, 0, 310.129, 0.98, 1, 0.25, 0.00, 0.10, 0.05, 0.00, 0.00, 0.14, 0.95, 0.31, 0.55, 0.09, 0.23, 0.03, 0.04, 0.00, 0.50, 0.00, 0.00, 0.00, 0.00, 1.00, 0.00, 0.00, 0.00, 0.00, 0.00, 0.00, 1.00, 0.00, 0.00, 1.00, 0.00, 0.00, 0.00, 0.00
8227, 0, 310.167, 0.98, 1, 0.31, 0.00, 0.00, 0.01, 0.00, 0.00, 0.26, 1.30, 0.13, 0.58, 0.09, 0.00, 0.03, 0.00, 0.00, 0.22, 0.00, 0.00, 0.00, 0.00, 1.00, 0.00, 0.00, 0.00, 0.00, 0.00, 0.00, 1.00, 0.00, 0.00, 1.00, 0.00, 0.00, 0.00, 0.00
8228, 0, 310.204, 0.98, 1, 0.43, 0.07, 0.00, 0.07, 0.00, 0.00, 0.17, 1.07, 0.15, 0.40, 0.06, 0.00, 0.00, 0.00, 0.00, 0.25, 0.00, 0.00, 0.00, 0.00, 1.00, 0.00, 0.00, 0.00, 0.00, 0.00, 0.00, 0.00, 0.00, 0.00, 1.00, 0.00, 0.00, 0.00, 0.00
8229, 0, 310.242, 0.98, 1, 0.57, 0.07, 0.00, 0.24, 0.00, 0.00, 0.12, 0.93, 0.20, 0.17, 0.00, 0.00, 0.00, 0.00, 0.00, 0.20, 0.00, 0.00, 0.00, 0.00, 1.00, 0.00, 0.00, 0.00, 0.00, 0.00, 0.00, 0.00, 0.00, 0.00, 1.00, 0.00, 0.00, 0.00, 0.00
8230, 0, 310.280, 0.98, 1, 0.51, 0.10, 0.00, 0.45, 0.00, 0.00, 0.00, 0.56, 0.18, 0.02, 0.00, 0.29, 0.00, 0.14, 0.29, 0.52, 0.00, 0.00, 0.00, 0.00, 1.00, 0.00, 0.00, 0.00, 0.00, 0.00, 0.00, 0.00, 0.00, 0.00, 1.00, 0.00, 0.00, 0.00, 0.00
8231, 0, 310.317, 0.98, 1, 0.54, 0.04, 0.00, 0.44, 0.00, 0.00, 0.00, 0.40, 0.10, 0.34, 0.00, 0.42, 0.00, 0.22, 0.57, 0.97, 0.00, 0.00, 0.00, 0.00, 1.00, 0.00, 0.00, 0.00, 0.00, 0.00, 0.00, 0.00, 0.00, 0.00, 1.00, 0.00, 0.00, 0.00, 0.00
8232, 0, 310.355, 0.98, 1, 0.51, 0.04, 0.00, 0.31, 0.00, 0.00, 0.00, 0.10, 0.00, 0.65, 0.00, 0.49, 0.00, 0.32, 0.86, 1.45, 0.00, 0.00, 0.00, 0.00, 1.00, 0.00, 0.00, 0.00, 0.00, 0.00, 1.00, 0.00, 0.00, 0.00, 1.00, 0.00, 0.00, 0.00, 0.00
8233, 0, 310.393, 0.98, 1, 0.57, 0.01, 0.00, 0.16, 0.00, 0.00, 0.00, 0.03, 0.00, 1.07, 0.03, 0.33, 0.00, 0.30, 0.80, 1.47, 0.00, 0.00, 0.00, 0.00, 1.00, 0.00, 0.00, 0.00, 0.00, 0.00, 1.00, 0.00, 0.00, 0.00, 1.00, 0.00, 0.00, 0.00, 0.00
8234, 0, 310.430, 0.98, 1, 0.53, 0.00, 0.00, 0.23, 0.00, 0.00, 0.00, 0.00, 0.00, 0.99, 0.03, 0.23, 0.00, 0.33, 0.68, 1.19, 0.00, 0.00, 0.00, 0.00, 1.00, 0.00, 0.00, 0.00, 0.00, 0.00, 1.00, 0.00, 0.00, 0.00, 1.00, 0.00, 0.00, 0.00, 0.00
8235, 0, 310.468, 0.98, 1, 0.51, 0.05, 0.00, 0.20, 0.00, 0.00, 0.00, 0.46, 0.10, 0.68, 0.25, 0.26, 0.00, 0.23, 0.43, 0.98, 0.00, 0.00, 0.00, 0.00, 1.00, 0.00, 0.00, 0.00, 0.00, 0.00, 1.00, 1.00, 0.00, 0.00, 1.00, 0.00, 0.00, 0.00, 0.00
8236, 0, 310.506, 0.98, 1, 0.42, 0.09, 0.00, 0.15, 0.00, 0.00, 0.00, 0.70, 0.15, 0.28, 0.34, 0.29, 0.00, 0.11, 0.26, 1.01, 0.00, 0.00, 0.00, 0.00, 1.00, 0.00, 0.00, 0.00, 0.00, 0.00, 0.00, 1.00, 0.00, 0.00, 1.00, 0.00, 0.00, 0.00, 0.00
8237, 0, 310.544, 0.98, 1, 0.55, 0.16, 0.00, 0.04, 0.00, 0.00, 0.00, 1.12, 0.21, 0.05, 0.62, 0.44, 0.00, 0.00, 0.10, 1.12, 0.00, 0.00, 0.00, 0.00, 1.00, 0.00, 0.00, 0.00, 0.00, 0.00, 0.00, 1.00, 0.00, 0.00, 1.00, 0.00, 0.00, 0.00, 0.00
8238, 0, 310.581, 0.98, 1, 0.74, 0.24, 0.00, 0.20, 0.00, 0.00, 0.00, 0.91, 0.13, 0.05, 0.57, 0.46, 0.00, 0.00, 0.06, 0.95, 0.00, 0.00, 0.00, 0.00, 1.00, 0.00, 0.00, 0.00, 0.00, 0.00, 0.00, 1.00, 0.00, 0.00, 1.00, 0.00, 0.00, 0.00, 0.00
8239, 0, 310.619, 0.98, 1, 0.98, 0.57, 0.19, 0.17, 0.00, 0.00, 0.00, 1.04, 0.15, 0.00, 0.49, 0.33, 0.00, 0.00, 0.00, 0.68, 0.00, 0.00, 0.00, 0.00, 1.00, 0.00, 0.00, 0.00, 0.00, 0.00, 0.00, 1.00, 0.00, 0.00, 1.00, 0.00, 0.00, 0.00, 0.00
8240, 0, 310.657, 0.98, 1, 0.80, 0.50, 0.24, 0.31, 0.00, 0.00, 0.04, 0.68, 0.09, 0.10, 0.22, 0.52, 0.00, 0.00, 0.00, 0.44, 0.00, 0.00, 0.00, 0.00, 1.00, 0.00, 0.00, 0.00, 0.00, 0.00, 0.00, 1.00, 0.00, 0.00, 1.00, 0.00, 0.00, 0.00, 0.00
8241, 0, 310.694, 0.98, 1, 0.48, 0.37, 0.24, 0.14, 0.00, 0.00, 0.10, 0.71, 0.07, 0.12, 0.05, 0.76, 0.07, 0.01, 0.02, 0.53, 0.00, 0.00, 0.00, 0.00, 1.00, 0.00, 0.00, 0.00, 0.00, 0.00, 0.00, 1.00, 1.00, 0.00, 1.00, 0.00, 0.00, 0.00, 0.00
8242, 0, 310.732, 0.98, 1, 0.09, 0.00, 0.05, 0.14, 0.00, 0.00, 0.14, 0.77, 0.00, 0.12, 0.05, 1.17, 0.18, 0.01, 0.03, 0.53, 0.03, 0.00, 0.00, 0.00, 1.00, 0.00, 0.00, 0.00, 0.00, 0.00, 0.00, 1.00, 1.00, 1.00, 1.00, 0.00, 0.00, 0.00, 0.00
8243, 0, 310.770, 0.98, 1, 0.00, 0.00, 0.00, 0.08, 0.00, 0.00, 0.16, 1.07, 0.00, 0.02, 0.05, 1.18, 0.30, 0.01, 0.03, 0.64, 0.03, 0.00, 0.00, 0.00, 1.00, 0.00, 0.00, 0.00, 0.00, 0.00, 0.00, 1.00, 1.00, 1.00, 1.00, 0.00, 0.00, 0.00, 0.00
8244, 0, 310.808, 0.98, 1, 0.00, 0.00, 0.02, 0.19, 0.00, 0.00, 0.17, 0.96, 0.00, 0.19, 0.05, 1.15, 0.38, 0.06, 0.07, 0.68, 0.03, 0.00, 0.00, 0.00, 1.00, 0.00, 0.00, 0.00, 0.00, 0.00, 0.00, 1.00, 1.00, 1.00, 1.00, 0.00, 0.00, 0.00, 0.00
8245, 0, 310.845, 0.98, 1, 0.00, 0.00, 0.02, 0.19, 0.00, 0.00, 0.12, 1.11, 0.00, 0.24, 0.00, 0.74, 0.33, 0.16, 0.12, 0.82, 0.00, 0.00, 0.00, 0.00, 1.00, 0.00, 0.00, 0.00, 0.00, 0.00, 0.00, 1.00, 1.00, 1.00, 1.00, 0.00, 0.00, 0.00, 0.00
8246, 0, 310.883, 0.98, 1, 0.00, 0.00, 0.02, 0.11, 0.00, 0.00, 0.06, 1.30, 0.00, 0.24, 0.02, 0.42, 0.29, 0.25, 0.14, 0.85, 0.00, 0.00, 0.00, 0.00, 1.00, 0.00, 0.00, 0.00, 0.00, 0.00, 0.00, 1.00, 0.00, 1.00, 1.00, 0.00, 0.00, 0.00, 0.00
8247, 0, 310.921, 0.98, 1, 0.00, 0.00, 0.00, 0.00, 0.00, 0.00, 0.01, 1.56, 0.00, 0.11, 0.09, 0.11, 0.32, 0.27, 0.09, 0.82, 0.00, 0.00, 0.00, 0.00, 1.00, 0.00, 0.00, 0.00, 0.00, 0.00, 0.00, 1.00, 0.00, 0.00, 1.00, 0.00, 0.00, 0.00, 0.00
8248, 0, 310.958, 0.98, 1, 0.08, 0.00, 0.00, 0.00, 0.00, 0.00, 0.18, 1.30, 0.00, 0.06, 0.09, 0.11, 0.37, 0.16, 0.02, 0.90, 0.04, 0.00, 0.00, 0.00, 1.00, 0.00, 0.00, 0.00, 0.00, 0.00, 0.00, 1.00, 0.00, 0.00, 1.00, 0.00, 0.00, 0.00, 0.00
8249, 0, 310.996, 0.93, 1, 0.15, 0.00, 0.00, 0.00, 0.00, 0.00, 0.35, 1.11, 0.00, 0.07, 0.13, 0.08, 0.36, 0.08, 0.00, 1.03, 0.14, 0.00, 0.00, 0.00, 1.00, 0.00, 0.00, 0.00, 0.00, 0.00, 0.00, 1.00, 0.00, 0.00, 1.00, 0.00, 0.00, 0.00, 0.00
8250, 0, 311.034, 0.98, 1, 0.42, 0.08, 0.00, 0.00, 0.00, 0.00, 0.33, 1.01, 0.00, 0.01, 0.29, 0.11, 0.29, 0.00, 0.14, 0.96, 0.19, 0.00, 0.00, 0.00, 1.00, 0.00, 0.00, 0.00, 0.00, 0.00, 0.00, 1.00, 0.00, 0.00, 0.00, 0.00, 0.00, 0.00, 0.00
8251, 0, 311.071, 0.88, 1, 0.58, 0.08, 0.00, 0.00, 0.00, 0.00, 0.17, 0.96, 0.00, 0.02, 0.31, 0.21, 0.39, 0.04, 0.14, 0.93, 0.26, 0.00, 0.00, 0.00, 1.00, 0.00, 0.00, 0.00, 0.00, 0.00, 0.00, 1.00, 0.00, 0.00, 0.00, 0.00, 0.00, 0.00, 0.00
8252, 0, 311.109, 0.98, 1, 0.73, 0.08, 0.00, 0.00, 0.00, 0.00, 0.00, 0.98, 0.00, 0.03, 0.25, 0.35, 0.48, 0.10, 0.14, 0.92, 0.19, 0.00, 0.00, 0.00, 1.00, 0.00, 0.00, 0.00, 0.00, 0.00, 0.00, 1.00, 0.00, 0.00, 0.00, 0.00, 0.00, 0.00, 0.00
8253, 0, 311.147, 0.98, 1, 0.56, 0.00, 0.00, 0.00, 0.00, 0.00, 0.00, 0.77, 0.00, 0.10, 0.02, 0.35, 0.61, 0.18, 0.00, 1.12, 0.15, 0.00, 0.00, 0.00, 1.00, 0.00, 0.00, 0.00, 0.00, 0.00, 0.00, 1.00, 0.00, 0.00, 0.00, 0.00, 0.00, 0.00, 0.00
8254, 0, 311.185, 0.98, 1, 0.36, 0.00, 0.00, 0.00, 0.00, 0.00, 0.00, 0.49, 0.00, 0.13, 0.00, 0.24, 0.42, 0.22, 0.07, 1.22, 0.03, 0.00, 0.00, 0.00, 1.00, 0.00, 0.00, 0.00, 0.00, 0.00, 0.00, 1.00, 0.00, 0.00, 0.00, 0.00, 0.00, 0.00, 0.00
8255, 0, 311.222, 0.98, 1, 0.27, 0.00, 0.00, 0.00, 0.00, 0.00, 0.00, 0.38, 0.00, 0.11, 0.00, 0.06, 0.28, 0.15, 0.22, 1.14, 0.01, 0.00, 0.00, 0.00, 1.00, 0.00, 0.00, 0.00, 0.00, 0.00, 0.00, 1.00, 0.00, 0.00, 0.00, 0.00, 0.00, 0.00, 0.00
8256, 0, 311.260, 0.98, 1, 0.27, 0.09, 0.00, 0.01, 0.00, 0.00, 0.00, 0.54, 0.03, 0.18, 0.00, 0.06, 0.05, 0.07, 0.26, 1.13, 0.00, 0.00, 0.00, 0.00, 1.00, 0.00, 0.00, 0.00, 0.00, 0.00, 0.00, 0.00, 0.00, 0.00, 0.00, 1.00, 0.00, 0.00, 0.00
8257, 0, 311.298, 0.98, 1, 0.39, 0.15, 0.00, 0.22, 0.00, 0.00, 0.00, 0.95, 0.09, 0.21, 0.00, 0.18, 0.02, 0.00, 0.30, 0.98, 0.00, 0.00, 0.00, 0.00, 1.00, 0.00, 0.00, 0.00, 0.00, 0.00, 0.00, 0.00, 0.00, 0.00, 0.00, 1.00, 0.00, 0.00, 0.00
8258, 0, 311.335, 0.98, 1, 0.40, 0.26, 0.00, 0.30, 0.00, 0.00, 0.00, 0.82, 0.15, 0.25, 0.00, 0.33, 0.00, 0.00, 0.32, 0.99, 0.00, 0.00, 0.00, 0.00, 1.00, 0.00, 0.00, 0.00, 0.00, 0.00, 0.00, 0.00, 0.00, 0.00, 0.00, 1.00, 1.00, 0.00, 0.00
8259, 0, 311.373, 0.93, 1, 0.39, 0.23, 0.00, 0.45, 0.00, 0.19, 0.04, 0.60, 0.15, 0.27, 0.00, 0.53, 0.00, 0.02, 0.46, 0.90, 0.00, 0.00, 0.00, 0.00, 1.00, 0.00, 0.00, 0.00, 0.00, 0.00, 0.00, 0.00, 0.00, 0.00, 0.00, 1.00, 1.00, 0.00, 0.00
8260, 0, 311.411, 0.93, 1, 0.47, 0.18, 0.00, 0.24, 0.00, 0.19, 0.04, 0.32, 0.30, 0.21, 0.00, 0.46, 0.30, 0.02, 0.65, 0.76, 0.00, 0.00, 0.00, 0.00, 1.00, 0.00, 0.00, 0.00, 0.00, 0.00, 0.00, 0.00, 0.00, 0.00, 0.00, 1.00, 1.00, 0.00, 0.00
8261, 0, 311.449, 0.98, 1, 0.57, 0.06, 0.00, 0.16, 0.00, 0.19, 0.04, 0.31, 0.45, 0.16, 0.00, 0.42, 0.62, 0.02, 0.78, 0.62, 0.02, 0.00, 0.00, 0.00, 1.00, 0.00, 0.00, 0.00, 0.00, 1.00, 0.00, 0.00, 0.00, 0.00, 1.00, 1.00, 1.00, 0.00, 0.00
8262, 0, 311.486, 0.98, 1, 0.60, 0.00, 0.00, 0.00, 0.00, 0.00, 0.00, 0.45, 0.67, 0.13, 0.07, 0.30, 0.87, 0.00, 0.77, 0.59, 0.02, 0.00, 0.00, 0.00, 1.00, 0.00, 0.00, 0.00, 0.00, 1.00, 0.00, 0.00, 0.00, 0.00, 0.00, 1.00, 1.00, 0.00, 0.00
8263, 0, 311.524, 0.98, 1, 0.46, 0.03, 0.00, 0.00, 0.00, 0.00, 0.00, 0.32, 0.73, 0.21, 0.07, 0.47, 0.57, 0.00, 0.70, 0.66, 0.05, 0.00, 0.00, 0.00, 1.00, 0.00, 0.00, 0.00, 0.00, 1.00, 0.00, 0.00, 0.00, 0.00, 0.00, 1.00, 1.00, 0.00, 0.00
8264, 0, 311.562, 0.98, 1, 0.51, 0.29, 0.00, 0.00, 0.00, 0.00, 0.00, 0.28, 0.66, 0.21, 0.07, 0.59, 0.25, 0.00, 0.61, 0.54, 0.25, 0.00, 0.00, 0.00, 1.00, 0.00, 0.00, 0.00, 0.00, 1.00, 0.00, 0.00, 0.00, 0.00, 0.00, 1.00, 1.00, 0.00, 0.00
8265, 0, 311.599, 0.93, 1, 0.65, 0.32, 0.00, 0.00, 0.00, 0.00, 0.00, 0.09, 0.70, 0.09, 0.08, 0.78, 0.00, 0.00, 0.47, 0.31, 0.49, 0.00, 0.00, 0.00, 1.00, 0.00, 0.00, 0.00, 0.00, 1.00, 0.00, 1.00, 1.00, 0.00, 0.00, 1.00, 1.00, 0.00, 0.00
8266, 0, 311.637, 0.93, 1, 0.65, 0.36, 0.00, 0.00, 0.00, 0.00, 0.00, 0.26, 0.75, 0.01, 0.25, 0.78, 0.24, 0.00, 0.48, 0.05, 0.47, 0.00, 0.00, 0.00, 1.00, 0.00, 0.00, 0.00, 0.00, 1.00, 0.00, 1.00, 1.00, 0.00, 1.00, 1.00, 0.00, 0.00, 0.00
8267, 0, 311.675, 0.93, 1, 0.43, 0.13, 0.00, 0.00, 0.00, 0.00, 0.00, 0.30, 0.94, 0.01, 0.43, 0.84, 0.39, 0.00, 0.47, 0.00, 0.28, 0.00, 0.00, 0.00, 1.00, 0.00, 0.00, 0.00, 1.00, 1.00, 0.00, 1.00, 1.00, 0.00, 1.00, 1.00, 0.00, 0.00, 0.00
8268, 0, 311.712, 0.93, 1, 0.24, 0.13, 0.00, 0.00, 0.00, 0.00, 0.00, 0.49, 1.01, 0.11, 0.35, 0.92, 0.44, 0.00, 0.73, 0.00, 0.06, 0.00, 0.00, 0.00, 1.00, 0.00, 0.00, 0.00, 1.00, 1.00, 0.00, 1.00, 1.00, 0.00, 1.00, 1.00, 0.00, 0.00, 0.00
8269, 0, 311.750, 0.93, 1, 0.25, 0.07, 0.00, 0.00, 0.00, 0.00, 0.00, 0.53, 1.14, 0.20, 0.34, 1.03, 0.35, 0.00, 0.87, 0.00, 0.05, 0.00, 0.00, 0.00, 1.00, 0.00, 0.00, 0.00, 1.00, 1.00, 0.00, 1.00, 1.00, 0.00, 1.00, 1.00, 0.00, 0.00, 0.00
8270, 0, 311.788, 0.93, 1, 0.34, 0.15, 0.00, 0.00, 0.06, 0.00, 0.00, 0.61, 1.17, 0.36, 0.15, 0.74, 0.31, 0.00, 1.13, 0.00, 0.02, 0.00, 0.00, 0.00, 1.00, 0.00, 0.00, 0.00, 1.00, 1.00, 0.00, 0.00, 1.00, 0.00, 1.00, 1.00, 0.00, 0.00, 0.00
8271, 0, 311.826, 0.98, 1, 0.36, 0.12, 0.00, 0.00, 0.14, 0.00, 0.00, 0.69, 1.25, 0.53, 0.15, 0.38, 0.36, 0.00, 1.12, 0.03, 0.00, 0.00, 0.00, 0.00, 1.00, 0.00, 0.00, 0.00, 1.00, 1.00, 0.00, 0.00, 0.00, 0.00, 1.00, 1.00, 0.00, 0.00, 0.00
8272, 0, 311.863, 0.98, 1, 0.24, 0.11, 0.00, 0.00, 0.31, 0.00, 0.00, 0.79, 1.33, 0.60, 0.00, 0.06, 0.35, 0.00, 1.13, 0.03, 0.00, 0.00, 0.00, 0.00, 1.00, 0.00, 0.00, 0.00, 1.00, 1.00, 0.00, 0.00, 0.00, 0.00, 1.00, 1.00, 0.00, 0.00, 0.00
8273, 0, 311.901, 0.98, 1, 0.09, 0.00, 0.00, 0.00, 0.35, 0.00, 0.00, 0.83, 1.46, 0.62, 0.00, 0.12, 0.45, 0.00, 1.10, 0.03, 0.04, 0.00, 0.00, 0.00, 1.00, 0.00, 0.00, 0.00, 1.00, 1.00, 0.00, 0.00, 0.00, 0.00, 1.00, 1.00, 0.00, 0.00, 0.00
8274, 0, 311.939, 0.98, 1, 0.00, 0.00, 0.00, 0.00, 0.38, 0.00, 0.01, 0.83, 1.58, 0.60, 0.00, 0.18, 0.36, 0.00, 1.33, 0.23, 0.26, 0.00, 0.00, 0.00, 1.00, 0.00, 0.00, 0.00, 1.00, 1.00, 0.00, 0.00, 0.00, 0.00, 1.00, 1.00, 0.00, 0.00, 0.00
8275, 0, 311.976, 0.98, 1, 0.07, 0.00, 0.00, 0.00, 0.23, 0.00, 0.01, 0.84, 1.50, 0.59, 0.00, 0.15, 0.22, 0.00, 1.38, 0.31, 0.37, 0.00, 0.00, 0.00, 1.00, 0.00, 0.00, 0.00, 1.00, 1.00, 0.00, 0.00, 0.00, 0.00, 0.00, 1.00, 1.00, 0.00, 0.00
8276, 0, 312.014, 0.98, 1, 0.15, 0.07, 0.00, 0.00, 0.13, 0.00, 0.01, 0.83, 1.47, 0.60, 0.00, 0.09, 0.02, 0.00, 1.49, 0.47, 0.53, 0.00, 0.00, 0.00, 1.00, 0.00, 0.00, 0.00, 1.00, 1.00, 0.00, 0.00, 0.00, 0.00, 0.00, 1.00, 1.00, 0.00, 0.00
8277, 0, 312.052, 0.88, 1, 0.25, 0.09, 0.00, 0.00, 0.08, 0.00, 0.00, 0.83, 1.36, 0.45, 0.00, 0.00, 0.00, 0.00, 1.55, 0.28, 0.54, 0.00, 0.00, 0.00, 1.00, 0.00, 0.00, 0.00, 1.00, 1.00, 0.00, 0.00, 0.00, 0.00, 0.00, 1.00, 1.00, 0.00, 1.00
8278, 0, 312.090, 0.88, 1, 0.31, 0.09, 0.00, 0.00, 0.05, 0.00, 0.00, 0.61, 1.40, 0.39, 0.00, 0.07, 0.00, 0.00, 1.71, 0.25, 0.70, 0.00, 0.00, 0.00, 1.00, 0.00, 0.00, 0.00, 1.00, 1.00, 0.00, 0.00, 0.00, 0.00, 0.00, 1.00, 1.00, 0.00, 1.00
8279, 0, 312.127, 0.93, 1, 0.42, 0.02, 0.00, 0.00, 0.05, 0.00, 0.00, 0.53, 1.41, 0.34, 0.00, 0.07, 0.00, 0.00, 1.69, 0.15, 0.82, 0.00, 0.00, 0.00, 1.00, 0.00, 0.00, 0.00, 1.00, 1.00, 0.00, 0.00, 0.00, 0.00, 0.00, 1.00, 1.00, 0.00, 1.00
8280, 0, 312.165, 0.88, 1, 0.35, 0.07, 0.00, 0.00, 0.10, 0.00, 0.00, 0.53, 1.51, 0.43, 0.00, 0.34, 0.05, 0.00, 1.26, 0.11, 0.77, 0.00, 0.00, 0.00, 1.00, 0.00, 0.00, 0.00, 1.00, 1.00, 0.00, 0.00, 0.00, 0.00, 0.00, 1.00, 1.00, 0.00, 1.00
8281, 0, 312.203, 0.98, 1, 0.31, 0.35, 0.00, 0.00, 0.12, 0.00, 0.00, 0.60, 1.59, 0.67, 0.00, 0.54, 0.06, 0.00, 0.68, 0.14, 0.69, 0.00, 0.00, 0.00, 1.00, 0.00, 0.00, 0.00, 1.00, 1.00, 0.00, 0.00, 0.00, 0.00, 1.00, 1.00, 0.00, 0.00, 1.00
8282, 0, 312.240, 0.98, 1, 0.12, 0.58, 0.00, 0.00, 0.18, 0.00, 0.00, 0.67, 1.64, 0.60, 0.13, 0.88, 0.06, 0.02, 0.39, 0.08, 0.40, 0.00, 0.00, 0.00, 1.00, 0.00, 0.00, 0.00, 1.00, 1.00, 0.00, 0.00, 1.00, 0.00, 1.00, 0.00, 0.00, 0.00, 1.00
8283, 0, 312.278, 0.98, 1, 0.24, 0.65, 0.00, 0.00, 0.07, 0.00, 0.00, 0.64, 1.49, 0.49, 0.20, 0.97, 0.01, 0.02, 0.39, 0.16, 0.22, 0.00, 0.00, 0.00, 1.00, 0.00, 0.00, 0.00, 0.00, 1.00, 0.00, 1.00, 1.00, 0.00, 1.00, 0.00, 0.00, 0.00, 0.00
8284, 0, 312.316, 0.98, 1, 0.26, 0.38, 0.00, 0.00, 0.06, 0.00, 0.00, 0.97, 1.28, 0.16, 0.33, 1.15, 0.14, 0.09, 0.47, 0.08, 0.04, 0.00, 0.00, 0.00, 1.00, 0.00, 0.00, 0.00, 0.00, 1.00, 0.00, 1.00, 1.00, 0.00, 1.00, 0.00, 0.00, 0.00, 0.00
8285, 0, 312.353, 0.98, 1, 0.26, 0.15, 0.00, 0.00, 0.00, 0.00, 0.00, 1.04, 1.04, 0.11, 0.39, 1.26, 0.14, 0.16, 0.25, 0.08, 0.01, 0.00, 0.00, 0.00, 1.00, 0.00, 0.00, 0.00, 0.00, 1.00, 0.00, 1.00, 1.00, 0.00, 1.00, 0.00, 0.00, 0.00, 0.00
8286, 0, 312.391, 0.98, 1, 0.22, 0.07, 0.00, 0.00, 0.00, 0.00, 0.00, 1.03, 0.92, 0.24, 0.34, 1.39, 0.14, 0.21, 0.17, 0.07, 0.01, 0.00, 0.00, 0.00, 1.00, 0.00, 0.00, 0.00, 0.00, 1.00, 0.00, 1.00, 1.00, 0.00, 1.00, 0.00, 0.00, 0.00, 0.00
8287, 0, 312.429, 0.98, 1, 0.21, 0.07, 0.00, 0.00, 0.00, 0.00, 0.00, 0.81, 0.88, 0.31, 0.39, 1.29, 0.00, 0.18, 0.24, 0.07, 0.00, 0.00, 0.00, 0.00, 1.00, 0.00, 0.00, 0.00, 0.00, 1.00, 0.00, 1.00, 1.00, 0.00, 1.00, 0.00, 0.00, 0.00, 0.00
8288, 0, 312.467, 0.93, 1, 0.38, 0.29, 0.00, 0.00, 0.00, 0.00, 0.00, 0.69, 1.01, 0.64, 0.21, 1.09, 0.00, 0.14, 0.63, 0.26, 0.00, 0.00, 1.00, 0.00, 1.00, 0.00, 0.00, 0.00, 0.00, 1.00, 0.00, 1.00, 1.00, 0.00, 1.00, 0.00, 0.00, 0.00, 0.00
8289, 0, 312.504, 0.93, 1, 0.34, 0.34, 0.00, 0.00, 0.00, 0.00, 0.00, 0.62, 1.10, 0.48, 0.28, 0.82, 0.00, 0.14, 1.05, 0.38, 0.00, 0.00, 1.00, 0.00, 1.00, 0.00, 0.00, 0.00, 0.00, 1.00, 0.00, 1.00, 1.00, 0.00, 1.00, 1.00, 1.00, 0.00, 0.00
8290, 0, 312.542, 0.93, 1, 0.45, 0.48, 0.00, 0.00, 0.00, 0.00, 0.00, 0.76, 1.13, 0.61, 0.11, 0.46, 0.02, 0.10, 1.43, 0.86, 0.26, 0.00, 1.00, 0.00, 1.00, 0.00, 0.00, 0.00, 0.00, 1.00, 0.00, 1.00, 0.00, 0.00, 1.00, 1.00, 1.00, 0.00, 0.00
8291, 0, 312.580, 0.88, 1, 0.48, 0.36, 0.00, 0.00, 0.00, 0.00, 0.00, 0.92, 1.03, 0.43, 0.10, 0.22, 0.02, 0.05, 1.61, 1.15, 0.55, 0.00, 1.00, 0.00, 1.00, 0.00, 0.00, 0.00, 0.00, 1.00, 0.00, 1.00, 0.00, 0.00, 0.00, 1.00, 1.00, 0.00, 0.00
8292, 0, 312.617, 0.88, 1, 0.45, 0.41, 0.00, 0.00, 0.00, 0.00, 0.00, 1.08, 1.01, 0.57, 0.00, 0.00, 0.02, 0.00, 1.63, 1.25, 0.84, 0.00, 1.00, 0.00, 1.00, 0.00, 0.00, 0.00, 1.00, 1.00, 0.00, 1.00, 0.00, 0.00, 0.00, 1.00, 1.00, 0.00, 0.00
8293, 0, 312.655, 0.88, 1, 0.24, 0.52, 0.00, 0.00, 0.01, 0.00, 0.00, 0.73, 1.10, 0.72, 0.00, 0.01, 0.01, 0.00, 1.55, 1.05, 0.64, 0.00, 1.00, 0.00, 1.00, 0.00, 0.00, 0.00, 1.00, 1.00, 0.00, 1.00, 0.00, 0.00, 0.00, 1.00, 1.00, 0.00, 0.00
8294, 0, 312.693, 0.88, 1, 0.04, 0.63, 0.00, 0.00, 0.02, 0.00, 0.00, 0.63, 1.17, 1.03, 0.00, 0.13, 0.00, 0.00, 1.46, 0.89, 0.42, 0.00, 1.00, 0.00, 1.00, 0.00, 0.00, 0.00, 1.00, 1.00, 0.00, 1.00, 0.00, 0.00, 0.00, 1.00, 1.00, 0.00, 0.00
8295, 0, 312.731, 0.93, 1, 0.09, 0.83, 0.00, 0.00, 0.02, 0.00, 0.00, 0.49, 1.09, 1.25, 0.28, 0.42, 0.12, 0.00, 1.34, 0.76, 0.14, 0.00, 0.00, 0.00, 1.00, 0.00, 0.00, 0.00, 0.00, 1.00, 0.00, 1.00, 0.00, 0.00, 0.00, 1.00, 1.00, 0.00, 0.00
8296, 0, 312.768, 0.98, 1, 0.26, 0.61, 0.00, 0.00, 0.01, 0.00, 0.00, 0.84, 0.75, 0.89, 0.61, 0.58, 0.37, 0.02, 1.01, 0.51, 0.08, 0.00, 1.00, 0.00, 1.00, 0.00, 0.00, 0.00, 0.00, 1.00, 0.00, 1.00, 0.00, 0.00, 1.00, 1.00, 0.00, 0.00, 0.00
8297, 0, 312.806, 0.98, 1, 0.43, 0.40, 0.00, 0.00, 0.00, 0.00, 0.00, 0.97, 0.43, 0.41, 0.99, 0.73, 0.55, 0.05, 0.69, 0.27, 0.03, 0.00, 1.00, 0.00, 1.00, 0.00, 0.00, 0.00, 0.00, 1.00, 0.00, 1.00, 1.00, 0.00, 1.00, 0.00, 0.00, 0.00, 0.00
8298, 0, 312.844, 0.98, 1, 0.39, 0.11, 0.00, 0.00, 0.00, 0.00, 0.00, 0.92, 0.52, 0.21, 0.71, 0.68, 0.43, 0.05, 0.43, 0.11, 0.16, 0.00, 1.00, 0.00, 1.00, 0.00, 0.00, 0.00, 0.00, 1.00, 0.00, 1.00, 1.00, 0.00, 1.00, 0.00, 0.00, 0.00, 0.00
8299, 0, 312.881, 0.98, 1, 0.23, 0.08, 0.00, 0.00, 0.00, 0.00, 0.00, 0.73, 0.83, 0.46, 0.70, 0.78, 0.18, 0.12, 0.51, 0.09, 0.33, 0.00, 0.00, 0.00, 1.00, 0.00, 0.00, 0.00, 0.00, 1.00, 0.00, 1.00, 0.00, 0.00, 1.00, 0.00, 0.00, 0.00, 0.00
8300, 0, 312.919, 0.98, 1, 0.06, 0.17, 0.04, 0.00, 0.11, 0.00, 0.00, 0.44, 1.26, 0.61, 0.42, 0.70, 0.00, 0.09, 0.66, 0.03, 0.31, 0.00, 0.00, 0.00, 1.00, 0.00, 0.00, 0.00, 0.00, 1.00, 0.00, 1.00, 0.00, 0.00, 1.00, 0.00, 0.00, 0.00, 0.00
8301, 0, 312.957, 0.98, 1, 0.04, 0.18, 0.09, 0.00, 0.22, 0.00, 0.00, 0.44, 1.43, 0.50, 0.45, 0.64, 0.01, 0.10, 0.82, 0.03, 0.17, 0.00, 0.00, 0.00, 1.00, 0.00, 0.00, 0.00, 0.00, 1.00, 0.00, 0.00, 0.00, 0.00, 1.00, 0.00, 0.00, 0.00, 0.00
8302, 0, 312.994, 0.98, 1, 0.04, 0.31, 0.09, 0.00, 0.25, 0.00, 0.00, 0.28, 1.49, 0.48, 0.13, 0.57, 0.01, 0.04, 1.01, 0.03, 0.07, 0.00, 0.00, 0.00, 1.00, 0.00, 0.00, 0.00, 0.00, 1.00, 0.00, 0.00, 0.00, 0.00, 0.00, 0.00, 0.00, 0.00, 0.00
8303, 0, 313.032, 0.98, 1, 0.07, 0.39, 0.10, 0.00, 0.14, 0.00, 0.00, 0.17, 1.32, 0.57, 0.03, 0.53, 0.01, 0.14, 0.70, 0.00, 0.07, 0.00, 0.00, 0.00, 1.00, 0.00, 0.00, 0.00, 0.00, 1.00, 0.00, 0.00, 1.00, 0.00, 0.00, 0.00, 0.00, 0.00, 0.00
8304, 0, 313.070, 0.93, 1, 0.17, 0.58, 0.18, 0.00, 0.03, 0.00, 0.00, 0.05, 1.17, 0.54, 0.00, 0.55, 0.00, 0.17, 0.42, 0.00, 0.07, 0.00, 0.00, 0.00, 1.00, 0.00, 0.00, 0.00, 0.00, 1.00, 0.00, 0.00, 1.00, 0.00, 0.00, 1.00, 0.00, 0.00, 0.00
8305, 0, 313.108, 0.93, 1, 0.34, 0.46, 0.27, 0.00, 0.00, 0.00, 0.00, 0.35, 1.16, 0.34, 0.00, 0.57, 0.00, 0.14, 0.19, 0.03, 0.00, 0.00, 0.00, 0.00, 1.00, 0.00, 0.00, 0.00, 0.00, 1.00, 0.00, 0.00, 1.00, 0.00, 1.00, 1.00, 0.00, 0.00, 0.00
8306, 0, 313.145, 0.93, 1, 0.46, 0.38, 0.34, 0.00, 0.00, 0.00, 0.00, 0.85, 1.22, 0.34, 0.00, 0.67, 0.00, 0.03, 0.43, 0.28, 0.00, 0.00, 0.00, 0.00, 1.00, 0.00, 0.00, 0.00, 0.00, 1.00, 0.00, 0.00, 1.00, 0.00, 1.00, 1.00, 0.00, 0.00, 0.00
8307, 0, 313.183, 0.98, 1, 0.49, 0.23, 0.33, 0.00, 0.00, 0.00, 0.00, 1.35, 1.28, 0.47, 0.00, 0.60, 0.00, 0.00, 0.73, 0.51, 0.00, 0.00, 1.00, 0.00, 1.00, 0.00, 0.00, 0.00, 0.00, 1.00, 1.00, 1.00, 1.00, 0.00, 1.00, 1.00, 0.00, 0.00, 0.00
8308, 0, 313.221, 0.98, 1, 0.39, 0.32, 0.33, 0.00, 0.00, 0.00, 0.00, 1.17, 1.22, 0.62, 0.00, 0.46, 0.00, 0.00, 0.74, 0.84, 0.03, 0.00, 1.00, 0.00, 1.00, 0.00, 0.00, 0.00, 0.00, 1.00, 0.00, 1.00, 1.00, 0.00, 1.00, 1.00, 0.00, 0.00, 0.00
8309, 0, 313.258, 0.98, 1, 0.41, 0.46, 0.31, 0.00, 0.00, 0.00, 0.00, 0.88, 1.12, 0.53, 0.00, 0.30, 0.00, 0.00, 0.80, 0.74, 0.03, 0.00, 1.00, 0.00, 1.00, 0.00, 0.00, 0.00, 0.00, 1.00, 0.00, 1.00, 1.00, 0.00, 1.00, 1.00, 0.00, 0.00, 0.00
8310, 0, 313.296, 0.98, 1, 0.56, 0.42, 0.19, 0.00, 0.00, 0.00, 0.00, 0.69, 1.02, 0.32, 0.25, 0.46, 0.14, 0.00, 0.89, 0.51, 0.18, 0.00, 1.00, 0.00, 1.00, 0.00, 0.00, 0.00, 0.00, 1.00, 0.00, 1.00, 1.00, 0.00, 1.00, 1.00, 0.00, 0.00, 0.00
8311, 0, 313.334, 0.98, 1, 0.66, 0.56, 0.10, 0.00, 0.00, 0.00, 0.00, 0.62, 0.95, 0.16, 0.26, 0.50, 0.19, 0.00, 1.05, 0.32, 0.48, 0.00, 0.00, 0.00, 1.00, 0.00, 0.00, 0.00, 0.00, 1.00, 0.00, 1.00, 0.00, 0.00, 1.00, 1.00, 0.00, 0.00, 0.00
8312, 0, 313.372, 0.98, 1, 0.77, 0.66, 0.00, 0.00, 0.00, 0.00, 0.08, 0.47, 0.93, 0.00, 0.26, 0.43, 0.19, 0.00, 1.22, 0.19, 0.85, 0.00, 0.00, 0.00, 1.00, 0.00, 0.00, 0.00, 0.00, 1.00, 0.00, 1.00, 0.00, 0.00, 1.00, 1.00, 0.00, 0.00, 0.00
8313, 0, 313.409, 0.93, 1, 0.75, 0.75, 0.00, 0.00, 0.00, 0.00, 0.16, 0.24, 0.97, 0.00, 0.01, 0.16, 0.05, 0.00, 1.16, 0.18, 1.23, 0.00, 0.00, 0.00, 1.00, 0.00, 0.00, 0.00, 0.00, 1.00, 0.00, 1.00, 0.00, 0.00, 1.00, 1.00, 0.00, 0.00, 0.00
8314, 0, 313.447, 0.88, 1, 0.97, 0.77, 0.00, 0.00, 0.00, 0.00, 0.18, 0.25, 1.04, 0.00, 0.00, 0.19, 0.08, 0.00, 1.07, 0.02, 1.42, 0.00, 0.00, 0.00, 1.00, 0.00, 0.00, 0.00, 0.00, 1.00, 0.00, 1.00, 0.00, 0.00, 0.00, 1.00, 0.00, 0.00, 0.00
8315, 0, 313.485, 0.88, 1, 0.86, 0.48, 0.00, 0.00, 0.00, 0.00, 0.10, 0.19, 1.19, 0.00, 0.06, 0.44, 0.28, 0.00, 0.74, 0.00, 1.17, 0.00, 0.00, 0.00, 1.00, 0.00, 0.00, 0.00, 0.00, 1.00, 0.00, 1.00, 0.00, 0.00, 0.00, 1.00, 0.00, 0.00, 1.00
8316, 0, 313.522, 0.88, 1, 0.76, 0.34, 0.00, 0.00, 0.00, 0.00, 0.02, 0.17, 1.18, 0.00, 0.06, 0.63, 0.39, 0.00, 0.45, 0.00, 0.83, 0.00, 0.00, 0.00, 1.00, 0.00, 0.00, 0.00, 0.00, 1.00, 0.00, 1.00, 0.00, 1.00, 0.00, 1.00, 0.00, 0.00, 1.00
8317, 0, 313.560, 0.88, 1, 0.44, 0.08, 0.00, 0.00, 0.00, 0.00, 0.00, 0.09, 1.07, 0.00, 0.06, 0.72, 0.47, 0.00, 0.27, 0.00, 0.76, 0.00, 0.00, 0.00, 1.00, 0.00, 0.00, 0.00, 0.00, 1.00, 0.00, 0.00, 0.00, 1.00, 0.00, 1.00, 0.00, 0.00, 0.00
8318, 0, 313.598, 0.98, 1, 0.46, 0.14, 0.00, 0.00, 0.00, 0.00, 0.00, 0.29, 0.96, 0.12, 0.00, 0.51, 0.50, 0.00, 0.41, 0.19, 0.94, 0.00, 0.00, 0.00, 1.00, 0.00, 0.00, 0.00, 0.00, 1.00, 0.00, 0.00, 0.00, 1.00, 0.00, 1.00, 0.00, 0.00, 0.00
8319, 0, 313.635, 0.88, 1, 0.47, 0.23, 0.00, 0.00, 0.00, 0.00, 0.00, 0.62, 0.96, 0.49, 0.00, 0.43, 0.56, 0.00, 0.81, 0.38, 0.99, 0.00, 0.00, 0.00, 1.00, 0.00, 0.00, 0.00, 0.00, 1.00, 0.00, 0.00, 0.00, 0.00, 0.00, 1.00, 0.00, 0.00, 0.00
8320, 0, 313.673, 0.88, 1, 0.52, 0.32, 0.00, 0.00, 0.14, 0.00, 0.00, 1.03, 1.08, 0.49, 0.00, 0.26, 0.52, 0.00, 1.15, 0.89, 0.55, 0.00, 0.00, 0.00, 1.00, 0.00, 0.00, 0.00, 0.00, 1.00, 0.00, 0.00, 0.00, 0.00, 0.00, 1.00, 1.00, 0.00, 0.00
8321, 0, 313.711, 0.98, 1, 0.45, 0.24, 0.00, 0.00, 0.26, 0.00, 0.00, 1.29, 1.14, 0.37, 0.00, 0.35, 0.38, 0.00, 1.31, 1.17, 0.33, 0.00, 0.00, 0.00, 1.00, 0.00, 1.00, 0.00, 0.00, 1.00, 0.00, 0.00, 0.00, 0.00, 0.00, 1.00, 1.00, 0.00, 0.00
8322, 0, 313.749, 0.98, 1, 0.36, 0.24, 0.00, 0.00, 0.42, 0.00, 0.00, 1.34, 1.21, 0.17, 0.00, 0.30, 0.32, 0.00, 1.36, 1.32, 0.08, 0.00, 0.00, 0.00, 1.00, 0.00, 1.00, 0.00, 1.00, 1.00, 0.00, 0.00, 0.00, 0.00, 0.00, 1.00, 1.00, 0.00, 0.00
8323, 0, 313.786, 0.98, 1, 0.22, 0.15, 0.00, 0.00, 0.28, 0.00, 0.00, 0.97, 1.31, 0.31, 0.00, 0.46, 0.34, 0.00, 1.08, 0.81, 0.20, 0.00, 0.00, 0.00, 1.00, 0.00, 1.00, 0.00, 1.00, 1.00, 0.00, 0.00, 0.00, 0.00, 1.00, 1.00, 1.00, 0.00, 0.00
8324, 0, 313.824, 0.98, 1, 0.11, 0.14, 0.00, 0.00, 0.23, 0.00, 0.00, 0.78, 1.36, 0.61, 0.00, 0.58, 0.41, 0.00, 0.99, 0.64, 0.12, 0.00, 0.00, 0.00, 1.00, 0.00, 1.00, 0.00, 1.00, 1.00, 0.00, 0.00, 0.00, 0.00, 1.00, 1.00, 0.00, 0.00, 0.00
8325, 0, 313.862, 0.98, 1, 0.00, 0.01, 0.00, 0.00, 0.13, 0.00, 0.00, 0.48, 1.34, 0.61, 0.00, 0.62, 0.30, 0.00, 0.62, 0.31, 0.12, 0.00, 0.00, 0.00, 1.00, 0.00, 1.00, 0.00, 1.00, 1.00, 0.00, 0.00, 0.00, 0.00, 1.00, 1.00, 0.00, 0.00, 0.00
8326, 0, 313.899, 0.98, 1, 0.00, 0.07, 0.00, 0.00, 0.13, 0.00, 0.00, 0.59, 1.29, 0.75, 0.08, 0.45, 0.19, 0.00, 0.80, 0.32, 0.00, 0.00, 0.00, 0.00, 1.00, 0.00, 0.00, 0.00, 1.00, 1.00, 1.00, 0.00, 0.00, 0.00, 1.00, 1.00, 0.00, 0.00, 0.00
8327, 0, 313.937, 0.98, 1, 0.00, 0.06, 0.00, 0.00, 0.06, 0.00, 0.00, 0.46, 1.27, 0.88, 0.22, 0.34, 0.03, 0.00, 0.70, 0.07, 0.00, 0.00, 0.00, 0.00, 1.00, 0.00, 0.00, 0.00, 1.00, 1.00, 1.00, 0.00, 0.00, 0.00, 0.00, 1.00, 0.00, 0.00, 0.00
8328, 0, 313.975, 0.98, 1, 0.00, 0.06, 0.00, 0.00, 0.00, 0.00, 0.00, 0.43, 1.30, 1.08, 0.38, 0.21, 0.03, 0.00, 0.82, 0.12, 0.00, 0.00, 0.00, 0.00, 1.00, 0.00, 0.00, 0.00, 1.00, 1.00, 1.00, 0.00, 0.00, 0.00, 1.00, 1.00, 0.00, 0.00, 0.00
8329, 0, 314.013, 0.98, 1, 0.00, 0.00, 0.00, 0.00, 0.02, 0.00, 0.00, 0.39, 1.32, 1.05, 0.43, 0.14, 0.00, 0.00, 0.69, 0.23, 0.00, 0.00, 0.00, 0.00, 1.00, 0.00, 0.00, 0.00, 1.00, 1.00, 1.00, 0.00, 0.00, 0.00, 1.00, 1.00, 0.00, 0.00, 0.00
8330, 0, 314.050, 0.98, 1, 0.00, 0.00, 0.00, 0.09, 0.11, 0.00, 0.00, 0.42, 1.38, 0.83, 0.42, 0.13, 0.11, 0.00, 0.97, 0.18, 0.06, 0.00, 0.00, 0.00, 1.00, 0.00, 0.00, 0.00, 1.00, 1.00, 1.00, 0.00, 0.00, 0.00, 1.00, 1.00, 0.00, 0.00, 0.00
8331, 0, 314.088, 0.98, 1, 0.00, 0.06, 0.00, 0.20, 0.20, 0.00, 0.00, 0.53, 1.47, 0.65, 0.31, 0.23, 0.22, 0.03, 1.28, 0.16, 0.16, 0.00, 0.00, 0.00, 1.00, 0.00, 0.00, 0.00, 1.00, 1.00, 1.00, 0.00, 0.00, 0.00, 1.00, 1.00, 0.00, 0.00, 0.00
8332, 0, 314.126, 0.98, 1, 0.08, 0.33, 0.06, 0.46, 0.17, 0.00, 0.00, 0.63, 1.38, 1.10, 0.24, 0.34, 0.22, 0.03, 1.30, 0.07, 0.16, 0.00, 0.00, 0.00, 1.00, 0.00, 0.00, 0.00, 1.00, 1.00, 1.00, 0.00, 0.00, 0.00, 1.00, 1.00, 0.00, 0.00, 0.00
8333, 0, 314.163, 0.98, 1, 0.15, 0.57, 0.06, 0.39, 0.09, 0.10, 0.00, 0.74, 1.28, 1.38, 0.12, 0.23, 0.11, 0.02, 0.87, 0.07, 0.10, 0.00, 0.00, 0.00, 1.00, 0.00, 0.00, 0.00, 1.00, 1.00, 1.00, 0.00, 0.00, 0.00, 1.00, 1.00, 0.00, 0.00, 0.00
8334, 0, 314.201, 0.98, 1, 0.24, 0.51, 0.06, 0.30, 0.00, 0.36, 0.00, 0.76, 1.22, 1.62, 0.07, 0.20, 0.00, 0.00, 0.35, 0.03, 0.00, 0.00, 0.00, 0.00, 1.00, 0.00, 0.00, 0.00, 0.00, 1.00, 1.00, 0.00, 0.00, 0.00, 1.00, 0.00, 0.00, 0.00, 0.00
8335, 0, 314.239, 0.98, 1, 0.23, 0.32, 0.00, 0.04, 0.00, 0.36, 0.00, 0.67, 1.17, 1.27, 0.00, 0.33, 0.00, 0.16, 0.28, 0.07, 0.00, 0.00, 1.00, 0.00, 1.00, 0.00, 0.00, 0.00, 0.00, 1.00, 1.00, 0.00, 0.00, 0.00, 1.00, 0.00, 0.00, 0.00, 0.00
8336, 0, 314.276, 0.98, 1, 0.20, 0.07, 0.00, 0.02, 0.00, 0.26, 0.00, 0.57, 1.15, 1.26, 0.00, 0.51, 0.00, 0.32, 0.45, 0.06, 0.10, 0.00, 1.00, 0.00, 1.00, 0.00, 0.00, 0.00, 0.00, 1.00, 1.00, 0.00, 0.00, 0.00, 1.00, 0.00, 0.00, 0.00, 0.00
8337, 0, 314.314, 0.98, 1, 0.20, 0.07, 0.00, 0.00, 0.02, 0.06, 0.00, 0.49, 1.08, 1.34, 0.00, 0.67, 0.00, 0.48, 0.67, 0.06, 0.10, 0.00, 0.00, 0.00, 1.00, 0.00, 0.00, 0.00, 0.00, 1.00, 1.00, 1.00, 0.00, 0.00, 1.00, 0.00, 0.00, 0.00, 0.00
8338, 0, 314.352, 0.98, 1, 0.13, 0.01, 0.00, 0.00, 0.03, 0.06, 0.00, 0.58, 1.24, 1.15, 0.02, 0.71, 0.22, 0.35, 0.93, 0.10, 0.10, 0.00, 0.00, 0.00, 1.00, 0.00, 0.00, 0.00, 0.00, 1.00, 1.00, 1.00, 0.00, 0.00, 1.00, 0.00, 0.00, 0.00, 0.00
8339, 0, 314.390, 0.98, 1, 0.09, 0.01, 0.00, 0.00, 0.08, 0.06, 0.00, 0.68, 1.35, 0.81, 0.29, 0.83, 0.47, 0.20, 1.29, 0.21, 0.05, 0.00, 1.00, 0.00, 1.00, 0.00, 0.00, 0.00, 0.00, 1.00, 0.00, 0.00, 0.00, 0.00, 1.00, 1.00, 0.00, 0.00, 0.00
8340, 0, 314.427, 0.98, 1, 0.09, 0.17, 0.00, 0.12, 0.10, 0.00, 0.00, 1.00, 1.36, 0.30, 0.82, 0.88, 0.47, 0.04, 1.89, 0.21, 0.27, 0.00, 1.00, 0.00, 1.00, 0.00, 0.00, 0.00, 1.00, 1.00, 0.00, 0.00, 0.00, 0.00, 1.00, 1.00, 0.00, 0.00, 0.00
8341, 0, 314.465, 0.98, 1, 0.17, 0.35, 0.00, 0.12, 0.19, 0.00, 0.00, 1.21, 1.36, 0.18, 0.89, 0.87, 0.30, 0.02, 2.15, 0.19, 0.45, 0.00, 1.00, 0.00, 1.00, 0.00, 0.00, 0.00, 1.00, 1.00, 0.00, 0.00, 0.00, 0.00, 0.00, 1.00, 0.00, 0.00, 0.00
8342, 0, 314.503, 0.98, 1, 0.26, 0.55, 0.00, 0.12, 0.25, 0.00, 0.00, 1.44, 1.33, 0.09, 0.78, 0.78, 0.15, 0.00, 2.25, 0.16, 0.59, 0.00, 0.00, 0.00, 1.00, 0.00, 0.00, 0.00, 1.00, 1.00, 0.00, 1.00, 0.00, 0.00, 0.00, 1.00, 0.00, 0.00, 0.00
8343, 0, 314.540, 0.98, 1, 0.25, 0.45, 0.00, 0.00, 0.26, 0.00, 0.00, 1.49, 1.41, 0.19, 0.25, 0.83, 0.32, 0.00, 1.89, 0.16, 0.60, 0.00, 0.00, 0.00, 1.00, 0.00, 0.00, 0.00, 1.00, 1.00, 0.00, 0.00, 0.00, 0.00, 0.00, 1.00, 0.00, 0.00, 0.00
8344, 0, 314.578, 0.88, 1, 0.26, 0.30, 0.00, 0.00, 0.20, 0.00, 0.00, 1.60, 1.50, 0.45, 0.22, 1.03, 0.62, 0.00, 1.71, 0.08, 0.49, 0.00, 0.00, 0.00, 1.00, 0.00, 0.00, 0.00, 1.00, 1.00, 0.00, 0.00, 0.00, 0.00, 0.00, 1.00, 0.00, 0.00, 0.00
8345, 0, 314.616, 0.88, 1, 0.18, 0.19, 0.00, 0.00, 0.36, 0.00, 0.00, 1.56, 1.64, 0.51, 0.06, 0.99, 1.03, 0.00, 1.93, 0.00, 0.33, 0.00, 0.00, 0.00, 1.00, 0.00, 0.00, 0.00, 1.00, 1.00, 0.00, 0.00, 0.00, 0.00, 0.00, 1.00, 0.00, 0.00, 0.00
8346, 0, 314.653, 0.93, 1, 0.21, 0.26, 0.00, 0.00, 0.38, 0.00, 0.00, 1.47, 1.68, 0.61, 0.58, 0.68, 1.11, 0.00, 2.50, 0.00, 0.14, 0.00, 0.00, 0.00, 1.00, 0.00, 1.00, 0.00, 1.00, 1.00, 0.00, 0.00, 0.00, 0.00, 0.00, 1.00, 0.00, 0.00, 0.00
8347, 0, 314.691, 0.88, 1, 0.18, 0.33, 0.00, 0.00, 0.43, 0.04, 0.00, 1.37, 1.60, 0.45, 0.89, 0.43, 0.75, 0.00, 3.04, 0.00, 0.13, 0.00, 0.00, 0.00, 1.00, 0.00, 1.00, 0.00, 1.00, 1.00, 0.00, 0.00, 0.00, 0.00, 0.00, 1.00, 0.00, 0.00, 0.00
8348, 0, 314.729, 0.93, 1, 0.29, 0.44, 0.00, 0.00, 0.20, 0.04, 0.00, 1.45, 1.43, 0.53, 1.15, 0.41, 0.49, 0.00, 3.19, 0.00, 0.19, 0.00, 0.00, 0.00, 1.00, 0.00, 1.00, 0.00, 1.00, 1.00, 0.00, 0.00, 0.00, 1.00, 0.00, 1.00, 0.00, 0.00, 0.00
8349, 0, 314.767, 0.93, 1, 0.30, 0.51, 0.00, 0.00, 0.13, 0.04, 0.00, 1.52, 1.30, 0.33, 1.02, 0.72, 0.62, 0.00, 3.23, 0.00, 0.14, 0.00, 1.00, 0.00, 1.00, 0.00, 1.00, 0.00, 1.00, 1.00, 0.00, 0.00, 0.00, 1.00, 0.00, 1.00, 0.00, 0.00, 0.00
8350, 0, 314.804, 0.93, 1, 0.25, 0.40, 0.00, 0.00, 0.08, 0.00, 0.03, 1.61, 1.27, 0.20, 0.65, 0.53, 0.86, 0.00, 2.93, 0.00, 0.29, 0.00, 1.00, 0.00, 1.00, 0.00, 0.00, 0.00, 1.00, 1.00, 0.00, 0.00, 0.00, 0.00, 0.00, 1.00, 0.00, 0.00, 0.00
8351, 0, 314.842, 0.93, 1, 0.13, 0.20, 0.00, 0.00, 0.08, 0.00, 0.03, 1.53, 1.30, 0.00, 0.53, 0.53, 0.84, 0.00, 2.81, 0.20, 0.36, 0.00, 1.00, 0.00, 1.00, 0.00, 0.00, 0.00, 1.00, 1.00, 0.00, 0.00, 0.00, 0.00, 0.00, 1.00, 0.00, 0.00, 0.00
8352, 0, 314.880, 0.93, 1, 0.01, 0.03, 0.00, 0.00, 0.17, 0.00, 0.03, 1.73, 1.48, 0.00, 0.14, 0.29, 0.67, 0.00, 2.58, 0.27, 0.39, 0.00, 1.00, 0.00, 1.00, 0.00, 0.00, 0.00, 1.00, 1.00, 0.00, 0.00, 0.00, 0.00, 0.00, 1.00, 0.00, 0.00, 0.00
8353, 0, 314.917, 0.93, 1, 0.00, 0.07, 0.00, 0.00, 0.23, 0.00, 0.00, 1.76, 1.63, 0.00, 0.14, 0.26, 0.43, 0.00, 2.58, 0.27, 0.22, 0.00, 1.00, 0.00, 1.00, 0.00, 0.00, 0.00, 1.00, 1.00, 0.00, 0.00, 0.00, 0.00, 0.00, 1.00, 0.00, 0.00, 0.00
8354, 0, 314.955, 0.98, 1, 0.00, 0.14, 0.00, 0.00, 0.30, 0.00, 0.07, 1.97, 1.75, 0.00, 0.00, 0.08, 0.23, 0.00, 2.44, 0.07, 0.07, 0.00, 1.00, 0.00, 1.00, 1.00, 0.00, 0.00, 1.00, 1.00, 0.00, 0.00, 0.00, 0.00, 0.00, 1.00, 0.00, 0.00, 0.00
8355, 0, 314.993, 0.98, 1, 0.01, 0.30, 0.00, 0.00, 0.38, 0.00, 0.07, 1.99, 1.84, 0.01, 0.34, 0.44, 0.11, 0.00, 2.31, 0.24, 0.04, 0.00, 1.00, 0.00, 1.00, 1.00, 1.00, 0.00, 1.00, 1.00, 0.00, 0.00, 0.00, 0.00, 0.00, 1.00, 0.00, 0.00, 0.00
8356, 0, 315.031, 0.98, 1, 0.01, 0.35, 0.00, 0.00, 0.41, 0.00, 0.07, 2.27, 2.00, 0.10, 0.79, 0.79, 0.11, 0.00, 2.29, 0.45, 0.02, 0.00, 0.00, 0.00, 1.00, 1.00, 1.00, 0.00, 1.00, 1.00, 0.00, 1.00, 0.00, 0.00, 0.00, 1.00, 0.00, 0.00, 0.00
8357, 0, 315.068, 0.98, 1, 0.01, 0.34, 0.00, 0.00, 0.42, 0.00, 0.00, 2.48, 2.10, 0.12, 1.29, 1.02, 0.09, 0.00, 2.03, 0.62, 0.01, 0.00, 0.00, 0.00, 1.00, 1.00, 1.00, 0.00, 1.00, 1.00, 0.00, 1.00, 1.00, 0.00, 0.00, 1.00, 0.00, 0.00, 0.00
8358, 0, 315.106, 0.98, 1, 0.00, 0.14, 0.00, 0.00, 0.32, 0.00, 0.00, 2.40, 2.15, 0.32, 1.13, 0.72, 0.00, 0.00, 1.89, 0.58, 0.04, 0.00, 0.00, 0.00, 1.00, 1.00, 1.00, 0.00, 1.00, 1.00, 0.00, 1.00, 1.00, 0.00, 0.00, 1.00, 0.00, 0.00, 0.00
8359, 0, 315.144, 0.98, 1, 0.00, 0.05, 0.00, 0.00, 0.28, 0.00, 0.00, 2.14, 2.07, 0.41, 1.03, 0.60, 0.06, 0.00, 1.83, 0.41, 0.04, 0.00, 0.00, 0.00, 1.00, 1.00, 1.00, 0.00, 1.00, 1.00, 1.00, 1.00, 1.00, 0.00, 0.00, 1.00, 0.00, 0.00, 0.00
8360, 0, 315.181, 0.98, 1, 0.00, 0.00, 0.00, 0.00, 0.40, 0.06, 0.00, 1.64, 2.05, 0.73, 1.01, 0.38, 0.32, 0.00, 2.30, 0.24, 0.04, 0.00, 0.00, 0.00, 1.00, 1.00, 1.00, 0.00, 1.00, 1.00, 1.00, 1.00, 1.00, 0.00, 0.00, 1.00, 0.00, 0.00, 0.00
8361, 0, 315.219, 0.98, 1, 0.00, 0.00, 0.00, 0.00, 0.53, 0.17, 0.00, 1.40, 2.03, 0.94, 1.07, 0.29, 0.33, 0.00, 2.55, 0.03, 0.08, 0.00, 0.00, 0.00, 1.00, 1.00, 1.00, 0.00, 1.00, 1.00, 1.00, 1.00, 0.00, 0.00, 1.00, 1.00, 0.00, 0.00, 0.00
8362, 0, 315.257, 0.98, 1, 0.00, 0.05, 0.00, 0.00, 0.66, 0.17, 0.00, 1.27, 2.09, 1.21, 1.03, 0.35, 0.27, 0.06, 2.72, 0.00, 0.08, 0.00, 0.00, 0.00, 1.00, 1.00, 1.00, 0.00, 1.00, 1.00, 1.00, 1.00, 0.00, 0.00, 1.00, 1.00, 0.00, 0.00, 0.00
8363, 0, 315.294, 0.98, 1, 0.00, 0.15, 0.00, 0.00, 0.65, 0.11, 0.00, 1.32, 2.10, 1.24, 0.82, 0.44, 0.01, 0.06, 2.27, 0.00, 0.09, 0.00, 0.00, 0.00, 1.00, 1.00, 1.00, 0.00, 1.00, 1.00, 1.00, 1.00, 0.00, 0.00, 1.00, 1.00, 0.00, 0.00, 0.00
8364, 0, 315.332, 0.98, 1, 0.00, 0.16, 0.00, 0.00, 0.58, 0.00, 0.00, 1.23, 1.98, 1.28, 0.67, 0.44, 0.04, 0.06, 2.16, 0.00, 0.03, 0.00, 0.00, 0.00, 1.00, 1.00, 1.00, 0.00, 1.00, 1.00, 1.00, 1.00, 0.00, 0.00, 1.00, 1.00, 0.00, 0.00, 0.00
8365, 0, 315.370, 0.98, 1, 0.00, 0.11, 0.00, 0.00, 0.49, 0.00, 0.00, 1.52, 1.79, 1.05, 0.37, 0.32, 0.04, 0.00, 2.07, 0.00, 0.24, 0.00, 0.00, 0.00, 1.00, 1.00, 1.00, 0.00, 1.00, 1.00, 1.00, 1.00, 0.00, 0.00, 1.00, 1.00, 0.00, 0.00, 0.00
8366, 0, 315.408, 0.98, 1, 0.00, 0.01, 0.00, 0.00, 0.39, 0.00, 0.00, 1.90, 1.67, 0.95, 0.10, 0.36, 0.04, 0.00, 2.25, 0.00, 0.38, 0.00, 0.00, 0.00, 1.00, 1.00, 1.00, 0.00, 1.00, 1.00, 1.00, 1.00, 0.00, 0.00, 1.00, 1.00, 0.00, 0.00, 0.00
8367, 0, 315.445, 0.98, 1, 0.00, 0.00, 0.00, 0.00, 0.33, 0.00, 0.00, 2.41, 1.48, 0.76, 0.19, 0.37, 0.00, 0.00, 2.20, 0.00, 0.57, 0.00, 0.00, 0.00, 1.00, 1.00, 0.00, 0.00, 1.00, 1.00, 1.00, 1.00, 0.00, 0.00, 1.00, 1.00, 0.00, 0.00, 0.00
8368, 0, 315.483, 0.98, 1, 0.00, 0.00, 0.00, 0.00, 0.22, 0.00, 0.00, 2.36, 1.46, 0.86, 0.30, 0.19, 0.00, 0.00, 2.13, 0.00, 0.56, 0.00, 0.00, 0.00, 1.00, 1.00, 0.00, 0.00, 1.00, 1.00, 1.00, 1.00, 0.00, 0.00, 0.00, 1.00, 0.00, 0.00, 0.00
8369, 0, 315.521, 0.98, 1, 0.00, 0.00, 0.00, 0.00, 0.14, 0.02, 0.00, 2.13, 1.58, 0.86, 0.30, 0.06, 0.06, 0.00, 2.03, 0.03, 0.46, 0.00, 0.00, 0.00, 1.00, 1.00, 0.00, 0.00, 1.00, 1.00, 1.00, 1.00, 0.00, 0.00, 0.00, 1.00, 0.00, 0.00, 0.00
8370, 0, 315.558, 0.98, 1, 0.00, 0.00, 0.00, 0.00, 0.23, 0.02, 0.00, 1.85, 1.73, 0.74, 0.28, 0.14, 0.06, 0.00, 2.14, 0.24, 0.26, 0.00, 0.00, 0.00, 1.00, 1.00, 0.00, 0.00, 1.00, 1.00, 1.00, 1.00, 0.00, 0.00, 0.00, 1.00, 0.00, 0.00, 0.00
8371, 0, 315.596, 0.98, 1, 0.00, 0.00, 0.03, 0.00, 0.38, 0.02, 0.00, 1.61, 1.80, 0.57, 0.24, 0.14, 0.06, 0.00, 2.12, 0.44, 0.10, 0.00, 0.00, 0.00, 1.00, 1.00, 0.00, 0.00, 1.00, 1.00, 1.00, 0.00, 0.00, 0.00, 0.00, 1.00, 0.00, 0.00, 0.00
8372, 0, 315.634, 0.98, 1, 0.00, 0.00, 0.04, 0.00, 0.49, 0.00, 0.00, 1.51, 1.70, 0.48, 0.42, 0.14, 0.03, 0.00, 2.19, 0.56, 0.11, 0.00, 0.00, 0.00, 1.00, 0.00, 0.00, 0.00, 1.00, 1.00, 1.00, 0.00, 0.00, 0.00, 0.00, 1.00, 0.00, 0.00, 0.00
8373, 0, 315.672, 0.98, 1, 0.00, 0.00, 0.04, 0.00, 0.41, 0.00, 0.00, 1.30, 1.79, 0.60, 0.33, 0.00, 0.07, 0.00, 2.00, 0.42, 0.18, 0.00, 0.00, 0.00, 1.00, 0.00, 0.00, 0.00, 1.00, 1.00, 1.00, 0.00, 0.00, 0.00, 0.00, 1.00, 0.00, 0.00, 0.00
8374, 0, 315.709, 0.98, 1, 0.00, 0.00, 0.01, 0.00, 0.29, 0.00, 0.00, 1.31, 1.83, 0.60, 0.25, 0.00, 0.13, 0.00, 2.03, 0.28, 0.19, 0.00, 0.00, 0.00, 1.00, 0.00, 0.00, 0.00, 1.00, 1.00, 0.00, 0.00, 0.00, 0.00, 0.00, 1.00, 0.00, 0.00, 0.00
8375, 0, 315.747, 0.98, 1, 0.02, 0.04, 0.00, 0.00, 0.20, 0.00, 0.05, 1.31, 1.96, 0.43, 0.07, 0.13, 0.10, 0.00, 2.01, 0.13, 0.68, 0.00, 0.00, 0.00, 1.00, 0.00, 0.00, 0.00, 1.00, 1.00, 0.00, 0.00, 0.00, 0.00, 0.00, 1.00, 0.00, 0.00, 0.00
8376, 0, 315.785, 0.88, 1, 0.02, 0.04, 0.00, 0.00, 0.16, 0.00, 0.05, 1.27, 2.01, 0.17, 0.00, 0.13, 0.06, 0.00, 2.03, 0.06, 1.14, 0.00, 0.00, 0.00, 1.00, 0.00, 0.00, 0.00, 1.00, 1.00, 0.00, 0.00, 0.00, 0.00, 0.00, 1.00, 0.00, 0.00, 0.00
8377, 0, 315.822, 0.93, 1, 0.02, 0.04, 0.00, 0.00, 0.19, 0.05, 0.06, 1.11, 1.99, 0.01, 0.01, 0.13, 0.04, 0.00, 2.06, 0.00, 1.68, 0.00, 0.00, 0.00, 1.00, 0.00, 0.00, 0.00, 1.00, 1.00, 0.00, 0.00, 0.00, 0.00, 0.00, 1.00, 0.00, 0.00, 0.00
8378, 0, 315.860, 0.93, 1, 0.00, 0.00, 0.00, 0.00, 0.19, 0.05, 0.01, 0.88, 1.88, 0.01, 0.01, 0.00, 0.04, 0.00, 2.06, 0.00, 1.58, 0.00, 0.00, 0.00, 1.00, 0.00, 0.00, 0.00, 1.00, 1.00, 0.00, 0.00, 0.00, 0.00, 0.00, 1.00, 0.00, 0.00, 0.00
8379, 0, 315.898, 0.98, 1, 0.00, 0.00, 0.01, 0.00, 0.35, 0.14, 0.01, 0.87, 1.85, 0.01, 0.01, 0.16, 0.04, 0.00, 2.02, 0.02, 1.46, 0.00, 0.00, 0.00, 1.00, 0.00, 0.00, 0.00, 1.00, 1.00, 0.00, 0.00, 0.00, 0.00, 0.00, 1.00, 0.00, 0.00, 0.00
8380, 0, 315.935, 0.98, 1, 0.11, 0.20, 0.01, 0.00, 0.45, 0.08, 0.00, 0.80, 1.75, 0.00, 0.04, 0.16, 0.00, 0.00, 2.16, 0.30, 1.01, 0.00, 0.00, 0.00, 1.00, 1.00, 1.00, 0.00, 1.00, 1.00, 0.00, 0.00, 0.00, 0.00, 0.00, 1.00, 0.00, 0.00, 1.00
8381, 0, 315.973, 0.98, 1, 0.17, 0.26, 0.01, 0.00, 0.54, 0.16, 0.00, 0.70, 1.70, 0.00, 0.04, 0.16, 0.00, 0.00, 2.15, 0.60, 0.73, 0.00, 0.00, 0.00, 1.00, 1.00, 1.00, 0.00, 1.00, 1.00, 0.00, 0.00, 0.00, 0.00, 0.00, 1.00, 0.00, 0.00, 1.00
8382, 0, 316.011, 0.98, 1, 0.24, 0.26, 0.00, 0.00, 0.50, 0.14, 0.04, 0.56, 1.59, 0.00, 0.11, 0.00, 0.00, 0.00, 2.24, 0.75, 0.39, 0.00, 0.00, 0.00, 1.00, 1.00, 1.00, 0.00, 1.00, 1.00, 0.00, 0.00, 0.00, 0.00, 0.00, 1.00, 0.00, 0.00, 1.00
8383, 0, 316.049, 0.98, 1, 0.25, 0.25, 0.00, 0.00, 0.40, 0.14, 0.06, 0.56, 1.70, 0.00, 0.07, 0.00, 0.00, 0.00, 2.19, 0.56, 0.62, 0.00, 0.00, 0.00, 1.00, 1.00, 1.00, 0.00, 1.00, 1.00, 0.00, 0.00, 0.00, 0.00, 0.00, 1.00, 0.00, 0.00, 1.00
8384, 0, 316.086, 0.98, 1, 0.37, 0.46, 0.00, 0.00, 0.41, 0.11, 0.18, 0.55, 1.72, 0.00, 0.07, 0.00, 0.00, 0.00, 2.39, 0.26, 0.86, 0.00, 0.00, 0.00, 1.00, 1.00, 1.00, 0.00, 1.00, 1.00, 0.00, 0.00, 0.00, 0.00, 0.00, 1.00, 0.00, 0.00, 1.00
8385, 0, 316.124, 0.93, 1, 0.30, 0.49, 0.00, 0.00, 0.49, 0.05, 0.14, 0.57, 1.83, 0.14, 0.00, 0.00, 0.00, 0.00, 2.47, 0.19, 0.78, 0.00, 0.00, 0.00, 1.00, 1.00, 1.00, 0.00, 1.00, 1.00, 0.00, 0.00, 0.00, 0.00, 0.00, 1.00, 0.00, 0.00, 1.00
8386, 0, 316.162, 0.93, 1, 0.18, 0.29, 0.00, 0.00, 0.65, 0.05, 0.14, 0.50, 1.79, 0.25, 0.00, 0.00, 0.01, 0.00, 2.39, 0.10, 0.71, 0.00, 0.00, 0.00, 1.00, 1.00, 1.00, 0.00, 1.00, 1.00, 0.00, 0.00, 0.00, 0.00, 0.00, 1.00, 1.00, 0.00, 1.00
8387, 0, 316.199, 0.98, 1, 0.06, 0.28, 0.00, 0.00, 0.68, 0.00, 0.02, 0.60, 1.82, 0.41, 0.00, 0.00, 0.01, 0.00, 2.14, 0.10, 0.49, 0.00, 0.00, 0.00, 1.00, 1.00, 1.00, 0.00, 1.00, 1.00, 0.00, 0.00, 0.00, 0.00, 0.00, 1.00, 1.00, 0.00, 1.00
8388, 0, 316.237, 0.93, 1, 0.09, 0.41, 0.00, 0.00, 0.66, 0.07, 0.04, 0.58, 1.76, 0.42, 0.00, 0.00, 0.01, 0.00, 2.01, 0.00, 0.80, 0.00, 0.00, 0.00, 1.00, 1.00, 1.00, 0.00, 1.00, 1.00, 0.00, 0.00, 0.00, 0.00, 0.00, 1.00, 1.00, 0.00, 1.00
8389, 0, 316.275, 0.93, 1, 0.09, 0.53, 0.00, 0.00, 0.65, 0.13, 0.02, 0.66, 1.75, 0.50, 0.00, 0.04, 0.00, 0.00, 1.85, 0.04, 0.73, 0.00, 0.00, 0.00, 1.00, 1.00, 1.00, 0.00, 1.00, 1.00, 0.00, 0.00, 0.00, 0.00, 0.00, 1.00, 1.00, 0.00, 1.00
8390, 0, 316.313, 0.93, 1, 0.12, 0.61, 0.00, 0.00, 0.81, 0.63, 0.11, 0.60, 1.71, 0.58, 0.00, 0.04, 0.00, 0.00, 2.03, 0.23, 0.90, 0.00, 0.00, 0.00, 1.00, 1.00, 1.00, 0.00, 1.00, 1.00, 0.00, 0.00, 0.00, 0.00, 0.00, 1.00, 1.00, 0.00, 1.00
8391, 0, 316.350, 0.88, 1, 0.13, 0.61, 0.00, 0.00, 1.00, 0.65, 0.16, 0.61, 1.67, 0.74, 0.00, 0.04, 0.00, 0.00, 2.29, 0.36, 1.02, 0.00, 0.00, 0.00, 1.00, 1.00, 1.00, 0.00, 1.00, 1.00, 0.00, 0.00, 0.00, 0.00, 0.00, 1.00, 1.00, 0.00, 1.00
8392, 0, 316.388, 0.93, 1, 0.14, 0.67, 0.00, 0.00, 1.03, 0.59, 0.20, 0.51, 1.66, 0.69, 0.00, 0.00, 0.00, 0.00, 2.70, 0.49, 0.96, 0.00, 0.00, 0.00, 1.00, 1.00, 1.00, 0.00, 1.00, 1.00, 0.00, 0.00, 0.00, 0.00, 0.00, 1.00, 1.00, 0.00, 1.00
8393, 0, 316.426, 0.93, 1, 0.06, 0.34, 0.00, 0.00, 1.02, 0.33, 0.21, 0.55, 1.68, 0.46, 0.00, 0.00, 0.00, 0.00, 2.62, 0.32, 0.84, 0.00, 0.00, 0.00, 1.00, 1.00, 1.00, 0.00, 1.00, 1.00, 0.00, 0.00, 0.00, 0.00, 0.00, 1.00, 1.00, 0.00, 1.00
8394, 0, 316.463, 0.93, 1, 0.01, 0.17, 0.00, 0.00, 0.91, 0.34, 0.22, 0.51, 1.72, 0.15, 0.00, 0.00, 0.00, 0.00, 2.42, 0.23, 0.64, 0.00, 0.00, 0.00, 1.00, 1.00, 1.00, 0.00, 1.00, 1.00, 0.00, 0.00, 0.00, 0.00, 0.00, 1.00, 0.00, 0.00, 1.00
8395, 0, 316.501, 0.93, 1, 0.00, 0.18, 0.00, 0.00, 0.88, 0.35, 0.18, 0.76, 1.79, 0.00, 0.00, 0.00, 0.00, 0.00, 2.19, 0.13, 0.76, 0.00, 0.00, 0.00, 1.00, 1.00, 1.00, 0.00, 1.00, 1.00, 0.00, 0.00, 0.00, 0.00, 0.00, 1.00, 0.00, 0.00, 1.00
8396, 0, 316.539, 0.98, 1, 0.01, 0.20, 0.00, 0.00, 0.82, 0.24, 0.08, 0.98, 1.86, 0.00, 0.15, 0.06, 0.09, 0.00, 2.34, 0.34, 0.85, 0.00, 0.00, 0.00, 1.00, 1.00, 1.00, 0.00, 1.00, 1.00, 0.00, 0.00, 0.00, 0.00, 0.00, 1.00, 0.00, 0.00, 1.00
8397, 0, 316.576, 0.98, 1, 0.15, 0.35, 0.00, 0.00, 0.72, 0.21, 0.00, 1.10, 1.80, 0.00, 0.15, 0.13, 0.09, 0.00, 2.42, 0.30, 0.84, 0.00, 0.00, 0.00, 1.00, 1.00, 1.00, 0.00, 1.00, 1.00, 0.00, 0.00, 0.00, 0.00, 0.00, 1.00, 0.00, 0.00, 1.00
8398, 0, 316.614, 0.98, 1, 0.15, 0.17, 0.00, 0.00, 0.61, 0.20, 0.00, 1.10, 1.79, 0.07, 0.15, 0.23, 0.10, 0.00, 2.44, 0.37, 0.80, 0.00, 0.00, 0.00, 1.00, 1.00, 1.00, 0.00, 1.00, 1.00, 0.00, 0.00, 0.00, 0.00, 0.00, 1.00, 0.00, 0.00, 1.00
8399, 0, 316.652, 0.93, 1, 0.13, 0.34, 0.00, 0.00, 0.58, 0.28, 0.00, 1.08, 1.73, 0.07, 0.12, 0.21, 0.07, 0.00, 2.30, 0.16, 0.78, 0.00, 0.00, 0.00, 1.00, 1.00, 1.00, 0.00, 1.00, 1.00, 0.00, 0.00, 0.00, 0.00, 0.00, 1.00, 0.00, 0.00, 1.00
8400, 0, 316.690, 0.93, 1, 0.00, 0.21, 0.00, 0.00, 0.66, 0.33, 0.00, 1.11, 1.94, 0.07, 0.18, 0.14, 0.15, 0.00, 2.13, 0.16, 0.76, 0.00, 0.00, 0.00, 1.00, 1.00, 1.00, 0.00, 1.00, 1.00, 0.00, 0.00, 0.00, 0.00, 0.00, 1.00, 0.00, 0.00, 1.00
8401, 0, 316.727, 0.98, 1, 0.02, 0.21, 0.00, 0.00, 0.60, 0.33, 0.00, 1.06, 1.97, 0.00, 0.26, 0.14, 0.30, 0.00, 2.10, 0.17, 0.64, 0.00, 0.00, 0.00, 1.00, 1.00, 1.00, 0.00, 1.00, 1.00, 0.00, 0.00, 0.00, 0.00, 0.00, 1.00, 0.00, 0.00, 1.00
8402, 0, 316.765, 0.93, 1, 0.03, 0.08, 0.00, 0.00, 0.43, 0.11, 0.00, 0.98, 2.04, 0.03, 0.31, 0.10, 0.44, 0.00, 1.91, 0.15, 0.34, 0.00, 0.00, 0.00, 1.00, 1.00, 1.00, 0.00, 1.00, 1.00, 0.00, 0.00, 0.00, 0.00, 0.00, 1.00, 0.00, 0.00, 1.00
8403, 0, 316.803, 0.93, 1, 0.03, 0.05, 0.00, 0.00, 0.16, 0.00, 0.00, 1.06, 1.87, 0.03, 0.25, 0.10, 0.60, 0.00, 1.76, 0.15, 0.35, 0.00, 0.00, 0.00, 1.00, 1.00, 0.00, 0.00, 1.00, 1.00, 0.00, 0.00, 0.00, 0.00, 0.00, 1.00, 0.00, 0.00, 1.00
8404, 0, 316.840, 0.88, 1, 0.01, 0.12, 0.00, 0.00, 0.15, 0.00, 0.03, 0.91, 1.77, 0.03, 0.17, 0.00, 0.64, 0.00, 1.24, 0.01, 0.50, 0.00, 0.00, 0.00, 1.00, 1.00, 0.00, 0.00, 1.00, 1.00, 0.00, 0.00, 0.00, 0.00, 0.00, 1.00, 0.00, 0.00, 1.00
8405, 0, 316.878, 0.88, 1, 0.00, 0.07, 0.00, 0.00, 0.33, 0.00, 0.16, 0.93, 1.66, 0.06, 0.00, 0.00, 0.48, 0.00, 1.15, 0.00, 0.88, 0.00, 0.00, 0.00, 1.00, 1.00, 0.00, 0.00, 1.00, 1.00, 0.00, 0.00, 0.00, 0.00, 0.00, 1.00, 0.00, 0.00, 1.00
8406, 0, 316.916, 0.93, 1, 0.00, 0.07, 0.00, 0.00, 0.58, 0.00, 0.29, 0.89, 1.64, 0.10, 0.00, 0.00, 0.25, 0.00, 1.19, 0.00, 1.10, 0.00, 0.00, 0.00, 1.00, 1.00, 0.00, 0.00, 1.00, 1.00, 0.00, 0.00, 0.00, 0.00, 0.00, 1.00, 0.00, 0.00, 1.00
8407, 0, 316.954, 0.93, 1, 0.00, 0.00, 0.00, 0.00, 0.68, 0.00, 0.26, 0.90, 1.62, 0.30, 0.08, 0.00, 0.08, 0.00, 1.59, 0.00, 0.97, 0.00, 0.00, 0.00, 1.00, 0.00, 0.00, 0.00, 1.00, 1.00, 0.00, 0.00, 0.00, 0.00, 0.00, 1.00, 0.00, 0.00, 1.00
8408, 0, 316.991, 0.93, 1, 0.00, 0.00, 0.00, 0.00, 0.50, 0.00, 0.12, 0.73, 1.61, 0.52, 0.08, 0.00, 0.05, 0.00, 1.51, 0.00, 0.83, 0.00, 0.00, 0.00, 1.00, 1.00, 0.00, 0.00, 1.00, 1.00, 0.00, 0.00, 0.00, 0.00, 0.00, 1.00, 0.00, 0.00, 1.00
8409, 0, 317.029, 0.93, 1, 0.00, 0.00, 0.00, 0.00, 0.33, 0.00, 0.00, 0.69, 1.60, 0.60, 0.08, 0.03, 0.04, 0.00, 1.41, 0.00, 0.73, 0.00, 0.00, 0.00, 1.00, 1.00, 0.00, 0.00, 1.00, 1.00, 0.00, 0.00, 0.00, 0.00, 0.00, 1.00, 0.00, 0.00, 1.00
8410, 0, 317.067, 0.93, 1, 0.00, 0.00, 0.00, 0.00, 0.36, 0.00, 0.00, 0.86, 1.61, 0.40, 0.51, 0.03, 0.00, 0.00, 1.13, 0.00, 0.85, 0.00, 0.00, 0.00, 1.00, 1.00, 0.00, 0.00, 1.00, 1.00, 0.00, 0.00, 0.00, 0.00, 0.00, 1.00, 0.00, 0.00, 1.00
8411, 0, 317.104, 0.98, 1, 0.00, 0.00, 0.00, 0.00, 0.48, 0.00, 0.00, 1.04, 1.66, 0.12, 0.67, 0.03, 0.00, 0.00, 1.01, 0.00, 0.99, 0.00, 0.00, 0.00, 1.00, 1.00, 0.00, 0.00, 1.00, 1.00, 0.00, 1.00, 0.00, 0.00, 0.00, 1.00, 0.00, 0.00, 1.00
8412, 0, 317.142, 0.93, 1, 0.00, 0.00, 0.00, 0.00, 0.59, 0.00, 0.00, 1.06, 1.72, 0.00, 0.89, 0.00, 0.00, 0.00, 0.89, 0.00, 1.02, 0.00, 0.00, 0.00, 1.00, 0.00, 0.00, 0.00, 1.00, 1.00, 0.00, 1.00, 0.00, 0.00, 0.00, 1.00, 0.00, 0.00, 0.00
8413, 0, 317.180, 0.93, 1, 0.00, 0.00, 0.00, 0.00, 0.45, 0.03, 0.00, 0.94, 1.77, 0.13, 0.49, 0.07, 0.00, 0.00, 0.91, 0.00, 1.08, 0.00, 0.00, 0.00, 1.00, 0.00, 0.00, 0.00, 1.00, 1.00, 0.00, 1.00, 0.00, 0.00, 0.00, 1.00, 0.00, 0.00, 0.00
8414, 0, 317.217, 0.98, 1, 0.00, 0.00, 0.00, 0.00, 0.31, 0.28, 0.00, 0.82, 1.75, 0.27, 0.41, 0.24, 0.00, 0.00, 1.02, 0.00, 0.86, 0.00, 0.00, 0.00, 1.00, 0.00, 0.00, 0.00, 1.00, 1.00, 0.00, 1.00, 0.00, 0.00, 0.00, 1.00, 0.00, 0.00, 0.00
8415, 0, 317.255, 0.98, 1, 0.02, 0.00, 0.00, 0.00, 0.19, 0.28, 0.00, 0.55, 1.59, 0.27, 0.19, 0.35, 0.00, 0.00, 1.11, 0.00, 0.66, 0.00, 0.00, 0.00, 1.00, 0.00, 0.00, 0.00, 1.00, 1.00, 0.00, 1.00, 0.00, 0.00, 0.00, 1.00, 0.00, 0.00, 0.00
8416, 0, 317.293, 0.98, 1, 0.02, 0.00, 0.02, 0.00, 0.15, 0.26, 0.00, 0.35, 1.43, 0.14, 0.23, 0.28, 0.00, 0.00, 1.16, 0.00, 0.49, 0.00, 0.00, 0.00, 1.00, 0.00, 0.00, 0.00, 1.00, 1.00, 0.00, 1.00, 0.00, 0.00, 0.00, 1.00, 0.00, 0.00, 0.00
8417, 0, 317.331, 0.93, 1, 0.02, 0.00, 0.03, 0.00, 0.12, 0.00, 0.00, 0.17, 1.33, 0.00, 0.32, 0.16, 0.00, 0.00, 1.20, 0.00, 0.41, 0.00, 0.00, 0.00, 1.00, 0.00, 0.00, 0.00, 1.00, 1.00, 0.00, 1.00, 0.00, 0.00, 1.00, 1.00, 0.00, 0.00, 0.00
8418, 0, 317.368, 0.93, 1, 0.00, 0.00, 0.03, 0.00, 0.11, 0.02, 0.00, 0.39, 1.43, 0.00, 0.41, 0.23, 0.12, 0.00, 0.91, 0.00, 0.36, 0.00, 0.00, 0.00, 1.00, 0.00, 0.00, 0.00, 1.00, 1.00, 0.00, 1.00, 0.00, 0.00, 1.00, 1.00, 0.00, 0.00, 0.00
8419, 0, 317.406, 0.93, 1, 0.00, 0.00, 0.01, 0.00, 0.12, 0.11, 0.00, 0.62, 1.49, 0.00, 0.39, 0.39, 0.23, 0.00, 0.83, 0.00, 0.19, 0.00, 0.00, 0.00, 1.00, 0.00, 0.00, 0.00, 1.00, 1.00, 0.00, 1.00, 0.00, 0.00, 1.00, 1.00, 0.00, 0.00, 0.00
8420, 0, 317.444, 0.98, 1, 0.09, 0.00, 0.00, 0.00, 0.24, 0.41, 0.00, 1.03, 1.55, 0.00, 0.23, 0.49, 0.23, 0.00, 0.77, 0.00, 0.10, 0.00, 0.00, 0.00, 1.00, 0.00, 0.00, 0.00, 1.00, 1.00, 0.00, 0.00, 0.00, 0.00, 1.00, 1.00, 0.00, 0.00, 0.00
8421, 0, 317.481, 0.93, 1, 0.09, 0.00, 0.00, 0.00, 0.22, 0.41, 0.00, 1.06, 1.54, 0.20, 0.14, 0.48, 0.11, 0.04, 0.95, 0.00, 0.00, 0.00, 0.00, 0.00, 1.00, 0.00, 0.00, 0.00, 1.00, 1.00, 0.00, 0.00, 1.00, 0.00, 1.00, 1.00, 0.00, 0.00, 1.00
8422, 0, 317.519, 0.98, 1, 0.09, 0.00, 0.00, 0.00, 0.25, 0.32, 0.00, 1.17, 1.58, 0.23, 0.00, 0.47, 0.00, 0.05, 0.98, 0.00, 0.00, 0.00, 0.00, 0.00, 1.00, 0.00, 0.00, 0.00, 1.00, 1.00, 0.00, 0.00, 1.00, 0.00, 0.00, 1.00, 0.00, 0.00, 1.00
8423, 0, 317.557, 0.98, 1, 0.00, 0.00, 0.00, 0.00, 0.18, 0.03, 0.00, 1.04, 1.64, 0.32, 0.01, 0.55, 0.00, 0.09, 0.92, 0.00, 0.00, 0.00, 0.00, 0.00, 1.00, 0.00, 0.00, 0.00, 1.00, 1.00, 0.00, 0.00, 1.00, 0.00, 0.00, 1.00, 0.00, 0.00, 1.00
8424, 0, 317.595, 0.98, 1, 0.00, 0.00, 0.00, 0.07, 0.25, 0.01, 0.00, 1.06, 1.64, 0.22, 0.18, 0.53, 0.00, 0.07, 1.07, 0.00, 0.00, 0.00, 0.00, 0.00, 1.00, 0.00, 0.00, 0.00, 1.00, 1.00, 0.00, 0.00, 1.00, 0.00, 0.00, 1.00, 0.00, 0.00, 1.00
8425, 0, 317.632, 0.98, 1, 0.00, 0.00, 0.00, 0.07, 0.26, 0.01, 0.00, 0.83, 1.54, 0.47, 0.60, 0.70, 0.03, 0.11, 1.16, 0.00, 0.00, 0.00, 0.00, 0.00, 1.00, 0.00, 0.00, 0.00, 1.00, 1.00, 0.00, 0.00, 1.00, 0.00, 0.00, 1.00, 0.00, 0.00, 1.00
8426, 0, 317.670, 0.98, 1, 0.00, 0.00, 0.00, 0.07, 0.23, 0.00, 0.00, 0.65, 1.37, 0.56, 1.03, 0.77, 0.06, 0.13, 1.37, 0.00, 0.00, 0.00, 0.00, 0.00, 1.00, 0.00, 0.00, 0.00, 1.00, 1.00, 0.00, 0.00, 1.00, 0.00, 0.00, 1.00, 0.00, 0.00, 0.00
8427, 0, 317.708, 0.98, 1, 0.00, 0.00, 0.00, 0.00, 0.19, 0.17, 0.07, 0.51, 1.18, 0.73, 1.32, 0.66, 0.23, 0.11, 1.26, 0.00, 0.00, 0.00, 0.00, 0.00, 1.00, 0.00, 0.00, 0.00, 1.00, 1.00, 0.00, 0.00, 1.00, 0.00, 0.00, 1.00, 0.00, 0.00, 0.00
8428, 0, 317.745, 0.98, 1, 0.00, 0.00, 0.00, 0.00, 0.13, 0.17, 0.07, 0.50, 1.13, 0.45, 1.72, 0.36, 0.20, 0.06, 1.28, 0.00, 0.00, 0.00, 0.00, 0.00, 1.00, 0.00, 0.00, 0.00, 1.00, 1.00, 0.00, 0.00, 0.00, 0.00, 0.00, 1.00, 0.00, 0.00, 0.00
8429, 0, 317.783, 0.88, 1, 0.00, 0.00, 0.00, 0.00, 0.07, 0.17, 0.11, 0.57, 1.07, 0.31, 1.76, 0.06, 0.17, 0.01, 1.28, 0.00, 0.00, 0.00, 0.00, 0.00, 1.00, 0.00, 0.00, 0.00, 1.00, 1.00, 0.00, 0.00, 0.00, 0.00, 0.00, 1.00, 0.00, 0.00, 0.00
8430, 0, 317.821, 0.88, 1, 0.00, 0.00, 0.00, 0.00, 0.00, 0.00, 0.04, 0.79, 1.25, 0.17, 1.57, 0.08, 0.05, 0.00, 1.29, 0.00, 0.00, 0.00, 0.00, 0.00, 1.00, 0.00, 0.00, 0.00, 1.00, 1.00, 0.00, 0.00, 0.00, 0.00, 0.00, 1.00, 0.00, 0.00, 0.00
8431, 0, 317.858, 0.88, 1, 0.00, 0.00, 0.00, 0.00, 0.00, 0.00, 0.04, 0.88, 1.35, 0.25, 1.12, 0.08, 0.05, 0.02, 1.14, 0.00, 0.00, 0.00, 0.00, 0.00, 1.00, 0.00, 0.00, 0.00, 1.00, 1.00, 0.00, 0.00, 0.00, 0.00, 1.00, 1.00, 0.00, 0.00, 0.00
8432, 0, 317.896, 0.88, 1, 0.00, 0.00, 0.00, 0.00, 0.00, 0.00, 0.00, 0.95, 1.47, 0.26, 0.98, 0.13, 0.05, 0.05, 0.92, 0.00, 0.00, 0.00, 0.00, 0.00, 1.00, 0.00, 0.00, 0.00, 1.00, 1.00, 0.00, 0.00, 0.00, 0.00, 1.00, 1.00, 0.00, 0.00, 0.00
8433, 0, 317.934, 0.88, 1, 0.00, 0.00, 0.00, 0.00, 0.00, 0.00, 0.00, 0.84, 1.43, 0.36, 0.96, 0.14, 0.00, 0.05, 0.82, 0.03, 0.00, 0.00, 0.00, 0.00, 1.00, 0.00, 0.00, 0.00, 1.00, 1.00, 0.00, 0.00, 0.00, 0.00, 1.00, 1.00, 0.00, 0.00, 0.00
8434, 0, 317.972, 0.93, 1, 0.00, 0.00, 0.00, 0.00, 0.00, 0.00, 0.00, 0.77, 1.37, 0.54, 0.77, 0.21, 0.00, 0.03, 0.78, 0.14, 0.00, 0.00, 0.00, 0.00, 1.00, 0.00, 0.00, 0.00, 1.00, 1.00, 0.00, 0.00, 0.00, 0.00, 1.00, 1.00, 0.00, 0.00, 0.00
8435, 0, 318.009, 0.93, 1, 0.00, 0.00, 0.00, 0.00, 0.00, 0.00, 0.00, 0.62, 1.16, 0.48, 0.68, 0.16, 0.00, 0.02, 0.84, 0.42, 0.00, 0.00, 0.00, 0.00, 1.00, 0.00, 0.00, 0.00, 1.00, 1.00, 0.00, 0.00, 0.00, 0.00, 1.00, 1.00, 0.00, 0.00, 0.00
8436, 0, 318.047, 0.98, 1, 0.00, 0.00, 0.00, 0.00, 0.00, 0.00, 0.00, 0.52, 0.84, 0.45, 0.70, 0.19, 0.00, 0.11, 0.78, 0.62, 0.00, 0.00, 0.00, 0.00, 1.00, 0.00, 0.00, 0.00, 1.00, 0.00, 0.00, 0.00, 0.00, 0.00, 1.00, 1.00, 0.00, 0.00, 0.00
8437, 0, 318.085, 0.98, 1, 0.00, 0.00, 0.00, 0.00, 0.00, 0.00, 0.00, 0.40, 0.62, 0.29, 0.76, 0.24, 0.00, 0.16, 0.68, 0.80, 0.00, 0.00, 0.00, 0.00, 1.00, 0.00, 0.00, 0.00, 1.00, 0.00, 0.00, 0.00, 0.00, 0.00, 1.00, 1.00, 0.00, 0.00, 0.00
8438, 0, 318.122, 0.98, 1, 0.00, 0.00, 0.00, 0.00, 0.00, 0.00, 0.00, 0.39, 0.51, 0.29, 0.74, 0.41, 0.00, 0.20, 0.49, 0.81, 0.00, 0.00, 0.00, 0.00, 1.00, 0.00, 0.00, 0.00, 0.00, 0.00, 0.00, 0.00, 0.00, 0.00, 1.00, 0.00, 0.00, 0.00, 0.00
8439, 0, 318.160, 0.98, 1, 0.00, 0.00, 0.00, 0.00, 0.00, 0.00, 0.00, 0.30, 0.48, 0.30, 0.77, 0.40, 0.00, 0.21, 0.51, 0.91, 0.00, 0.00, 0.00, 0.00, 1.00, 0.00, 0.00, 0.00, 0.00, 0.00, 0.00, 0.00, 0.00, 0.00, 1.00, 0.00, 0.00, 0.00, 0.00
8440, 0, 318.198, 0.98, 1, 0.00, 0.00, 0.00, 0.00, 0.05, 0.09, 0.00, 0.50, 0.61, 0.40, 0.85, 0.47, 0.09, 0.16, 0.51, 0.64, 0.00, 0.00, 0.00, 0.00, 1.00, 0.00, 0.00, 0.00, 0.00, 0.00, 0.00, 0.00, 0.00, 0.00, 1.00, 0.00, 0.00, 0.00, 0.00
8441, 0, 318.236, 0.98, 1, 0.00, 0.00, 0.00, 0.00, 0.05, 0.09, 0.00, 0.50, 0.78, 0.58, 1.08, 0.49, 0.09, 0.10, 0.59, 0.51, 0.00, 0.00, 0.00, 0.00, 1.00, 0.00, 0.00, 0.00, 0.00, 0.00, 0.00, 0.00, 1.00, 0.00, 0.00, 0.00, 0.00, 0.00, 0.00
8442, 0, 318.273, 0.98, 1, 0.00, 0.00, 0.00, 0.00, 0.05, 0.09, 0.00, 0.57, 0.96, 0.45, 1.42, 0.57, 0.16, 0.04, 0.61, 0.36, 0.00, 0.00, 0.00, 0.00, 1.00, 0.00, 0.00, 0.00, 0.00, 0.00, 0.00, 0.00, 1.00, 0.00, 0.00, 0.00, 0.00, 0.00, 0.00
8443, 0, 318.311, 0.98, 1, 0.00, 0.00, 0.00, 0.03, 0.00, 0.00, 0.00, 0.35, 0.90, 0.26, 1.78, 0.58, 0.13, 0.13, 0.68, 0.33, 0.00, 0.00, 0.00, 0.00, 1.00, 0.00, 0.00, 0.00, 0.00, 0.00, 0.00, 0.00, 1.00, 0.00, 0.00, 0.00, 0.00, 0.00, 0.00
8444, 0, 318.349, 0.98, 1, 0.00, 0.00, 0.00, 0.12, 0.00, 0.00, 0.00, 0.41, 0.88, 0.21, 1.54, 0.69, 0.14, 0.18, 0.77, 0.31, 0.00, 0.00, 0.00, 0.00, 1.00, 0.00, 0.00, 0.00, 0.00, 0.00, 0.00, 0.00, 1.00, 0.00, 0.00, 0.00, 0.00, 0.00, 0.00
8445, 0, 318.386, 0.98, 1, 0.00, 0.00, 0.00, 0.15, 0.00, 0.00, 0.00, 0.52, 0.81, 0.23, 0.92, 0.56, 0.07, 0.15, 0.86, 0.15, 0.00, 0.00, 0.00, 0.00, 1.00, 0.00, 0.00, 0.00, 0.00, 0.00, 0.00, 0.00, 1.00, 0.00, 0.00, 0.00, 0.00, 0.00, 0.00
8446, 0, 318.424, 0.98, 1, 0.00, 0.00, 0.00, 0.12, 0.00, 0.02, 0.00, 0.65, 0.79, 0.52, 0.23, 0.37, 0.01, 0.06, 0.87, 0.29, 0.00, 0.00, 0.00, 0.00, 1.00, 0.00, 0.00, 0.00, 0.00, 0.00, 0.00, 0.00, 0.00, 0.00, 1.00, 0.00, 0.00, 0.00, 0.00
8447, 0, 318.462, 0.98, 1, 0.00, 0.00, 0.00, 0.03, 0.00, 0.02, 0.00, 0.78, 0.78, 0.62, 0.00, 0.16, 0.00, 0.06, 0.79, 0.34, 0.00, 0.00, 1.00, 0.00, 1.00, 0.00, 0.00, 0.00, 0.00, 1.00, 1.00, 0.00, 0.00, 0.00, 1.00, 0.00, 0.00, 0.00, 0.00
8448, 0, 318.499, 0.98, 1, 0.00, 0.00, 0.00, 0.01, 0.00, 0.02, 0.00, 0.75, 0.78, 0.86, 0.00, 0.12, 0.00, 0.07, 0.71, 0.54, 0.00, 0.00, 1.00, 0.00, 1.00, 0.00, 0.00, 0.00, 0.00, 1.00, 1.00, 0.00, 0.00, 0.00, 1.00, 0.00, 0.00, 0.00, 0.00
8449, 0, 318.537, 0.98, 1, 0.00, 0.03, 0.00, 0.01, 0.00, 0.00, 0.00, 0.81, 0.76, 0.84, 0.00, 0.16, 0.00, 0.09, 0.69, 0.58, 0.00, 0.00, 1.00, 0.00, 1.00, 0.00, 0.00, 0.00, 0.00, 1.00, 1.00, 0.00, 0.00, 0.00, 1.00, 0.00, 0.00, 0.00, 0.00
8450, 0, 318.575, 0.98, 1, 0.00, 0.03, 0.00, 0.01, 0.00, 0.00, 0.00, 1.00, 0.75, 0.73, 0.00, 0.25, 0.00, 0.12, 0.63, 0.53, 0.00, 0.00, 0.00, 0.00, 1.00, 0.00, 0.00, 0.00, 0.00, 1.00, 1.00, 0.00, 0.00, 0.00, 1.00, 0.00, 0.00, 0.00, 0.00
8451, 0, 318.613, 0.93, 1, 0.00, 0.02, 0.00, 0.00, 0.01, 0.00, 0.00, 1.26, 0.75, 0.69, 0.00, 0.48, 0.00, 0.21, 0.56, 0.55, 0.00, 0.00, 1.00, 0.00, 1.00, 0.00, 0.00, 0.00, 0.00, 0.00, 1.00, 0.00, 1.00, 0.00, 0.00, 0.00, 0.00, 0.00, 0.00
8452, 0, 318.650, 0.98, 1, 0.00, 0.00, 0.00, 0.00, 0.11, 0.00, 0.01, 1.52, 0.70, 0.83, 0.05, 0.68, 0.09, 0.23, 0.35, 0.57, 0.00, 0.00, 0.00, 0.00, 1.00, 0.00, 0.00, 0.00, 0.00, 0.00, 1.00, 0.00, 1.00, 0.00, 0.00, 0.00, 0.00, 0.00, 0.00
8453, 0, 318.688, 0.98, 1, 0.00, 0.02, 0.00, 0.00, 0.17, 0.00, 0.01, 1.43, 0.64, 0.94, 0.16, 0.76, 0.09, 0.15, 0.32, 0.71, 0.00, 0.00, 0.00, 0.00, 1.00, 0.00, 0.00, 0.00, 1.00, 0.00, 1.00, 0.00, 1.00, 0.00, 0.00, 0.00, 0.00, 0.00, 0.00
8454, 0, 318.726, 0.98, 1, 0.00, 0.02, 0.00, 0.00, 0.27, 0.00, 0.09, 1.32, 0.63, 0.84, 0.26, 0.68, 0.09, 0.08, 0.38, 0.81, 0.00, 0.00, 0.00, 0.00, 1.00, 0.00, 0.00, 0.00, 1.00, 0.00, 1.00, 0.00, 1.00, 0.00, 0.00, 0.00, 0.00, 0.00, 0.00
8455, 0, 318.763, 0.98, 1, 0.00, 0.02, 0.00, 0.00, 0.17, 0.00, 0.08, 1.14, 0.69, 0.77, 0.21, 0.49, 0.00, 0.06, 0.52, 0.64, 0.00, 0.00, 0.00, 0.00, 1.00, 0.00, 0.00, 0.00, 1.00, 0.00, 1.00, 0.00, 1.00, 0.00, 0.00, 0.00, 0.00, 0.00, 0.00
8456, 0, 318.801, 0.98, 1, 0.00, 0.00, 0.00, 0.01, 0.11, 0.00, 0.08, 1.08, 0.73, 0.87, 0.09, 0.28, 0.00, 0.08, 0.58, 0.50, 0.00, 0.00, 0.00, 0.00, 1.00, 0.00, 0.00, 0.00, 1.00, 0.00, 1.00, 0.00, 0.00, 0.00, 0.00, 0.00, 0.00, 0.00, 0.00
8457, 0, 318.839, 0.98, 1, 0.00, 0.00, 0.00, 0.01, 0.00, 0.00, 0.02, 0.99, 0.74, 0.87, 0.00, 0.10, 0.00, 0.05, 0.51, 0.29, 0.00, 0.00, 0.00, 0.00, 1.00, 0.00, 0.00, 0.00, 1.00, 1.00, 1.00, 0.00, 0.00, 0.00, 0.00, 0.00, 0.00, 0.00, 0.00
8458, 0, 318.877, 0.98, 1, 0.00, 0.00, 0.00, 0.13, 0.00, 0.00, 0.02, 0.99, 0.73, 0.82, 0.00, 0.14, 0.00, 0.09, 0.55, 0.48, 0.00, 0.00, 0.00, 0.00, 1.00, 0.00, 0.00, 0.00, 1.00, 1.00, 1.00, 0.00, 0.00, 0.00, 0.00, 0.00, 0.00, 0.00, 0.00
8459, 0, 318.914, 0.98, 1, 0.00, 0.00, 0.00, 0.12, 0.00, 0.00, 0.02, 0.92, 0.74, 0.75, 0.00, 0.22, 0.00, 0.07, 0.57, 0.53, 0.00, 0.00, 0.00, 0.00, 1.00, 0.00, 0.00, 0.00, 1.00, 1.00, 1.00, 0.00, 0.00, 0.00, 0.00, 0.00, 0.00, 0.00, 0.00
8460, 0, 318.952, 0.98, 1, 0.05, 0.00, 0.00, 0.12, 0.00, 0.00, 0.00, 1.03, 0.64, 0.75, 0.01, 0.47, 0.00, 0.11, 0.61, 0.89, 0.02, 0.00, 0.00, 0.00, 1.00, 0.00, 0.00, 0.00, 1.00, 1.00, 1.00, 0.00, 0.00, 0.00, 1.00, 0.00, 0.00, 0.00, 0.00
8461, 0, 318.990, 0.88, 1, 0.17, 0.00, 0.00, 0.00, 0.00, 0.00, 0.00, 1.06, 0.51, 0.66, 0.08, 0.66, 0.00, 0.10, 0.58, 1.09, 0.02, 0.00, 0.00, 0.00, 1.00, 0.00, 0.00, 0.00, 1.00, 0.00, 1.00, 0.00, 1.00, 0.00, 1.00, 0.00, 0.00, 0.00, 0.00
8462, 0, 319.027, 0.88, 1, 0.29, 0.08, 0.00, 0.00, 0.00, 0.00, 0.00, 1.14, 0.27, 0.82, 0.08, 0.83, 0.00, 0.07, 0.37, 1.28, 0.02, 0.00, 0.00, 0.00, 1.00, 0.00, 0.00, 0.00, 1.00, 0.00, 1.00, 0.00, 1.00, 0.00, 1.00, 0.00, 0.00, 0.00, 0.00
8463, 0, 319.065, 0.93, 1, 0.30, 0.17, 0.00, 0.00, 0.00, 0.00, 0.00, 1.05, 0.12, 1.09, 0.07, 0.83, 0.00, 0.03, 0.19, 1.24, 0.00, 0.00, 0.00, 0.00, 1.00, 0.00, 0.00, 0.00, 1.00, 0.00, 1.00, 0.00, 1.00, 0.00, 0.00, 0.00, 0.00, 0.00, 0.00
8464, 0, 319.103, 0.93, 1, 0.27, 0.17, 0.00, 0.00, 0.00, 0.00, 0.00, 0.93, 0.00, 1.19, 0.00, 0.67, 0.00, 0.00, 0.07, 1.04, 0.00, 0.00, 0.00, 0.00, 1.00, 0.00, 0.00, 0.00, 1.00, 0.00, 1.00, 0.00, 1.00, 0.00, 0.00, 0.00, 0.00, 0.00, 0.00
8465, 0, 319.140, 0.93, 1, 0.15, 0.09, 0.00, 0.00, 0.00, 0.00, 0.07, 1.00, 0.08, 0.85, 0.00, 0.39, 0.06, 0.00, 0.13, 0.65, 0.03, 0.00, 0.00, 0.00, 1.00, 0.00, 0.00, 0.00, 1.00, 0.00, 1.00, 0.00, 0.00, 0.00, 1.00, 0.00, 0.00, 0.00, 0.00
8466, 0, 319.178, 0.98, 1, 0.12, 0.00, 0.00, 0.00, 0.00, 0.00, 0.07, 1.14, 0.14, 0.52, 0.00, 0.26, 0.06, 0.01, 0.22, 0.36, 0.03, 0.00, 0.00, 0.00, 1.00, 0.00, 0.00, 0.00, 1.00, 0.00, 1.00, 1.00, 0.00, 0.00, 1.00, 0.00, 0.00, 0.00, 0.00
8467, 0, 319.216, 0.98, 1, 0.07, 0.00, 0.00, 0.00, 0.00, 0.00, 0.07, 1.36, 0.21, 0.46, 0.00, 0.26, 0.06, 0.02, 0.29, 0.30, 0.03, 0.00, 0.00, 0.00, 1.00, 0.00, 0.00, 0.00, 1.00, 0.00, 1.00, 1.00, 0.00, 0.00, 1.00, 0.00, 0.00, 0.00, 0.00
8468, 0, 319.254, 0.98, 1, 0.10, 0.00, 0.00, 0.00, 0.00, 0.00, 0.02, 1.30, 0.18, 0.46, 0.00, 0.28, 0.00, 0.02, 0.21, 0.32, 0.00, 0.00, 0.00, 0.00, 1.00, 0.00, 0.00, 0.00, 1.00, 0.00, 1.00, 1.00, 0.00, 0.00, 1.00, 0.00, 0.00, 0.00, 0.00
8469, 0, 319.291, 0.98, 1, 0.06, 0.00, 0.00, 0.00, 0.00, 0.00, 0.04, 1.27, 0.12, 0.62, 0.00, 0.34, 0.18, 0.01, 0.11, 0.21, 0.01, 0.00, 0.00, 0.00, 1.00, 0.00, 0.00, 0.00, 1.00, 0.00, 1.00, 1.00, 0.00, 0.00, 1.00, 0.00, 0.00, 0.00, 0.00
8470, 0, 319.329, 0.98, 1, 0.09, 0.00, 0.00, 0.04, 0.00, 0.17, 0.08, 1.31, 0.05, 0.38, 0.10, 0.29, 0.37, 0.04, 0.00, 0.04, 0.01, 0.00, 0.00, 0.00, 1.00, 0.00, 0.00, 0.00, 1.00, 0.00, 0.00, 1.00, 0.00, 0.00, 1.00, 0.00, 0.00, 0.00, 0.00
8471, 0, 319.367, 0.98, 1, 0.21, 0.00, 0.00, 0.04, 0.00, 0.33, 0.06, 1.58, 0.00, 0.29, 0.23, 0.42, 0.47, 0.07, 0.00, 0.02, 0.01, 0.00, 0.00, 0.00, 1.00, 0.00, 0.00, 0.00, 1.00, 0.00, 0.00, 1.00, 0.00, 0.00, 1.00, 0.00, 0.00, 0.00, 0.00
8472, 0, 319.404, 0.98, 1, 0.39, 0.00, 0.00, 0.04, 0.00, 0.48, 0.03, 1.62, 0.00, 0.03, 0.45, 0.58, 0.60, 0.12, 0.00, 0.00, 0.00, 0.00, 0.00, 0.00, 1.00, 0.00, 0.00, 0.00, 0.00, 0.00, 0.00, 1.00, 0.00, 0.00, 1.00, 0.00, 0.00, 0.00, 0.00
8473, 0, 319.442, 0.98, 1, 0.50, 0.00, 0.00, 0.01, 0.00, 0.37, 0.00, 1.37, 0.00, 0.03, 0.53, 0.85, 0.62, 0.12, 0.00, 0.00, 0.00, 0.00, 0.00, 0.00, 1.00, 0.00, 0.00, 0.00, 0.00, 0.00, 0.00, 1.00, 0.00, 0.00, 0.00, 0.00, 0.00, 0.00, 0.00
8474, 0, 319.480, 0.98, 1, 0.49, 0.00, 0.00, 0.01, 0.00, 0.28, 0.00, 0.99, 0.00, 0.03, 0.64, 0.96, 0.82, 0.12, 0.00, 0.00, 0.00, 0.00, 0.00, 0.00, 1.00, 0.00, 0.00, 0.00, 0.00, 0.00, 0.00, 1.00, 0.00, 0.00, 0.00, 0.00, 0.00, 0.00, 0.00
8475, 0, 319.518, 0.98, 1, 0.61, 0.15, 0.00, 0.01, 0.00, 0.13, 0.08, 0.88, 0.00, 0.00, 0.55, 0.79, 0.53, 0.09, 0.00, 0.11, 0.00, 0.00, 0.00, 0.00, 1.00, 0.00, 0.00, 0.00, 0.00, 0.00, 0.00, 1.00, 0.00, 0.00, 0.00, 0.00, 0.00, 0.00, 0.00
8476, 0, 319.555, 0.98, 1, 0.63, 0.15, 0.00, 0.00, 0.00, 0.06, 0.11, 1.17, 0.00, 0.00, 0.50, 0.74, 0.37, 0.16, 0.00, 0.25, 0.00, 0.00, 0.00, 0.00, 1.00, 0.00, 0.00, 0.00, 0.00, 0.00, 0.00, 1.00, 0.00, 0.00, 0.00, 0.00, 0.00, 0.00, 0.00
8477, 0, 319.593, 0.98, 1, 0.67, 0.15, 0.00, 0.00, 0.00, 0.00, 0.29, 1.47, 0.00, 0.01, 0.26, 0.53, 0.07, 0.13, 0.24, 0.53, 0.00, 0.00, 0.00, 0.00, 1.00, 0.00, 0.00, 0.00, 0.00, 0.00, 0.00, 1.00, 0.00, 0.00, 0.00, 0.00, 0.00, 0.00, 0.00
8478, 0, 319.631, 0.98, 1, 0.69, 0.00, 0.02, 0.00, 0.00, 0.00, 0.32, 1.75, 0.00, 0.01, 0.13, 0.36, 0.05, 0.10, 0.45, 0.64, 0.00, 0.00, 0.00, 0.00, 1.00, 0.00, 0.00, 0.00, 0.00, 0.00, 0.00, 1.00, 0.00, 0.00, 0.00, 1.00, 0.00, 0.00, 0.00
8479, 0, 319.668, 0.98, 1, 0.81, 0.05, 0.08, 0.00, 0.00, 0.02, 0.40, 1.83, 0.00, 0.01, 0.00, 0.06, 0.00, 0.00, 0.64, 0.76, 0.00, 0.00, 0.00, 0.00, 1.00, 0.00, 0.00, 0.00, 0.00, 0.00, 0.00, 1.00, 0.00, 0.00, 0.00, 1.00, 0.00, 0.00, 0.00
8480, 0, 319.706, 0.98, 1, 0.63, 0.05, 0.08, 0.00, 0.00, 0.02, 0.31, 2.00, 0.00, 0.23, 0.34, 0.00, 0.08, 0.00, 0.64, 0.94, 0.00, 0.00, 0.00, 0.00, 1.00, 0.00, 0.00, 0.00, 0.00, 0.00, 0.00, 1.00, 0.00, 0.00, 0.00, 1.00, 0.00, 0.00, 0.00
8481, 0, 319.744, 0.88, 1, 0.46, 0.05, 0.05, 0.00, 0.00, 0.02, 0.26, 1.89, 0.00, 0.23, 0.53, 0.00, 0.11, 0.00, 0.51, 0.97, 0.00, 0.00, 0.00, 0.00, 1.00, 0.00, 0.00, 0.00, 0.00, 0.00, 0.00, 1.00, 0.00, 0.00, 0.00, 1.00, 0.00, 0.00, 0.00
8482, 0, 319.781, 0.93, 1, 0.30, 0.00, 0.00, 0.00, 0.00, 0.00, 0.14, 1.77, 0.00, 0.23, 0.98, 0.00, 0.17, 0.00, 0.69, 0.92, 0.00, 0.00, 0.00, 0.00, 1.00, 0.00, 0.00, 0.00, 0.00, 0.00, 0.00, 1.00, 0.00, 0.00, 0.00, 1.00, 0.00, 0.00, 0.00
8483, 0, 319.819, 0.93, 1, 0.43, 0.00, 0.00, 0.00, 0.00, 0.00, 0.15, 1.52, 0.02, 0.33, 0.68, 0.00, 0.09, 0.00, 0.62, 0.79, 0.00, 0.00, 0.00, 0.00, 1.00, 0.00, 0.00, 0.00, 0.00, 0.00, 0.00, 1.00, 0.00, 0.00, 0.00, 1.00, 0.00, 0.00, 0.00
8484, 0, 319.857, 0.93, 1, 0.42, 0.00, 0.00, 0.00, 0.00, 0.00, 0.14, 1.47, 0.12, 0.46, 0.49, 0.06, 0.11, 0.00, 0.74, 0.89, 0.06, 0.00, 0.00, 0.00, 1.00, 0.00, 0.00, 0.00, 0.00, 0.00, 0.00, 0.00, 0.00, 0.00, 0.00, 0.00, 0.00, 0.00, 0.00
8485, 0, 319.895, 0.93, 1, 0.42, 0.00, 0.00, 0.00, 0.00, 0.00, 0.16, 1.44, 0.12, 0.49, 0.04, 0.09, 0.06, 0.00, 0.38, 1.00, 0.30, 0.00, 0.00, 0.00, 1.00, 0.00, 0.00, 0.00, 0.00, 0.00, 0.00, 0.00, 0.00, 0.00, 0.00, 0.00, 0.00, 0.00, 0.00
8486, 0, 319.932, 0.88, 1, 0.44, 0.00, 0.00, 0.22, 0.00, 0.00, 0.07, 1.45, 0.10, 0.37, 0.06, 0.09, 0.07, 0.00, 0.22, 0.82, 0.34, 0.00, 0.00, 0.00, 1.00, 0.00, 0.00, 0.00, 0.00, 0.00, 0.00, 0.00, 0.00, 0.00, 0.00, 0.00, 0.00, 0.00, 0.00
8487, 0, 319.970, 0.93, 1, 0.36, 0.00, 0.00, 0.29, 0.00, 0.00, 0.02, 1.54, 0.00, 0.46, 0.22, 0.14, 0.10, 0.00, 0.00, 0.59, 0.33, 0.00, 0.00, 0.00, 1.00, 0.00, 0.00, 0.00, 0.00, 0.00, 0.00, 0.00, 0.00, 0.00, 0.00, 0.00, 0.00, 0.00, 0.00
8488, 0, 320.008, 0.93, 1, 0.36, 0.00, 0.00, 0.29, 0.00, 0.00, 0.11, 1.36, 0.00, 0.75, 0.29, 0.11, 0.10, 0.00, 0.00, 0.36, 0.16, 0.00, 0.00, 0.00, 1.00, 0.00, 0.00, 0.00, 0.00, 0.00, 0.00, 0.00, 0.00, 0.00, 0.00, 0.00, 0.00, 0.00, 0.00
8489, 0, 320.045, 0.93, 1, 0.38, 0.00, 0.00, 0.07, 0.00, 0.00, 0.13, 1.04, 0.00, 0.81, 0.28, 0.11, 0.16, 0.00, 0.00, 0.28, 0.13, 0.00, 0.00, 0.00, 1.00, 0.00, 0.00, 0.00, 0.00, 0.00, 0.00, 0.00, 0.00, 0.00, 1.00, 0.00, 0.00, 0.00, 0.00
8490, 0, 320.083, 0.93, 1, 0.33, 0.00, 0.00, 0.00, 0.00, 0.00, 0.23, 0.82, 0.01, 0.86, 0.12, 0.25, 0.07, 0.00, 0.00, 0.43, 0.08, 0.00, 0.00, 0.00, 1.00, 0.00, 0.00, 0.00, 0.00, 0.00, 1.00, 1.00, 0.00, 0.00, 1.00, 0.00, 0.00, 0.00, 0.00
8491, 0, 320.121, 0.98, 1, 0.17, 0.00, 0.00, 0.00, 0.00, 0.00, 0.23, 0.82, 0.02, 0.81, 0.05, 0.52, 0.07, 0.00, 0.00, 0.61, 0.00, 0.00, 0.00, 0.00, 1.00, 0.00, 0.00, 0.00, 0.00, 0.00, 1.00, 1.00, 0.00, 0.00, 1.00, 0.00, 0.00, 0.00, 0.00
8492, 0, 320.159, 0.98, 1, 0.18, 0.09, 0.00, 0.00, 0.00, 0.01, 0.26, 0.96, 0.02, 0.88, 0.00, 0.82, 0.00, 0.00, 0.02, 0.97, 0.00, 0.00, 0.00, 0.00, 1.00, 0.00, 0.00, 0.00, 0.00, 0.00, 1.00, 1.00, 0.00, 0.00, 1.00, 0.00, 0.00, 0.00, 0.00
8493, 0, 320.196, 0.98, 1, 0.31, 0.27, 0.00, 0.00, 0.00, 0.20, 0.19, 0.95, 0.02, 0.97, 0.00, 0.67, 0.00, 0.00, 0.04, 1.02, 0.00, 0.00, 0.00, 0.00, 1.00, 0.00, 0.00, 0.00, 0.00, 0.00, 1.00, 1.00, 0.00, 0.00, 1.00, 0.00, 0.00, 0.00, 0.00
8494, 0, 320.234, 0.98, 1, 0.33, 0.27, 0.00, 0.00, 0.00, 0.20, 0.11, 1.02, 0.06, 0.84, 0.00, 0.41, 0.00, 0.00, 0.22, 1.10, 0.00, 0.00, 0.00, 0.00, 1.00, 0.00, 0.00, 0.00, 0.00, 0.00, 1.00, 1.00, 0.00, 0.00, 1.00, 0.00, 0.00, 0.00, 0.00
8495, 0, 320.272, 0.98, 1, 0.26, 0.18, 0.00, 0.00, 0.00, 0.36, 0.05, 0.92, 0.10, 0.75, 0.00, 0.12, 0.00, 0.00, 0.35, 0.85, 0.00, 0.00, 0.00, 0.00, 1.00, 0.00, 0.00, 0.00, 0.00, 0.00, 1.00, 1.00, 0.00, 0.00, 0.00, 0.00, 0.00, 0.00, 0.00
8496, 0, 320.309, 0.98, 1, 0.25, 0.00, 0.00, 0.00, 0.00, 0.21, 0.02, 0.82, 0.16, 0.74, 0.00, 0.05, 0.00, 0.00, 0.33, 0.81, 0.00, 0.00, 0.00, 0.00, 1.00, 0.00, 0.00, 0.00, 0.00, 0.00, 1.00, 1.00, 0.00, 0.00, 0.00, 0.00, 0.00, 0.00, 0.00
8497, 0, 320.347, 0.98, 1, 0.23, 0.00, 0.00, 0.00, 0.00, 0.21, 0.00, 0.70, 0.27, 0.72, 0.00, 0.13, 0.00, 0.00, 0.16, 0.77, 0.00, 0.00, 0.00, 0.00, 1.00, 0.00, 0.00, 0.00, 0.00, 0.00, 1.00, 1.00, 0.00, 0.00, 0.00, 0.00, 0.00, 0.00, 0.00
8498, 0, 320.385, 0.98, 1, 0.12, 0.00, 0.00, 0.00, 0.00, 0.03, 0.00, 0.54, 0.44, 0.65, 0.00, 0.32, 0.00, 0.00, 0.25, 1.17, 0.00, 0.00, 0.00, 0.00, 1.00, 0.00, 0.00, 0.00, 0.00, 0.00, 1.00, 0.00, 0.00, 0.00, 0.00, 0.00, 0.00, 0.00, 0.00
8499, 0, 320.422, 0.93, 1, 0.02, 0.00, 0.00, 0.00, 0.00, 0.00, 0.00, 0.39, 0.58, 0.50, 0.00, 0.49, 0.00, 0.02, 0.47, 1.46, 0.00, 0.00, 0.00, 0.00, 1.00, 0.00, 0.00, 0.00, 0.00, 0.00, 1.00, 0.00, 0.00, 0.00, 0.00, 0.00, 0.00, 0.00, 0.00
8500, 0, 320.460, 0.93, 1, 0.27, 0.00, 0.00, 0.00, 0.00, 0.00, 0.00, 0.33, 0.41, 0.88, 0.00, 0.57, 0.03, 0.08, 1.12, 1.68, 0.00, 0.00, 0.00, 0.00, 1.00, 0.00, 0.00, 0.00, 0.00, 0.00, 1.00, 0.00, 0.00, 0.00, 0.00, 0.00, 0.00, 0.00, 0.00
8501, 0, 320.498, 0.93, 1, 0.46, 0.00, 0.00, 0.00, 0.00, 0.00, 0.01, 0.42, 0.21, 1.08, 0.00, 0.51, 0.03, 0.15, 1.24, 1.42, 0.00, 0.00, 0.00, 0.00, 1.00, 0.00, 0.00, 0.00, 0.00, 0.00, 1.00, 0.00, 0.00, 0.00, 0.00, 0.00, 0.00, 0.00, 0.00
8502, 0, 320.536, 0.88, 1, 0.57, 0.00, 0.00, 0.00, 0.00, 0.00, 0.02, 0.46, 0.00, 1.11, 0.00, 0.43, 0.10, 0.19, 1.23, 1.01, 0.00, 0.00, 0.00, 0.00, 1.00, 0.00, 0.00, 0.00, 0.00, 0.00, 1.00, 0.00, 0.00, 0.00, 0.00, 0.00, 0.00, 0.00, 0.00
8503, 0, 320.573, 0.88, 1, 0.32, 0.00, 0.00, 0.00, 0.00, 0.00, 0.02, 0.44, 0.01, 0.75, 0.00, 0.27, 0.15, 0.13, 0.69, 0.84, 0.00, 0.00, 0.00, 0.00, 1.00, 0.00, 0.00, 0.00, 0.00, 0.00, 1.00, 0.00, 0.00, 0.00, 0.00, 0.00, 0.00, 0.00, 0.00
8504, 0, 320.611, 0.93, 1, 0.21, 0.00, 0.00, 0.00, 0.00, 0.00, 0.02, 0.49, 0.03, 0.59, 0.00, 0.15, 0.15, 0.14, 0.45, 0.88, 0.00, 0.00, 0.00, 0.00, 1.00, 0.00, 0.00, 0.00, 0.00, 0.00, 0.00, 0.00, 0.00, 0.00, 0.00, 0.00, 0.00, 0.00, 0.00
8505, 0, 320.649, 0.93, 1, 0.07, 0.00, 0.00, 0.00, 0.00, 0.00, 0.00, 0.38, 0.08, 0.37, 0.00, 0.10, 0.07, 0.26, 0.24, 0.81, 0.00, 0.00, 0.00, 0.00, 1.00, 0.00, 0.00, 0.00, 0.00, 0.00, 0.00, 1.00, 0.00, 0.00, 0.00, 0.00, 0.00, 0.00, 0.00
8506, 0, 320.686, 0.88, 1, 0.07, 0.00, 0.00, 0.00, 0.00, 0.00, 0.04, 0.20, 0.14, 0.24, 0.00, 0.09, 0.00, 0.37, 0.14, 0.46, 0.02, 0.00, 0.00, 0.00, 1.00, 0.00, 0.00, 0.00, 0.00, 0.00, 0.00, 1.00, 0.00, 0.00, 0.00, 0.00, 0.00, 0.00, 1.00
8507, 0, 320.724, 0.93, 1, 0.00, 0.00, 0.00, 0.00, 0.00, 0.00, 0.06, 0.00, 0.21, 0.14, 0.00, 0.12, 0.00, 0.43, 0.00, 0.17, 0.04, 0.00, 0.00, 0.00, 1.00, 0.00, 0.00, 0.00, 0.00, 0.00, 0.00, 1.00, 0.00, 0.00, 0.00, 0.00, 0.00, 0.00, 1.00
8508, 0, 320.762, 0.93, 1, 0.00, 0.00, 0.00, 0.03, 0.00, 0.00, 0.08, 0.00, 0.20, 0.14, 0.00, 0.17, 0.00, 0.29, 0.00, 0.27, 0.06, 0.00, 0.00, 0.00, 1.00, 0.00, 0.00, 0.00, 0.00, 0.00, 0.00, 1.00, 0.00, 0.00, 0.00, 0.00, 0.00, 0.00, 1.00
8509, 0, 320.800, 0.88, 1, 0.00, 0.03, 0.00, 0.03, 0.00, 0.00, 0.04, 0.00, 0.16, 0.11, 0.00, 0.31, 0.06, 0.18, 0.00, 0.52, 0.06, 0.00, 0.00, 0.00, 1.00, 0.00, 0.00, 0.00, 0.00, 0.00, 0.00, 1.00, 0.00, 0.00, 0.00, 0.00, 0.00, 0.00, 1.00
8510, 0, 320.837, 0.88, 1, 0.01, 0.03, 0.00, 0.03, 0.00, 0.00, 0.02, 0.00, 0.15, 0.00, 0.00, 0.63, 0.10, 0.09, 0.00, 0.49, 0.25, 0.00, 0.00, 0.00, 1.00, 0.00, 0.00, 0.00, 0.00, 0.00, 0.00, 1.00, 0.00, 0.00, 1.00, 0.00, 0.00, 0.00, 1.00
8511, 0, 320.875, 0.88, 1, 0.01, 0.03, 0.00, 0.00, 0.00, 0.00, 0.00, 0.00, 0.19, 0.08, 0.00, 0.68, 0.20, 0.15, 0.05, 0.46, 0.37, 0.00, 0.00, 0.00, 1.00, 0.00, 0.00, 0.00, 0.00, 0.00, 0.00, 1.00, 0.00, 0.00, 1.00, 0.00, 0.00, 0.00, 1.00
8512, 0, 320.913, 0.88, 1, 0.01, 0.00, 0.00, 0.00, 0.00, 0.00, 0.00, 0.00, 0.35, 0.08, 0.00, 0.70, 0.40, 0.23, 0.05, 0.33, 0.47, 0.00, 0.00, 0.00, 1.00, 0.00, 0.00, 0.00, 0.00, 0.00, 0.00, 1.00, 0.00, 0.00, 1.00, 0.00, 0.00, 0.00, 1.00
8513, 0, 320.950, 0.88, 1, 0.02, 0.00, 0.00, 0.00, 0.00, 0.00, 0.06, 0.00, 0.27, 0.28, 0.00, 0.35, 0.35, 0.19, 0.05, 0.29, 0.38, 0.00, 0.00, 0.00, 1.00, 0.00, 0.00, 0.00, 0.00, 0.00, 0.00, 1.00, 0.00, 0.00, 1.00, 0.00, 0.00, 0.00, 1.00
8514, 0, 320.988, 0.93, 1, 0.02, 0.00, 0.00, 0.00, 0.00, 0.00, 0.12, 0.00, 0.19, 0.35, 0.02, 0.18, 0.26, 0.09, 0.00, 0.15, 0.31, 0.00, 0.00, 0.00, 1.00, 0.00, 0.00, 0.00, 0.00, 0.00, 0.00, 1.00, 0.00, 0.00, 1.00, 0.00, 0.00, 0.00, 1.00
8515, 0, 321.026, 0.98, 1, 0.02, 0.00, 0.00, 0.00, 0.00, 0.00, 0.13, 0.00, 0.10, 0.35, 0.02, 0.19, 0.00, 0.00, 0.00, 0.13, 0.45, 0.00, 0.00, 0.00, 1.00, 0.00, 0.00, 0.00, 0.00, 0.00, 0.00, 1.00, 0.00, 0.00, 1.00, 0.00, 0.00, 0.00, 1.00
8516, 0, 321.063, 0.88, 1, 0.00, 0.09, 0.00, 0.00, 0.00, 0.00, 0.07, 0.00, 0.24, 0.15, 0.02, 0.38, 0.02, 0.00, 0.00, 0.50, 0.61, 0.00, 0.00, 0.00, 1.00, 0.00, 0.00, 0.00, 0.00, 0.00, 0.00, 1.00, 1.00, 0.00, 1.00, 0.00, 0.00, 0.00, 1.00
8517, 0, 321.101, 0.88, 1, 0.00, 0.09, 0.00, 0.00, 0.00, 0.00, 0.02, 0.00, 0.49, 0.00, 0.06, 0.63, 0.02, 0.05, 0.00, 0.83, 0.54, 0.00, 0.00, 0.00, 1.00, 0.00, 0.00, 0.00, 0.00, 0.00, 0.00, 1.00, 1.00, 0.00, 0.00, 0.00, 0.00, 0.00, 1.00
8518, 0, 321.139, 0.88, 1, 0.00, 0.13, 0.00, 0.00, 0.00, 0.00, 0.00, 0.00, 0.69, 0.00, 0.16, 0.70, 0.02, 0.05, 0.00, 1.01, 0.34, 0.00, 0.00, 0.00, 1.00, 0.00, 0.00, 0.00, 0.00, 0.00, 0.00, 1.00, 1.00, 0.00, 0.00, 0.00, 0.00, 0.00, 1.00
8519, 0, 321.177, 0.88, 1, 0.00, 0.08, 0.00, 0.05, 0.00, 0.00, 0.00, 0.00, 0.77, 0.00, 0.30, 0.64, 0.00, 0.05, 0.05, 0.88, 0.17, 0.00, 0.00, 0.00, 1.00, 0.00, 0.00, 0.00, 0.00, 1.00, 0.00, 1.00, 1.00, 0.00, 0.00, 0.00, 0.00, 0.00, 1.00
8520, 0, 321.214, 0.88, 1, 0.00, 0.08, 0.00, 0.05, 0.00, 0.00, 0.00, 0.00, 0.74, 0.05, 0.26, 0.37, 0.00, 0.00, 0.12, 0.95, 0.42, 0.00, 0.00, 0.00, 1.00, 0.00, 0.00, 0.00, 0.00, 1.00, 0.00, 1.00, 1.00, 0.00, 0.00, 0.00, 0.00, 0.00, 1.00
8521, 0, 321.252, 0.88, 1, 0.05, 0.03, 0.00, 0.05, 0.00, 0.00, 0.00, 0.00, 0.55, 0.15, 0.19, 0.14, 0.00, 0.00, 0.16, 0.99, 0.67, 0.00, 0.00, 0.00, 1.00, 0.00, 0.00, 0.00, 0.00, 1.00, 0.00, 1.00, 0.00, 0.00, 0.00, 0.00, 0.00, 0.00, 1.00
8522, 0, 321.290, 0.88, 1, 0.22, 0.00, 0.00, 0.00, 0.00, 0.09, 0.00, 0.00, 0.41, 0.15, 0.12, 0.00, 0.00, 0.00, 0.10, 1.07, 0.69, 0.00, 0.00, 0.00, 1.00, 0.00, 0.00, 0.00, 0.00, 1.00, 0.00, 1.00, 0.00, 0.00, 0.00, 0.00, 0.00, 0.00, 1.00
8523, 0, 321.327, 0.93, 1, 0.33, 0.12, 0.00, 0.00, 0.00, 0.09, 0.00, 0.00, 0.30, 0.10, 0.10, 0.04, 0.00, 0.00, 0.04, 0.77, 0.55, 0.00, 0.00, 0.00, 1.00, 0.00, 0.00, 0.00, 0.00, 0.00, 0.00, 1.00, 0.00, 0.00, 0.00, 0.00, 0.00, 0.00, 1.00
8524, 0, 321.365, 0.88, 1, 0.42, 0.14, 0.00, 0.00, 0.00, 0.09, 0.00, 0.00, 0.28, 0.00, 0.26, 0.04, 0.00, 0.00, 0.06, 0.66, 0.32, 0.00, 0.00, 0.00, 1.00, 0.00, 0.00, 0.00, 0.00, 0.00, 0.00, 1.00, 0.00, 0.00, 0.00, 0.00, 0.00, 0.00, 1.00
8525, 0, 321.403, 0.88, 1, 0.25, 0.14, 0.00, 0.00, 0.00, 0.00, 0.00, 0.00, 0.27, 0.08, 0.26, 0.09, 0.00, 0.00, 0.06, 0.65, 0.20, 0.00, 0.00, 0.00, 1.00, 0.00, 0.00, 0.00, 0.00, 0.00, 0.00, 1.00, 0.00, 0.00, 0.00, 0.00, 0.00, 0.00, 1.00
8526, 0, 321.441, 0.98, 1, 0.17, 0.03, 0.00, 0.00, 0.00, 0.00, 0.00, 0.00, 0.20, 0.11, 0.34, 0.06, 0.00, 0.00, 0.06, 0.80, 0.18, 0.00, 0.00, 0.00, 1.00, 0.00, 0.00, 0.00, 0.00, 0.00, 0.00, 1.00, 0.00, 0.00, 0.00, 0.00, 0.00, 0.00, 1.00
8527, 0, 321.478, 0.98, 1, 0.03, 0.00, 0.00, 0.00, 0.00, 0.00, 0.01, 0.00, 0.17, 0.11, 0.15, 0.06, 0.00, 0.04, 0.00, 0.64, 0.17, 0.00, 0.00, 0.00, 1.00, 0.00, 0.00, 0.00, 0.00, 0.00, 0.00, 1.00, 0.00, 0.00, 0.00, 0.00, 0.00, 0.00, 1.00
8528, 0, 321.516, 0.93, 1, 0.03, 0.00, 0.00, 0.00, 0.00, 0.00, 0.08, 0.00, 0.14, 0.08, 0.08, 0.03, 0.00, 0.09, 0.00, 0.69, 0.39, 0.00, 0.00, 0.00, 1.00, 0.00, 0.00, 0.00, 0.00, 0.00, 0.00, 1.00, 0.00, 0.00, 0.00, 0.00, 0.00, 0.00, 1.00
8529, 0, 321.554, 0.88, 1, 0.02, 0.00, 0.00, 0.00, 0.00, 0.00, 0.17, 0.00, 0.16, 0.16, 0.00, 0.01, 0.00, 0.15, 0.00, 0.60, 0.65, 0.00, 0.00, 0.00, 1.00, 0.00, 0.00, 0.00, 0.00, 0.00, 0.00, 1.00, 0.00, 0.00, 0.00, 0.00, 0.00, 0.00, 1.00
8530, 0, 321.591, 0.88, 1, 0.02, 0.00, 0.00, 0.00, 0.00, 0.00, 0.30, 0.00, 0.11, 0.16, 0.07, 0.01, 0.00, 0.11, 0.01, 0.84, 0.89, 0.00, 0.00, 0.00, 1.00, 0.00, 0.00, 0.00, 0.00, 0.00, 0.00, 1.00, 0.00, 0.00, 0.00, 0.00, 0.00, 0.00, 1.00
8531, 0, 321.629, 0.98, 1, 0.02, 0.00, 0.00, 0.00, 0.00, 0.00, 0.37, 0.00, 0.08, 0.12, 0.15, 0.00, 0.00, 0.05, 0.01, 0.70, 1.03, 0.00, 0.00, 0.00, 1.00, 0.00, 0.00, 0.00, 0.00, 0.00, 0.00, 1.00, 0.00, 0.00, 0.00, 0.00, 0.00, 0.00, 1.00
8532, 0, 321.667, 0.98, 1, 0.00, 0.00, 0.00, 0.00, 0.00, 0.00, 0.41, 0.00, 0.02, 0.00, 0.19, 0.00, 0.00, 0.00, 0.01, 0.70, 1.06, 0.00, 0.00, 0.00, 1.00, 0.00, 0.00, 0.00, 0.00, 0.00, 0.00, 1.00, 0.00, 0.00, 0.00, 0.00, 0.00, 0.00, 1.00
8533, 0, 321.704, 0.98, 1, 0.00, 0.00, 0.00, 0.00, 0.00, 0.00, 0.42, 0.00, 0.02, 0.00, 0.13, 0.00, 0.00, 0.00, 0.00, 0.84, 1.16, 0.00, 0.00, 0.00, 1.00, 0.00, 0.00, 0.00, 0.00, 0.00, 0.00, 1.00, 0.00, 0.00, 0.00, 0.00, 0.00, 0.00, 1.00
8534, 0, 321.742, 0.88, 1, 0.00, 0.00, 0.00, 0.00, 0.00, 0.00, 0.32, 0.00, 0.15, 0.05, 0.04, 0.00, 0.00, 0.00, 0.00, 1.06, 0.94, 0.00, 0.00, 0.00, 1.00, 0.00, 0.00, 0.00, 0.00, 0.00, 0.00, 1.00, 0.00, 0.00, 0.00, 0.00, 0.00, 0.00, 1.00
8535, 0, 321.780, 0.88, 1, 0.10, 0.08, 0.00, 0.00, 0.00, 0.10, 0.19, 0.00, 0.20, 0.12, 0.00, 0.09, 0.00, 0.00, 0.20, 1.66, 0.72, 0.00, 0.00, 0.00, 1.00, 0.00, 0.00, 0.00, 0.00, 0.00, 0.00, 1.00, 0.00, 0.00, 0.00, 0.00, 0.00, 0.00, 1.00
8536, 0, 321.818, 0.88, 1, 0.17, 0.08, 0.00, 0.00, 0.00, 0.10, 0.04, 0.00, 0.18, 0.17, 0.00, 0.35, 0.00, 0.00, 0.26, 2.15, 0.56, 0.00, 0.00, 0.00, 1.00, 0.00, 0.00, 0.00, 0.00, 0.00, 0.00, 1.00, 0.00, 0.00, 0.00, 0.00, 1.00, 0.00, 1.00
8537, 0, 321.855, 0.88, 1, 0.44, 0.42, 0.00, 0.00, 0.00, 0.22, 0.00, 0.10, 0.24, 0.13, 0.00, 0.38, 0.00, 0.00, 0.52, 2.53, 0.61, 0.00, 0.00, 0.00, 1.00, 0.00, 0.00, 0.00, 0.00, 0.00, 0.00, 0.00, 0.00, 0.00, 0.00, 0.00, 1.00, 0.00, 1.00
8538, 0, 321.893, 0.93, 1, 0.66, 0.74, 0.04, 0.00, 0.00, 0.33, 0.00, 0.22, 0.39, 0.05, 0.00, 0.33, 0.00, 0.00, 0.47, 2.60, 0.63, 0.00, 0.00, 0.00, 1.00, 0.00, 0.00, 0.00, 0.00, 0.00, 0.00, 1.00, 0.00, 0.00, 0.00, 0.00, 1.00, 0.00, 1.00
8539, 0, 321.931, 0.93, 1, 1.08, 1.09, 0.04, 0.00, 0.00, 0.33, 0.00, 0.22, 0.60, 0.04, 0.00, 0.25, 0.06, 0.00, 0.81, 2.39, 0.68, 1.00, 0.00, 0.00, 1.00, 0.00, 0.00, 0.00, 0.00, 0.00, 0.00, 1.00, 0.00, 0.00, 0.00, 0.00, 1.00, 0.00, 1.00
8540, 0, 321.968, 0.93, 1, 1.54, 1.40, 0.16, 0.00, 0.00, 0.20, 0.00, 0.12, 0.63, 0.04, 0.00, 0.60, 0.16, 0.00, 0.64, 1.90, 0.49, 1.00, 0.00, 0.00, 1.00, 0.00, 0.00, 0.00, 0.00, 0.00, 0.00, 1.00, 0.00, 0.00, 0.00, 0.00, 1.00, 0.00, 1.00
8541, 0, 322.006, 0.93, 1, 1.96, 1.73, 0.32, 0.00, 0.00, 0.00, 0.00, 0.00, 0.56, 0.04, 0.00, 0.95, 0.23, 0.10, 0.52, 1.36, 0.40, 1.00, 0.00, 0.00, 1.00, 0.00, 0.00, 0.00, 0.00, 0.00, 0.00, 1.00, 1.00, 0.00, 0.00, 0.00, 0.00, 0.00, 1.00
8542, 0, 322.044, 0.88, 1, 1.93, 1.69, 0.48, 0.00, 0.00, 0.08, 0.00, 0.00, 0.48, 0.00, 0.00, 1.20, 0.17, 0.33, 0.38, 0.98, 0.21, 1.00, 1.00, 0.00, 1.00, 0.00, 0.00, 0.00, 0.00, 0.00, 0.00, 1.00, 1.00, 0.00, 0.00, 0.00, 0.00, 0.00, 1.00
8543, 0, 322.082, 0.88, 1, 1.61, 1.69, 0.46, 0.01, 0.00, 0.08, 0.00, 0.00, 0.37, 0.00, 0.00, 1.42, 0.08, 0.71, 0.46, 1.08, 0.31, 1.00, 1.00, 0.00, 1.00, 0.00, 0.00, 0.00, 0.00, 0.00, 0.00, 1.00, 1.00, 0.00, 0.00, 0.00, 0.00, 0.00, 1.00
8544, 0, 322.119, 0.88, 1, 1.29, 1.56, 0.36, 0.01, 0.00, 0.08, 0.00, 0.00, 0.34, 0.00, 0.00, 1.56, 0.00, 0.96, 0.58, 1.15, 0.40, 1.00, 1.00, 0.00, 1.00, 0.00, 0.00, 0.00, 0.00, 0.00, 0.00, 1.00, 1.00, 0.00, 0.00, 0.00, 0.00, 0.00, 1.00
8545, 0, 322.157, 0.88, 1, 1.24, 1.60, 0.31, 0.01, 0.00, 0.00, 0.00, 0.00, 0.31, 0.00, 0.04, 1.54, 0.00, 0.93, 0.34, 1.36, 0.75, 1.00, 0.00, 0.00, 1.00, 0.00, 0.00, 0.00, 0.00, 0.00, 0.00, 1.00, 1.00, 0.00, 0.00, 0.00, 0.00, 0.00, 1.00
8546, 0, 322.195, 0.88, 1, 1.02, 1.21, 0.35, 0.00, 0.00, 0.00, 0.00, 0.00, 0.31, 0.00, 0.06, 1.42, 0.00, 0.79, 0.17, 1.41, 1.17, 1.00, 1.00, 0.00, 1.00, 0.00, 0.00, 0.00, 0.00, 0.00, 0.00, 1.00, 1.00, 0.00, 0.00, 0.00, 0.00, 0.00, 1.00
8547, 0, 322.232, 0.88, 1, 0.86, 0.79, 0.27, 0.00, 0.00, 0.00, 0.00, 0.08, 0.27, 0.01, 0.06, 1.39, 0.00, 0.49, 0.02, 1.28, 1.48, 0.00, 1.00, 0.00, 1.00, 0.00, 0.00, 0.00, 0.00, 0.00, 0.00, 1.00, 1.00, 0.00, 1.00, 0.00, 0.00, 0.00, 1.00
8548, 0, 322.270, 0.88, 1, 0.80, 0.66, 0.22, 0.00, 0.00, 0.00, 0.00, 0.33, 0.32, 0.43, 0.06, 1.42, 0.00, 0.31, 0.15, 1.17, 1.20, 0.00, 1.00, 0.00, 1.00, 0.00, 0.00, 0.00, 0.00, 0.00, 0.00, 1.00, 1.00, 0.00, 1.00, 0.00, 0.00, 0.00, 1.00
8549, 0, 322.308, 0.88, 1, 1.00, 0.67, 0.13, 0.00, 0.00, 0.00, 0.00, 0.56, 0.34, 0.90, 0.05, 1.34, 0.00, 0.13, 0.25, 1.15, 0.83, 0.00, 0.00, 0.00, 1.00, 0.00, 0.00, 0.00, 0.00, 0.00, 0.00, 1.00, 1.00, 0.00, 1.00, 0.00, 0.00, 0.00, 1.00
8550, 0, 322.345, 0.88, 1, 0.79, 0.48, 0.11, 0.00, 0.00, 0.00, 0.00, 0.64, 0.50, 1.32, 0.05, 1.18, 0.00, 0.14, 0.55, 1.78, 0.73, 0.00, 1.00, 0.00, 1.00, 0.00, 0.00, 0.00, 0.00, 0.00, 0.00, 1.00, 1.00, 0.00, 1.00, 0.00, 0.00, 0.00, 1.00
8551, 0, 322.383, 0.93, 1, 0.45, 0.27, 0.05, 0.00, 0.00, 0.00, 0.00, 0.57, 0.56, 1.26, 0.00, 0.91, 0.00, 0.12, 0.64, 2.06, 0.99, 0.00, 0.00, 0.00, 1.00, 0.00, 0.00, 0.00, 0.00, 0.00, 0.00, 1.00, 1.00, 0.00, 1.00, 0.00, 1.00, 0.00, 1.00
8552, 0, 322.421, 0.93, 1, 0.20, 0.26, 0.06, 0.00, 0.00, 0.00, 0.00, 0.36, 0.67, 1.32, 0.00, 0.67, 0.00, 0.08, 0.62, 2.32, 1.08, 0.00, 0.00, 0.00, 1.00, 0.00, 0.00, 0.00, 0.00, 0.00, 0.00, 1.00, 1.00, 0.00, 0.00, 0.00, 1.00, 0.00, 1.00
8553, 0, 322.459, 0.93, 1, 0.15, 0.33, 0.12, 0.00, 0.00, 0.00, 0.00, 0.19, 0.66, 1.12, 0.18, 0.45, 0.00, 0.02, 0.49, 2.11, 0.86, 0.00, 0.00, 0.00, 1.00, 0.00, 0.00, 0.00, 0.00, 0.00, 0.00, 1.00, 0.00, 0.00, 0.00, 0.00, 1.00, 0.00, 1.00
8554, 0, 322.496, 0.88, 1, 0.15, 0.45, 0.12, 0.07, 0.00, 0.00, 0.00, 0.18, 0.65, 0.96, 0.57, 0.52, 0.00, 0.03, 0.40, 2.27, 0.44, 0.00, 0.00, 0.00, 1.00, 0.00, 0.00, 0.00, 0.00, 0.00, 0.00, 1.00, 0.00, 0.00, 0.00, 0.00, 1.00, 0.00, 1.00
8555, 0, 322.534, 0.88, 1, 0.01, 0.24, 0.05, 0.07, 0.00, 0.00, 0.00, 0.34, 0.73, 0.51, 0.71, 0.53, 0.00, 0.02, 0.59, 2.30, 0.24, 0.00, 0.00, 0.00, 1.00, 0.00, 0.00, 0.00, 0.00, 0.00, 0.00, 1.00, 0.00, 0.00, 0.00, 0.00, 1.00, 0.00, 1.00
8556, 0, 322.572, 0.88, 1, 0.08, 0.25, 0.00, 0.07, 0.00, 0.00, 0.00, 0.50, 0.73, 0.36, 0.61, 0.61, 0.00, 0.01, 0.66, 2.33, 0.14, 0.00, 0.00, 0.00, 1.00, 0.00, 0.00, 0.00, 0.00, 0.00, 0.00, 1.00, 0.00, 0.00, 0.00, 0.00, 1.00, 0.00, 1.00
8557, 0, 322.609, 0.88, 1, 0.15, 0.26, 0.00, 0.00, 0.00, 0.00, 0.00, 0.40, 0.60, 0.16, 0.35, 0.46, 0.00, 0.00, 0.82, 1.99, 0.13, 0.00, 0.00, 0.00, 1.00, 0.00, 0.00, 0.00, 0.00, 0.00, 0.00, 1.00, 0.00, 0.00, 0.00, 0.00, 1.00, 0.00, 1.00
8558, 0, 322.647, 0.98, 1, 0.21, 0.33, 0.00, 0.00, 0.00, 0.06, 0.00, 0.24, 0.32, 0.16, 0.20, 0.29, 0.00, 0.03, 0.73, 1.94, 0.07, 0.00, 0.00, 0.00, 1.00, 0.00, 0.00, 0.00, 0.00, 0.00, 0.00, 1.00, 0.00, 0.00, 0.00, 0.00, 1.00, 0.00, 1.00
8559, 0, 322.685, 0.98, 1, 0.30, 0.29, 0.00, 0.22, 0.00, 0.48, 0.00, 0.25, 0.25, 0.21, 0.12, 0.09, 0.00, 0.14, 0.66, 1.99, 0.00, 0.00, 0.00, 0.00, 1.00, 0.00, 0.00, 0.00, 0.00, 0.00, 0.00, 1.00, 0.00, 0.00, 0.00, 0.00, 0.00, 0.00, 1.00
8560, 0, 322.723, 0.98, 1, 0.29, 0.16, 0.00, 0.22, 0.00, 0.50, 0.00, 0.28, 0.16, 0.21, 0.37, 0.02, 0.04, 0.18, 0.46, 1.88, 0.08, 0.00, 0.00, 0.00, 1.00, 0.00, 0.00, 0.00, 0.00, 0.00, 0.00, 1.00, 0.00, 0.00, 0.00, 0.00, 0.00, 0.00, 0.00
8561, 0, 322.760, 0.98, 1, 0.31, 0.04, 0.00, 0.22, 0.00, 0.44, 0.00, 0.32, 0.13, 0.12, 0.40, 0.14, 0.04, 0.15, 0.27, 1.46, 0.08, 0.00, 0.00, 0.00, 1.00, 0.00, 0.00, 0.00, 0.00, 0.00, 0.00, 1.00, 0.00, 0.00, 1.00, 0.00, 0.00, 0.00, 0.00
8562, 0, 322.798, 0.98, 1, 0.29, 0.00, 0.00, 0.00, 0.00, 0.02, 0.00, 0.18, 0.00, 0.00, 0.62, 0.27, 0.04, 0.04, 0.11, 1.01, 0.08, 0.00, 0.00, 0.00, 1.00, 0.00, 0.00, 0.00, 0.00, 0.00, 0.00, 1.00, 0.00, 0.00, 1.00, 0.00, 0.00, 0.00, 0.00
8563, 0, 322.836, 0.98, 1, 0.24, 0.00, 0.00, 0.00, 0.00, 0.00, 0.00, 0.09, 0.02, 0.00, 0.54, 0.40, 0.00, 0.00, 0.00, 0.79, 0.03, 0.00, 0.00, 0.00, 1.00, 0.00, 0.00, 0.00, 0.00, 0.00, 0.00, 1.00, 0.00, 0.00, 0.00, 0.00, 0.00, 0.00, 0.00
8564, 0, 322.873, 0.98, 1, 0.20, 0.00, 0.00, 0.00, 0.00, 0.00, 0.00, 0.05, 0.02, 0.00, 1.04, 0.59, 0.00, 0.03, 0.08, 0.98, 0.09, 0.00, 0.00, 0.00, 1.00, 0.00, 0.00, 0.00, 0.00, 0.00, 0.00, 1.00, 0.00, 0.00, 0.00, 0.00, 0.00, 0.00, 0.00
8565, 0, 322.911, 0.98, 1, 0.11, 0.00, 0.00, 0.00, 0.00, 0.04, 0.00, 0.09, 0.12, 0.00, 0.82, 0.47, 0.00, 0.03, 0.08, 0.94, 0.09, 0.00, 0.00, 0.00, 1.00, 0.00, 0.00, 0.00, 0.00, 0.00, 0.00, 0.00, 1.00, 0.00, 0.00, 0.00, 0.00, 0.00, 0.00
8566, 0, 322.949, 0.98, 1, 0.27, 0.00, 0.10, 0.00, 0.00, 0.04, 0.04, 0.09, 0.22, 0.01, 0.53, 0.42, 0.00, 0.03, 0.08, 0.87, 0.14, 0.00, 0.00, 0.00, 1.00, 0.00, 0.00, 0.00, 0.00, 0.00, 0.00, 0.00, 1.00, 0.00, 0.00, 0.00, 0.00, 0.00, 0.00
8567, 0, 322.986, 0.98, 1, 0.28, 0.00, 0.21, 0.00, 0.00, 0.04, 0.11, 0.12, 0.29, 0.01, 0.00, 0.24, 0.00, 0.00, 0.00, 0.66, 0.32, 0.00, 0.00, 0.00, 1.00, 0.00, 0.00, 0.00, 0.00, 1.00, 0.00, 0.00, 1.00, 0.00, 0.00, 0.00, 0.00, 0.00, 0.00
8568, 0, 323.024, 0.98, 1, 0.31, 0.00, 0.32, 0.00, 0.00, 0.00, 0.23, 0.13, 0.27, 0.07, 0.00, 0.22, 0.00, 0.00, 0.00, 0.59, 0.63, 0.00, 0.00, 0.00, 1.00, 0.00, 0.00, 0.00, 0.00, 1.00, 0.00, 0.00, 0.00, 0.00, 0.00, 0.00, 0.00, 0.00, 0.00
8569, 0, 323.062, 0.98, 1, 0.23, 0.00, 0.23, 0.00, 0.00, 0.00, 0.28, 0.24, 0.25, 0.13, 0.00, 0.11, 0.00, 0.00, 0.03, 0.64, 0.55, 0.00, 0.00, 0.00, 1.00, 0.00, 0.00, 0.00, 0.00, 1.00, 0.00, 0.00, 0.00, 0.00, 0.00, 0.00, 0.00, 0.00, 0.00
8570, 0, 323.100, 0.98, 1, 0.21, 0.00, 0.11, 0.00, 0.00, 0.00, 0.23, 0.23, 0.25, 0.30, 0.00, 0.00, 0.00, 0.00, 0.03, 0.42, 0.36, 0.00, 0.00, 0.00, 1.00, 0.00, 0.00, 0.00, 0.00, 0.00, 0.00, 0.00, 0.00, 0.00, 0.00, 0.00, 0.00, 0.00, 0.00
8571, 0, 323.137, 0.98, 1, 0.21, 0.00, 0.00, 0.00, 0.00, 0.00, 0.11, 0.16, 0.19, 0.27, 0.00, 0.00, 0.00, 0.00, 0.03, 0.23, 0.25, 0.00, 0.00, 0.00, 1.00, 0.00, 0.00, 0.00, 0.00, 0.00, 0.00, 0.00, 0.00, 0.00, 0.00, 0.00, 0.00, 0.00, 0.00
8572, 0, 323.175, 0.98, 1, 0.29, 0.00, 0.04, 0.00, 0.00, 0.00, 0.02, 0.05, 0.09, 0.20, 0.12, 0.00, 0.00, 0.00, 0.23, 0.23, 0.33, 0.00, 0.00, 0.00, 1.00, 0.00, 0.00, 0.00, 0.00, 0.00, 0.00, 0.00, 0.00, 0.00, 0.00, 0.00, 0.00, 0.00, 0.00
8573, 0, 323.213, 0.98, 1, 0.49, 0.00, 0.11, 0.00, 0.00, 0.00, 0.00, 0.00, 0.03, 0.09, 0.12, 0.00, 0.00, 0.00, 0.41, 0.53, 0.39, 0.00, 0.00, 0.00, 1.00, 0.00, 0.00, 0.00, 0.00, 0.00, 0.00, 0.00, 0.00, 0.00, 0.00, 1.00, 0.00, 0.00, 0.00
8574, 0, 323.250, 0.98, 1, 0.53, 0.00, 0.18, 0.00, 0.00, 0.12, 0.00, 0.01, 0.14, 0.52, 0.12, 0.00, 0.00, 0.00, 0.62, 0.89, 0.30, 0.00, 0.00, 0.00, 1.00, 0.00, 0.00, 0.00, 0.00, 0.00, 0.00, 0.00, 0.00, 0.00, 0.00, 1.00, 1.00, 0.00, 0.00
8575, 0, 323.288, 0.98, 1, 0.39, 0.00, 0.14, 0.00, 0.00, 0.12, 0.02, 0.30, 0.37, 0.52, 0.00, 0.00, 0.00, 0.00, 1.09, 0.95, 0.22, 0.00, 0.00, 0.00, 1.00, 0.00, 0.00, 0.00, 0.00, 0.00, 0.00, 0.00, 0.00, 0.00, 0.00, 1.00, 1.00, 0.00, 0.00
8576, 0, 323.326, 0.98, 1, 0.16, 0.00, 0.06, 0.00, 0.00, 0.12, 0.05, 0.47, 0.57, 0.45, 0.00, 0.00, 0.00, 0.00, 1.52, 0.89, 0.13, 0.00, 0.00, 0.00, 1.00, 0.00, 0.00, 0.00, 0.00, 1.00, 0.00, 0.00, 0.00, 0.00, 0.00, 1.00, 1.00, 0.00, 0.00
8577, 0, 323.363, 0.98, 1, 0.02, 0.00, 0.00, 0.02, 0.00, 0.00, 0.05, 0.50, 0.67, 0.00, 0.00, 0.00, 0.00, 0.00, 1.77, 0.72, 0.04, 0.00, 0.00, 0.00, 1.00, 0.00, 0.00, 0.00, 0.00, 1.00, 0.00, 0.00, 0.00, 0.00, 0.00, 1.00, 1.00, 0.00, 0.00
8578, 0, 323.401, 0.98, 1, 0.00, 0.00, 0.00, 0.06, 0.00, 0.00, 0.03, 0.22, 0.66, 0.00, 0.00, 0.00, 0.00, 0.00, 1.66, 0.74, 0.04, 0.00, 0.00, 0.00, 1.00, 0.00, 0.00, 0.00, 0.00, 1.00, 0.00, 0.00, 0.00, 0.00, 0.00, 1.00, 1.00, 0.00, 0.00
8579, 0, 323.439, 0.98, 1, 0.00, 0.00, 0.00, 0.06, 0.00, 0.00, 0.00, 0.04, 0.64, 0.00, 0.00, 0.00, 0.00, 0.00, 1.45, 0.69, 0.03, 0.00, 0.00, 0.00, 1.00, 0.00, 0.00, 0.00, 0.00, 1.00, 0.00, 0.00, 0.00, 0.00, 0.00, 1.00, 1.00, 0.00, 0.00
8580, 0, 323.477, 0.98, 1, 0.00, 0.00, 0.00, 0.08, 0.04, 0.00, 0.00, 0.00, 0.60, 0.00, 0.00, 0.01, 0.00, 0.00, 1.11, 0.56, 0.00, 0.00, 0.00, 0.00, 1.00, 0.00, 0.00, 0.00, 0.00, 1.00, 0.00, 0.00, 0.00, 0.00, 0.00, 1.00, 1.00, 0.00, 0.00
8581, 0, 323.514, 0.98, 1, 0.06, 0.00, 0.00, 0.03, 0.04, 0.00, 0.00, 0.00, 0.51, 0.00, 0.00, 0.01, 0.00, 0.00, 0.65, 0.49, 0.00, 0.00, 0.00, 0.00, 1.00, 0.00, 0.00, 0.00, 0.00, 1.00, 0.00, 0.00, 0.00, 0.00, 0.00, 1.00, 0.00, 0.00, 0.00
8582, 0, 323.552, 0.98, 1, 0.06, 0.04, 0.00, 0.06, 0.04, 0.00, 0.03, 0.00, 0.46, 0.02, 0.00, 0.02, 0.00, 0.00, 0.36, 0.50, 0.00, 0.00, 0.00, 0.00, 1.00, 0.00, 0.00, 0.00, 0.00, 1.00, 0.00, 0.00, 0.00, 0.00, 0.00, 0.00, 0.00, 0.00, 0.00
8583, 0, 323.590, 0.98, 1, 0.12, 0.07, 0.00, 0.18, 0.00, 0.00, 0.04, 0.00, 0.41, 0.02, 0.00, 0.00, 0.00, 0.00, 0.28, 0.58, 0.03, 0.00, 0.00, 0.00, 1.00, 0.00, 0.00, 0.00, 0.00, 1.00, 0.00, 0.00, 0.00, 0.00, 0.00, 0.00, 0.00, 0.00, 0.00
8584, 0, 323.627, 0.98, 1, 0.17, 0.07, 0.00, 0.27, 0.00, 0.00, 0.04, 0.00, 0.32, 0.02, 0.00, 0.12, 0.00, 0.00, 0.14, 0.34, 0.26, 0.00, 0.00, 0.00, 1.00, 0.00, 0.00, 0.00, 0.00, 1.00, 1.00, 0.00, 0.00, 0.00, 0.00, 0.00, 0.00, 0.00, 0.00
8585, 0, 323.665, 0.93, 1, 0.27, 0.03, 0.00, 0.24, 0.00, 0.00, 0.09, 0.01, 0.21, 0.12, 0.00, 0.12, 0.00, 0.06, 0.03, 0.14, 0.37, 0.00, 0.00, 0.00, 1.00, 0.00, 0.00, 0.00, 0.00, 1.00, 1.00, 0.00, 0.00, 0.00, 0.00, 0.00, 0.00, 0.00, 0.00
8586, 0, 323.703, 0.88, 1, 0.26, 0.00, 0.00, 0.09, 0.00, 0.00, 0.13, 0.02, 0.17, 0.26, 0.00, 0.15, 0.09, 0.11, 0.00, 0.00, 0.54, 0.00, 0.00, 0.00, 1.00, 0.00, 0.00, 0.00, 0.00, 1.00, 1.00, 0.00, 0.00, 0.00, 0.00, 0.00, 0.00, 0.00, 0.00
8587, 0, 323.741, 0.88, 1, 0.32, 0.00, 0.00, 0.00, 0.00, 0.00, 0.25, 0.16, 0.26, 0.51, 0.00, 0.03, 0.17, 0.14, 0.00, 0.18, 0.56, 0.00, 0.00, 0.00, 1.00, 0.00, 0.00, 0.00, 0.00, 1.00, 0.00, 0.00, 0.00, 0.00, 1.00, 0.00, 0.00, 0.00, 0.00
8588, 0, 323.778, 0.88, 1, 0.22, 0.00, 0.00, 0.00, 0.00, 0.00, 0.27, 0.23, 0.41, 0.49, 0.00, 0.03, 0.17, 0.09, 0.04, 0.47, 0.70, 0.00, 0.00, 0.00, 1.00, 0.00, 0.00, 0.00, 0.00, 1.00, 0.00, 0.00, 0.00, 0.00, 1.00, 0.00, 0.00, 0.00, 0.00
8589, 0, 323.816, 0.88, 1, 0.30, 0.00, 0.00, 0.00, 0.00, 0.00, 0.23, 0.34, 0.54, 0.63, 0.00, 0.01, 0.08, 0.03, 0.16, 0.67, 0.68, 0.00, 0.00, 0.00, 1.00, 0.00, 0.00, 0.00, 0.00, 1.00, 0.00, 0.00, 0.00, 0.00, 1.00, 1.00, 0.00, 0.00, 0.00
8590, 0, 323.854, 0.88, 1, 0.20, 0.09, 0.00, 0.00, 0.00, 0.00, 0.10, 0.20, 0.65, 0.55, 0.00, 0.10, 0.00, 0.01, 0.60, 0.75, 0.44, 0.00, 0.00, 0.00, 1.00, 0.00, 0.00, 0.00, 0.00, 1.00, 0.00, 0.00, 0.00, 0.00, 0.00, 1.00, 0.00, 0.00, 0.00
8591, 0, 323.891, 0.98, 1, 0.26, 0.18, 0.00, 0.00, 0.00, 0.00, 0.01, 0.12, 0.68, 0.45, 0.00, 0.11, 0.00, 0.00, 1.25, 0.66, 0.19, 0.00, 0.00, 0.00, 1.00, 0.00, 0.00, 0.00, 0.00, 1.00, 0.00, 0.00, 0.00, 0.00, 1.00, 1.00, 1.00, 0.00, 0.00
8592, 0, 323.929, 0.98, 1, 0.20, 0.27, 0.00, 0.00, 0.00, 0.00, 0.00, 0.00, 0.68, 0.17, 0.00, 0.10, 0.00, 0.00, 1.81, 0.64, 0.02, 0.00, 0.00, 0.00, 1.00, 0.00, 0.00, 0.00, 0.00, 1.00, 0.00, 0.00, 0.00, 0.00, 1.00, 1.00, 1.00, 0.00, 0.00
8593, 0, 323.967, 0.98, 1, 0.12, 0.18, 0.00, 0.00, 0.00, 0.00, 0.00, 0.00, 0.72, 0.03, 0.00, 0.08, 0.00, 0.00, 2.07, 0.90, 0.00, 0.00, 0.00, 0.00, 1.00, 0.00, 0.00, 0.00, 0.00, 1.00, 0.00, 0.00, 0.00, 0.00, 0.00, 1.00, 1.00, 0.00, 0.00
8594, 0, 324.004, 0.98, 1, 0.06, 0.13, 0.00, 0.00, 0.00, 0.00, 0.02, 0.08, 0.77, 0.09, 0.00, 0.06, 0.00, 0.00, 1.93, 1.12, 0.00, 0.00, 0.00, 0.00, 1.00, 0.00, 0.00, 0.00, 0.00, 1.00, 0.00, 0.00, 0.00, 0.00, 0.00, 1.00, 1.00, 0.00, 0.00
8595, 0, 324.042, 0.93, 1, 0.00, 0.04, 0.00, 0.00, 0.00, 0.00, 0.02, 0.08, 0.84, 0.09, 0.00, 0.06, 0.00, 0.00, 1.68, 1.12, 0.00, 0.00, 0.00, 0.00, 1.00, 0.00, 0.00, 0.00, 0.00, 1.00, 0.00, 0.00, 0.00, 0.00, 0.00, 1.00, 1.00, 0.00, 0.00
8596, 0, 324.080, 0.98, 1, 0.00, 0.10, 0.00, 0.00, 0.00, 0.00, 0.02, 0.17, 0.84, 0.06, 0.44, 0.00, 0.00, 0.00, 1.63, 0.66, 0.00, 0.00, 0.00, 0.00, 1.00, 0.00, 0.00, 0.00, 0.00, 1.00, 0.00, 0.00, 0.00, 0.00, 0.00, 1.00, 1.00, 0.00, 0.00
8597, 0, 324.118, 0.98, 1, 0.00, 0.16, 0.00, 0.00, 0.00, 0.00, 0.00, 0.16, 0.85, 0.00, 0.86, 0.00, 0.00, 0.00, 1.71, 0.28, 0.00, 0.00, 0.00, 0.00, 1.00, 0.00, 0.00, 0.00, 0.00, 1.00, 0.00, 0.00, 0.00, 0.00, 0.00, 1.00, 1.00, 0.00, 0.00
8598, 0, 324.155, 0.98, 1, 0.06, 0.18, 0.00, 0.00, 0.00, 0.00, 0.00, 0.31, 0.91, 0.09, 0.86, 0.00, 0.00, 0.01, 1.73, 0.40, 0.00, 0.00, 0.00, 0.00, 1.00, 0.00, 0.00, 0.00, 0.00, 1.00, 0.00, 0.00, 0.00, 0.00, 0.00, 1.00, 1.00, 0.00, 0.00
8599, 0, 324.193, 0.98, 1, 0.06, 0.12, 0.00, 0.00, 0.00, 0.00, 0.00, 0.22, 0.94, 0.09, 0.62, 0.00, 0.00, 0.01, 1.50, 0.34, 0.13, 0.00, 0.00, 0.00, 1.00, 0.00, 0.00, 0.00, 0.00, 1.00, 0.00, 0.00, 0.00, 0.00, 0.00, 1.00, 1.00, 0.00, 0.00
8600, 0, 324.231, 0.93, 1, 0.18, 0.09, 0.00, 0.00, 0.00, 0.00, 0.00, 0.21, 1.00, 0.09, 0.20, 0.21, 0.05, 0.01, 1.31, 0.48, 0.43, 0.00, 0.00, 0.00, 1.00, 0.00, 0.00, 0.00, 0.00, 1.00, 0.00, 0.00, 0.00, 0.00, 0.00, 1.00, 1.00, 0.00, 0.00
8601, 0, 324.268, 0.88, 1, 0.21, 0.07, 0.00, 0.00, 0.00, 0.00, 0.00, 0.07, 1.00, 0.00, 0.20, 0.27, 0.07, 0.00, 1.27, 0.40, 0.55, 0.00, 0.00, 0.00, 1.00, 0.00, 0.00, 0.00, 0.00, 1.00, 0.00, 0.00, 0.00, 0.00, 0.00, 1.00, 1.00, 0.00, 0.00
8602, 0, 324.306, 0.88, 1, 0.37, 0.07, 0.00, 0.00, 0.00, 0.00, 0.00, 0.17, 1.05, 0.04, 0.00, 0.34, 0.07, 0.00, 1.34, 0.65, 0.51, 0.00, 0.00, 0.00, 1.00, 0.00, 0.00, 0.00, 0.00, 1.00, 0.00, 0.00, 0.00, 0.00, 0.00, 1.00, 1.00, 0.00, 0.00
8603, 0, 324.344, 0.88, 1, 0.41, 0.00, 0.00, 0.00, 0.00, 0.00, 0.00, 0.23, 0.95, 0.04, 0.00, 0.15, 0.02, 0.00, 1.41, 0.93, 0.21, 0.00, 0.00, 0.00, 1.00, 0.00, 0.00, 0.00, 0.00, 1.00, 0.00, 0.00, 0.00, 0.00, 0.00, 1.00, 1.00, 0.00, 0.00
8604, 0, 324.382, 0.88, 1, 0.48, 0.00, 0.00, 0.00, 0.00, 0.00, 0.00, 0.32, 0.83, 0.04, 0.00, 0.10, 0.00, 0.00, 1.46, 1.20, 0.14, 0.00, 0.00, 0.00, 1.00, 0.00, 0.00, 0.00, 0.00, 1.00, 0.00, 0.00, 0.00, 0.00, 0.00, 1.00, 1.00, 0.00, 0.00
8605, 0, 324.419, 0.88, 1, 0.47, 0.05, 0.00, 0.00, 0.00, 0.00, 0.00, 0.22, 0.87, 0.18, 0.00, 0.18, 0.00, 0.00, 1.28, 1.03, 0.21, 0.00, 0.00, 0.00, 1.00, 0.00, 0.00, 0.00, 0.00, 1.00, 0.00, 0.00, 0.00, 0.00, 1.00, 1.00, 1.00, 0.00, 0.00
8606, 0, 324.457, 0.93, 1, 0.49, 0.05, 0.00, 0.00, 0.00, 0.00, 0.00, 0.09, 0.90, 0.41, 0.00, 0.25, 0.00, 0.00, 1.04, 0.67, 0.48, 0.00, 0.00, 0.00, 1.00, 0.00, 0.00, 0.00, 0.00, 1.00, 0.00, 0.00, 0.00, 0.00, 1.00, 1.00, 1.00, 0.00, 0.00
8607, 0, 324.495, 0.93, 1, 0.33, 0.05, 0.00, 0.00, 0.00, 0.00, 0.00, 0.00, 0.84, 0.42, 0.00, 0.37, 0.00, 0.00, 0.73, 0.41, 0.58, 0.00, 0.00, 0.00, 1.00, 0.00, 0.00, 0.00, 0.00, 1.00, 0.00, 0.00, 0.00, 0.00, 1.00, 1.00, 1.00, 0.00, 0.00
8608, 0, 324.532, 0.98, 1, 0.19, 0.00, 0.00, 0.00, 0.00, 0.00, 0.00, 0.12, 0.62, 0.43, 0.00, 0.28, 0.00, 0.07, 0.45, 0.40, 0.61, 0.00, 0.00, 0.00, 1.00, 0.00, 0.00, 0.00, 0.00, 1.00, 0.00, 0.00, 0.00, 0.00, 1.00, 1.00, 0.00, 0.00, 0.00
8609, 0, 324.570, 0.98, 1, 0.03, 0.00, 0.00, 0.00, 0.00, 0.00, 0.00, 0.35, 0.51, 0.49, 0.00, 0.42, 0.00, 0.08, 0.17, 0.30, 0.48, 0.00, 0.00, 0.00, 1.00, 0.00, 0.00, 0.00, 0.00, 1.00, 0.00, 0.00, 0.00, 0.00, 1.00, 1.00, 0.00, 0.00, 0.00
8610, 0, 324.608, 0.98, 1, 0.20, 0.00, 0.00, 0.00, 0.00, 0.00, 0.10, 0.47, 0.48, 0.87, 0.14, 0.29, 0.13, 0.08, 0.26, 0.19, 0.36, 0.00, 0.00, 0.00, 1.00, 0.00, 0.00, 0.00, 0.00, 1.00, 1.00, 0.00, 0.00, 0.00, 1.00, 1.00, 0.00, 0.00, 0.00
8611, 0, 324.645, 0.88, 1, 0.42, 0.00, 0.00, 0.00, 0.00, 0.00, 0.24, 0.56, 0.41, 0.93, 0.16, 0.22, 0.13, 0.01, 0.36, 0.13, 0.17, 0.00, 0.00, 0.00, 1.00, 0.00, 0.00, 0.00, 0.00, 1.00, 1.00, 0.00, 0.00, 0.00, 1.00, 1.00, 0.00, 0.00, 0.00
8612, 0, 324.683, 0.93, 1, 0.59, 0.00, 0.00, 0.00, 0.00, 0.00, 0.34, 0.52, 0.38, 0.90, 0.25, 0.00, 0.17, 0.00, 0.49, 0.16, 0.03, 0.00, 0.00, 0.00, 1.00, 0.00, 0.00, 0.00, 0.00, 1.00, 1.00, 0.00, 0.00, 0.00, 1.00, 0.00, 0.00, 0.00, 0.00
8613, 0, 324.721, 0.93, 1, 0.55, 0.00, 0.00, 0.00, 0.00, 0.00, 0.31, 0.40, 0.37, 0.69, 0.11, 0.00, 0.05, 0.00, 0.24, 0.10, 0.00, 0.00, 0.00, 0.00, 1.00, 0.00, 0.00, 0.00, 0.00, 1.00, 1.00, 0.00, 0.00, 0.00, 1.00, 1.00, 0.00, 0.00, 0.00
8614, 0, 324.759, 0.98, 1, 0.47, 0.00, 0.02, 0.00, 0.00, 0.00, 0.22, 0.20, 0.39, 0.61, 0.10, 0.00, 0.04, 0.00, 0.13, 0.14, 0.00, 0.00, 0.00, 0.00, 1.00, 0.00, 0.00, 0.00, 0.00, 1.00, 1.00, 0.00, 0.00, 0.00, 1.00, 1.00, 0.00, 0.00, 0.00
8615, 0, 324.796, 0.98, 1, 0.35, 0.00, 0.02, 0.00, 0.00, 0.00, 0.12, 0.16, 0.43, 0.46, 0.09, 0.00, 0.00, 0.04, 0.04, 0.48, 0.00, 0.00, 0.00, 0.00, 1.00, 0.00, 0.00, 0.00, 0.00, 1.00, 1.00, 0.00, 0.00, 0.00, 1.00, 1.00, 0.00, 0.00, 0.00
8616, 0, 324.834, 0.98, 1, 0.21, 0.00, 0.02, 0.00, 0.00, 0.00, 0.08, 0.26, 0.43, 0.46, 0.31, 0.00, 0.00, 0.09, 0.06, 0.59, 0.00, 0.00, 0.00, 0.00, 1.00, 0.00, 0.00, 0.00, 0.00, 1.00, 0.00, 0.00, 0.00, 0.00, 1.00, 0.00, 0.00, 0.00, 0.00
8617, 0, 324.872, 0.98, 1, 0.22, 0.00, 0.00, 0.00, 0.00, 0.00, 0.02, 0.46, 0.38, 0.42, 0.47, 0.00, 0.00, 0.09, 0.06, 0.74, 0.00, 0.00, 0.00, 0.00, 1.00, 0.00, 0.00, 0.00, 0.00, 1.00, 0.00, 0.00, 0.00, 0.00, 0.00, 0.00, 0.00, 0.00, 0.00
8618, 0, 324.909, 0.98, 1, 0.23, 0.00, 0.00, 0.03, 0.00, 0.00, 0.04, 0.41, 0.23, 0.44, 0.79, 0.00, 0.00, 0.05, 0.02, 0.55, 0.00, 0.00, 0.00, 0.00, 1.00, 0.00, 0.00, 0.00, 0.00, 1.00, 0.00, 0.00, 0.00, 0.00, 0.00, 0.00, 0.00, 0.00, 0.00
8619, 0, 324.947, 0.98, 1, 0.33, 0.00, 0.00, 0.03, 0.00, 0.00, 0.04, 0.44, 0.10, 0.37, 0.79, 0.00, 0.00, 0.00, 0.00, 0.56, 0.00, 0.00, 0.00, 0.00, 1.00, 0.00, 0.00, 0.00, 0.00, 1.00, 0.00, 0.00, 0.00, 0.00, 0.00, 0.00, 0.00, 0.00, 0.00
8620, 0, 324.985, 0.98, 1, 0.34, 0.00, 0.07, 0.03, 0.00, 0.00, 0.04, 0.38, 0.20, 0.37, 1.06, 0.00, 0.00, 0.00, 0.13, 0.44, 0.00, 0.00, 0.00, 0.00, 1.00, 0.00, 0.00, 0.00, 0.00, 1.00, 0.00, 0.00, 0.00, 0.00, 0.00, 0.00, 0.00, 0.00, 0.00
8621, 0, 325.023, 0.98, 1, 0.41, 0.00, 0.13, 0.00, 0.00, 0.00, 0.03, 0.44, 0.36, 0.37, 1.14, 0.00, 0.00, 0.00, 0.27, 0.32, 0.00, 0.00, 0.00, 0.00, 1.00, 0.00, 0.00, 0.00, 0.00, 1.00, 0.00, 0.00, 0.00, 0.00, 0.00, 0.00, 0.00, 0.00, 0.00
8622, 0, 325.060, 0.98, 1, 0.39, 0.00, 0.13, 0.00, 0.00, 0.00, 0.00, 0.54, 0.54, 0.45, 1.16, 0.00, 0.00, 0.00, 0.75, 0.28, 0.04, 0.00, 0.00, 0.00, 1.00, 0.00, 0.00, 0.00, 0.00, 1.00, 0.00, 0.00, 0.00, 0.00, 0.00, 0.00, 0.00, 0.00, 0.00
8623, 0, 325.098, 0.98, 1, 0.50, 0.00, 0.06, 0.00, 0.00, 0.00, 0.00, 0.43, 0.46, 0.40, 0.75, 0.00, 0.00, 0.00, 0.80, 0.45, 0.07, 0.00, 0.00, 0.00, 1.00, 0.00, 0.00, 0.00, 0.00, 1.00, 0.00, 0.00, 0.00, 0.00, 0.00, 0.00, 0.00, 0.00, 0.00
8624, 0, 325.136, 0.98, 1, 0.56, 0.00, 0.06, 0.00, 0.00, 0.00, 0.00, 0.26, 0.40, 0.28, 0.37, 0.00, 0.00, 0.00, 0.98, 0.76, 0.07, 0.00, 0.00, 0.00, 1.00, 0.00, 0.00, 0.00, 0.00, 1.00, 0.00, 0.00, 0.00, 0.00, 0.00, 0.00, 0.00, 0.00, 0.00
8625, 0, 325.173, 0.98, 1, 0.57, 0.00, 0.06, 0.00, 0.00, 0.00, 0.01, 0.22, 0.27, 0.44, 0.12, 0.00, 0.00, 0.00, 0.77, 1.14, 0.03, 0.00, 0.00, 0.00, 1.00, 0.00, 0.00, 0.00, 0.00, 1.00, 0.00, 0.00, 0.00, 0.00, 0.00, 0.00, 0.00, 0.00, 0.00
8626, 0, 325.211, 0.98, 1, 0.35, 0.00, 0.06, 0.00, 0.00, 0.00, 0.01, 0.31, 0.22, 0.58, 0.18, 0.01, 0.00, 0.00, 0.65, 1.16, 0.00, 0.00, 1.00, 0.00, 1.00, 0.00, 0.00, 0.00, 0.00, 0.00, 0.00, 0.00, 0.00, 0.00, 0.00, 0.00, 0.00, 0.00, 0.00
8627, 0, 325.249, 0.98, 1, 0.21, 0.00, 0.00, 0.00, 0.00, 0.00, 0.02, 0.44, 0.17, 0.82, 0.17, 0.03, 0.00, 0.00, 0.41, 1.07, 0.00, 0.00, 1.00, 0.00, 1.00, 0.00, 0.00, 0.00, 0.00, 0.00, 0.00, 0.00, 0.00, 0.00, 0.00, 0.00, 0.00, 0.00, 0.00
8628, 0, 325.286, 0.98, 1, 0.21, 0.00, 0.00, 0.00, 0.00, 0.00, 0.01, 0.33, 0.18, 0.71, 0.17, 0.03, 0.00, 0.00, 0.15, 0.83, 0.08, 0.00, 1.00, 0.00, 1.00, 0.00, 0.00, 0.00, 0.00, 0.00, 0.00, 0.00, 0.00, 0.00, 0.00, 0.00, 0.00, 0.00, 0.00
8629, 0, 325.324, 0.98, 1, 0.19, 0.00, 0.00, 0.01, 0.00, 0.00, 0.01, 0.21, 0.16, 0.63, 0.08, 0.02, 0.00, 0.00, 0.15, 0.76, 0.08, 0.00, 1.00, 0.00, 1.00, 0.00, 0.00, 0.00, 0.00, 0.00, 0.00, 0.00, 0.00, 0.00, 0.00, 0.00, 0.00, 0.00, 0.00
8630, 0, 325.362, 0.98, 1, 0.11, 0.03, 0.00, 0.01, 0.00, 0.00, 0.00, 0.43, 0.17, 0.56, 0.09, 0.09, 0.00, 0.10, 0.38, 0.88, 0.08, 0.00, 0.00, 0.00, 1.00, 0.00, 0.00, 0.00, 0.00, 0.00, 0.00, 0.00, 0.00, 0.00, 0.00, 0.00, 0.00, 0.00, 0.00
8631, 0, 325.400, 0.98, 1, 0.02, 0.03, 0.00, 0.07, 0.00, 0.00, 0.00, 0.65, 0.13, 0.46, 0.19, 0.09, 0.00, 0.14, 0.69, 0.75, 0.00, 0.00, 0.00, 0.00, 1.00, 0.00, 0.00, 0.00, 0.00, 0.00, 0.00, 0.00, 0.00, 0.00, 0.00, 0.00, 0.00, 0.00, 0.00
8632, 0, 325.437, 0.98, 1, 0.00, 0.03, 0.00, 0.06, 0.00, 0.00, 0.00, 0.93, 0.22, 0.31, 0.19, 0.19, 0.00, 0.15, 0.70, 0.67, 0.00, 0.00, 0.00, 0.00, 1.00, 0.00, 0.00, 0.00, 0.00, 0.00, 0.00, 0.00, 0.00, 0.00, 1.00, 0.00, 0.00, 0.00, 0.00
8633, 0, 325.475, 0.88, 1, 0.07, 0.00, 0.00, 0.06, 0.00, 0.00, 0.00, 0.89, 0.25, 0.23, 0.09, 0.22, 0.00, 0.05, 0.49, 0.46, 0.08, 0.00, 0.00, 0.00, 1.00, 0.00, 0.00, 0.00, 0.00, 0.00, 0.00, 0.00, 0.00, 0.00, 1.00, 0.00, 0.00, 0.00, 0.00
8634, 0, 325.513, 0.88, 1, 0.14, 0.00, 0.00, 0.00, 0.00, 0.00, 0.00, 0.97, 0.32, 0.12, 0.05, 0.34, 0.00, 0.00, 0.17, 0.37, 0.25, 0.00, 0.00, 0.00, 1.00, 0.00, 0.00, 0.00, 0.00, 0.00, 0.00, 0.00, 0.00, 0.00, 1.00, 0.00, 0.00, 0.00, 0.00
8635, 0, 325.550, 0.88, 1, 0.14, 0.00, 0.00, 0.00, 0.00, 0.00, 0.00, 0.99, 0.29, 0.17, 0.05, 0.24, 0.00, 0.00, 0.13, 0.25, 0.43, 0.00, 0.00, 0.00, 1.00, 0.00, 0.00, 0.00, 0.00, 0.00, 0.00, 0.00, 0.00, 0.00, 0.00, 0.00, 0.00, 0.00, 0.00
8636, 0, 325.588, 0.93, 1, 0.08, 0.00, 0.00, 0.00, 0.00, 0.00, 0.03, 0.82, 0.27, 0.16, 0.05, 0.12, 0.00, 0.00, 0.09, 0.06, 0.34, 0.00, 0.00, 0.00, 1.00, 0.00, 0.00, 0.00, 0.00, 0.00, 0.00, 0.00, 0.00, 0.00, 0.00, 0.00, 0.00, 0.00, 0.00
8637, 0, 325.626, 0.98, 1, 0.01, 0.00, 0.00, 0.00, 0.00, 0.00, 0.10, 0.60, 0.27, 0.26, 0.00, 0.00, 0.00, 0.00, 0.20, 0.00, 0.18, 0.00, 0.00, 0.00, 1.00, 0.00, 0.00, 0.00, 0.00, 0.00, 0.00, 0.00, 0.00, 0.00, 0.00, 0.00, 0.00, 0.00, 0.00
8638, 0, 325.664, 0.98, 1, 0.01, 0.00, 0.00, 0.00, 0.00, 0.00, 0.15, 0.40, 0.27, 0.40, 0.00, 0.00, 0.00, 0.00, 0.31, 0.00, 0.00, 0.00, 0.00, 0.00, 1.00, 0.00, 0.00, 0.00, 0.00, 0.00, 0.00, 0.00, 0.00, 0.00, 0.00, 0.00, 0.00, 0.00, 0.00
8639, 0, 325.701, 0.98, 1, 0.00, 0.00, 0.00, 0.00, 0.00, 0.00, 0.16, 0.30, 0.30, 0.38, 0.00, 0.00, 0.00, 0.00, 0.39, 0.00, 0.09, 0.00, 0.00, 0.00, 1.00, 0.00, 0.00, 0.00, 0.00, 0.00, 0.00, 0.00, 0.00, 0.00, 0.00, 0.00, 0.00, 0.00, 0.00
8640, 0, 325.739, 0.98, 1, 0.00, 0.00, 0.00, 0.00, 0.00, 0.00, 0.09, 0.62, 0.48, 0.39, 0.00, 0.11, 0.00, 0.00, 0.36, 0.21, 0.13, 0.00, 0.00, 0.00, 1.00, 0.00, 0.00, 0.00, 0.00, 0.00, 0.00, 0.00, 0.00, 0.00, 0.00, 0.00, 0.00, 0.00, 0.00
8641, 0, 325.777, 0.98, 1, 0.00, 0.00, 0.00, 0.00, 0.00, 0.00, 0.04, 0.83, 0.61, 0.39, 0.00, 0.26, 0.00, 0.00, 0.36, 0.34, 0.22, 0.00, 0.00, 0.00, 1.00, 0.00, 0.00, 0.00, 0.00, 1.00, 0.00, 0.00, 0.00, 0.00, 0.00, 0.00, 0.00, 0.00, 0.00
8642, 0, 325.814, 0.98, 1, 0.08, 0.00, 0.00, 0.00, 0.00, 0.00, 0.00, 1.11, 0.71, 0.47, 0.00, 0.42, 0.00, 0.00, 0.51, 0.44, 0.12, 0.00, 0.00, 0.00, 1.00, 0.00, 0.00, 0.00, 0.00, 1.00, 0.00, 0.00, 0.00, 0.00, 0.00, 1.00, 0.00, 0.00, 0.00
8643, 0, 325.852, 0.98, 1, 0.16, 0.00, 0.00, 0.00, 0.00, 0.00, 0.00, 0.93, 0.65, 0.56, 0.00, 0.44, 0.00, 0.00, 0.59, 0.30, 0.08, 0.00, 0.00, 0.00, 1.00, 0.00, 0.00, 0.00, 0.00, 1.00, 0.00, 0.00, 0.00, 0.00, 0.00, 1.00, 0.00, 0.00, 0.00
8644, 0, 325.890, 0.98, 1, 0.33, 0.00, 0.01, 0.00, 0.00, 0.00, 0.00, 1.02, 0.58, 0.56, 0.00, 0.45, 0.00, 0.00, 0.59, 0.22, 0.08, 0.00, 0.00, 0.00, 1.00, 0.00, 0.00, 0.00, 0.00, 1.00, 0.00, 0.00, 0.00, 0.00, 0.00, 1.00, 0.00, 0.00, 0.00
8645, 0, 325.927, 0.98, 1, 0.38, 0.00, 0.01, 0.00, 0.00, 0.00, 0.00, 1.06, 0.44, 0.51, 0.00, 0.28, 0.00, 0.00, 0.46, 0.31, 0.08, 0.00, 0.00, 0.00, 1.00, 0.00, 0.00, 0.00, 0.00, 1.00, 0.00, 0.00, 0.00, 0.00, 0.00, 1.00, 0.00, 0.00, 0.00
8646, 0, 325.965, 0.98, 1, 0.43, 0.00, 0.01, 0.00, 0.00, 0.00, 0.02, 1.05, 0.31, 0.39, 0.00, 0.15, 0.00, 0.00, 0.47, 0.46, 0.08, 0.00, 0.00, 0.00, 1.00, 0.00, 0.00, 0.00, 1.00, 1.00, 0.00, 0.00, 0.00, 0.00, 0.00, 1.00, 0.00, 0.00, 0.00
8647, 0, 326.003, 0.98, 1, 0.37, 0.00, 0.00, 0.00, 0.00, 0.00, 0.02, 0.95, 0.22, 0.24, 0.00, 0.00, 0.00, 0.00, 0.38, 0.50, 0.00, 0.00, 0.00, 0.00, 1.00, 0.00, 0.00, 0.00, 1.00, 1.00, 0.00, 0.00, 0.00, 0.00, 0.00, 1.00, 0.00, 0.00, 0.00
8648, 0, 326.041, 0.98, 1, 0.45, 0.21, 0.00, 0.00, 0.00, 0.00, 0.02, 0.91, 0.23, 0.38, 0.00, 0.00, 0.00, 0.00, 0.31, 0.39, 0.00, 0.00, 0.00, 0.00, 1.00, 0.00, 0.00, 0.00, 1.00, 1.00, 0.00, 0.00, 0.00, 0.00, 0.00, 1.00, 0.00, 0.00, 0.00
8649, 0, 326.078, 0.98, 1, 0.66, 0.22, 0.00, 0.00, 0.00, 0.00, 0.00, 0.85, 0.34, 0.57, 0.00, 0.01, 0.00, 0.00, 0.41, 0.28, 0.13, 1.00, 0.00, 0.00, 1.00, 0.00, 0.00, 0.00, 1.00, 1.00, 0.00, 0.00, 0.00, 0.00, 0.00, 1.00, 0.00, 0.00, 0.00
8650, 0, 326.116, 0.88, 1, 0.85, 0.33, 0.00, 0.00, 0.00, 0.00, 0.00, 0.96, 0.48, 0.64, 0.00, 0.01, 0.00, 0.00, 0.71, 0.89, 0.13, 1.00, 0.00, 0.00, 1.00, 0.00, 0.00, 0.00, 1.00, 1.00, 0.00, 0.00, 0.00, 0.00, 0.00, 1.00, 0.00, 0.00, 0.00
8651, 0, 326.154, 0.88, 1, 0.94, 0.30, 0.00, 0.00, 0.00, 0.00, 0.00, 1.11, 0.59, 0.51, 0.00, 0.01, 0.00, 0.00, 0.89, 1.41, 0.13, 1.00, 0.00, 0.00, 1.00, 0.00, 0.00, 0.00, 1.00, 1.00, 0.00, 0.00, 0.00, 1.00, 0.00, 1.00, 0.00, 0.00, 0.00
8652, 0, 326.191, 0.88, 1, 0.87, 0.56, 0.00, 0.00, 0.00, 0.00, 0.02, 1.02, 0.54, 0.28, 0.00, 0.00, 0.18, 0.00, 1.15, 1.85, 0.00, 1.00, 0.00, 0.00, 1.00, 0.00, 0.00, 0.00, 1.00, 1.00, 0.00, 0.00, 0.00, 1.00, 0.00, 1.00, 0.00, 0.00, 0.00
8653, 0, 326.229, 0.88, 1, 0.70, 0.45, 0.00, 0.00, 0.00, 0.00, 0.09, 0.70, 0.49, 0.24, 0.00, 0.00, 0.43, 0.00, 1.24, 1.64, 0.05, 1.00, 0.00, 0.00, 1.00, 0.00, 0.00, 0.00, 0.00, 1.00, 0.00, 0.00, 0.00, 1.00, 0.00, 1.00, 0.00, 0.00, 0.00
8654, 0, 326.267, 0.88, 1, 0.55, 0.28, 0.00, 0.00, 0.00, 0.00, 0.17, 0.33, 0.44, 0.18, 0.00, 0.00, 0.74, 0.00, 1.33, 1.51, 0.19, 0.00, 0.00, 0.00, 1.00, 0.00, 0.00, 0.00, 0.00, 1.00, 0.00, 0.00, 0.00, 1.00, 0.00, 1.00, 0.00, 0.00, 0.00
8655, 0, 326.305, 0.88, 1, 0.49, 0.00, 0.00, 0.00, 0.00, 0.00, 0.20, 0.16, 0.46, 0.22, 0.00, 0.00, 0.56, 0.00, 0.91, 1.21, 0.19, 0.00, 1.00, 0.00, 1.00, 0.00, 0.00, 0.00, 0.00, 1.00, 0.00, 0.00, 0.00, 1.00, 0.00, 1.00, 0.00, 0.00, 0.00
8656, 0, 326.342, 0.88, 1, 0.53, 0.11, 0.00, 0.00, 0.00, 0.00, 0.17, 0.16, 0.42, 0.27, 0.00, 0.00, 0.31, 0.02, 0.50, 0.89, 0.14, 0.00, 1.00, 0.00, 1.00, 0.00, 0.00, 0.00, 0.00, 1.00, 0.00, 0.00, 0.00, 0.00, 0.00, 1.00, 0.00, 0.00, 0.00
8657, 0, 326.380, 0.93, 1, 0.55, 0.23, 0.00, 0.00, 0.00, 0.00, 0.12, 0.19, 0.40, 0.35, 0.00, 0.00, 0.00, 0.03, 0.20, 0.60, 0.00, 0.00, 0.00, 0.00, 1.00, 0.00, 0.00, 0.00, 0.00, 1.00, 0.00, 0.00, 0.00, 0.00, 0.00, 1.00, 0.00, 0.00, 0.00
8658, 0, 326.418, 0.93, 1, 0.54, 0.38, 0.00, 0.00, 0.00, 0.00, 0.25, 0.30, 0.27, 0.36, 0.00, 0.00, 0.00, 0.03, 0.12, 0.34, 0.00, 0.00, 0.00, 0.00, 1.00, 0.00, 0.00, 0.00, 0.00, 0.00, 0.00, 0.00, 0.00, 0.00, 0.00, 1.00, 0.00, 0.00, 0.00
8659, 0, 326.455, 0.88, 1, 0.64, 0.41, 0.00, 0.00, 0.00, 0.00, 0.38, 0.38, 0.16, 0.37, 0.00, 0.00, 0.00, 0.01, 0.16, 0.19, 0.00, 0.00, 0.00, 0.00, 1.00, 0.00, 0.00, 0.00, 0.00, 0.00, 0.00, 0.00, 0.00, 0.00, 0.00, 0.00, 0.00, 0.00, 0.00
8660, 0, 326.493, 0.88, 1, 0.56, 0.29, 0.00, 0.00, 0.00, 0.00, 0.46, 0.52, 0.05, 0.26, 0.11, 0.06, 0.00, 0.00, 0.27, 0.43, 0.16, 0.00, 0.00, 0.00, 1.00, 0.00, 0.00, 0.00, 0.00, 0.00, 0.00, 1.00, 0.00, 0.00, 0.00, 0.00, 0.00, 0.00, 0.00
8661, 0, 326.531, 0.88, 1, 0.58, 0.16, 0.00, 0.00, 0.00, 0.00, 0.35, 0.72, 0.00, 0.13, 0.14, 0.06, 0.00, 0.00, 0.24, 0.65, 0.36, 0.00, 0.00, 0.00, 1.00, 0.00, 0.00, 0.00, 0.00, 0.00, 0.00, 1.00, 0.00, 0.00, 0.00, 0.00, 0.00, 0.00, 0.00
8662, 0, 326.568, 0.88, 1, 0.55, 0.06, 0.00, 0.00, 0.00, 0.00, 0.27, 0.86, 0.00, 0.00, 0.18, 0.06, 0.00, 0.00, 0.18, 0.84, 0.58, 0.00, 0.00, 0.00, 1.00, 0.00, 0.00, 0.00, 0.00, 0.00, 0.00, 1.00, 0.00, 0.00, 0.00, 0.00, 0.00, 0.00, 0.00
8663, 0, 326.606, 0.88, 1, 0.66, 0.06, 0.00, 0.00, 0.00, 0.00, 0.20, 0.82, 0.00, 0.04, 0.07, 0.12, 0.00, 0.00, 0.00, 0.83, 0.55, 0.00, 0.00, 0.00, 1.00, 0.00, 0.00, 0.00, 0.00, 0.00, 0.00, 1.00, 0.00, 0.00, 0.00, 0.00, 0.00, 0.00, 0.00
8664, 0, 326.644, 0.88, 1, 0.71, 0.13, 0.00, 0.00, 0.00, 0.00, 0.13, 0.50, 0.00, 0.12, 0.04, 0.17, 0.00, 0.01, 0.04, 0.93, 0.51, 0.00, 0.00, 0.00, 1.00, 0.00, 0.00, 0.00, 0.00, 0.00, 0.00, 1.00, 0.00, 0.00, 0.00, 0.00, 0.00, 0.00, 0.00
8665, 0, 326.682, 0.88, 1, 0.55, 0.10, 0.00, 0.00, 0.00, 0.00, 0.05, 0.49, 0.05, 0.24, 0.00, 0.27, 0.00, 0.01, 0.04, 1.29, 0.30, 0.00, 0.00, 0.00, 1.00, 0.00, 0.00, 0.00, 0.00, 0.00, 0.00, 1.00, 0.00, 0.00, 1.00, 0.00, 0.00, 0.00, 0.00
8666, 0, 326.719, 0.88, 1, 0.42, 0.10, 0.00, 0.00, 0.00, 0.00, 0.00, 0.58, 0.11, 0.36, 0.00, 0.27, 0.00, 0.01, 0.04, 1.47, 0.17, 0.00, 0.00, 0.00, 1.00, 0.00, 0.00, 0.00, 0.00, 0.00, 0.00, 1.00, 0.00, 0.00, 1.00, 0.00, 0.00, 0.00, 0.00
8667, 0, 326.757, 0.88, 1, 0.30, 0.00, 0.00, 0.00, 0.00, 0.00, 0.07, 0.75, 0.11, 0.48, 0.00, 0.32, 0.00, 0.00, 0.00, 1.61, 0.05, 0.00, 0.00, 0.00, 1.00, 0.00, 0.00, 0.00, 0.00, 0.00, 0.00, 0.00, 0.00, 0.00, 1.00, 0.00, 0.00, 0.00, 0.00
8668, 0, 326.795, 0.98, 1, 0.33, 0.00, 0.00, 0.00, 0.00, 0.00, 0.08, 0.48, 0.12, 0.62, 0.00, 0.23, 0.00, 0.00, 0.21, 1.37, 0.16, 0.00, 0.00, 0.00, 1.00, 0.00, 0.00, 0.00, 0.00, 0.00, 0.00, 0.00, 0.00, 0.00, 1.00, 0.00, 0.00, 0.00, 0.00
8669, 0, 326.832, 0.98, 1, 0.44, 0.05, 0.00, 0.00, 0.00, 0.00, 0.08, 0.24, 0.15, 0.72, 0.00, 0.18, 0.00, 0.00, 0.48, 1.20, 0.20, 0.00, 0.00, 0.00, 1.00, 0.00, 0.00, 0.00, 0.00, 0.00, 0.00, 0.00, 0.00, 0.00, 1.00, 0.00, 0.00, 0.00, 0.00
8670, 0, 326.870, 0.88, 1, 0.28, 0.05, 0.00, 0.00, 0.00, 0.00, 0.00, 0.11, 0.50, 0.64, 0.00, 0.15, 0.00, 0.00, 1.02, 1.02, 0.27, 0.00, 0.00, 0.00, 1.00, 0.00, 0.00, 0.00, 0.00, 0.00, 0.00, 0.00, 0.00, 0.00, 1.00, 1.00, 0.00, 0.00, 0.00
8671, 0, 326.908, 0.93, 1, 0.18, 0.05, 0.00, 0.00, 0.00, 0.00, 0.00, 0.09, 0.70, 0.73, 0.00, 0.15, 0.00, 0.00, 1.36, 0.78, 0.31, 0.00, 0.00, 0.00, 1.00, 0.00, 0.00, 0.00, 0.00, 1.00, 0.00, 0.00, 0.00, 0.00, 0.00, 1.00, 0.00, 0.00, 0.00
8672, 0, 326.946, 0.98, 1, 0.00, 0.00, 0.00, 0.00, 0.00, 0.00, 0.00, 0.03, 0.87, 0.63, 0.00, 0.10, 0.00, 0.01, 1.39, 0.67, 0.35, 0.00, 0.00, 0.00, 1.00, 0.00, 0.00, 0.00, 0.00, 1.00, 0.00, 0.00, 0.00, 0.00, 0.00, 1.00, 0.00, 0.00, 0.00
8673, 0, 326.983, 0.98, 1, 0.05, 0.00, 0.01, 0.00, 0.00, 0.00, 0.00, 0.00, 0.75, 0.83, 0.00, 0.03, 0.00, 0.01, 1.07, 0.66, 0.47, 0.00, 0.00, 0.00, 1.00, 0.00, 0.00, 0.00, 0.00, 1.00, 0.00, 0.00, 0.00, 0.00, 0.00, 1.00, 0.00, 0.00, 0.00
8674, 0, 327.021, 0.93, 1, 0.13, 0.00, 0.01, 0.00, 0.00, 0.00, 0.00, 0.00, 0.76, 0.81, 0.00, 0.05, 0.00, 0.01, 0.89, 0.72, 0.45, 0.00, 0.00, 0.00, 1.00, 0.00, 0.00, 0.00, 0.00, 1.00, 0.00, 0.00, 0.00, 0.00, 0.00, 1.00, 0.00, 0.00, 0.00
8675, 0, 327.059, 0.98, 1, 0.33, 0.00, 0.01, 0.00, 0.00, 0.00, 0.00, 0.10, 0.61, 0.66, 0.00, 0.04, 0.00, 0.00, 1.03, 0.59, 0.53, 0.00, 0.00, 0.00, 1.00, 0.00, 0.00, 0.00, 0.00, 1.00, 0.00, 0.00, 0.00, 0.00, 0.00, 1.00, 0.00, 0.00, 0.00
8676, 0, 327.096, 0.98, 1, 0.53, 0.00, 0.03, 0.00, 0.00, 0.00, 0.02, 0.14, 0.46, 0.36, 0.00, 0.04, 0.00, 0.00, 1.10, 0.52, 0.46, 0.00, 0.00, 0.00, 1.00, 0.00, 0.00, 0.00, 0.00, 1.00, 0.00, 0.00, 0.00, 0.00, 0.00, 1.00, 1.00, 0.00, 0.00
8677, 0, 327.134, 0.93, 1, 0.70, 0.00, 0.05, 0.00, 0.00, 0.00, 0.09, 0.19, 0.23, 0.07, 0.00, 0.00, 0.00, 0.00, 1.02, 0.60, 0.42, 0.00, 0.00, 0.00, 1.00, 0.00, 0.00, 0.00, 0.00, 1.00, 0.00, 0.00, 0.00, 0.00, 0.00, 1.00, 1.00, 0.00, 0.00
8678, 0, 327.172, 0.93, 1, 0.59, 0.00, 0.05, 0.00, 0.00, 0.00, 0.09, 0.29, 0.19, 0.05, 0.00, 0.00, 0.00, 0.00, 0.59, 0.89, 0.26, 0.00, 0.00, 0.00, 1.00, 0.00, 0.00, 0.00, 0.00, 1.00, 0.00, 0.00, 0.00, 0.00, 0.00, 1.00, 1.00, 0.00, 0.00
8679, 0, 327.209, 0.98, 1, 0.47, 0.00, 0.02, 0.00, 0.00, 0.00, 0.13, 0.41, 0.22, 0.13, 0.00, 0.00, 0.00, 0.00, 0.40, 1.16, 0.10, 0.00, 0.00, 0.00, 1.00, 0.00, 0.00, 0.00, 0.00, 1.00, 0.00, 0.00, 0.00, 0.00, 0.00, 1.00, 1.00, 0.00, 0.00
8680, 0, 327.247, 0.98, 1, 0.22, 0.00, 0.00, 0.00, 0.00, 0.00, 0.06, 0.59, 0.17, 0.31, 0.00, 0.00, 0.00, 0.00, 0.22, 1.19, 0.07, 0.00, 0.00, 0.00, 1.00, 0.00, 0.00, 0.00, 0.00, 1.00, 0.00, 0.00, 0.00, 0.00, 0.00, 1.00, 1.00, 0.00, 0.00
8681, 0, 327.285, 0.98, 1, 0.12, 0.00, 0.00, 0.00, 0.06, 0.00, 0.05, 0.85, 0.24, 0.31, 0.00, 0.00, 0.00, 0.04, 0.46, 0.96, 0.10, 0.00, 0.00, 0.00, 1.00, 0.00, 0.00, 0.00, 0.00, 1.00, 0.00, 0.00, 0.00, 0.00, 0.00, 1.00, 1.00, 0.00, 0.00
8682, 0, 327.323, 0.98, 1, 0.01, 0.00, 0.00, 0.00, 0.11, 0.00, 0.00, 1.13, 0.28, 0.22, 0.00, 0.00, 0.00, 0.06, 0.51, 0.72, 0.10, 0.00, 0.00, 0.00, 1.00, 0.00, 0.00, 0.00, 0.00, 1.00, 0.00, 0.00, 0.00, 0.00, 0.00, 1.00, 0.00, 0.00, 0.00
8683, 0, 327.360, 0.98, 1, 0.17, 0.00, 0.00, 0.00, 0.11, 0.00, 0.00, 1.37, 0.51, 0.46, 0.00, 0.19, 0.00, 0.07, 0.46, 0.98, 0.04, 0.00, 0.00, 0.00, 1.00, 0.00, 0.00, 0.00, 0.00, 1.00, 0.00, 0.00, 0.00, 0.00, 0.00, 1.00, 0.00, 0.00, 0.00
8684, 0, 327.398, 0.98, 1, 0.17, 0.00, 0.00, 0.00, 0.06, 0.00, 0.05, 1.18, 0.56, 0.61, 0.00, 0.19, 0.00, 0.03, 0.50, 1.05, 0.00, 0.00, 0.00, 0.00, 1.00, 0.00, 0.00, 0.00, 0.00, 1.00, 0.00, 0.00, 0.00, 0.00, 0.00, 1.00, 0.00, 0.00, 0.00
8685, 0, 327.436, 0.98, 1, 0.16, 0.00, 0.00, 0.00, 0.01, 0.00, 0.05, 0.75, 0.66, 0.69, 0.00, 0.19, 0.00, 0.01, 0.50, 1.04, 0.00, 0.00, 0.00, 0.00, 1.00, 0.00, 0.00, 0.00, 0.00, 1.00, 0.00, 0.00, 0.00, 0.00, 0.00, 1.00, 0.00, 0.00, 0.00
8686, 0, 327.473, 0.98, 1, 0.00, 0.00, 0.00, 0.00, 0.00, 0.00, 0.05, 0.38, 0.54, 0.45, 0.00, 0.02, 0.00, 0.02, 0.43, 0.56, 0.02, 0.00, 0.00, 0.00, 1.00, 0.00, 0.00, 0.00, 0.00, 1.00, 0.00, 0.00, 0.00, 0.00, 0.00, 1.00, 0.00, 0.00, 0.00
8687, 0, 327.511, 0.98, 1, 0.00, 0.00, 0.00, 0.00, 0.00, 0.00, 0.00, 0.33, 0.51, 0.65, 0.00, 0.03, 0.00, 0.04, 0.16, 0.46, 0.15, 0.00, 0.00, 0.00, 1.00, 0.00, 0.00, 0.00, 0.00, 1.00, 0.00, 0.00, 0.00, 0.00, 0.00, 1.00, 0.00, 0.00, 0.00
8688, 0, 327.549, 0.98, 1, 0.17, 0.26, 0.00, 0.00, 0.00, 0.00, 0.00, 0.44, 0.42, 0.83, 0.00, 0.14, 0.00, 0.04, 0.28, 0.60, 0.35, 0.00, 0.00, 0.00, 1.00, 0.00, 0.00, 0.00, 0.00, 1.00, 0.00, 0.00, 0.00, 0.00, 0.00, 1.00, 0.00, 0.00, 0.00
8689, 0, 327.587, 0.98, 1, 0.24, 0.35, 0.00, 0.00, 0.00, 0.00, 0.00, 0.45, 0.46, 0.82, 0.00, 0.15, 0.00, 0.07, 0.39, 0.90, 0.49, 0.00, 0.00, 0.00, 1.00, 0.00, 0.00, 0.00, 0.00, 1.00, 0.00, 0.00, 0.00, 0.00, 0.00, 1.00, 0.00, 0.00, 0.00
8690, 0, 327.624, 0.98, 1, 0.37, 0.50, 0.00, 0.00, 0.00, 0.00, 0.00, 0.23, 0.49, 0.54, 0.00, 0.14, 0.00, 0.06, 0.56, 0.70, 0.36, 0.00, 0.00, 0.00, 1.00, 0.00, 0.00, 0.00, 0.00, 1.00, 0.00, 0.00, 0.00, 0.00, 0.00, 1.00, 0.00, 0.00, 0.00
8691, 0, 327.662, 0.98, 1, 0.25, 0.42, 0.00, 0.00, 0.00, 0.00, 0.00, 0.11, 0.50, 0.28, 0.00, 0.02, 0.00, 0.06, 0.47, 0.34, 0.21, 0.00, 0.00, 0.00, 1.00, 0.00, 0.00, 0.00, 0.00, 1.00, 0.00, 0.00, 0.00, 0.00, 0.00, 1.00, 0.00, 0.00, 0.00
8692, 0, 327.700, 0.98, 1, 0.23, 0.34, 0.00, 0.00, 0.00, 0.00, 0.00, 0.03, 0.58, 0.21, 0.00, 0.00, 0.00, 0.01, 0.53, 0.01, 0.19, 0.00, 0.00, 0.00, 1.00, 0.00, 0.00, 0.00, 0.00, 1.00, 0.00, 0.00, 0.00, 0.00, 0.00, 1.00, 0.00, 0.00, 0.00
8693, 0, 327.737, 0.98, 1, 0.16, 0.25, 0.00, 0.00, 0.00, 0.00, 0.00, 0.03, 0.54, 0.36, 0.00, 0.00, 0.00, 0.00, 0.53, 0.01, 0.35, 0.00, 0.00, 0.00, 1.00, 0.00, 0.00, 0.00, 0.00, 1.00, 0.00, 0.00, 0.00, 0.00, 0.00, 1.00, 0.00, 0.00, 0.00
8694, 0, 327.775, 0.98, 1, 0.13, 0.10, 0.00, 0.08, 0.00, 0.00, 0.00, 0.04, 0.52, 0.46, 0.00, 0.00, 0.00, 0.00, 0.52, 0.01, 0.29, 0.00, 1.00, 0.00, 1.00, 0.00, 0.00, 0.00, 0.00, 1.00, 0.00, 0.00, 0.00, 0.00, 0.00, 1.00, 0.00, 0.00, 0.00
8695, 0, 327.813, 0.98, 1, 0.12, 0.29, 0.00, 0.12, 0.00, 0.00, 0.00, 0.28, 0.40, 0.57, 0.00, 0.12, 0.00, 0.06, 0.36, 0.20, 0.16, 0.00, 1.00, 0.00, 1.00, 0.00, 0.00, 0.00, 0.00, 0.00, 0.00, 0.00, 0.00, 0.00, 0.00, 1.00, 0.00, 0.00, 0.00
8696, 0, 327.850, 0.98, 1, 0.11, 0.27, 0.00, 0.17, 0.00, 0.00, 0.00, 0.54, 0.36, 0.55, 0.00, 0.12, 0.00, 0.06, 0.18, 0.30, 0.00, 0.00, 0.00, 0.00, 1.00, 0.00, 0.00, 0.00, 0.00, 0.00, 0.00, 0.00, 0.00, 0.00, 0.00, 1.00, 0.00, 0.00, 0.00
8697, 0, 327.888, 0.98, 1, 0.16, 0.27, 0.00, 0.19, 0.00, 0.00, 0.00, 0.83, 0.31, 0.53, 0.00, 0.12, 0.12, 0.06, 0.01, 0.39, 0.00, 0.00, 0.00, 0.00, 1.00, 0.00, 0.00, 0.00, 0.00, 0.00, 0.00, 0.00, 0.00, 0.00, 0.00, 1.00, 0.00, 0.00, 0.00
8698, 0, 327.926, 0.98, 1, 0.13, 0.23, 0.00, 0.32, 0.00, 0.00, 0.04, 0.96, 0.23, 0.33, 0.00, 0.00, 0.24, 0.00, 0.14, 0.19, 0.00, 0.00, 1.00, 0.00, 1.00, 0.00, 0.00, 0.00, 0.00, 0.00, 0.00, 0.00, 0.00, 0.00, 0.00, 1.00, 0.00, 0.00, 0.00
8699, 0, 327.964, 0.98, 1, 0.08, 0.35, 0.00, 0.48, 0.00, 0.00, 0.07, 1.10, 0.15, 0.16, 0.00, 0.00, 0.40, 0.00, 0.20, 0.10, 0.00, 0.00, 1.00, 0.00, 1.00, 0.00, 0.00, 0.00, 0.00, 0.00, 0.00, 0.00, 0.00, 0.00, 0.00, 1.00, 0.00, 0.00, 0.00
8700, 0, 328.001, 0.98, 1, 0.00, 0.31, 0.00, 0.38, 0.00, 0.00, 0.07, 1.18, 0.05, 0.08, 0.24, 0.25, 0.28, 0.01, 0.29, 0.36, 0.00, 0.00, 1.00, 0.00, 1.00, 0.00, 0.00, 0.00, 0.00, 0.00, 0.00, 0.00, 0.00, 0.00, 0.00, 1.00, 0.00, 0.00, 0.00
8701, 0, 328.039, 0.98, 1, 0.00, 0.15, 0.00, 0.29, 0.00, 0.00, 0.03, 1.02, 0.03, 0.04, 0.27, 0.50, 0.16, 0.06, 0.17, 0.74, 0.00, 0.00, 1.00, 0.00, 1.00, 0.00, 0.00, 0.00, 0.00, 0.00, 0.00, 1.00, 1.00, 0.00, 0.00, 0.00, 0.00, 0.00, 0.00
8702, 0, 328.077, 0.98, 1, 0.00, 0.00, 0.00, 0.08, 0.00, 0.00, 0.00, 0.89, 0.01, 0.11, 0.51, 0.99, 0.00, 0.13, 0.10, 1.24, 0.00, 0.00, 1.00, 0.00, 1.00, 0.00, 0.00, 0.00, 0.00, 0.00, 0.00, 1.00, 1.00, 0.00, 0.00, 0.00, 0.00, 0.00, 0.00
8703, 0, 328.114, 0.98, 1, 0.00, 0.00, 0.00, 0.09, 0.00, 0.00, 0.03, 0.86, 0.02, 0.19, 0.28, 1.04, 0.00, 0.18, 0.00, 1.22, 0.00, 0.00, 1.00, 0.00, 1.00, 0.00, 0.00, 0.00, 0.00, 0.00, 0.00, 1.00, 1.00, 0.00, 0.00, 0.00, 0.00, 0.00, 0.00
8704, 0, 328.152, 0.98, 1, 0.00, 0.00, 0.00, 0.06, 0.00, 0.00, 0.04, 0.98, 0.06, 0.25, 0.24, 1.03, 0.00, 0.21, 0.00, 1.17, 0.00, 0.00, 1.00, 0.00, 1.00, 0.00, 0.00, 0.00, 0.00, 0.00, 0.00, 1.00, 1.00, 0.00, 0.00, 0.00, 0.00, 0.00, 0.00
8705, 0, 328.190, 0.98, 1, 0.00, 0.03, 0.00, 0.16, 0.00, 0.04, 0.09, 0.76, 0.18, 0.17, 0.00, 0.62, 0.00, 0.23, 0.00, 0.87, 0.00, 0.00, 1.00, 0.00, 1.00, 0.00, 0.00, 0.00, 0.00, 0.00, 0.00, 1.00, 1.00, 0.00, 0.00, 0.00, 0.00, 0.00, 0.00
8706, 0, 328.228, 0.98, 1, 0.00, 0.03, 0.00, 0.37, 0.00, 0.04, 0.07, 0.55, 0.29, 0.13, 0.00, 0.35, 0.00, 0.19, 0.00, 0.62, 0.00, 0.00, 1.00, 0.00, 1.00, 0.00, 0.00, 0.00, 0.00, 0.00, 0.00, 1.00, 0.00, 0.00, 0.00, 0.00, 0.00, 0.00, 0.00
8707, 0, 328.265, 0.98, 1, 0.00, 0.11, 0.00, 0.39, 0.00, 0.04, 0.05, 0.35, 0.35, 0.07, 0.00, 0.17, 0.00, 0.12, 0.00, 0.32, 0.00, 0.00, 1.00, 0.00, 1.00, 0.00, 0.00, 0.00, 0.00, 0.00, 0.00, 1.00, 0.00, 0.00, 0.00, 0.00, 0.00, 0.00, 0.00
8708, 0, 328.303, 0.98, 1, 0.14, 0.20, 0.00, 0.27, 0.00, 0.00, 0.13, 0.48, 0.24, 0.08, 0.03, 0.09, 0.12, 0.02, 0.00, 0.26, 0.00, 0.00, 0.00, 0.00, 1.00, 0.00, 0.00, 0.00, 0.00, 0.00, 0.00, 1.00, 0.00, 0.00, 0.00, 0.00, 0.00, 0.00, 0.00
8709, 0, 328.341, 0.98, 1, 0.28, 0.33, 0.00, 0.06, 0.00, 0.00, 0.23, 0.59, 0.14, 0.04, 0.07, 0.07, 0.21, 0.01, 0.00, 0.28, 0.00, 0.00, 0.00, 0.00, 1.00, 0.00, 0.00, 0.00, 0.00, 1.00, 0.00, 1.00, 0.00, 0.00, 0.00, 0.00, 0.00, 0.00, 0.00
8710, 0, 328.378, 0.98, 1, 0.28, 0.25, 0.00, 0.00, 0.00, 0.00, 0.23, 0.71, 0.28, 0.07, 0.07, 0.33, 0.21, 0.00, 0.00, 0.48, 0.00, 0.00, 0.00, 0.00, 1.00, 0.00, 0.00, 0.00, 0.00, 1.00, 0.00, 1.00, 0.00, 0.00, 0.00, 0.00, 0.00, 0.00, 0.00
8711, 0, 328.416, 0.98, 1, 0.16, 0.13, 0.00, 0.09, 0.00, 0.00, 0.11, 0.79, 0.42, 0.16, 0.08, 0.53, 0.09, 0.04, 0.04, 0.62, 0.00, 0.00, 0.00, 0.00, 1.00, 0.00, 0.00, 0.00, 0.00, 1.00, 1.00, 1.00, 0.00, 0.00, 0.00, 0.00, 0.00, 0.00, 0.00
8712, 0, 328.454, 0.98, 1, 0.33, 0.23, 0.00, 0.09, 0.00, 0.00, 0.00, 0.73, 0.56, 0.32, 0.04, 0.83, 0.00, 0.04, 0.16, 0.97, 0.00, 0.00, 0.00, 0.00, 1.00, 0.00, 0.00, 0.00, 0.00, 1.00, 1.00, 1.00, 0.00, 0.00, 0.00, 0.00, 0.00, 0.00, 0.00
8713, 0, 328.491, 0.88, 1, 0.71, 0.53, 0.00, 0.09, 0.00, 0.00, 0.13, 0.52, 0.48, 0.55, 0.04, 0.71, 0.00, 0.04, 0.21, 1.25, 0.08, 0.00, 0.00, 0.00, 1.00, 0.00, 0.00, 0.00, 0.00, 1.00, 1.00, 0.00, 1.00, 0.00, 0.00, 0.00, 0.00, 0.00, 0.00
8714, 0, 328.529, 0.88, 1, 1.04, 0.78, 0.00, 0.00, 0.00, 0.00, 0.22, 0.45, 0.46, 0.78, 0.00, 0.50, 0.01, 0.00, 0.50, 1.38, 0.30, 0.00, 0.00, 0.00, 1.00, 0.00, 0.00, 0.00, 0.00, 1.00, 1.00, 0.00, 1.00, 0.00, 0.00, 0.00, 0.00, 0.00, 0.00
8715, 0, 328.567, 0.88, 1, 0.87, 0.55, 0.00, 0.00, 0.00, 0.00, 0.24, 0.80, 0.47, 0.88, 0.00, 0.48, 0.01, 0.00, 0.67, 1.49, 0.43, 0.00, 0.00, 0.00, 1.00, 0.00, 0.00, 0.00, 0.00, 1.00, 1.00, 0.00, 0.00, 0.00, 0.00, 0.00, 0.00, 0.00, 0.00
8716, 0, 328.605, 0.88, 1, 0.63, 0.26, 0.00, 0.00, 0.00, 0.00, 0.15, 1.06, 0.51, 0.87, 0.00, 0.31, 0.01, 0.00, 0.85, 1.28, 0.44, 0.00, 0.00, 0.00, 1.00, 0.00, 0.00, 0.00, 0.00, 1.00, 0.00, 0.00, 0.00, 0.00, 0.00, 0.00, 0.00, 0.00, 0.00
8717, 0, 328.642, 0.93, 1, 0.30, 0.01, 0.00, 0.09, 0.00, 0.00, 0.07, 1.01, 0.52, 0.66, 0.00, 0.31, 0.00, 0.00, 0.72, 0.90, 0.40, 0.00, 0.00, 0.00, 1.00, 0.00, 0.00, 0.00, 0.00, 1.00, 0.00, 0.00, 0.00, 0.00, 0.00, 0.00, 0.00, 0.00, 0.00
8718, 0, 328.680, 0.93, 1, 0.18, 0.01, 0.00, 0.09, 0.00, 0.00, 0.08, 0.82, 0.52, 0.65, 0.00, 0.03, 0.00, 0.00, 0.51, 0.35, 0.31, 0.00, 0.00, 0.00, 1.00, 0.00, 0.00, 0.00, 0.00, 1.00, 0.00, 0.00, 0.00, 0.00, 0.00, 0.00, 0.00, 0.00, 0.00
8719, 0, 328.718, 0.93, 1, 0.04, 0.00, 0.00, 0.09, 0.00, 0.03, 0.15, 0.76, 0.54, 0.70, 0.00, 0.00, 0.00, 0.00, 0.36, 0.10, 0.33, 0.00, 0.00, 0.00, 1.00, 0.00, 0.00, 0.00, 0.00, 1.00, 0.00, 0.00, 0.00, 0.00, 0.00, 0.00, 0.00, 0.00, 0.00
8720, 0, 328.755, 0.98, 1, 0.15, 0.15, 0.00, 0.00, 0.00, 0.03, 0.14, 0.63, 0.50, 0.98, 0.00, 0.10, 0.00, 0.00, 0.16, 0.18, 0.15, 0.00, 0.00, 0.00, 1.00, 0.00, 0.00, 0.00, 0.00, 1.00, 0.00, 0.00, 0.00, 0.00, 0.00, 0.00, 0.00, 0.00, 0.00
8721, 0, 328.793, 0.88, 1, 0.32, 0.39, 0.00, 0.00, 0.00, 0.03, 0.10, 0.29, 0.43, 1.17, 0.00, 0.19, 0.00, 0.00, 0.08, 0.27, 0.12, 0.00, 1.00, 0.00, 1.00, 0.00, 0.00, 0.00, 0.00, 1.00, 0.00, 0.00, 0.00, 0.00, 0.00, 0.00, 0.00, 0.00, 0.00
8722, 0, 328.831, 0.88, 1, 0.33, 0.54, 0.00, 0.00, 0.00, 0.00, 0.01, 0.00, 0.29, 0.94, 0.00, 0.23, 0.00, 0.00, 0.18, 0.40, 0.00, 0.00, 1.00, 0.00, 1.00, 0.00, 0.00, 0.00, 0.00, 1.00, 0.00, 0.00, 0.00, 0.00, 0.00, 0.00, 0.00, 0.00, 0.00
8723, 0, 328.869, 0.98, 1, 0.28, 0.52, 0.00, 0.00, 0.00, 0.00, 0.03, 0.06, 0.33, 0.78, 0.00, 0.12, 0.00, 0.00, 0.51, 0.57, 0.00, 0.00, 1.00, 0.00, 1.00, 0.00, 0.00, 0.00, 0.00, 1.00, 0.00, 0.00, 0.00, 0.00, 0.00, 0.00, 0.00, 0.00, 0.00
8724, 0, 328.906, 0.98, 1, 0.08, 0.39, 0.00, 0.00, 0.00, 0.00, 0.05, 0.29, 0.36, 0.36, 0.00, 0.03, 0.00, 0.00, 0.87, 0.74, 0.02, 0.00, 1.00, 0.00, 1.00, 0.00, 0.00, 0.00, 0.00, 1.00, 0.00, 0.00, 0.00, 0.00, 0.00, 1.00, 1.00, 0.00, 0.00
8725, 0, 328.944, 0.93, 1, 0.07, 0.24, 0.00, 0.00, 0.03, 0.00, 0.06, 0.87, 0.52, 0.47, 0.00, 0.20, 0.00, 0.00, 0.96, 1.13, 0.02, 0.00, 1.00, 0.00, 1.00, 0.00, 0.00, 0.00, 0.00, 1.00, 0.00, 0.00, 0.00, 0.00, 0.00, 1.00, 1.00, 0.00, 0.00
8726, 0, 328.982, 0.93, 1, 0.04, 0.18, 0.00, 0.14, 0.10, 0.00, 0.04, 1.40, 0.69, 0.40, 0.21, 0.27, 0.01, 0.00, 1.24, 1.29, 0.02, 0.00, 0.00, 0.00, 1.00, 0.00, 0.00, 0.00, 0.00, 1.00, 0.00, 0.00, 0.00, 0.00, 0.00, 1.00, 1.00, 0.00, 0.00
8727, 0, 329.019, 0.98, 1, 0.14, 0.12, 0.00, 0.31, 0.17, 0.00, 0.02, 1.83, 0.87, 0.65, 0.48, 0.34, 0.02, 0.00, 1.53, 1.41, 0.00, 0.00, 0.00, 0.00, 1.00, 0.00, 0.00, 0.00, 0.00, 1.00, 0.00, 0.00, 0.00, 0.00, 0.00, 1.00, 1.00, 0.00, 0.00
8728, 0, 329.057, 0.98, 1, 0.27, 0.44, 0.00, 0.31, 0.15, 0.00, 0.00, 1.50, 0.93, 0.72, 0.48, 0.25, 0.02, 0.02, 1.57, 1.25, 0.00, 0.00, 0.00, 0.00, 1.00, 0.00, 0.00, 0.00, 0.00, 1.00, 0.00, 0.00, 0.00, 0.00, 0.00, 1.00, 1.00, 0.00, 0.00
8729, 0, 329.095, 0.93, 1, 0.30, 0.92, 0.00, 0.17, 0.08, 0.00, 0.00, 1.05, 0.89, 0.84, 0.46, 0.40, 0.01, 0.02, 1.45, 1.14, 0.00, 0.00, 0.00, 0.00, 1.00, 0.00, 0.00, 0.00, 0.00, 1.00, 0.00, 0.00, 0.00, 0.00, 0.00, 1.00, 1.00, 0.00, 0.00
8730, 0, 329.132, 0.98, 1, 0.48, 1.16, 0.00, 0.09, 0.00, 0.23, 0.00, 0.46, 0.92, 0.75, 0.19, 0.59, 0.00, 0.02, 1.21, 1.09, 0.00, 0.00, 1.00, 0.00, 1.00, 0.00, 0.00, 0.00, 0.00, 1.00, 0.00, 0.00, 0.00, 0.00, 0.00, 1.00, 1.00, 0.00, 0.00
8731, 0, 329.170, 0.88, 1, 0.56, 1.08, 0.00, 0.09, 0.01, 0.25, 0.00, 0.26, 1.04, 0.81, 0.19, 0.77, 0.00, 0.00, 1.40, 1.39, 0.00, 0.00, 1.00, 0.00, 1.00, 0.00, 0.00, 0.00, 0.00, 1.00, 0.00, 0.00, 0.00, 0.00, 0.00, 1.00, 1.00, 0.00, 0.00
8732, 0, 329.208, 0.98, 1, 0.58, 0.57, 0.00, 0.15, 0.08, 0.28, 0.00, 0.13, 1.20, 0.61, 0.00, 0.80, 0.00, 0.00, 1.43, 1.72, 0.00, 0.00, 1.00, 0.00, 1.00, 0.00, 0.00, 0.00, 0.00, 1.00, 0.00, 0.00, 0.00, 0.00, 0.00, 1.00, 1.00, 0.00, 0.00
8733, 0, 329.246, 0.98, 1, 0.31, 0.28, 0.00, 0.07, 0.08, 0.05, 0.00, 0.06, 1.23, 0.49, 0.20, 0.61, 0.00, 0.00, 1.65, 2.11, 0.00, 0.00, 1.00, 0.00, 1.00, 0.00, 0.00, 0.00, 0.00, 1.00, 0.00, 0.00, 0.00, 0.00, 0.00, 1.00, 1.00, 0.00, 0.00
8734, 0, 329.283, 0.93, 1, 0.10, 0.09, 0.03, 0.07, 0.13, 0.03, 0.00, 0.04, 1.17, 0.41, 0.31, 0.32, 0.00, 0.00, 1.68, 2.08, 0.00, 0.00, 1.00, 0.00, 1.00, 0.00, 0.00, 0.00, 0.00, 1.00, 0.00, 0.00, 1.00, 0.00, 0.00, 1.00, 1.00, 0.00, 0.00
8735, 0, 329.321, 0.98, 1, 0.06, 0.33, 0.03, 0.01, 0.11, 0.00, 0.00, 0.04, 1.21, 0.40, 0.61, 0.39, 0.00, 0.04, 1.66, 2.11, 0.00, 0.00, 0.00, 0.00, 1.00, 0.00, 0.00, 0.00, 0.00, 1.00, 0.00, 0.00, 1.00, 0.00, 0.00, 1.00, 1.00, 0.00, 0.00
8736, 0, 329.359, 0.98, 1, 0.06, 0.34, 0.02, 0.00, 0.11, 0.00, 0.00, 0.04, 1.24, 0.42, 0.46, 0.58, 0.00, 0.04, 1.43, 1.92, 0.00, 0.00, 0.00, 0.00, 1.00, 0.00, 0.00, 0.00, 0.00, 1.00, 0.00, 0.00, 1.00, 0.00, 0.00, 1.00, 1.00, 0.00, 0.00
8737, 0, 329.396, 0.93, 1, 0.06, 0.33, 0.00, 0.02, 0.07, 0.00, 0.00, 0.00, 1.32, 0.38, 0.35, 0.90, 0.00, 0.05, 1.35, 1.93, 0.00, 0.00, 0.00, 0.00, 1.00, 0.00, 0.00, 0.00, 0.00, 1.00, 0.00, 0.00, 1.00, 0.00, 0.00, 1.00, 1.00, 0.00, 0.00
8738, 0, 329.434, 0.88, 1, 0.15, 0.39, 0.15, 0.02, 0.05, 0.00, 0.00, 0.00, 1.27, 0.67, 0.05, 0.92, 0.00, 0.09, 1.26, 1.97, 0.00, 0.00, 1.00, 0.00, 1.00, 0.00, 0.00, 0.00, 0.00, 1.00, 0.00, 0.00, 1.00, 0.00, 0.00, 1.00, 1.00, 0.00, 0.00
8739, 0, 329.472, 0.93, 1, 0.28, 0.63, 0.15, 0.02, 0.13, 0.00, 0.00, 0.10, 1.31, 0.96, 0.00, 1.03, 0.00, 0.12, 1.39, 2.08, 0.00, 0.00, 0.00, 0.00, 1.00, 0.00, 0.00, 0.00, 0.00, 1.00, 0.00, 1.00, 1.00, 0.00, 0.00, 1.00, 1.00, 0.00, 0.00
8740, 0, 329.510, 0.98, 1, 0.47, 0.85, 0.15, 0.00, 0.22, 0.01, 0.00, 0.27, 1.12, 0.79, 0.05, 0.83, 0.00, 0.13, 1.09, 1.84, 0.00, 0.00, 0.00, 0.00, 1.00, 0.00, 0.00, 0.00, 0.00, 1.00, 0.00, 1.00, 1.00, 0.00, 0.00, 1.00, 1.00, 0.00, 0.00
8741, 0, 329.547, 0.98, 1, 0.39, 0.54, 0.00, 0.00, 0.26, 0.14, 0.00, 0.43, 0.98, 0.54, 0.05, 0.63, 0.00, 0.05, 0.88, 1.59, 0.00, 0.00, 0.00, 0.00, 1.00, 0.00, 0.00, 0.00, 0.00, 1.00, 1.00, 1.00, 1.00, 0.00, 0.00, 1.00, 1.00, 0.00, 0.00
8742, 0, 329.585, 0.98, 1, 0.26, 0.34, 0.00, 0.00, 0.25, 0.14, 0.00, 0.37, 0.79, 0.17, 0.05, 0.38, 0.00, 0.02, 0.39, 1.21, 0.00, 0.00, 0.00, 0.00, 1.00, 0.00, 0.00, 0.00, 0.00, 1.00, 1.00, 1.00, 1.00, 0.00, 0.00, 1.00, 0.00, 0.00, 0.00
8743, 0, 329.623, 0.98, 1, 0.07, 0.11, 0.00, 0.00, 0.14, 0.14, 0.00, 0.38, 0.85, 0.36, 0.07, 0.44, 0.00, 0.00, 0.33, 1.34, 0.00, 0.00, 0.00, 0.00, 1.00, 0.00, 0.00, 0.00, 0.00, 1.00, 1.00, 1.00, 1.00, 0.00, 0.00, 1.00, 0.00, 0.00, 0.00
8744, 0, 329.660, 0.98, 1, 0.00, 0.13, 0.00, 0.00, 0.08, 0.00, 0.00, 0.41, 0.89, 0.46, 0.18, 0.47, 0.00, 0.00, 0.24, 1.38, 0.00, 0.00, 0.00, 0.00, 1.00, 0.00, 0.00, 0.00, 0.00, 1.00, 0.00, 1.00, 1.00, 0.00, 0.00, 1.00, 0.00, 0.00, 0.00
8745, 0, 329.698, 0.98, 1, 0.11, 0.08, 0.00, 0.00, 0.01, 0.00, 0.00, 0.44, 0.68, 0.73, 0.18, 0.64, 0.11, 0.00, 0.20, 1.42, 0.00, 0.00, 0.00, 0.00, 1.00, 0.00, 0.00, 0.00, 0.00, 1.00, 0.00, 1.00, 1.00, 0.00, 0.00, 0.00, 0.00, 0.00, 0.00
8746, 0, 329.736, 0.93, 1, 0.42, 0.18, 0.00, 0.00, 0.01, 0.00, 0.00, 0.29, 0.42, 0.58, 0.16, 0.72, 0.32, 0.00, 0.11, 0.93, 0.05, 0.00, 0.00, 0.00, 1.00, 0.00, 0.00, 0.00, 0.00, 1.00, 0.00, 1.00, 1.00, 0.00, 0.00, 0.00, 0.00, 0.00, 0.00
8747, 0, 329.773, 0.93, 1, 0.73, 0.16, 0.00, 0.00, 0.00, 0.00, 0.00, 0.17, 0.22, 0.33, 0.05, 0.76, 0.56, 0.00, 0.09, 0.50, 0.23, 0.00, 0.00, 0.00, 1.00, 0.00, 0.00, 0.00, 0.00, 1.00, 0.00, 1.00, 1.00, 0.00, 0.00, 0.00, 0.00, 0.00, 0.00
8748, 0, 329.811, 0.88, 1, 0.86, 0.20, 0.00, 0.00, 0.00, 0.00, 0.11, 0.23, 0.33, 0.22, 0.06, 0.61, 0.45, 0.00, 0.20, 0.31, 0.39, 0.00, 0.00, 0.00, 1.00, 0.00, 0.00, 0.00, 0.00, 1.00, 0.00, 1.00, 1.00, 0.00, 0.00, 0.00, 0.00, 0.00, 0.00
8749, 0, 329.849, 0.88, 1, 0.90, 0.07, 0.00, 0.00, 0.00, 0.00, 0.19, 0.36, 0.44, 0.34, 0.01, 0.40, 0.23, 0.00, 0.31, 0.24, 0.38, 0.00, 0.00, 0.00, 1.00, 0.00, 0.00, 0.00, 0.00, 1.00, 0.00, 1.00, 1.00, 0.00, 0.00, 0.00, 0.00, 0.00, 0.00
8750, 0, 329.887, 0.88, 1, 0.82, 0.08, 0.00, 0.00, 0.07, 0.00, 0.23, 0.56, 0.62, 0.58, 0.22, 0.27, 0.19, 0.00, 0.64, 0.14, 0.27, 0.00, 0.00, 0.00, 1.00, 0.00, 0.00, 0.00, 0.00, 1.00, 0.00, 0.00, 0.00, 0.00, 0.00, 1.00, 0.00, 0.00, 0.00
8751, 0, 329.924, 0.98, 1, 0.76, 0.26, 0.00, 0.00, 0.13, 0.00, 0.12, 0.84, 0.84, 0.76, 0.31, 0.16, 0.38, 0.00, 1.13, 0.16, 0.12, 0.00, 1.00, 0.00, 1.00, 0.00, 0.00, 0.00, 1.00, 1.00, 0.00, 0.00, 0.00, 0.00, 0.00, 1.00, 0.00, 0.00, 0.00
8752, 0, 329.962, 0.98, 1, 0.41, 0.41, 0.00, 0.01, 0.19, 0.00, 0.03, 1.04, 1.10, 0.96, 0.64, 0.10, 0.59, 0.00, 1.58, 0.21, 0.07, 0.00, 1.00, 0.00, 1.00, 0.00, 0.00, 0.00, 1.00, 1.00, 0.00, 0.00, 0.00, 0.00, 0.00, 1.00, 0.00, 0.00, 0.00
8753, 0, 330.000, 0.98, 1, 0.18, 0.50, 0.00, 0.01, 0.19, 0.00, 0.00, 0.96, 1.25, 0.89, 0.51, 0.04, 0.52, 0.00, 1.79, 0.36, 0.09, 0.00, 1.00, 0.00, 1.00, 0.00, 0.00, 0.00, 1.00, 1.00, 0.00, 0.00, 0.00, 0.00, 0.00, 1.00, 1.00, 0.00, 0.00
8754, 0, 330.037, 0.98, 1, 0.00, 0.29, 0.00, 0.01, 0.22, 0.00, 0.00, 0.71, 1.27, 0.69, 0.40, 0.13, 0.33, 0.00, 1.70, 0.39, 0.18, 0.00, 1.00, 0.00, 1.00, 0.00, 0.00, 0.00, 1.00, 1.00, 0.00, 0.00, 0.00, 0.00, 0.00, 1.00, 1.00, 0.00, 0.00
8755, 0, 330.075, 0.98, 1, 0.13, 0.34, 0.00, 0.00, 0.35, 0.00, 0.00, 0.74, 1.22, 0.46, 0.07, 0.17, 0.12, 0.00, 1.73, 0.55, 0.18, 0.00, 1.00, 0.00, 1.00, 0.00, 0.00, 0.00, 1.00, 1.00, 0.00, 0.00, 0.00, 0.00, 0.00, 1.00, 1.00, 0.00, 0.00
8756, 0, 330.113, 0.98, 1, 0.29, 0.43, 0.00, 0.00, 0.47, 0.00, 0.00, 0.94, 1.18, 0.53, 0.00, 0.17, 0.00, 0.00, 1.69, 0.69, 0.09, 0.00, 1.00, 0.00, 1.00, 0.00, 0.00, 0.00, 1.00, 1.00, 0.00, 0.00, 0.00, 0.00, 0.00, 1.00, 1.00, 0.00, 0.00
8757, 0, 330.151, 0.98, 1, 0.29, 0.58, 0.00, 0.00, 0.54, 0.00, 0.07, 1.05, 1.22, 0.62, 0.00, 0.06, 0.00, 0.00, 1.63, 0.92, 0.00, 0.00, 1.00, 0.00, 1.00, 0.00, 0.00, 0.00, 1.00, 1.00, 0.00, 0.00, 0.00, 0.00, 0.00, 1.00, 1.00, 0.00, 0.00
8758, 0, 330.188, 0.98, 1, 0.17, 0.43, 0.00, 0.00, 0.46, 0.00, 0.12, 0.94, 1.36, 0.75, 0.00, 0.02, 0.00, 0.00, 1.54, 1.08, 0.11, 0.00, 0.00, 0.00, 1.00, 0.00, 0.00, 0.00, 1.00, 1.00, 0.00, 0.00, 0.00, 0.00, 0.00, 1.00, 1.00, 0.00, 0.00
8759, 0, 330.226, 0.98, 1, 0.15, 0.56, 0.00, 0.00, 0.43, 0.02, 0.18, 0.79, 1.48, 0.85, 0.00, 0.02, 0.00, 0.00, 1.54, 1.17, 0.11, 0.00, 0.00, 0.00, 1.00, 0.00, 0.00, 0.00, 1.00, 1.00, 0.00, 0.00, 0.00, 0.00, 0.00, 1.00, 1.00, 0.00, 0.00
8760, 0, 330.264, 0.88, 1, 0.26, 0.46, 0.00, 0.00, 0.35, 0.02, 0.12, 0.89, 1.63, 0.61, 0.05, 0.20, 0.17, 0.00, 2.10, 1.13, 0.11, 0.00, 0.00, 0.00, 1.00, 0.00, 0.00, 0.00, 1.00, 1.00, 0.00, 0.00, 0.00, 0.00, 0.00, 1.00, 1.00, 0.00, 0.00
8761, 0, 330.301, 0.88, 1, 0.24, 0.41, 0.00, 0.00, 0.24, 0.02, 0.07, 0.84, 1.69, 0.33, 0.20, 0.39, 0.51, 0.00, 2.39, 0.98, 0.00, 0.00, 0.00, 0.00, 1.00, 0.00, 0.00, 0.00, 1.00, 1.00, 0.00, 0.00, 0.00, 0.00, 0.00, 1.00, 1.00, 0.00, 1.00
8762, 0, 330.339, 0.88, 1, 0.10, 0.05, 0.00, 0.00, 0.09, 0.00, 0.00, 0.84, 1.75, 0.00, 0.39, 0.64, 0.85, 0.00, 2.62, 0.80, 0.05, 0.00, 0.00, 0.00, 1.00, 0.00, 0.00, 0.00, 1.00, 1.00, 0.00, 1.00, 0.00, 0.00, 0.00, 1.00, 1.00, 0.00, 1.00
8763, 0, 330.377, 0.88, 1, 0.04, 0.06, 0.00, 0.00, 0.05, 0.00, 0.00, 0.74, 1.71, 0.00, 0.58, 0.63, 1.00, 0.00, 2.38, 0.70, 0.08, 0.00, 0.00, 0.00, 1.00, 0.00, 0.00, 0.00, 1.00, 1.00, 0.00, 1.00, 0.00, 0.00, 0.00, 1.00, 1.00, 0.00, 1.00
8764, 0, 330.414, 0.88, 1, 0.14, 0.18, 0.00, 0.00, 0.10, 0.00, 0.00, 0.74, 1.65, 0.00, 0.62, 0.57, 0.80, 0.00, 2.13, 0.66, 0.16, 0.00, 0.00, 0.00, 1.00, 0.00, 0.00, 0.00, 1.00, 1.00, 0.00, 1.00, 0.00, 0.00, 0.00, 1.00, 1.00, 0.00, 1.00
8765, 0, 330.452, 0.88, 1, 0.14, 0.25, 0.00, 0.00, 0.19, 0.00, 0.00, 0.63, 1.53, 0.26, 0.43, 0.41, 0.67, 0.00, 1.97, 0.66, 0.15, 0.00, 0.00, 0.00, 1.00, 0.00, 0.00, 0.00, 1.00, 1.00, 0.00, 1.00, 0.00, 0.00, 0.00, 1.00, 1.00, 0.00, 1.00
8766, 0, 330.490, 0.98, 1, 0.10, 0.19, 0.00, 0.00, 0.15, 0.00, 0.00, 0.41, 1.41, 0.57, 0.50, 0.36, 0.63, 0.00, 1.79, 0.38, 0.12, 0.00, 0.00, 0.00, 1.00, 0.00, 0.00, 0.00, 1.00, 1.00, 0.00, 1.00, 0.00, 0.00, 0.00, 1.00, 1.00, 0.00, 1.00
8767, 0, 330.528, 0.98, 1, 0.07, 0.07, 0.00, 0.00, 0.10, 0.00, 0.09, 0.40, 1.31, 0.79, 0.92, 0.31, 0.77, 0.00, 1.69, 0.20, 0.29, 0.00, 0.00, 0.00, 1.00, 0.00, 0.00, 0.00, 1.00, 1.00, 1.00, 1.00, 0.00, 0.00, 0.00, 1.00, 1.00, 0.00, 1.00
8768, 0, 330.565, 0.98, 1, 0.07, 0.00, 0.00, 0.00, 0.00, 0.00, 0.11, 0.44, 1.27, 0.80, 1.28, 0.28, 0.79, 0.00, 1.58, 0.04, 0.55, 0.00, 0.00, 0.00, 1.00, 0.00, 0.00, 0.00, 1.00, 1.00, 1.00, 1.00, 0.00, 0.00, 0.00, 1.00, 1.00, 0.00, 1.00
8769, 0, 330.603, 0.93, 1, 0.15, 0.00, 0.00, 0.00, 0.00, 0.00, 0.11, 0.39, 1.23, 0.69, 1.28, 0.41, 0.82, 0.00, 1.54, 0.04, 1.15, 0.00, 0.00, 0.00, 1.00, 0.00, 0.00, 0.00, 1.00, 1.00, 1.00, 1.00, 0.00, 0.00, 0.00, 1.00, 0.00, 0.00, 1.00
8770, 0, 330.641, 0.98, 1, 0.20, 0.00, 0.00, 0.00, 0.08, 0.00, 0.02, 0.55, 1.10, 0.47, 0.78, 0.32, 0.93, 0.00, 1.31, 0.04, 1.17, 0.00, 0.00, 0.00, 1.00, 0.00, 0.00, 0.00, 1.00, 1.00, 0.00, 1.00, 0.00, 1.00, 0.00, 1.00, 0.00, 0.00, 1.00
8771, 0, 330.678, 0.93, 1, 0.35, 0.06, 0.00, 0.00, 0.08, 0.00, 0.06, 0.51, 0.96, 0.20, 0.50, 0.24, 1.08, 0.00, 0.98, 0.00, 1.12, 0.00, 0.00, 0.00, 1.00, 0.00, 0.00, 0.00, 1.00, 1.00, 0.00, 1.00, 0.00, 1.00, 0.00, 1.00, 0.00, 0.00, 1.00
8772, 0, 330.716, 0.88, 1, 0.45, 0.12, 0.00, 0.05, 0.15, 0.00, 0.10, 0.76, 0.80, 0.00, 0.44, 0.00, 1.09, 0.00, 0.82, 0.00, 0.85, 0.00, 0.00, 0.00, 1.00, 0.00, 0.00, 0.00, 1.00, 1.00, 1.00, 1.00, 0.00, 1.00, 0.00, 1.00, 0.00, 0.00, 1.00
8773, 0, 330.754, 0.88, 1, 0.55, 0.15, 0.00, 0.05, 0.20, 0.00, 0.10, 0.37, 0.86, 0.13, 0.77, 0.00, 0.85, 0.00, 0.95, 0.00, 0.65, 0.00, 0.00, 0.00, 1.00, 0.00, 0.00, 0.00, 1.00, 1.00, 0.00, 1.00, 0.00, 1.00, 0.00, 1.00, 0.00, 0.00, 1.00
8774, 0, 330.792, 0.88, 1, 0.59, 0.09, 0.00, 0.05, 0.33, 0.02, 0.05, 0.24, 0.91, 0.22, 1.21, 0.00, 0.69, 0.00, 1.15, 0.00, 0.49, 0.00, 0.00, 0.00, 1.00, 0.00, 0.00, 0.00, 0.00, 1.00, 0.00, 1.00, 0.00, 1.00, 0.00, 1.00, 0.00, 0.00, 1.00
8775, 0, 330.829, 0.88, 1, 0.48, 0.32, 0.00, 0.00, 0.35, 0.02, 0.00, 0.00, 1.03, 0.47, 1.02, 0.17, 0.39, 0.00, 0.98, 0.00, 0.45, 0.00, 0.00, 0.00, 1.00, 0.00, 0.00, 0.00, 0.00, 1.00, 1.00, 1.00, 0.00, 1.00, 0.00, 1.00, 0.00, 0.00, 1.00
8776, 0, 330.867, 0.88, 1, 0.38, 0.33, 0.00, 0.00, 0.23, 0.02, 0.00, 0.08, 1.09, 0.66, 0.60, 0.33, 0.25, 0.00, 0.95, 0.39, 0.40, 0.00, 0.00, 0.00, 1.00, 0.00, 0.00, 0.00, 0.00, 1.00, 1.00, 0.00, 0.00, 1.00, 0.00, 1.00, 0.00, 0.00, 1.00
8777, 0, 330.905, 0.88, 1, 0.31, 0.33, 0.00, 0.00, 0.16, 0.10, 0.00, 0.32, 1.24, 1.00, 0.19, 0.59, 0.37, 0.00, 1.08, 0.83, 0.51, 0.00, 0.00, 0.00, 1.00, 0.00, 0.00, 0.00, 0.00, 1.00, 1.00, 0.00, 0.00, 1.00, 0.00, 1.00, 0.00, 0.00, 1.00
8778, 0, 330.942, 0.93, 1, 0.23, 0.04, 0.00, 0.00, 0.12, 0.10, 0.00, 0.47, 1.38, 1.08, 0.12, 0.57, 0.56, 0.00, 1.19, 1.14, 0.48, 0.00, 0.00, 0.00, 1.00, 0.00, 0.00, 0.00, 1.00, 1.00, 1.00, 0.00, 0.00, 0.00, 0.00, 1.00, 1.00, 0.00, 1.00
8779, 0, 330.980, 0.93, 1, 0.12, 0.01, 0.00, 0.00, 0.19, 0.10, 0.00, 0.55, 1.49, 1.03, 0.12, 0.59, 0.80, 0.00, 1.15, 1.03, 0.68, 0.00, 0.00, 0.00, 1.00, 0.00, 0.00, 0.00, 1.00, 1.00, 0.00, 0.00, 0.00, 0.00, 0.00, 1.00, 1.00, 0.00, 1.00
8780, 0, 331.018, 0.93, 1, 0.00, 0.00, 0.00, 0.00, 0.26, 0.00, 0.00, 0.49, 1.58, 0.91, 0.00, 0.41, 0.52, 0.00, 1.06, 0.70, 0.59, 0.00, 0.00, 0.00, 1.00, 0.00, 0.00, 0.00, 1.00, 1.00, 0.00, 0.00, 0.00, 0.00, 0.00, 1.00, 1.00, 0.00, 1.00
8781, 0, 331.055, 0.98, 1, 0.00, 0.00, 0.00, 0.00, 0.29, 0.00, 0.00, 0.39, 1.55, 0.79, 0.00, 0.33, 0.61, 0.00, 1.18, 0.68, 0.48, 0.00, 0.00, 0.00, 1.00, 0.00, 0.00, 0.00, 1.00, 1.00, 0.00, 0.00, 0.00, 0.00, 0.00, 1.00, 0.00, 0.00, 1.00
8782, 0, 331.093, 0.93, 1, 0.00, 0.00, 0.00, 0.00, 0.24, 0.13, 0.00, 0.30, 1.48, 0.64, 0.00, 0.26, 0.47, 0.00, 1.13, 0.52, 0.68, 0.00, 0.00, 0.00, 1.00, 0.00, 0.00, 0.00, 1.00, 1.00, 0.00, 0.00, 0.00, 0.00, 0.00, 1.00, 0.00, 0.00, 1.00
8783, 0, 331.131, 0.88, 1, 0.02, 0.00, 0.00, 0.00, 0.12, 0.13, 0.00, 0.13, 1.32, 0.55, 0.00, 0.23, 0.49, 0.00, 0.95, 0.66, 0.77, 0.00, 0.00, 0.00, 1.00, 0.00, 0.00, 0.00, 0.00, 1.00, 0.00, 0.00, 0.00, 0.00, 0.00, 1.00, 0.00, 0.00, 1.00
8784, 0, 331.169, 0.88, 1, 0.03, 0.00, 0.00, 0.00, 0.03, 0.13, 0.00, 0.17, 1.24, 0.48, 0.11, 0.22, 0.39, 0.00, 0.80, 0.49, 0.95, 0.00, 0.00, 0.00, 1.00, 0.00, 0.00, 0.00, 0.00, 1.00, 0.00, 0.00, 0.00, 0.00, 0.00, 1.00, 0.00, 0.00, 1.00
8785, 0, 331.206, 0.88, 1, 0.03, 0.00, 0.00, 0.00, 0.01, 0.00, 0.00, 0.10, 1.23, 0.36, 0.39, 0.30, 0.45, 0.00, 0.84, 0.47, 0.53, 0.00, 0.00, 0.00, 1.00, 0.00, 0.00, 0.00, 0.00, 1.00, 0.00, 1.00, 0.00, 0.00, 0.00, 1.00, 0.00, 0.00, 1.00
8786, 0, 331.244, 0.88, 1, 0.02, 0.00, 0.00, 0.00, 0.00, 0.00, 0.00, 0.08, 1.27, 0.15, 0.55, 0.42, 0.53, 0.00, 0.82, 0.41, 0.33, 0.00, 0.00, 0.00, 1.00, 0.00, 0.00, 0.00, 0.00, 1.00, 0.00, 1.00, 1.00, 0.00, 0.00, 1.00, 0.00, 0.00, 1.00
8787, 0, 331.282, 0.88, 1, 0.00, 0.00, 0.00, 0.00, 0.00, 0.00, 0.00, 0.00, 1.25, 0.00, 0.68, 0.70, 0.45, 0.03, 0.75, 0.64, 0.05, 0.00, 0.00, 0.00, 1.00, 0.00, 0.00, 0.00, 0.00, 1.00, 0.00, 1.00, 1.00, 0.00, 0.00, 1.00, 0.00, 0.00, 1.00
8788, 0, 331.319, 0.93, 1, 0.00, 0.00, 0.00, 0.00, 0.00, 0.00, 0.00, 0.00, 1.24, 0.00, 0.41, 0.83, 0.54, 0.10, 0.57, 0.77, 0.05, 0.00, 0.00, 0.00, 1.00, 0.00, 0.00, 0.00, 0.00, 1.00, 0.00, 1.00, 1.00, 0.00, 0.00, 1.00, 0.00, 0.00, 1.00
8789, 0, 331.357, 0.88, 1, 0.05, 0.00, 0.00, 0.00, 0.06, 0.00, 0.00, 0.00, 1.26, 0.02, 0.24, 1.02, 0.44, 0.18, 0.51, 0.90, 0.05, 0.00, 0.00, 0.00, 1.00, 0.00, 0.00, 0.00, 0.00, 1.00, 0.00, 1.00, 1.00, 0.00, 0.00, 1.00, 0.00, 0.00, 1.00
8790, 0, 331.395, 0.93, 1, 0.05, 0.00, 0.00, 0.00, 0.19, 0.02, 0.00, 0.11, 1.30, 0.29, 0.08, 0.87, 0.48, 0.15, 0.58, 0.80, 0.00, 0.00, 0.00, 0.00, 1.00, 0.00, 0.00, 0.00, 0.00, 1.00, 0.00, 1.00, 1.00, 0.00, 0.00, 1.00, 0.00, 0.00, 1.00
8791, 0, 331.433, 0.93, 1, 0.08, 0.00, 0.00, 0.00, 0.39, 0.02, 0.00, 0.27, 1.34, 0.62, 0.20, 0.84, 0.23, 0.08, 0.89, 0.99, 0.00, 0.00, 0.00, 0.00, 1.00, 0.00, 0.00, 0.00, 0.00, 1.00, 0.00, 1.00, 1.00, 0.00, 0.00, 1.00, 0.00, 0.00, 1.00
8792, 0, 331.470, 0.98, 1, 0.06, 0.00, 0.00, 0.00, 0.51, 0.02, 0.01, 0.42, 1.32, 0.91, 0.34, 0.70, 0.20, 0.00, 1.17, 1.11, 0.00, 0.00, 0.00, 0.00, 1.00, 0.00, 0.00, 0.00, 0.00, 1.00, 0.00, 1.00, 1.00, 0.00, 0.00, 1.00, 0.00, 0.00, 1.00
8793, 0, 331.508, 0.93, 1, 0.25, 0.10, 0.00, 0.00, 0.38, 0.00, 0.01, 0.34, 1.06, 0.73, 0.41, 0.72, 0.02, 0.00, 0.94, 1.15, 0.00, 0.00, 0.00, 0.00, 1.00, 0.00, 0.00, 0.00, 0.00, 1.00, 0.00, 1.00, 0.00, 0.00, 0.00, 1.00, 0.00, 0.00, 1.00
8794, 0, 331.546, 0.98, 1, 0.50, 0.31, 0.00, 0.00, 0.18, 0.00, 0.01, 0.18, 0.77, 0.52, 0.41, 0.56, 0.02, 0.00, 0.63, 1.02, 0.00, 0.00, 0.00, 0.00, 1.00, 0.00, 0.00, 0.00, 0.00, 1.00, 1.00, 1.00, 0.00, 0.00, 0.00, 1.00, 1.00, 0.00, 1.00
8795, 0, 331.583, 0.98, 1, 0.64, 0.31, 0.00, 0.00, 0.00, 0.00, 0.00, 0.10, 0.51, 0.49, 0.38, 0.57, 0.06, 0.00, 0.33, 0.66, 0.14, 0.00, 0.00, 0.00, 1.00, 0.00, 0.00, 0.00, 0.00, 1.00, 1.00, 1.00, 0.00, 0.00, 0.00, 1.00, 1.00, 0.00, 1.00
8796, 0, 331.621, 0.93, 1, 0.60, 0.20, 0.00, 0.00, 0.00, 0.00, 0.00, 0.07, 0.59, 0.72, 0.24, 0.64, 0.06, 0.02, 0.59, 0.71, 0.27, 0.00, 0.00, 0.00, 1.00, 0.00, 0.00, 0.00, 0.00, 1.00, 1.00, 1.00, 1.00, 0.00, 0.00, 1.00, 1.00, 0.00, 1.00
8797, 0, 331.659, 0.93, 1, 0.45, 0.00, 0.00, 0.00, 0.00, 0.00, 0.00, 0.07, 0.61, 0.77, 0.26, 0.81, 0.11, 0.02, 1.02, 0.73, 0.58, 0.00, 0.00, 0.00, 1.00, 0.00, 0.00, 0.00, 0.00, 1.00, 1.00, 1.00, 1.00, 0.00, 0.00, 1.00, 1.00, 0.00, 1.00
8798, 0, 331.696, 0.88, 1, 0.33, 0.00, 0.00, 0.00, 0.00, 0.00, 0.00, 0.00, 0.79, 0.89, 0.15, 0.85, 0.05, 0.02, 1.09, 1.17, 0.52, 0.00, 0.00, 0.00, 1.00, 0.00, 0.00, 0.00, 0.00, 1.00, 1.00, 1.00, 1.00, 0.00, 0.00, 1.00, 1.00, 0.00, 1.00
8799, 0, 331.734, 0.88, 1, 0.18, 0.00, 0.00, 0.00, 0.02, 0.00, 0.00, 0.01, 0.99, 0.71, 0.15, 0.74, 0.05, 0.01, 0.99, 1.21, 0.51, 0.00, 0.00, 0.00, 1.00, 0.00, 0.00, 0.00, 0.00, 1.00, 1.00, 1.00, 1.00, 0.00, 0.00, 1.00, 1.00, 0.00, 1.00
8800, 0, 331.772, 0.98, 1, 0.26, 0.00, 0.00, 0.00, 0.02, 0.00, 0.00, 0.10, 0.97, 0.60, 0.36, 0.65, 0.00, 0.00, 0.53, 1.35, 0.21, 0.00, 0.00, 0.00, 1.00, 0.00, 0.00, 0.00, 0.00, 1.00, 1.00, 1.00, 1.00, 0.00, 0.00, 0.00, 1.00, 0.00, 1.00
8801, 0, 331.810, 0.93, 1, 0.41, 0.33, 0.00, 0.00, 0.02, 0.00, 0.00, 0.10, 0.86, 0.44, 0.76, 0.72, 0.11, 0.01, 0.30, 1.42, 0.15, 0.00, 0.00, 0.00, 1.00, 0.00, 0.00, 0.00, 0.00, 1.00, 1.00, 1.00, 1.00, 0.00, 0.00, 0.00, 0.00, 0.00, 1.00
8802, 0, 331.847, 0.93, 1, 0.62, 0.65, 0.00, 0.00, 0.00, 0.00, 0.00, 0.09, 0.67, 0.55, 1.14, 0.94, 0.30, 0.04, 0.09, 1.61, 0.09, 0.00, 0.00, 0.00, 1.00, 0.00, 0.00, 0.00, 0.00, 1.00, 1.00, 1.00, 1.00, 0.00, 0.00, 0.00, 0.00, 0.00, 1.00
8803, 0, 331.885, 0.93, 1, 0.56, 0.88, 0.00, 0.00, 0.00, 0.00, 0.03, 0.00, 0.84, 0.75, 0.78, 0.95, 0.42, 0.04, 0.02, 1.87, 0.08, 0.00, 0.00, 0.00, 1.00, 0.00, 0.00, 0.00, 0.00, 1.00, 1.00, 1.00, 1.00, 0.00, 0.00, 0.00, 0.00, 0.00, 1.00
8804, 0, 331.923, 0.88, 1, 0.46, 0.81, 0.00, 0.00, 0.00, 0.00, 0.11, 0.00, 0.94, 0.76, 0.38, 0.76, 0.38, 0.03, 0.19, 1.98, 0.08, 0.00, 0.00, 0.00, 1.00, 0.00, 0.00, 0.00, 0.00, 1.00, 1.00, 1.00, 1.00, 0.00, 0.00, 0.00, 0.00, 0.00, 1.00
8805, 0, 331.960, 0.88, 1, 0.25, 0.49, 0.00, 0.00, 0.02, 0.01, 0.11, 0.08, 1.05, 0.51, 0.03, 0.39, 0.42, 0.00, 0.37, 1.62, 0.01, 0.00, 0.00, 0.00, 1.00, 0.00, 0.00, 0.00, 0.00, 1.00, 1.00, 1.00, 1.00, 0.00, 0.00, 0.00, 0.00, 0.00, 1.00
8806, 0, 331.998, 0.98, 1, 0.08, 0.25, 0.00, 0.00, 0.02, 0.01, 0.08, 0.08, 1.08, 0.25, 0.03, 0.33, 0.66, 0.00, 0.56, 1.16, 0.00, 0.00, 0.00, 0.00, 1.00, 0.00, 0.00, 0.00, 0.00, 1.00, 0.00, 1.00, 0.00, 0.00, 0.00, 0.00, 0.00, 0.00, 1.00
8807, 0, 332.036, 0.88, 1, 0.00, 0.00, 0.00, 0.00, 0.13, 0.01, 0.00, 0.08, 1.12, 0.03, 0.15, 0.39, 0.78, 0.01, 0.73, 0.68, 0.00, 0.00, 0.00, 0.00, 1.00, 0.00, 0.00, 0.00, 0.00, 1.00, 0.00, 1.00, 0.00, 0.00, 0.00, 0.00, 0.00, 0.00, 1.00
8808, 0, 332.073, 0.98, 1, 0.00, 0.00, 0.00, 0.00, 0.21, 0.00, 0.00, 0.00, 1.15, 0.10, 0.14, 0.55, 0.77, 0.03, 0.91, 0.72, 0.00, 0.00, 0.00, 0.00, 1.00, 0.00, 0.00, 0.00, 1.00, 1.00, 0.00, 1.00, 0.00, 0.00, 0.00, 0.00, 0.00, 0.00, 1.00
8809, 0, 332.111, 0.98, 1, 0.00, 0.00, 0.00, 0.00, 0.26, 0.00, 0.00, 0.00, 1.17, 0.18, 0.14, 0.62, 0.48, 0.03, 1.08, 0.83, 0.00, 0.00, 0.00, 0.00, 1.00, 0.00, 0.00, 0.00, 1.00, 1.00, 0.00, 1.00, 0.00, 0.00, 0.00, 1.00, 1.00, 0.00, 1.00
8810, 0, 332.149, 0.98, 1, 0.00, 0.00, 0.00, 0.00, 0.27, 0.00, 0.00, 0.32, 1.29, 0.38, 0.02, 0.67, 0.57, 0.02, 1.17, 1.21, 0.00, 0.00, 0.00, 0.00, 1.00, 0.00, 0.00, 0.00, 1.00, 1.00, 0.00, 1.00, 0.00, 0.00, 0.00, 1.00, 1.00, 0.00, 1.00
8811, 0, 332.187, 0.98, 1, 0.00, 0.00, 0.00, 0.00, 0.35, 0.00, 0.00, 0.58, 1.37, 0.45, 0.00, 0.75, 0.57, 0.00, 1.34, 1.43, 0.00, 0.00, 0.00, 0.00, 1.00, 0.00, 0.00, 0.00, 1.00, 1.00, 0.00, 1.00, 1.00, 0.00, 0.00, 1.00, 1.00, 0.00, 1.00
8812, 0, 332.224, 0.98, 1, 0.00, 0.00, 0.00, 0.00, 0.49, 0.00, 0.00, 0.84, 1.46, 0.61, 0.08, 0.87, 0.50, 0.00, 1.60, 1.66, 0.00, 0.00, 0.00, 0.00, 1.00, 0.00, 0.00, 0.00, 1.00, 1.00, 0.00, 1.00, 1.00, 0.00, 0.00, 1.00, 1.00, 0.00, 1.00
8813, 0, 332.262, 0.98, 1, 0.00, 0.00, 0.00, 0.00, 0.46, 0.00, 0.00, 0.72, 1.47, 0.58, 0.09, 0.87, 0.22, 0.00, 1.75, 1.81, 0.00, 0.00, 0.00, 0.00, 1.00, 0.00, 0.00, 0.00, 1.00, 1.00, 0.00, 1.00, 1.00, 0.00, 0.00, 1.00, 1.00, 0.00, 1.00
8814, 0, 332.300, 0.98, 1, 0.00, 0.00, 0.00, 0.00, 0.34, 0.00, 0.00, 0.65, 1.57, 0.74, 0.14, 0.82, 0.16, 0.00, 1.75, 2.17, 0.00, 0.00, 0.00, 0.00, 1.00, 0.00, 0.00, 0.00, 1.00, 1.00, 0.00, 1.00, 1.00, 0.00, 0.00, 1.00, 1.00, 0.00, 1.00
8815, 0, 332.337, 0.93, 1, 0.00, 0.00, 0.00, 0.00, 0.32, 0.00, 0.00, 0.58, 1.58, 0.51, 0.30, 0.73, 0.20, 0.00, 1.89, 2.28, 0.05, 0.00, 0.00, 0.00, 1.00, 0.00, 0.00, 0.00, 1.00, 1.00, 0.00, 1.00, 0.00, 0.00, 0.00, 1.00, 1.00, 0.00, 1.00
8816, 0, 332.375, 0.93, 1, 0.00, 0.00, 0.00, 0.00, 0.37, 0.00, 0.00, 0.61, 1.55, 0.30, 0.29, 0.71, 0.26, 0.00, 1.95, 2.24, 0.08, 0.00, 0.00, 0.00, 1.00, 1.00, 0.00, 0.00, 1.00, 1.00, 0.00, 1.00, 0.00, 0.00, 0.00, 1.00, 1.00, 0.00, 1.00
8817, 0, 332.413, 0.93, 1, 0.00, 0.00, 0.00, 0.00, 0.47, 0.08, 0.00, 0.75, 1.41, 0.04, 0.25, 0.76, 0.14, 0.00, 2.01, 2.10, 0.23, 0.00, 0.00, 0.00, 1.00, 1.00, 0.00, 0.00, 1.00, 1.00, 0.00, 1.00, 0.00, 0.00, 0.00, 1.00, 1.00, 0.00, 1.00
8818, 0, 332.451, 0.88, 1, 0.00, 0.00, 0.00, 0.00, 0.50, 0.44, 0.00, 0.98, 1.37, 0.13, 0.10, 0.70, 0.17, 0.00, 1.96, 2.18, 0.19, 0.00, 0.00, 0.00, 1.00, 1.00, 0.00, 0.00, 1.00, 1.00, 0.00, 1.00, 0.00, 0.00, 0.00, 1.00, 1.00, 0.00, 1.00
8819, 0, 332.488, 0.93, 1, 0.00, 0.00, 0.00, 0.00, 0.52, 0.73, 0.00, 1.15, 1.33, 0.30, 0.21, 0.70, 0.21, 0.00, 1.98, 2.25, 0.16, 0.00, 0.00, 0.00, 1.00, 1.00, 0.00, 0.00, 1.00, 1.00, 0.00, 0.00, 0.00, 0.00, 0.00, 1.00, 1.00, 0.00, 0.00
8820, 0, 332.526, 0.93, 1, 0.00, 0.00, 0.00, 0.00, 0.56, 0.65, 0.00, 1.19, 1.39, 0.26, 0.21, 0.88, 0.43, 0.00, 1.91, 2.43, 0.00, 0.00, 0.00, 0.00, 1.00, 1.00, 0.00, 0.00, 1.00, 1.00, 0.00, 1.00, 0.00, 0.00, 0.00, 1.00, 1.00, 0.00, 0.00
8821, 0, 332.564, 0.93, 1, 0.00, 0.00, 0.00, 0.00, 0.50, 0.29, 0.00, 1.17, 1.50, 0.17, 0.12, 0.99, 0.47, 0.00, 1.67, 2.54, 0.00, 0.00, 0.00, 0.00, 1.00, 0.00, 0.00, 0.00, 1.00, 1.00, 0.00, 1.00, 0.00, 0.00, 0.00, 1.00, 1.00, 0.00, 0.00
8822, 0, 332.601, 0.93, 1, 0.00, 0.00, 0.00, 0.00, 0.48, 0.00, 0.00, 0.99, 1.57, 0.00, 0.05, 1.12, 0.50, 0.00, 1.58, 2.40, 0.00, 0.00, 0.00, 0.00, 1.00, 0.00, 0.00, 0.00, 1.00, 1.00, 0.00, 1.00, 0.00, 0.00, 0.00, 1.00, 1.00, 0.00, 0.00
8823, 0, 332.639, 0.88, 1, 0.00, 0.06, 0.00, 0.00, 0.40, 0.00, 0.00, 0.87, 1.61, 0.01, 0.13, 0.94, 0.26, 0.00, 1.65, 2.21, 0.00, 0.00, 0.00, 0.00, 1.00, 0.00, 0.00, 0.00, 1.00, 1.00, 0.00, 0.00, 0.00, 0.00, 0.00, 1.00, 1.00, 0.00, 0.00
8824, 0, 332.677, 0.93, 1, 0.00, 0.10, 0.00, 0.00, 0.46, 0.25, 0.00, 0.74, 1.53, 0.01, 0.57, 0.86, 0.14, 0.00, 1.98, 1.93, 0.07, 0.00, 0.00, 0.00, 1.00, 0.00, 0.00, 0.00, 1.00, 1.00, 0.00, 0.00, 0.00, 0.00, 0.00, 1.00, 1.00, 0.00, 0.00
8825, 0, 332.714, 0.98, 1, 0.00, 0.09, 0.00, 0.00, 0.60, 0.55, 0.00, 0.64, 1.51, 0.01, 0.62, 0.66, 0.11, 0.00, 1.97, 1.59, 0.07, 0.00, 0.00, 0.00, 1.00, 0.00, 0.00, 0.00, 1.00, 1.00, 0.00, 0.00, 0.00, 0.00, 0.00, 1.00, 1.00, 0.00, 1.00
8826, 0, 332.752, 0.98, 1, 0.00, 0.04, 0.00, 0.00, 0.69, 0.62, 0.00, 0.52, 1.52, 0.00, 0.54, 0.64, 0.10, 0.00, 1.87, 1.08, 0.07, 0.00, 0.00, 0.00, 1.00, 0.00, 0.00, 0.00, 1.00, 1.00, 0.00, 1.00, 1.00, 0.00, 0.00, 1.00, 1.00, 0.00, 1.00
8827, 0, 332.790, 0.98, 1, 0.00, 0.00, 0.00, 0.00, 0.68, 0.37, 0.00, 0.25, 1.48, 0.00, 0.23, 0.70, 0.21, 0.11, 1.46, 0.54, 0.00, 0.00, 0.00, 0.00, 1.00, 0.00, 0.00, 0.00, 1.00, 1.00, 0.00, 1.00, 1.00, 0.00, 0.00, 1.00, 1.00, 0.00, 1.00
8828, 0, 332.828, 0.98, 1, 0.00, 0.13, 0.00, 0.04, 0.49, 0.07, 0.00, 0.26, 1.44, 0.07, 0.25, 0.82, 0.41, 0.11, 0.96, 0.30, 0.02, 0.00, 0.00, 0.00, 1.00, 0.00, 0.00, 0.00, 0.00, 1.00, 0.00, 1.00, 1.00, 0.00, 0.00, 1.00, 0.00, 0.00, 0.00
8829, 0, 332.865, 0.98, 1, 0.00, 0.22, 0.00, 0.09, 0.45, 0.00, 0.00, 0.35, 1.26, 0.17, 0.51, 0.86, 0.51, 0.13, 0.45, 0.29, 0.02, 0.00, 0.00, 0.00, 1.00, 0.00, 0.00, 0.00, 0.00, 1.00, 0.00, 1.00, 1.00, 0.00, 0.00, 1.00, 0.00, 0.00, 0.00
8830, 0, 332.903, 0.98, 1, 0.10, 0.22, 0.00, 0.09, 0.28, 0.00, 0.00, 0.61, 1.08, 0.17, 0.35, 0.83, 0.68, 0.02, 0.31, 0.23, 0.24, 0.00, 0.00, 0.00, 1.00, 0.00, 0.00, 0.00, 0.00, 1.00, 0.00, 1.00, 1.00, 0.00, 0.00, 1.00, 0.00, 0.00, 0.00
8831, 0, 332.941, 0.98, 1, 0.20, 0.09, 0.00, 0.06, 0.18, 0.00, 0.00, 0.77, 0.88, 0.10, 0.26, 0.78, 0.68, 0.02, 0.51, 0.19, 0.52, 0.00, 0.00, 0.00, 1.00, 0.00, 0.00, 0.00, 0.00, 1.00, 0.00, 1.00, 1.00, 0.00, 0.00, 1.00, 0.00, 0.00, 0.00
8832, 0, 332.978, 0.98, 1, 0.20, 0.00, 0.00, 0.00, 0.00, 0.00, 0.00, 0.71, 0.84, 0.11, 0.00, 0.78, 0.80, 0.00, 0.58, 0.00, 0.59, 0.00, 0.00, 0.00, 1.00, 0.00, 0.00, 0.00, 0.00, 1.00, 0.00, 1.00, 1.00, 0.00, 0.00, 0.00, 0.00, 0.00, 0.00
8833, 0, 333.016, 0.98, 1, 0.10, 0.00, 0.00, 0.00, 0.00, 0.00, 0.00, 0.45, 0.88, 0.17, 0.00, 0.72, 0.52, 0.00, 0.34, 0.05, 0.52, 0.00, 0.00, 0.00, 1.00, 0.00, 0.00, 0.00, 0.00, 1.00, 0.00, 1.00, 1.00, 0.00, 0.00, 0.00, 0.00, 0.00, 0.00
8834, 0, 333.054, 0.98, 1, 0.04, 0.00, 0.00, 0.00, 0.00, 0.00, 0.00, 0.16, 0.88, 0.18, 0.13, 0.79, 0.22, 0.04, 0.08, 0.05, 0.25, 0.00, 0.00, 0.00, 1.00, 0.00, 0.00, 0.00, 0.00, 1.00, 0.00, 1.00, 1.00, 0.00, 0.00, 0.00, 0.00, 0.00, 0.00
8835, 0, 333.092, 0.98, 1, 0.23, 0.03, 0.00, 0.00, 0.00, 0.00, 0.00, 0.03, 0.78, 0.07, 0.25, 1.00, 0.23, 0.09, 0.02, 0.10, 0.29, 0.00, 0.00, 0.00, 1.00, 0.00, 0.00, 0.00, 0.00, 1.00, 0.00, 1.00, 1.00, 0.00, 0.00, 0.00, 0.00, 0.00, 0.00
8836, 0, 333.129, 0.93, 1, 0.40, 0.13, 0.00, 0.00, 0.00, 0.00, 0.00, 0.16, 0.55, 0.01, 0.53, 1.11, 0.41, 0.09, 0.02, 0.10, 0.44, 0.00, 0.00, 0.00, 1.00, 0.00, 0.00, 0.00, 0.00, 1.00, 0.00, 1.00, 1.00, 0.00, 0.00, 0.00, 0.00, 0.00, 0.00
8837, 0, 333.167, 0.98, 1, 0.50, 0.25, 0.00, 0.00, 0.00, 0.00, 0.00, 0.23, 0.34, 0.04, 0.59, 1.16, 0.46, 0.05, 0.00, 0.17, 0.58, 0.00, 0.00, 0.00, 1.00, 0.00, 0.00, 0.00, 0.00, 1.00, 0.00, 1.00, 1.00, 0.00, 1.00, 0.00, 0.00, 0.00, 0.00
8838, 0, 333.205, 0.98, 1, 0.36, 0.22, 0.00, 0.00, 0.00, 0.00, 0.00, 0.36, 0.25, 0.04, 0.49, 0.92, 0.35, 0.00, 0.00, 0.19, 0.80, 0.00, 0.00, 0.00, 1.00, 0.00, 0.00, 0.00, 0.00, 1.00, 0.00, 1.00, 1.00, 0.00, 1.00, 0.00, 0.00, 0.00, 0.00
8839, 0, 333.242, 0.98, 1, 0.20, 0.12, 0.00, 0.00, 0.00, 0.00, 0.00, 0.33, 0.39, 0.04, 0.21, 0.72, 0.28, 0.00, 0.00, 0.14, 0.73, 0.00, 0.00, 0.00, 1.00, 0.00, 0.00, 0.00, 0.00, 1.00, 0.00, 1.00, 1.00, 0.00, 1.00, 0.00, 0.00, 0.00, 0.00
8840, 0, 333.280, 0.98, 1, 0.21, 0.00, 0.00, 0.00, 0.00, 0.01, 0.00, 0.51, 0.58, 0.23, 0.10, 0.51, 0.37, 0.00, 0.00, 0.07, 0.91, 0.00, 0.00, 0.00, 1.00, 0.00, 0.00, 0.00, 0.00, 1.00, 0.00, 1.00, 1.00, 0.00, 1.00, 0.00, 0.00, 0.00, 0.00
8841, 0, 333.318, 0.98, 1, 0.15, 0.00, 0.00, 0.00, 0.00, 0.01, 0.00, 0.50, 0.75, 0.35, 0.08, 0.29, 0.34, 0.00, 0.00, 0.09, 0.75, 0.00, 0.00, 0.00, 1.00, 0.00, 0.00, 0.00, 0.00, 1.00, 1.00, 1.00, 0.00, 0.00, 1.00, 1.00, 0.00, 0.00, 0.00
8842, 0, 333.355, 0.98, 1, 0.15, 0.00, 0.00, 0.00, 0.00, 0.01, 0.00, 0.49, 0.84, 0.49, 0.08, 0.22, 0.23, 0.00, 0.33, 0.09, 0.55, 0.00, 0.00, 0.00, 1.00, 0.00, 0.00, 0.00, 0.00, 1.00, 1.00, 1.00, 0.00, 0.00, 1.00, 1.00, 0.00, 0.00, 0.00
8843, 0, 333.393, 0.98, 1, 0.00, 0.00, 0.00, 0.00, 0.00, 0.00, 0.00, 0.26, 0.92, 0.37, 0.00, 0.05, 0.09, 0.00, 0.70, 0.13, 0.29, 0.00, 0.00, 0.00, 1.00, 0.00, 0.00, 0.00, 0.00, 1.00, 1.00, 0.00, 0.00, 0.00, 1.00, 1.00, 0.00, 0.00, 0.00
8844, 0, 333.431, 0.98, 1, 0.00, 0.00, 0.00, 0.00, 0.00, 0.06, 0.00, 0.11, 0.94, 0.25, 0.00, 0.19, 0.00, 0.00, 1.04, 0.07, 0.18, 0.00, 0.00, 0.00, 1.00, 0.00, 0.00, 0.00, 0.00, 1.00, 1.00, 0.00, 0.00, 0.00, 0.00, 1.00, 0.00, 0.00, 0.00
8845, 0, 333.469, 0.98, 1, 0.08, 0.08, 0.00, 0.00, 0.05, 0.06, 0.00, 0.02, 1.08, 0.11, 0.03, 0.16, 0.00, 0.00, 1.21, 0.13, 0.22, 0.00, 0.00, 0.00, 1.00, 0.00, 0.00, 0.00, 0.00, 1.00, 0.00, 0.00, 0.00, 0.00, 0.00, 1.00, 0.00, 0.00, 1.00
8846, 0, 333.506, 0.98, 1, 0.11, 0.08, 0.00, 0.00, 0.05, 0.06, 0.00, 0.00, 1.21, 0.00, 0.03, 0.16, 0.00, 0.00, 1.31, 0.09, 0.47, 0.00, 0.00, 0.00, 1.00, 0.00, 0.00, 0.00, 0.00, 1.00, 0.00, 0.00, 0.00, 0.00, 0.00, 1.00, 0.00, 0.00, 1.00
8847, 0, 333.544, 0.88, 1, 0.13, 0.08, 0.00, 0.00, 0.06, 0.00, 0.00, 0.00, 1.39, 0.00, 0.03, 0.06, 0.00, 0.00, 1.51, 0.12, 0.63, 0.00, 0.00, 0.00, 1.00, 0.00, 0.00, 0.00, 0.00, 1.00, 0.00, 0.00, 0.00, 0.00, 0.00, 1.00, 0.00, 0.00, 1.00
8848, 0, 333.582, 0.88, 1, 0.04, 0.00, 0.00, 0.00, 0.04, 0.00, 0.00, 0.00, 1.47, 0.00, 0.09, 0.06, 0.00, 0.00, 1.55, 0.06, 0.86, 0.00, 0.00, 0.00, 1.00, 0.00, 0.00, 0.00, 0.00, 1.00, 0.00, 0.00, 0.00, 0.00, 0.00, 1.00, 0.00, 0.00, 1.00
8849, 0, 333.619, 0.88, 1, 0.02, 0.00, 0.00, 0.00, 0.05, 0.00, 0.00, 0.00, 1.54, 0.00, 0.19, 0.06, 0.00, 0.00, 1.61, 0.06, 0.85, 0.00, 0.00, 0.00, 1.00, 0.00, 0.00, 0.00, 0.00, 1.00, 0.00, 0.00, 0.00, 0.00, 0.00, 1.00, 0.00, 0.00, 1.00
8850, 0, 333.657, 0.88, 1, 0.00, 0.00, 0.00, 0.00, 0.09, 0.00, 0.00, 0.00, 1.57, 0.20, 0.19, 0.00, 0.00, 0.00, 1.35, 0.00, 0.93, 0.00, 0.00, 0.00, 1.00, 0.00, 0.00, 0.00, 0.00, 1.00, 0.00, 0.00, 0.00, 0.00, 0.00, 1.00, 0.00, 0.00, 1.00
8851, 0, 333.695, 0.93, 1, 0.00, 0.02, 0.00, 0.00, 0.08, 0.00, 0.00, 0.00, 1.55, 0.34, 0.10, 0.00, 0.00, 0.00, 1.10, 0.00, 0.77, 0.00, 0.00, 0.00, 1.00, 0.00, 0.00, 0.00, 0.00, 1.00, 1.00, 0.00, 0.00, 0.00, 0.00, 1.00, 0.00, 0.00, 1.00
8852, 0, 333.733, 0.93, 1, 0.00, 0.18, 0.00, 0.00, 0.15, 0.00, 0.00, 0.00, 1.57, 0.38, 0.00, 0.00, 0.00, 0.00, 0.92, 0.00, 0.76, 0.00, 0.00, 0.00, 1.00, 0.00, 0.00, 0.00, 0.00, 1.00, 1.00, 0.00, 0.00, 0.00, 0.00, 1.00, 0.00, 0.00, 1.00
8853, 0, 333.770, 0.93, 1, 0.00, 0.18, 0.00, 0.00, 0.09, 0.00, 0.00, 0.00, 1.53, 0.54, 0.00, 0.00, 0.00, 0.00, 0.96, 0.00, 0.85, 0.00, 0.00, 0.00, 1.00, 0.00, 0.00, 0.00, 0.00, 1.00, 1.00, 0.00, 0.00, 0.00, 0.00, 1.00, 0.00, 0.00, 1.00
8854, 0, 333.808, 0.93, 1, 0.00, 0.16, 0.00, 0.00, 0.11, 0.02, 0.00, 0.00, 1.53, 0.59, 0.00, 0.00, 0.00, 0.03, 0.87, 0.07, 1.07, 0.00, 0.00, 0.00, 1.00, 0.00, 0.00, 0.00, 0.00, 1.00, 1.00, 0.00, 0.00, 0.00, 0.00, 1.00, 0.00, 0.00, 1.00
8855, 0, 333.846, 0.88, 1, 0.00, 0.00, 0.00, 0.00, 0.13, 0.02, 0.00, 0.00, 1.53, 0.64, 0.00, 0.16, 0.00, 0.03, 1.04, 0.42, 1.13, 0.00, 0.00, 0.00, 1.00, 0.00, 0.00, 0.00, 0.00, 1.00, 1.00, 0.00, 0.00, 0.00, 0.00, 1.00, 0.00, 0.00, 1.00
8856, 0, 333.883, 0.98, 1, 0.00, 0.00, 0.00, 0.00, 0.21, 0.02, 0.04, 0.00, 1.56, 0.52, 0.00, 0.16, 0.00, 0.03, 1.23, 0.80, 0.90, 0.00, 0.00, 0.00, 1.00, 0.00, 0.00, 0.00, 0.00, 1.00, 1.00, 0.00, 0.00, 0.00, 0.00, 1.00, 0.00, 0.00, 1.00
8857, 0, 333.921, 0.98, 1, 0.00, 0.00, 0.00, 0.00, 0.28, 0.01, 0.09, 0.00, 1.60, 0.43, 0.00, 0.16, 0.00, 0.00, 1.61, 1.25, 1.00, 0.00, 0.00, 0.00, 1.00, 0.00, 0.00, 0.00, 0.00, 1.00, 1.00, 0.00, 0.00, 0.00, 0.00, 1.00, 1.00, 0.00, 1.00
8858, 0, 333.959, 0.98, 1, 0.00, 0.00, 0.00, 0.00, 0.26, 0.01, 0.14, 0.00, 1.52, 0.42, 0.00, 0.00, 0.08, 0.00, 1.54, 1.39, 1.03, 0.00, 0.00, 0.00, 1.00, 0.00, 0.00, 0.00, 0.00, 1.00, 1.00, 0.00, 0.00, 0.00, 0.00, 1.00, 1.00, 0.00, 1.00
8859, 0, 333.996, 0.98, 1, 0.00, 0.00, 0.00, 0.00, 0.32, 0.16, 0.13, 0.00, 1.42, 0.19, 0.06, 0.00, 0.20, 0.00, 1.45, 1.60, 1.11, 0.00, 0.00, 0.00, 1.00, 0.00, 0.00, 0.00, 0.00, 1.00, 1.00, 0.00, 0.00, 0.00, 0.00, 1.00, 1.00, 0.00, 1.00
8860, 0, 334.034, 0.98, 1, 0.00, 0.00, 0.00, 0.00, 0.33, 0.16, 0.08, 0.04, 1.21, 0.08, 0.11, 0.20, 0.20, 0.00, 1.50, 1.89, 0.76, 0.00, 0.00, 0.00, 1.00, 0.00, 0.00, 0.00, 0.00, 1.00, 0.00, 0.00, 0.00, 0.00, 0.00, 1.00, 1.00, 0.00, 1.00
8861, 0, 334.072, 0.98, 1, 0.00, 0.00, 0.00, 0.00, 0.40, 0.15, 0.03, 0.04, 1.06, 0.00, 0.16, 0.39, 0.12, 0.00, 1.70, 2.20, 0.42, 0.00, 0.00, 0.00, 1.00, 0.00, 0.00, 0.00, 0.00, 1.00, 0.00, 0.00, 0.00, 0.00, 0.00, 1.00, 1.00, 0.00, 1.00
8862, 0, 334.110, 0.98, 1, 0.00, 0.00, 0.00, 0.00, 0.34, 0.00, 0.00, 0.13, 1.01, 0.00, 0.33, 0.50, 0.00, 0.00, 2.14, 2.38, 0.33, 0.00, 0.00, 0.00, 1.00, 0.00, 0.00, 0.00, 0.00, 1.00, 0.00, 0.00, 0.00, 0.00, 0.00, 1.00, 1.00, 0.00, 1.00
8863, 0, 334.147, 0.93, 1, 0.00, 0.00, 0.00, 0.00, 0.28, 0.00, 0.00, 0.09, 1.01, 0.00, 0.27, 0.29, 0.06, 0.00, 2.08, 2.28, 0.51, 0.00, 0.00, 0.00, 1.00, 0.00, 0.00, 0.00, 0.00, 1.00, 0.00, 0.00, 0.00, 0.00, 0.00, 1.00, 0.00, 0.00, 1.00
8864, 0, 334.185, 0.88, 1, 0.00, 0.00, 0.00, 0.00, 0.21, 0.00, 0.00, 0.09, 1.19, 0.04, 0.23, 0.15, 0.27, 0.00, 1.78, 1.87, 0.52, 0.00, 0.00, 0.00, 1.00, 0.00, 0.00, 0.00, 0.00, 1.00, 0.00, 0.00, 0.00, 0.00, 0.00, 1.00, 0.00, 0.00, 1.00
8865, 0, 334.223, 0.88, 1, 0.00, 0.00, 0.00, 0.00, 0.17, 0.03, 0.00, 0.00, 1.25, 0.12, 0.00, 0.14, 0.45, 0.00, 1.45, 1.44, 0.38, 0.00, 0.00, 0.00, 1.00, 0.00, 0.00, 0.00, 0.00, 1.00, 0.00, 0.00, 0.00, 0.00, 0.00, 1.00, 0.00, 0.00, 1.00
8866, 0, 334.260, 0.88, 1, 0.00, 0.00, 0.00, 0.00, 0.11, 0.03, 0.00, 0.07, 1.33, 0.16, 0.17, 0.39, 0.48, 0.00, 1.39, 1.37, 0.23, 0.00, 0.00, 0.00, 1.00, 0.00, 0.00, 0.00, 0.00, 1.00, 0.00, 0.00, 0.00, 0.00, 0.00, 1.00, 1.00, 0.00, 1.00
8867, 0, 334.298, 0.88, 1, 0.00, 0.00, 0.00, 0.00, 0.06, 0.03, 0.00, 0.21, 1.30, 0.19, 0.61, 0.48, 0.30, 0.00, 1.41, 1.54, 0.57, 0.00, 0.00, 0.00, 1.00, 0.00, 0.00, 0.00, 0.00, 1.00, 0.00, 1.00, 1.00, 0.00, 1.00, 1.00, 0.00, 0.00, 1.00
8868, 0, 334.336, 0.88, 1, 0.00, 0.00, 0.00, 0.00, 0.01, 0.00, 0.00, 0.24, 1.29, 0.26, 0.71, 0.59, 0.15, 0.00, 1.38, 1.85, 0.87, 0.00, 0.00, 0.00, 1.00, 0.00, 0.00, 0.00, 0.00, 1.00, 0.00, 1.00, 1.00, 0.00, 1.00, 1.00, 0.00, 0.00, 1.00
8869, 0, 334.374, 0.93, 1, 0.14, 0.06, 0.00, 0.00, 0.01, 0.00, 0.00, 0.17, 1.26, 0.22, 0.73, 0.51, 0.14, 0.00, 1.21, 1.46, 0.87, 0.00, 0.00, 0.00, 1.00, 0.00, 0.00, 0.00, 0.00, 1.00, 0.00, 1.00, 1.00, 0.00, 1.00, 1.00, 0.00, 0.00, 1.00
8870, 0, 334.411, 0.88, 1, 0.30, 0.27, 0.00, 0.00, 0.04, 0.15, 0.00, 0.20, 1.05, 0.30, 0.52, 0.70, 0.34, 0.00, 1.08, 1.36, 0.54, 0.00, 0.00, 0.00, 1.00, 0.00, 0.00, 0.00, 0.00, 1.00, 0.00, 1.00, 1.00, 0.00, 1.00, 1.00, 0.00, 0.00, 1.00
8871, 0, 334.449, 0.93, 1, 0.30, 0.27, 0.00, 0.00, 0.04, 0.15, 0.00, 0.30, 0.93, 0.26, 0.46, 0.72, 0.54, 0.00, 0.89, 1.23, 0.54, 0.00, 0.00, 0.00, 1.00, 0.00, 0.00, 0.00, 0.00, 1.00, 0.00, 1.00, 1.00, 0.00, 1.00, 1.00, 0.00, 0.00, 1.00
8872, 0, 334.487, 0.93, 1, 0.33, 0.34, 0.00, 0.00, 0.04, 0.15, 0.02, 0.45, 0.80, 0.37, 0.28, 0.85, 0.46, 0.00, 0.79, 1.25, 0.38, 0.00, 0.00, 0.00, 1.00, 0.00, 0.00, 0.00, 0.00, 1.00, 0.00, 1.00, 1.00, 0.00, 0.00, 1.00, 0.00, 0.00, 1.00
8873, 0, 334.524, 0.98, 1, 0.38, 0.25, 0.00, 0.00, 0.00, 0.00, 0.02, 0.30, 0.76, 0.21, 0.05, 0.63, 0.23, 0.00, 0.81, 1.01, 0.31, 0.00, 0.00, 0.00, 1.00, 0.00, 0.00, 0.00, 0.00, 1.00, 0.00, 1.00, 1.00, 0.00, 0.00, 1.00, 0.00, 0.00, 1.00
8874, 0, 334.562, 0.98, 1, 0.60, 0.36, 0.00, 0.00, 0.00, 0.00, 0.02, 0.30, 0.69, 0.13, 0.03, 0.46, 0.00, 0.00, 0.83, 0.69, 0.09, 0.00, 0.00, 0.00, 1.00, 0.00, 0.00, 0.00, 0.00, 1.00, 1.00, 1.00, 1.00, 0.00, 0.00, 1.00, 0.00, 0.00, 0.00
8875, 0, 334.600, 0.98, 1, 0.71, 0.23, 0.00, 0.00, 0.00, 0.00, 0.00, 0.30, 0.67, 0.02, 0.07, 0.31, 0.00, 0.00, 0.77, 0.66, 0.09, 0.00, 0.00, 0.00, 1.00, 0.00, 0.00, 0.00, 0.00, 1.00, 0.00, 1.00, 1.00, 0.00, 1.00, 0.00, 0.00, 0.00, 0.00
8876, 0, 334.637, 0.93, 1, 0.61, 0.26, 0.00, 0.00, 0.00, 0.00, 0.00, 0.30, 0.79, 0.20, 0.07, 0.41, 0.00, 0.00, 0.61, 0.50, 0.07, 0.00, 0.00, 0.00, 1.00, 0.00, 0.00, 0.00, 0.00, 1.00, 0.00, 1.00, 1.00, 0.00, 1.00, 0.00, 0.00, 0.00, 0.00
8877, 0, 334.675, 0.98, 1, 0.61, 0.16, 0.00, 0.00, 0.07, 0.00, 0.00, 0.37, 0.93, 0.18, 0.04, 0.50, 0.00, 0.04, 0.49, 0.30, 0.13, 0.00, 0.00, 0.00, 1.00, 0.00, 0.00, 0.00, 0.00, 1.00, 0.00, 0.00, 0.00, 0.00, 1.00, 0.00, 0.00, 0.00, 0.00
8878, 0, 334.713, 0.98, 1, 0.53, 0.21, 0.00, 0.00, 0.07, 0.00, 0.00, 0.43, 1.00, 0.42, 0.00, 0.39, 0.00, 0.04, 0.55, 0.07, 0.18, 0.00, 0.00, 0.00, 1.00, 0.00, 0.00, 0.00, 0.00, 1.00, 0.00, 0.00, 0.00, 0.00, 1.00, 0.00, 0.00, 0.00, 0.00
8879, 0, 334.751, 0.98, 1, 0.71, 0.11, 0.04, 0.00, 0.11, 0.00, 0.00, 0.71, 0.93, 0.67, 0.00, 0.25, 0.00, 0.04, 0.75, 0.00, 0.18, 0.00, 0.00, 0.00, 1.00, 0.00, 0.00, 0.00, 0.00, 1.00, 0.00, 0.00, 0.00, 0.00, 1.00, 0.00, 0.00, 0.00, 0.00
8880, 0, 334.788, 0.93, 1, 0.58, 0.10, 0.14, 0.00, 0.09, 0.00, 0.00, 0.83, 0.85, 0.92, 0.06, 0.32, 0.00, 0.00, 1.09, 0.00, 0.04, 0.00, 0.00, 0.00, 1.00, 0.00, 0.00, 0.00, 0.00, 1.00, 0.00, 0.00, 0.00, 0.00, 1.00, 0.00, 0.00, 0.00, 0.00
8881, 0, 334.826, 0.98, 1, 0.41, 0.05, 0.14, 0.09, 0.09, 0.00, 0.01, 1.11, 0.78, 1.18, 0.06, 0.41, 0.00, 0.00, 0.96, 0.17, 0.00, 0.00, 0.00, 0.00, 1.00, 0.00, 0.00, 0.00, 1.00, 1.00, 0.00, 0.00, 0.00, 0.00, 1.00, 0.00, 0.00, 0.00, 0.00
8882, 0, 334.864, 0.98, 1, 0.15, 0.00, 0.10, 0.09, 0.04, 0.00, 0.01, 1.44, 0.81, 1.10, 0.06, 0.75, 0.00, 0.00, 0.78, 0.17, 0.00, 0.00, 0.00, 0.00, 1.00, 0.00, 0.00, 0.00, 1.00, 1.00, 1.00, 0.00, 0.00, 0.00, 1.00, 0.00, 0.00, 0.00, 0.00
8883, 0, 334.901, 0.98, 1, 0.09, 0.00, 0.00, 0.09, 0.00, 0.00, 0.01, 1.62, 0.77, 1.29, 0.00, 0.70, 0.00, 0.03, 0.46, 0.25, 0.00, 0.00, 1.00, 0.00, 1.00, 0.00, 0.00, 0.00, 1.00, 1.00, 1.00, 1.00, 0.00, 0.00, 1.00, 0.00, 0.00, 0.00, 0.00
8884, 0, 334.939, 0.98, 1, 0.14, 0.00, 0.00, 0.00, 0.00, 0.00, 0.00, 1.69, 0.80, 1.23, 0.00, 0.78, 0.00, 0.05, 0.50, 0.23, 0.00, 0.00, 1.00, 0.00, 1.00, 0.00, 0.00, 0.00, 1.00, 1.00, 0.00, 1.00, 0.00, 0.00, 1.00, 0.00, 0.00, 0.00, 0.00
8885, 0, 334.977, 0.98, 1, 0.09, 0.00, 0.00, 0.03, 0.09, 0.25, 0.00, 1.67, 0.66, 0.88, 0.00, 0.76, 0.00, 0.14, 0.35, 0.23, 0.00, 0.00, 1.00, 0.00, 1.00, 0.00, 0.00, 0.00, 1.00, 1.00, 0.00, 1.00, 0.00, 0.00, 1.00, 0.00, 0.00, 0.00, 0.00
8886, 0, 335.015, 0.98, 1, 0.06, 0.07, 0.00, 0.05, 0.14, 0.30, 0.00, 1.71, 0.63, 0.59, 0.00, 1.03, 0.00, 0.25, 0.44, 0.26, 0.00, 0.00, 1.00, 0.00, 1.00, 0.00, 0.00, 0.00, 1.00, 1.00, 0.00, 1.00, 1.00, 0.00, 1.00, 1.00, 0.00, 0.00, 0.00
8887, 0, 335.052, 0.98, 1, 0.00, 0.07, 0.00, 0.05, 0.29, 0.56, 0.00, 1.90, 0.73, 0.42, 0.30, 1.33, 0.01, 0.37, 0.82, 0.28, 0.00, 0.00, 1.00, 0.00, 1.00, 0.00, 0.00, 0.00, 1.00, 1.00, 0.00, 1.00, 1.00, 0.00, 1.00, 1.00, 0.00, 0.00, 0.00
8888, 0, 335.090, 0.98, 1, 0.00, 0.07, 0.00, 0.05, 0.33, 0.38, 0.00, 1.94, 0.94, 0.79, 0.46, 1.37, 0.01, 0.28, 1.45, 0.48, 0.00, 0.00, 1.00, 0.00, 1.00, 0.00, 0.00, 0.00, 1.00, 1.00, 0.00, 1.00, 1.00, 0.00, 1.00, 1.00, 0.00, 0.00, 0.00
8889, 0, 335.128, 0.98, 1, 0.00, 0.07, 0.00, 0.11, 0.46, 0.44, 0.00, 2.08, 1.03, 0.92, 0.70, 1.36, 0.03, 0.13, 1.94, 0.48, 0.00, 0.00, 0.00, 0.00, 1.00, 0.00, 1.00, 0.00, 1.00, 1.00, 0.00, 1.00, 1.00, 0.00, 0.00, 1.00, 1.00, 0.00, 0.00
8890, 0, 335.165, 0.98, 1, 0.00, 0.07, 0.00, 0.11, 0.48, 0.34, 0.00, 1.88, 1.03, 0.80, 0.54, 1.10, 0.10, 0.00, 2.06, 0.35, 0.00, 0.00, 0.00, 0.00, 1.00, 0.00, 0.00, 0.00, 1.00, 1.00, 0.00, 1.00, 1.00, 0.00, 0.00, 1.00, 1.00, 0.00, 0.00
8891, 0, 335.203, 0.98, 1, 0.00, 0.07, 0.00, 0.08, 0.47, 0.46, 0.00, 1.74, 1.07, 0.82, 0.39, 0.86, 0.10, 0.00, 2.03, 0.40, 0.00, 0.00, 0.00, 0.00, 1.00, 1.00, 0.00, 0.00, 1.00, 1.00, 0.00, 0.00, 0.00, 0.00, 0.00, 1.00, 1.00, 0.00, 0.00
8892, 0, 335.241, 0.98, 1, 0.00, 0.00, 0.00, 0.00, 0.46, 0.35, 0.00, 1.60, 1.14, 0.71, 0.14, 0.66, 0.08, 0.09, 1.74, 0.53, 0.00, 0.00, 0.00, 0.00, 1.00, 0.00, 0.00, 0.00, 1.00, 1.00, 0.00, 0.00, 0.00, 0.00, 1.00, 1.00, 1.00, 0.00, 0.00
8893, 0, 335.278, 0.98, 1, 0.00, 0.00, 0.00, 0.03, 0.48, 0.27, 0.00, 1.60, 1.25, 0.84, 0.00, 0.64, 0.04, 0.24, 1.62, 0.85, 0.00, 0.00, 0.00, 0.00, 1.00, 0.00, 0.00, 0.00, 1.00, 1.00, 0.00, 0.00, 0.00, 0.00, 1.00, 1.00, 1.00, 0.00, 0.00
8894, 0, 335.316, 0.98, 1, 0.00, 0.00, 0.00, 0.03, 0.52, 0.20, 0.00, 1.67, 1.30, 0.67, 0.19, 0.61, 0.04, 0.24, 1.60, 0.83, 0.00, 0.00, 0.00, 0.00, 1.00, 0.00, 0.00, 0.00, 1.00, 1.00, 0.00, 0.00, 0.00, 0.00, 1.00, 1.00, 1.00, 0.00, 0.00
8895, 0, 335.354, 0.98, 1, 0.12, 0.17, 0.00, 0.03, 0.42, 0.20, 0.00, 1.59, 1.31, 0.88, 0.25, 0.41, 0.20, 0.15, 1.51, 0.94, 0.00, 0.00, 0.00, 0.00, 1.00, 0.00, 0.00, 0.00, 1.00, 1.00, 0.00, 0.00, 0.00, 0.00, 0.00, 1.00, 1.00, 0.00, 0.00
8896, 0, 335.392, 0.88, 1, 0.27, 0.42, 0.00, 0.00, 0.29, 0.12, 0.00, 1.55, 1.23, 1.02, 0.26, 0.22, 0.37, 0.00, 1.36, 0.88, 0.00, 0.00, 0.00, 0.00, 1.00, 0.00, 0.00, 0.00, 1.00, 1.00, 0.00, 0.00, 0.00, 0.00, 1.00, 1.00, 1.00, 0.00, 0.00
8897, 0, 335.429, 0.88, 1, 0.27, 0.43, 0.00, 0.00, 0.14, 0.00, 0.00, 1.40, 1.09, 1.22, 0.10, 0.11, 0.37, 0.00, 1.11, 1.00, 0.00, 0.00, 0.00, 0.00, 1.00, 0.00, 0.00, 0.00, 1.00, 1.00, 0.00, 0.00, 0.00, 0.00, 0.00, 1.00, 1.00, 0.00, 0.00
8898, 0, 335.467, 0.98, 1, 0.15, 0.26, 0.00, 0.00, 0.14, 0.00, 0.00, 1.33, 1.03, 1.28, 0.04, 0.18, 0.24, 0.02, 0.93, 0.90, 0.00, 0.00, 0.00, 0.00, 1.00, 0.00, 0.00, 0.00, 1.00, 1.00, 0.00, 0.00, 0.00, 0.00, 0.00, 1.00, 1.00, 0.00, 0.00
8899, 0, 335.505, 0.98, 1, 0.00, 0.05, 0.00, 0.00, 0.16, 0.00, 0.00, 1.28, 0.98, 1.15, 0.08, 0.19, 0.02, 0.04, 0.82, 0.61, 0.00, 0.00, 1.00, 0.00, 1.00, 0.00, 0.00, 0.00, 1.00, 1.00, 1.00, 0.00, 0.00, 0.00, 0.00, 1.00, 1.00, 0.00, 0.00
8900, 0, 335.542, 0.98, 1, 0.12, 0.12, 0.00, 0.00, 0.27, 0.05, 0.01, 1.13, 1.06, 0.88, 0.05, 0.40, 0.02, 0.04, 0.51, 0.34, 0.00, 0.00, 1.00, 0.00, 1.00, 0.00, 0.00, 0.00, 1.00, 1.00, 1.00, 0.00, 0.00, 0.00, 0.00, 1.00, 0.00, 0.00, 0.00
8901, 0, 335.580, 0.98, 1, 0.21, 0.23, 0.00, 0.00, 0.20, 0.05, 0.01, 0.87, 1.05, 0.75, 0.05, 0.42, 0.00, 0.01, 0.51, 0.20, 0.00, 0.00, 0.00, 0.00, 1.00, 0.00, 0.00, 0.00, 1.00, 1.00, 1.00, 0.00, 0.00, 0.00, 0.00, 1.00, 0.00, 0.00, 0.00
8902, 0, 335.618, 0.98, 1, 0.32, 0.32, 0.00, 0.00, 0.12, 0.05, 0.01, 0.61, 1.02, 0.80, 0.00, 0.46, 0.00, 0.00, 0.41, 0.29, 0.00, 0.00, 0.00, 0.00, 1.00, 0.00, 0.00, 0.00, 1.00, 1.00, 1.00, 0.00, 0.00, 0.00, 0.00, 1.00, 0.00, 0.00, 0.00
8903, 0, 335.656, 0.98, 1, 0.20, 0.24, 0.00, 0.00, 0.04, 0.00, 0.00, 0.39, 1.01, 0.90, 0.00, 0.21, 0.00, 0.00, 0.78, 0.44, 0.11, 0.00, 0.00, 0.00, 1.00, 0.00, 0.00, 0.00, 1.00, 1.00, 1.00, 0.00, 0.00, 0.00, 0.00, 1.00, 0.00, 0.00, 0.00
8904, 0, 335.693, 0.88, 1, 0.11, 0.13, 0.00, 0.00, 0.08, 0.00, 0.00, 0.38, 1.10, 0.77, 0.00, 0.08, 0.03, 0.00, 0.93, 0.50, 0.21, 0.00, 0.00, 0.00, 1.00, 0.00, 0.00, 0.00, 1.00, 1.00, 1.00, 0.00, 1.00, 0.00, 0.00, 1.00, 0.00, 0.00, 1.00
8905, 0, 335.731, 0.88, 1, 0.08, 0.00, 0.00, 0.00, 0.08, 0.00, 0.00, 0.70, 1.15, 0.44, 0.27, 0.19, 0.03, 0.00, 1.52, 0.78, 0.21, 0.00, 0.00, 0.00, 1.00, 0.00, 0.00, 0.00, 1.00, 1.00, 1.00, 0.00, 1.00, 0.00, 0.00, 1.00, 0.00, 0.00, 1.00
8906, 0, 335.769, 0.88, 1, 0.08, 0.00, 0.00, 0.00, 0.04, 0.00, 0.00, 1.07, 1.15, 0.23, 0.31, 0.47, 0.03, 0.00, 1.77, 1.07, 0.10, 0.00, 0.00, 0.00, 1.00, 0.00, 0.00, 0.00, 1.00, 1.00, 1.00, 0.00, 1.00, 0.00, 0.00, 1.00, 0.00, 0.00, 1.00
8907, 0, 335.806, 0.88, 1, 0.08, 0.00, 0.00, 0.00, 0.00, 0.00, 0.00, 1.27, 1.08, 0.22, 0.44, 0.78, 0.00, 0.03, 1.99, 1.27, 0.00, 0.00, 0.00, 0.00, 1.00, 0.00, 0.00, 0.00, 1.00, 1.00, 1.00, 0.00, 1.00, 0.00, 0.00, 1.00, 0.00, 0.00, 1.00
8908, 0, 335.844, 0.88, 1, 0.00, 0.00, 0.00, 0.00, 0.00, 0.00, 0.00, 1.07, 1.03, 0.57, 0.20, 0.71, 0.00, 0.06, 1.77, 1.24, 0.00, 0.00, 0.00, 0.00, 1.00, 0.00, 0.00, 0.00, 1.00, 1.00, 1.00, 0.00, 1.00, 0.00, 0.00, 1.00, 0.00, 0.00, 0.00
8909, 0, 335.882, 0.93, 1, 0.03, 0.14, 0.00, 0.00, 0.04, 0.00, 0.00, 0.85, 1.01, 0.97, 0.16, 0.70, 0.07, 0.18, 1.59, 0.97, 0.00, 0.00, 0.00, 0.00, 1.00, 0.00, 0.00, 0.00, 0.00, 1.00, 0.00, 1.00, 1.00, 0.00, 0.00, 1.00, 0.00, 0.00, 0.00
8910, 0, 335.919, 0.98, 1, 0.03, 0.27, 0.00, 0.00, 0.04, 0.00, 0.00, 0.52, 0.88, 0.79, 0.03, 0.60, 0.07, 0.19, 1.02, 0.93, 0.00, 0.00, 0.00, 0.00, 1.00, 0.00, 0.00, 0.00, 0.00, 1.00, 0.00, 1.00, 1.00, 0.00, 0.00, 1.00, 0.00, 0.00, 0.00
8911, 0, 335.957, 0.98, 1, 0.03, 0.46, 0.00, 0.00, 0.04, 0.00, 0.00, 0.22, 0.72, 0.44, 0.00, 0.60, 0.07, 0.20, 0.47, 0.96, 0.00, 0.00, 0.00, 0.00, 1.00, 0.00, 0.00, 0.00, 0.00, 0.00, 0.00, 1.00, 1.00, 0.00, 0.00, 1.00, 0.00, 0.00, 0.00
8912, 0, 335.995, 0.93, 1, 0.01, 0.54, 0.00, 0.02, 0.00, 0.00, 0.00, 0.01, 0.50, 0.01, 0.04, 0.45, 0.00, 0.10, 0.00, 0.96, 0.00, 0.00, 0.00, 0.00, 1.00, 0.00, 0.00, 0.00, 0.00, 0.00, 1.00, 1.00, 1.00, 0.00, 0.00, 1.00, 0.00, 0.00, 0.00
8913, 0, 336.033, 0.98, 1, 0.16, 0.60, 0.00, 0.04, 0.00, 0.00, 0.00, 0.01, 0.32, 0.00, 0.06, 0.31, 0.04, 0.06, 0.04, 0.91, 0.00, 0.00, 0.00, 0.00, 1.00, 0.00, 0.00, 0.00, 0.00, 0.00, 0.00, 1.00, 1.00, 0.00, 0.00, 0.00, 0.00, 0.00, 0.00
8914, 0, 336.070, 0.98, 1, 0.42, 0.64, 0.00, 0.04, 0.00, 0.00, 0.00, 0.05, 0.16, 0.00, 0.06, 0.33, 0.05, 0.02, 0.20, 0.89, 0.04, 0.00, 0.00, 0.00, 1.00, 0.00, 0.00, 0.00, 0.00, 0.00, 0.00, 1.00, 1.00, 0.00, 0.00, 0.00, 0.00, 0.00, 0.00
8915, 0, 336.108, 0.88, 1, 0.84, 0.51, 0.00, 0.02, 0.00, 0.00, 0.00, 0.24, 0.03, 0.00, 0.04, 0.21, 0.12, 0.00, 0.20, 0.65, 0.13, 0.00, 0.00, 0.00, 1.00, 0.00, 0.00, 0.00, 0.00, 0.00, 0.00, 1.00, 1.00, 0.00, 0.00, 0.00, 0.00, 0.00, 0.00
8916, 0, 336.146, 0.88, 1, 1.01, 0.54, 0.00, 0.00, 0.00, 0.06, 0.00, 0.38, 0.00, 0.00, 0.02, 0.15, 0.08, 0.00, 0.17, 0.34, 0.13, 0.00, 0.00, 0.00, 1.00, 0.00, 0.00, 0.00, 0.00, 0.00, 0.00, 1.00, 0.00, 0.00, 0.00, 0.00, 0.00, 0.00, 0.00
8917, 0, 336.183, 0.88, 1, 1.02, 0.44, 0.00, 0.00, 0.00, 0.07, 0.02, 0.51, 0.00, 0.00, 0.02, 0.00, 0.07, 0.00, 0.00, 0.00, 0.09, 0.00, 0.00, 0.00, 1.00, 0.00, 0.00, 0.00, 0.00, 0.00, 0.00, 1.00, 0.00, 0.00, 0.00, 0.00, 0.00, 0.00, 0.00
8918, 0, 336.221, 0.93, 1, 0.86, 0.36, 0.00, 0.00, 0.00, 0.07, 0.05, 0.39, 0.00, 0.00, 0.00, 0.00, 0.00, 0.00, 0.00, 0.00, 0.00, 0.00, 0.00, 0.00, 1.00, 0.00, 0.00, 0.00, 0.00, 0.00, 0.00, 1.00, 0.00, 0.00, 0.00, 0.00, 0.00, 0.00, 0.00
8919, 0, 336.259, 0.98, 1, 0.87, 0.22, 0.00, 0.00, 0.00, 0.27, 0.05, 0.30, 0.01, 0.00, 0.03, 0.00, 0.00, 0.00, 0.00, 0.00, 0.00, 0.00, 0.00, 0.00, 1.00, 0.00, 0.00, 0.00, 0.00, 0.00, 0.00, 1.00, 0.00, 0.00, 0.00, 0.00, 0.00, 0.00, 0.00
8920, 0, 336.297, 0.98, 1, 1.02, 0.26, 0.00, 0.00, 0.00, 0.25, 0.03, 0.14, 0.03, 0.14, 0.03, 0.00, 0.00, 0.00, 0.04, 0.04, 0.14, 0.00, 0.00, 0.00, 1.00, 0.00, 0.00, 0.00, 0.00, 0.00, 0.00, 1.00, 0.00, 0.00, 0.00, 0.00, 0.00, 0.00, 0.00
8921, 0, 336.334, 0.98, 1, 0.97, 0.27, 0.00, 0.00, 0.00, 0.27, 0.00, 0.07, 0.12, 0.18, 0.03, 0.00, 0.00, 0.00, 0.04, 0.04, 0.24, 0.00, 0.00, 0.00, 1.00, 0.00, 0.00, 0.00, 0.00, 0.00, 0.00, 1.00, 0.00, 0.00, 0.00, 0.00, 0.00, 0.00, 0.00
8922, 0, 336.372, 0.98, 1, 0.82, 0.19, 0.00, 0.00, 0.00, 0.11, 0.00, 0.11, 0.29, 0.28, 0.00, 0.05, 0.00, 0.00, 0.18, 0.04, 0.49, 0.00, 0.00, 0.00, 1.00, 0.00, 0.00, 0.00, 0.00, 0.00, 0.00, 1.00, 0.00, 0.00, 0.00, 0.00, 0.00, 0.00, 0.00
8923, 0, 336.410, 0.98, 1, 0.40, 0.03, 0.00, 0.00, 0.00, 0.11, 0.00, 0.25, 0.55, 0.48, 0.00, 0.05, 0.00, 0.03, 0.36, 0.00, 0.62, 0.00, 0.00, 0.00, 1.00, 0.00, 0.00, 0.00, 0.00, 0.00, 0.00, 1.00, 0.00, 0.00, 0.00, 1.00, 0.00, 0.00, 0.00
8924, 0, 336.447, 0.98, 1, 0.17, 0.01, 0.00, 0.00, 0.00, 0.19, 0.00, 0.31, 0.73, 0.82, 0.00, 0.11, 0.00, 0.04, 0.54, 0.00, 0.79, 0.00, 0.00, 0.00, 1.00, 0.00, 0.00, 0.00, 0.00, 0.00, 0.00, 0.00, 0.00, 0.00, 0.00, 1.00, 1.00, 0.00, 0.00
8925, 0, 336.485, 0.98, 1, 0.00, 0.11, 0.00, 0.00, 0.00, 0.10, 0.00, 0.44, 0.96, 0.71, 0.35, 0.11, 0.00, 0.04, 0.94, 0.00, 0.76, 0.00, 0.00, 0.00, 1.00, 0.00, 0.00, 0.00, 0.00, 0.00, 0.00, 1.00, 0.00, 0.00, 1.00, 1.00, 1.00, 0.00, 0.00
8926, 0, 336.523, 0.98, 1, 0.00, 0.11, 0.00, 0.00, 0.00, 0.10, 0.00, 0.50, 1.07, 0.38, 0.48, 0.25, 0.00, 0.01, 0.99, 0.14, 0.61, 0.00, 0.00, 0.00, 1.00, 0.00, 0.00, 0.00, 0.00, 1.00, 0.00, 1.00, 0.00, 0.00, 1.00, 1.00, 1.00, 0.00, 0.00
8927, 0, 336.560, 0.98, 1, 0.03, 0.11, 0.00, 0.00, 0.00, 0.00, 0.00, 0.75, 1.18, 0.00, 0.74, 0.39, 0.00, 0.00, 1.10, 0.17, 0.41, 0.00, 0.00, 0.00, 1.00, 0.00, 0.00, 0.00, 1.00, 1.00, 0.00, 1.00, 0.00, 0.00, 1.00, 1.00, 1.00, 0.00, 0.00
8928, 0, 336.598, 0.98, 1, 0.16, 0.00, 0.00, 0.00, 0.05, 0.00, 0.00, 0.93, 1.17, 0.10, 0.59, 0.50, 0.00, 0.00, 0.85, 0.25, 0.34, 0.00, 0.00, 0.00, 1.00, 0.00, 0.00, 0.00, 1.00, 1.00, 0.00, 1.00, 0.00, 0.00, 1.00, 1.00, 1.00, 0.00, 0.00
8929, 0, 336.636, 0.98, 1, 0.31, 0.00, 0.00, 0.00, 0.08, 0.00, 0.00, 1.08, 1.19, 0.19, 0.66, 0.47, 0.00, 0.00, 0.86, 0.21, 0.33, 0.00, 0.00, 0.00, 1.00, 0.00, 0.00, 0.00, 1.00, 1.00, 0.00, 0.00, 0.00, 0.00, 1.00, 1.00, 1.00, 0.00, 0.00
8930, 0, 336.674, 0.98, 1, 0.30, 0.02, 0.00, 0.00, 0.16, 0.00, 0.00, 1.07, 1.32, 0.54, 0.53, 0.29, 0.04, 0.00, 1.06, 0.56, 0.26, 0.00, 0.00, 0.00, 1.00, 0.00, 0.00, 0.00, 1.00, 1.00, 0.00, 1.00, 0.00, 0.00, 1.00, 1.00, 1.00, 0.00, 0.00
8931, 0, 336.711, 0.98, 1, 0.22, 0.02, 0.00, 0.00, 0.11, 0.00, 0.00, 1.00, 1.37, 0.87, 0.42, 0.15, 0.04, 0.00, 1.41, 1.00, 0.12, 0.00, 0.00, 0.00, 1.00, 0.00, 0.00, 0.00, 1.00, 1.00, 0.00, 1.00, 0.00, 0.00, 0.00, 1.00, 1.00, 0.00, 0.00
8932, 0, 336.749, 0.98, 1, 0.08, 0.16, 0.00, 0.00, 0.08, 0.00, 0.00, 1.04, 1.51, 1.16, 0.21, 0.19, 0.04, 0.00, 1.73, 1.35, 0.07, 0.00, 0.00, 0.00, 1.00, 0.00, 0.00, 0.00, 1.00, 1.00, 1.00, 0.00, 0.00, 0.00, 0.00, 1.00, 1.00, 0.00, 0.00
8933, 0, 336.787, 0.98, 1, 0.05, 0.14, 0.00, 0.00, 0.00, 0.00, 0.00, 0.95, 1.51, 0.98, 0.08, 0.40, 0.03, 0.00, 1.79, 1.56, 0.20, 0.00, 0.00, 0.00, 1.00, 0.00, 0.00, 0.00, 1.00, 1.00, 1.00, 0.00, 0.00, 0.00, 0.00, 1.00, 1.00, 0.00, 0.00
8934, 0, 336.824, 0.93, 1, 0.00, 0.14, 0.00, 0.04, 0.00, 0.00, 0.00, 0.72, 1.52, 0.72, 0.00, 0.62, 0.03, 0.00, 1.64, 1.51, 0.20, 0.00, 0.00, 0.00, 1.00, 0.00, 0.00, 0.00, 1.00, 1.00, 1.00, 0.00, 0.00, 0.00, 0.00, 1.00, 1.00, 0.00, 1.00
8935, 0, 336.862, 0.93, 1, 0.00, 0.00, 0.00, 0.04, 0.00, 0.00, 0.00, 0.54, 1.50, 0.47, 0.00, 0.62, 0.35, 0.00, 1.61, 1.83, 0.13, 0.00, 0.00, 0.00, 1.00, 0.00, 0.00, 0.00, 1.00, 1.00, 1.00, 1.00, 1.00, 0.00, 0.00, 1.00, 1.00, 0.00, 1.00
8936, 0, 336.900, 0.88, 1, 0.00, 0.00, 0.00, 0.04, 0.02, 0.00, 0.00, 0.53, 1.48, 0.50, 0.00, 0.45, 0.52, 0.00, 1.63, 2.08, 0.00, 0.00, 0.00, 0.00, 1.00, 0.00, 0.00, 0.00, 1.00, 1.00, 1.00, 1.00, 1.00, 0.00, 0.00, 1.00, 1.00, 0.00, 1.00
8937, 0, 336.938, 0.93, 1, 0.00, 0.00, 0.00, 0.00, 0.10, 0.00, 0.00, 0.85, 1.50, 0.50, 0.00, 0.54, 0.79, 0.00, 1.71, 2.39, 0.00, 0.00, 0.00, 0.00, 1.00, 0.00, 0.00, 0.00, 1.00, 1.00, 1.00, 1.00, 1.00, 0.00, 0.00, 1.00, 1.00, 0.00, 1.00
8938, 0, 336.975, 0.88, 1, 0.00, 0.05, 0.00, 0.00, 0.16, 0.00, 0.00, 1.05, 1.47, 0.67, 0.01, 0.70, 0.51, 0.00, 1.62, 2.56, 0.00, 0.00, 0.00, 0.00, 1.00, 0.00, 0.00, 0.00, 1.00, 1.00, 1.00, 1.00, 1.00, 0.00, 0.00, 1.00, 1.00, 0.00, 1.00
8939, 0, 337.013, 0.88, 1, 0.00, 0.05, 0.00, 0.00, 0.23, 0.00, 0.00, 1.30, 1.47, 0.82, 0.30, 1.11, 0.30, 0.00, 1.61, 2.68, 0.00, 0.00, 0.00, 0.00, 1.00, 0.00, 0.00, 0.00, 1.00, 1.00, 1.00, 1.00, 1.00, 0.00, 0.00, 1.00, 1.00, 0.00, 1.00
8940, 0, 337.051, 0.88, 1, 0.04, 0.05, 0.00, 0.00, 0.20, 0.00, 0.00, 1.15, 1.47, 0.92, 0.32, 1.07, 0.04, 0.00, 1.47, 2.63, 0.00, 0.00, 0.00, 0.00, 1.00, 0.00, 0.00, 0.00, 1.00, 1.00, 1.00, 1.00, 1.00, 0.00, 0.00, 1.00, 1.00, 0.00, 1.00
8941, 0, 337.088, 0.93, 1, 0.11, 0.00, 0.00, 0.00, 0.15, 0.00, 0.00, 0.96, 1.43, 0.79, 0.32, 1.02, 0.00, 0.00, 1.35, 2.40, 0.00, 0.00, 0.00, 0.00, 1.00, 0.00, 0.00, 0.00, 0.00, 1.00, 1.00, 0.00, 1.00, 0.00, 0.00, 1.00, 1.00, 0.00, 1.00
8942, 0, 337.126, 0.88, 1, 0.11, 0.00, 0.00, 0.00, 0.12, 0.00, 0.00, 0.51, 1.31, 0.72, 0.02, 0.71, 0.04, 0.00, 0.96, 2.12, 0.00, 0.00, 0.00, 0.00, 1.00, 0.00, 0.00, 0.00, 0.00, 1.00, 1.00, 0.00, 1.00, 0.00, 0.00, 1.00, 1.00, 0.00, 1.00
8943, 0, 337.164, 0.98, 1, 0.10, 0.00, 0.00, 0.00, 0.09, 0.00, 0.00, 0.30, 1.19, 0.63, 0.00, 0.61, 0.27, 0.00, 0.62, 1.92, 0.00, 0.00, 0.00, 0.00, 1.00, 0.00, 0.00, 0.00, 0.00, 1.00, 1.00, 0.00, 1.00, 0.00, 0.00, 1.00, 1.00, 0.00, 1.00
8944, 0, 337.201, 0.98, 1, 0.14, 0.00, 0.00, 0.00, 0.07, 0.00, 0.00, 0.11, 1.11, 0.46, 0.00, 0.49, 0.33, 0.00, 0.24, 1.60, 0.00, 0.00, 0.00, 0.00, 1.00, 0.00, 0.00, 0.00, 0.00, 1.00, 1.00, 0.00, 1.00, 0.00, 0.00, 0.00, 0.00, 0.00, 1.00
8945, 0, 337.239, 0.88, 1, 0.23, 0.00, 0.00, 0.00, 0.00, 0.00, 0.00, 0.08, 1.17, 0.18, 0.00, 0.34, 0.37, 0.00, 0.08, 1.24, 0.18, 0.00, 0.00, 0.00, 1.00, 0.00, 0.00, 0.00, 0.00, 1.00, 0.00, 0.00, 1.00, 0.00, 0.00, 0.00, 0.00, 0.00, 1.00
8946, 0, 337.277, 0.88, 1, 0.41, 0.28, 0.00, 0.00, 0.00, 0.01, 0.00, 0.08, 1.16, 0.22, 0.00, 0.18, 0.13, 0.00, 0.03, 1.11, 0.31, 0.00, 0.00, 0.00, 1.00, 0.00, 0.00, 0.00, 0.00, 1.00, 1.00, 1.00, 1.00, 0.00, 0.00, 0.00, 0.00, 0.00, 1.00
8947, 0, 337.315, 0.88, 1, 0.48, 0.56, 0.00, 0.00, 0.00, 0.01, 0.00, 0.11, 1.14, 0.41, 0.00, 0.07, 0.08, 0.00, 0.08, 1.17, 0.43, 0.00, 0.00, 0.00, 1.00, 0.00, 0.00, 0.00, 0.00, 1.00, 0.00, 1.00, 1.00, 0.00, 0.00, 0.00, 0.00, 0.00, 1.00
8948, 0, 337.352, 0.88, 1, 0.42, 0.56, 0.00, 0.00, 0.00, 0.01, 0.00, 0.11, 1.01, 0.55, 0.00, 0.16, 0.00, 0.00, 0.10, 1.43, 0.42, 0.00, 0.00, 0.00, 1.00, 0.00, 0.00, 0.00, 0.00, 1.00, 0.00, 1.00, 1.00, 0.00, 1.00, 0.00, 0.00, 0.00, 1.00
8949, 0, 337.390, 0.88, 1, 0.21, 0.28, 0.00, 0.00, 0.00, 0.00, 0.00, 0.06, 0.97, 0.34, 0.00, 0.38, 0.00, 0.08, 0.13, 1.78, 0.40, 0.00, 0.00, 0.00, 1.00, 0.00, 0.00, 0.00, 0.00, 1.00, 0.00, 1.00, 1.00, 0.00, 1.00, 0.00, 0.00, 0.00, 1.00
8950, 0, 337.428, 0.88, 1, 0.04, 0.00, 0.00, 0.00, 0.00, 0.00, 0.00, 0.01, 1.02, 0.14, 0.00, 0.60, 0.00, 0.11, 0.37, 1.61, 0.48, 0.00, 0.00, 0.00, 1.00, 0.00, 0.00, 0.00, 0.00, 1.00, 0.00, 1.00, 1.00, 0.00, 1.00, 0.00, 1.00, 0.00, 1.00
8951, 0, 337.465, 0.88, 1, 0.00, 0.00, 0.00, 0.00, 0.00, 0.06, 0.00, 0.01, 1.02, 0.10, 0.08, 0.70, 0.05, 0.18, 0.68, 1.49, 0.47, 0.00, 0.00, 0.00, 1.00, 0.00, 0.00, 0.00, 0.00, 1.00, 0.00, 1.00, 1.00, 0.00, 1.00, 1.00, 1.00, 0.00, 1.00
8952, 0, 337.503, 0.93, 1, 0.00, 0.00, 0.00, 0.00, 0.00, 0.06, 0.00, 0.01, 1.06, 0.10, 0.22, 0.85, 0.09, 0.25, 0.97, 1.21, 0.61, 0.00, 0.00, 0.00, 1.00, 0.00, 0.00, 0.00, 0.00, 1.00, 0.00, 1.00, 1.00, 0.00, 0.00, 1.00, 1.00, 0.00, 1.00
8953, 0, 337.541, 0.98, 1, 0.00, 0.00, 0.00, 0.00, 0.00, 0.06, 0.00, 0.02, 1.00, 0.10, 0.39, 0.99, 0.14, 0.39, 0.94, 1.49, 0.53, 0.00, 0.00, 0.00, 1.00, 0.00, 0.00, 0.00, 0.00, 1.00, 0.00, 1.00, 1.00, 0.00, 0.00, 1.00, 1.00, 0.00, 1.00
8954, 0, 337.579, 0.98, 1, 0.00, 0.00, 0.00, 0.00, 0.00, 0.13, 0.00, 0.07, 0.95, 0.08, 0.31, 1.05, 0.26, 0.47, 0.96, 1.61, 0.37, 0.00, 0.00, 0.00, 1.00, 0.00, 0.00, 0.00, 0.00, 1.00, 0.00, 1.00, 1.00, 0.00, 0.00, 1.00, 1.00, 0.00, 1.00
8955, 0, 337.616, 0.93, 1, 0.00, 0.00, 0.00, 0.00, 0.25, 0.28, 0.00, 0.13, 1.02, 0.08, 0.17, 1.05, 0.22, 0.55, 0.90, 1.84, 0.13, 0.00, 0.00, 0.00, 1.00, 0.00, 0.00, 0.00, 0.00, 1.00, 0.00, 1.00, 1.00, 0.00, 0.00, 1.00, 1.00, 0.00, 1.00
8956, 0, 337.654, 0.93, 1, 0.00, 0.00, 0.00, 0.00, 0.36, 0.37, 0.00, 0.30, 1.15, 0.22, 0.00, 1.15, 0.17, 0.61, 0.88, 2.08, 0.00, 0.00, 0.00, 0.00, 1.00, 0.00, 0.00, 0.00, 1.00, 1.00, 0.00, 1.00, 1.00, 0.00, 0.00, 1.00, 1.00, 0.00, 1.00
8957, 0, 337.692, 0.88, 1, 0.00, 0.00, 0.00, 0.00, 0.57, 0.62, 0.00, 0.65, 1.43, 0.31, 0.04, 1.42, 0.01, 0.58, 0.96, 2.31, 0.00, 0.00, 0.00, 0.00, 1.00, 1.00, 0.00, 0.00, 1.00, 1.00, 0.00, 1.00, 1.00, 0.00, 0.00, 0.00, 1.00, 0.00, 1.00
8958, 0, 337.729, 0.98, 1, 0.00, 0.00, 0.00, 0.00, 0.70, 0.89, 0.00, 1.04, 1.67, 0.41, 0.14, 1.86, 0.17, 0.42, 1.02, 2.39, 0.00, 0.00, 0.00, 0.00, 1.00, 1.00, 0.00, 0.00, 1.00, 1.00, 0.00, 1.00, 1.00, 0.00, 0.00, 0.00, 1.00, 0.00, 1.00
8959, 0, 337.767, 0.93, 1, 0.00, 0.00, 0.00, 0.00, 0.93, 1.12, 0.00, 1.28, 1.87, 0.38, 0.14, 2.23, 0.26, 0.27, 1.07, 2.47, 0.00, 0.00, 0.00, 0.00, 1.00, 1.00, 0.00, 0.00, 1.00, 1.00, 0.00, 1.00, 1.00, 0.00, 0.00, 0.00, 1.00, 0.00, 1.00
8960, 0, 337.805, 0.93, 1, 0.00, 0.00, 0.00, 0.00, 1.02, 0.92, 0.00, 1.29, 2.01, 0.57, 0.10, 2.30, 0.31, 0.33, 1.07, 2.54, 0.00, 0.00, 0.00, 0.00, 1.00, 1.00, 0.00, 0.00, 1.00, 1.00, 0.00, 1.00, 1.00, 0.00, 0.00, 0.00, 1.00, 0.00, 1.00
8961, 0, 337.842, 0.98, 1, 0.00, 0.00, 0.00, 0.00, 0.99, 0.69, 0.00, 1.21, 2.01, 0.75, 0.00, 2.00, 0.25, 0.39, 1.11, 2.77, 0.00, 0.00, 0.00, 0.00, 1.00, 1.00, 0.00, 0.00, 1.00, 1.00, 0.00, 1.00, 1.00, 0.00, 0.00, 0.00, 1.00, 0.00, 1.00
8962, 0, 337.880, 0.93, 1, 0.00, 0.00, 0.08, 0.00, 0.99, 0.57, 0.00, 1.06, 2.00, 1.11, 0.00, 1.92, 0.26, 0.48, 1.04, 2.96, 0.00, 0.00, 0.00, 0.00, 1.00, 1.00, 0.00, 0.00, 1.00, 1.00, 0.00, 1.00, 1.00, 0.00, 0.00, 0.00, 1.00, 0.00, 1.00
8963, 0, 337.918, 0.98, 1, 0.00, 0.00, 0.14, 0.00, 0.96, 0.39, 0.00, 0.81, 2.02, 1.23, 0.00, 2.03, 0.47, 0.44, 0.79, 3.01, 0.00, 0.00, 0.00, 0.00, 1.00, 1.00, 0.00, 0.00, 1.00, 1.00, 0.00, 1.00, 1.00, 0.00, 0.00, 0.00, 1.00, 0.00, 1.00
8964, 0, 337.956, 0.93, 1, 0.00, 0.00, 0.14, 0.00, 0.90, 0.51, 0.00, 0.83, 2.03, 1.41, 0.08, 2.15, 0.67, 0.43, 0.64, 2.97, 0.00, 0.00, 0.00, 0.00, 1.00, 1.00, 0.00, 0.00, 1.00, 1.00, 0.00, 1.00, 1.00, 0.00, 0.00, 0.00, 1.00, 0.00, 1.00
8965, 0, 337.993, 0.93, 1, 0.00, 0.00, 0.06, 0.00, 0.85, 0.76, 0.00, 0.91, 1.98, 1.26, 0.08, 1.91, 0.83, 0.31, 0.85, 2.98, 0.23, 0.00, 0.00, 0.00, 1.00, 1.00, 0.00, 0.00, 1.00, 1.00, 0.00, 1.00, 1.00, 0.00, 0.00, 0.00, 1.00, 0.00, 1.00
8966, 0, 338.031, 0.93, 1, 0.00, 0.00, 0.00, 0.00, 0.74, 0.97, 0.00, 1.20, 1.89, 1.15, 0.35, 2.05, 0.86, 0.25, 0.93, 3.16, 0.23, 0.00, 0.00, 0.00, 1.00, 1.00, 0.00, 0.00, 1.00, 1.00, 0.00, 1.00, 1.00, 0.00, 0.00, 0.00, 1.00, 0.00, 1.00
8967, 0, 338.069, 0.93, 1, 0.00, 0.00, 0.00, 0.00, 0.53, 0.82, 0.00, 1.07, 1.85, 0.93, 0.36, 2.04, 0.81, 0.19, 1.11, 3.30, 0.23, 0.00, 0.00, 0.00, 1.00, 1.00, 0.00, 0.00, 1.00, 1.00, 0.00, 1.00, 1.00, 0.00, 0.00, 0.00, 1.00, 0.00, 1.00
8968, 0, 338.106, 0.88, 1, 0.00, 0.00, 0.00, 0.00, 0.34, 0.38, 0.00, 1.09, 1.93, 0.89, 0.55, 2.17, 0.71, 0.24, 1.15, 3.42, 0.00, 0.00, 0.00, 0.00, 1.00, 0.00, 0.00, 0.00, 1.00, 1.00, 0.00, 1.00, 1.00, 0.00, 0.00, 0.00, 1.00, 0.00, 1.00
8969, 0, 338.144, 0.88, 1, 0.00, 0.00, 0.00, 0.00, 0.32, 0.17, 0.00, 1.05, 1.90, 0.61, 0.63, 2.12, 0.64, 0.18, 1.53, 3.24, 0.00, 0.00, 0.00, 0.00, 1.00, 0.00, 0.00, 0.00, 1.00, 1.00, 0.00, 1.00, 1.00, 0.00, 0.00, 1.00, 1.00, 0.00, 1.00
8970, 0, 338.182, 0.93, 1, 0.00, 0.00, 0.00, 0.00, 0.40, 0.00, 0.00, 1.28, 1.97, 0.68, 0.83, 1.89, 0.59, 0.15, 1.64, 2.95, 0.00, 0.00, 0.00, 0.00, 1.00, 0.00, 0.00, 0.00, 1.00, 1.00, 0.00, 1.00, 1.00, 0.00, 0.00, 1.00, 1.00, 0.00, 0.00
8971, 0, 338.220, 0.93, 1, 0.00, 0.00, 0.00, 0.00, 0.43, 0.00, 0.00, 1.36, 2.02, 0.72, 0.97, 1.73, 0.58, 0.09, 1.66, 2.61, 0.00, 0.00, 0.00, 0.00, 1.00, 0.00, 0.00, 0.00, 1.00, 1.00, 0.00, 1.00, 0.00, 0.00, 0.00, 1.00, 1.00, 0.00, 0.00
8972, 0, 338.257, 0.93, 1, 0.00, 0.00, 0.00, 0.00, 0.50, 0.00, 0.00, 1.44, 2.20, 0.63, 0.63, 1.25, 0.71, 0.06, 1.57, 2.43, 0.00, 0.00, 0.00, 0.00, 1.00, 0.00, 0.00, 0.00, 1.00, 1.00, 0.00, 1.00, 0.00, 0.00, 0.00, 1.00, 1.00, 0.00, 0.00
8973, 0, 338.295, 0.98, 1, 0.00, 0.00, 0.00, 0.00, 0.53, 0.00, 0.00, 1.32, 2.22, 0.33, 0.37, 1.07, 0.71, 0.03, 1.62, 2.35, 0.00, 0.00, 0.00, 0.00, 1.00, 0.00, 0.00, 0.00, 1.00, 1.00, 0.00, 1.00, 0.00, 0.00, 0.00, 1.00, 1.00, 0.00, 0.00
8974, 0, 338.333, 0.98, 1, 0.00, 0.00, 0.00, 0.00, 0.62, 0.21, 0.00, 1.36, 2.20, 0.00, 0.05, 0.92, 0.72, 0.00, 1.60, 2.11, 0.00, 0.00, 0.00, 0.00, 1.00, 0.00, 0.00, 0.00, 1.00, 1.00, 0.00, 1.00, 0.00, 0.00, 0.00, 1.00, 1.00, 0.00, 0.00
8975, 0, 338.370, 0.98, 1, 0.00, 0.00, 0.00, 0.00, 0.64, 0.28, 0.00, 1.19, 2.15, 0.09, 0.05, 0.82, 0.45, 0.07, 1.75, 1.91, 0.00, 0.00, 0.00, 0.00, 1.00, 0.00, 0.00, 0.00, 1.00, 1.00, 0.00, 1.00, 0.00, 0.00, 0.00, 1.00, 1.00, 0.00, 0.00
8976, 0, 338.408, 0.98, 1, 0.00, 0.00, 0.00, 0.00, 0.75, 0.49, 0.00, 1.14, 2.08, 0.34, 0.00, 0.70, 0.56, 0.07, 1.92, 1.78, 0.00, 0.00, 0.00, 0.00, 1.00, 1.00, 0.00, 0.00, 1.00, 1.00, 0.00, 0.00, 0.00, 0.00, 0.00, 1.00, 1.00, 0.00, 1.00
8977, 0, 338.446, 0.98, 1, 0.00, 0.00, 0.00, 0.00, 0.81, 0.51, 0.00, 0.98, 2.04, 0.59, 0.00, 0.42, 0.77, 0.07, 2.25, 1.73, 0.00, 0.00, 0.00, 0.00, 1.00, 1.00, 0.00, 0.00, 1.00, 1.00, 0.00, 0.00, 0.00, 0.00, 0.00, 1.00, 1.00, 0.00, 1.00
8978, 0, 338.483, 0.98, 1, 0.00, 0.00, 0.00, 0.00, 0.82, 0.53, 0.00, 0.90, 1.95, 0.93, 0.00, 0.28, 0.95, 0.00, 2.18, 1.71, 0.00, 0.00, 0.00, 0.00, 1.00, 1.00, 0.00, 0.00, 1.00, 1.00, 0.00, 0.00, 0.00, 0.00, 0.00, 1.00, 1.00, 0.00, 1.00
8979, 0, 338.521, 0.98, 1, 0.00, 0.00, 0.00, 0.00, 0.77, 0.67, 0.00, 0.87, 1.89, 1.03, 0.00, 0.27, 0.77, 0.00, 2.15, 1.59, 0.02, 0.00, 0.00, 0.00, 1.00, 1.00, 0.00, 0.00, 1.00, 1.00, 0.00, 0.00, 0.00, 0.00, 0.00, 1.00, 1.00, 0.00, 1.00
8980, 0, 338.559, 0.93, 1, 0.00, 0.00, 0.00, 0.02, 0.67, 0.44, 0.00, 0.70, 1.78, 0.94, 0.00, 0.42, 0.73, 0.00, 1.66, 1.44, 0.02, 0.00, 0.00, 0.00, 1.00, 1.00, 0.00, 0.00, 1.00, 1.00, 1.00, 0.00, 0.00, 0.00, 0.00, 1.00, 1.00, 0.00, 1.00
8981, 0, 338.597, 0.98, 1, 0.00, 0.00, 0.00, 0.02, 0.64, 0.38, 0.00, 0.78, 1.76, 0.86, 0.00, 0.50, 0.73, 0.00, 1.50, 1.42, 0.02, 0.00, 0.00, 0.00, 1.00, 1.00, 0.00, 0.00, 1.00, 1.00, 1.00, 0.00, 0.00, 0.00, 0.00, 1.00, 0.00, 0.00, 1.00
8982, 0, 338.634, 0.98, 1, 0.00, 0.00, 0.00, 0.02, 0.50, 0.04, 0.00, 0.69, 1.73, 0.78, 0.07, 0.54, 0.97, 0.00, 1.28, 1.49, 0.00, 0.00, 0.00, 0.00, 1.00, 0.00, 0.00, 0.00, 1.00, 1.00, 1.00, 0.00, 0.00, 0.00, 0.00, 1.00, 0.00, 0.00, 1.00
8983, 0, 338.672, 0.93, 1, 0.00, 0.00, 0.00, 0.00, 0.42, 0.04, 0.00, 0.62, 1.70, 0.81, 0.21, 0.58, 0.80, 0.02, 1.47, 1.33, 0.00, 0.00, 0.00, 0.00, 1.00, 0.00, 0.00, 0.00, 1.00, 1.00, 0.00, 0.00, 1.00, 0.00, 0.00, 1.00, 0.00, 0.00, 1.00
8984, 0, 338.710, 0.98, 1, 0.00, 0.00, 0.00, 0.00, 0.32, 0.00, 0.00, 0.56, 1.65, 0.74, 0.32, 0.66, 0.74, 0.02, 1.55, 1.19, 0.00, 0.00, 0.00, 0.00, 1.00, 0.00, 0.00, 0.00, 1.00, 1.00, 0.00, 0.00, 1.00, 0.00, 0.00, 1.00, 0.00, 0.00, 1.00
8985, 0, 338.747, 0.98, 1, 0.00, 0.00, 0.00, 0.00, 0.36, 0.01, 0.00, 0.59, 1.57, 0.58, 0.40, 0.80, 0.43, 0.04, 1.38, 0.86, 0.00, 0.00, 0.00, 0.00, 1.00, 0.00, 0.00, 0.00, 1.00, 1.00, 0.00, 0.00, 1.00, 0.00, 0.00, 1.00, 0.00, 0.00, 1.00
8986, 0, 338.785, 0.98, 1, 0.00, 0.00, 0.00, 0.19, 0.38, 0.01, 0.00, 0.70, 1.54, 0.54, 0.55, 0.92, 0.29, 0.02, 1.31, 1.02, 0.00, 0.00, 0.00, 0.00, 1.00, 0.00, 0.00, 0.00, 1.00, 1.00, 0.00, 1.00, 1.00, 0.00, 0.00, 1.00, 0.00, 0.00, 1.00
8987, 0, 338.823, 0.98, 1, 0.00, 0.00, 0.05, 0.20, 0.51, 0.01, 0.00, 0.89, 1.65, 0.50, 1.00, 1.01, 0.19, 0.02, 1.33, 0.97, 0.00, 0.00, 0.00, 0.00, 1.00, 0.00, 0.00, 0.00, 1.00, 1.00, 0.00, 1.00, 1.00, 0.00, 0.00, 1.00, 0.00, 0.00, 1.00
8988, 0, 338.861, 0.88, 1, 0.00, 0.00, 0.05, 0.20, 0.57, 0.00, 0.00, 1.13, 1.82, 0.74, 1.10, 1.13, 0.11, 0.00, 1.41, 1.38, 0.00, 0.00, 0.00, 0.00, 1.00, 0.00, 0.00, 0.00, 1.00, 1.00, 0.00, 1.00, 1.00, 0.00, 0.00, 1.00, 1.00, 0.00, 1.00
8989, 0, 338.898, 0.98, 1, 0.00, 0.00, 0.05, 0.01, 0.74, 0.00, 0.00, 1.28, 1.97, 0.87, 1.09, 1.30, 0.18, 0.01, 1.28, 1.65, 0.00, 0.00, 0.00, 0.00, 1.00, 1.00, 0.00, 0.00, 1.00, 1.00, 0.00, 1.00, 1.00, 0.00, 0.00, 1.00, 1.00, 0.00, 0.00
8990, 0, 338.936, 0.98, 1, 0.00, 0.00, 0.00, 0.00, 0.84, 0.13, 0.00, 1.27, 1.87, 0.83, 0.52, 1.26, 0.11, 0.01, 1.19, 1.92, 0.00, 0.00, 0.00, 0.00, 1.00, 1.00, 0.00, 0.00, 1.00, 1.00, 0.00, 1.00, 1.00, 0.00, 0.00, 1.00, 1.00, 0.00, 0.00
8991, 0, 338.974, 0.98, 1, 0.00, 0.00, 0.00, 0.00, 0.91, 0.27, 0.00, 0.88, 1.66, 0.47, 0.43, 0.99, 0.12, 0.06, 1.13, 2.08, 0.00, 0.00, 0.00, 0.00, 1.00, 1.00, 0.00, 0.00, 1.00, 1.00, 0.00, 1.00, 0.00, 0.00, 0.00, 1.00, 1.00, 0.00, 0.00
8992, 0, 339.011, 0.98, 1, 0.00, 0.00, 0.00, 0.00, 0.87, 0.41, 0.00, 0.64, 1.45, 0.21, 0.45, 0.66, 0.17, 0.06, 1.12, 2.02, 0.00, 0.00, 0.00, 0.00, 1.00, 1.00, 0.00, 0.00, 1.00, 1.00, 0.00, 0.00, 0.00, 0.00, 0.00, 1.00, 1.00, 0.00, 0.00
8993, 0, 339.049, 0.88, 1, 0.00, 0.00, 0.00, 0.06, 0.81, 0.37, 0.00, 0.56, 1.45, 0.01, 0.58, 0.55, 0.14, 0.06, 1.29, 2.18, 0.00, 0.00, 0.00, 0.00, 1.00, 1.00, 0.00, 0.00, 1.00, 1.00, 0.00, 0.00, 0.00, 0.00, 0.00, 1.00, 1.00, 0.00, 0.00
8994, 0, 339.087, 0.98, 1, 0.00, 0.00, 0.00, 0.17, 0.86, 0.47, 0.00, 0.88, 1.53, 0.01, 0.59, 0.63, 0.12, 0.01, 1.56, 1.99, 0.00, 0.00, 0.00, 0.00, 1.00, 1.00, 0.00, 0.00, 1.00, 1.00, 0.00, 0.00, 0.00, 0.00, 0.00, 1.00, 1.00, 0.00, 0.00
8995, 0, 339.124, 0.98, 1, 0.00, 0.00, 0.00, 0.17, 0.74, 0.33, 0.00, 0.88, 1.71, 0.26, 0.30, 0.74, 0.25, 0.13, 1.53, 1.71, 0.00, 0.00, 0.00, 0.00, 1.00, 1.00, 0.00, 0.00, 1.00, 1.00, 0.00, 0.00, 0.00, 0.00, 0.00, 1.00, 1.00, 0.00, 0.00
8996, 0, 339.162, 0.98, 1, 0.00, 0.00, 0.00, 0.27, 0.50, 0.24, 0.00, 0.68, 1.69, 0.38, 0.17, 0.73, 0.54, 0.13, 1.23, 1.22, 0.00, 0.00, 0.00, 0.00, 1.00, 0.00, 0.00, 0.00, 1.00, 1.00, 0.00, 1.00, 1.00, 0.00, 0.00, 1.00, 0.00, 0.00, 0.00
8997, 0, 339.200, 0.98, 1, 0.00, 0.00, 0.00, 0.31, 0.24, 0.06, 0.00, 0.41, 1.66, 0.57, 0.45, 0.71, 0.83, 0.14, 1.02, 0.89, 0.00, 0.00, 0.00, 0.00, 1.00, 0.00, 0.00, 0.00, 1.00, 1.00, 0.00, 1.00, 1.00, 0.00, 0.00, 1.00, 0.00, 0.00, 0.00
8998, 0, 339.238, 0.98, 1, 0.00, 0.00, 0.00, 0.37, 0.12, 0.06, 0.00, 0.41, 1.44, 0.40, 0.94, 0.71, 0.94, 0.02, 1.18, 0.97, 0.00, 0.00, 0.00, 0.00, 1.00, 0.00, 0.00, 0.00, 1.00, 1.00, 0.00, 1.00, 1.00, 0.00, 0.00, 1.00, 0.00, 0.00, 0.00
8999, 0, 339.275, 0.98, 1, 0.00, 0.00, 0.00, 0.21, 0.08, 0.06, 0.00, 0.50, 1.27, 0.27, 1.18, 0.83, 1.11, 0.02, 1.31, 1.19, 0.01, 0.00, 0.00, 0.00, 1.00, 0.00, 0.00, 0.00, 1.00, 1.00, 0.00, 1.00, 1.00, 0.00, 0.00, 1.00, 0.00, 0.00, 1.00
9000, 0, 339.313, 0.88, 1, 0.07, 0.00, 0.00, 0.09, 0.07, 0.00, 0.00, 0.64, 1.13, 0.15, 1.04, 1.07, 1.18, 0.00, 1.20, 1.21, 0.11, 0.00, 0.00, 0.00, 1.00, 0.00, 0.00, 0.00, 1.00, 1.00, 0.00, 1.00, 1.00, 0.00, 0.00, 1.00, 0.00, 0.00, 1.00
9001, 0, 339.351, 0.88, 1, 0.13, 0.00, 0.00, 0.03, 0.07, 0.00, 0.00, 0.70, 1.08, 0.13, 0.57, 1.14, 1.12, 0.03, 1.02, 0.98, 0.11, 0.00, 0.00, 0.00, 1.00, 0.00, 0.00, 0.00, 1.00, 1.00, 0.00, 1.00, 1.00, 0.00, 0.00, 1.00, 0.00, 0.00, 1.00
9002, 0, 339.388, 0.88, 1, 0.16, 0.00, 0.00, 0.03, 0.10, 0.00, 0.00, 0.70, 1.12, 0.15, 0.49, 1.28, 0.97, 0.12, 0.75, 0.58, 0.09, 0.00, 0.00, 0.00, 1.00, 0.00, 0.00, 0.00, 1.00, 1.00, 0.00, 1.00, 1.00, 0.00, 1.00, 1.00, 0.00, 0.00, 1.00
9003, 0, 339.426, 0.88, 1, 0.10, 0.10, 0.00, 0.00, 0.06, 0.00, 0.00, 0.64, 1.20, 0.17, 0.42, 1.31, 0.64, 0.20, 0.61, 0.47, 0.00, 0.00, 0.00, 0.00, 1.00, 0.00, 0.00, 0.00, 1.00, 1.00, 0.00, 1.00, 1.00, 0.00, 1.00, 1.00, 0.00, 0.00, 1.00
9004, 0, 339.464, 0.88, 1, 0.03, 0.21, 0.00, 0.00, 0.03, 0.00, 0.00, 0.68, 1.30, 0.25, 0.61, 1.40, 0.42, 0.22, 0.61, 0.50, 0.00, 0.00, 0.00, 0.00, 1.00, 0.00, 0.00, 0.00, 1.00, 1.00, 0.00, 1.00, 1.00, 0.00, 1.00, 0.00, 0.00, 0.00, 1.00
9005, 0, 339.502, 0.88, 1, 0.00, 0.21, 0.00, 0.07, 0.00, 0.00, 0.00, 0.45, 1.29, 0.37, 0.56, 1.27, 0.11, 0.34, 0.58, 0.76, 0.00, 0.00, 0.00, 0.00, 1.00, 0.00, 0.00, 0.00, 1.00, 1.00, 0.00, 1.00, 1.00, 0.00, 1.00, 0.00, 0.00, 0.00, 1.00
9006, 0, 339.539, 0.98, 1, 0.00, 0.11, 0.00, 0.07, 0.00, 0.00, 0.00, 0.24, 1.19, 0.28, 0.44, 1.02, 0.08, 0.45, 0.57, 0.92, 0.01, 0.00, 0.00, 0.00, 1.00, 0.00, 0.00, 0.00, 0.00, 1.00, 0.00, 1.00, 1.00, 0.00, 1.00, 0.00, 0.00, 0.00, 1.00
9007, 0, 339.577, 0.98, 1, 0.01, 0.05, 0.00, 0.07, 0.00, 0.00, 0.00, 0.00, 1.01, 0.36, 0.72, 0.79, 0.00, 0.55, 0.54, 0.99, 0.01, 0.00, 0.00, 0.00, 1.00, 0.00, 0.00, 0.00, 0.00, 1.00, 0.00, 1.00, 1.00, 0.00, 0.00, 0.00, 0.00, 0.00, 1.00
9008, 0, 339.615, 0.98, 1, 0.13, 0.05, 0.00, 0.00, 0.00, 0.00, 0.00, 0.00, 0.86, 0.22, 0.80, 0.81, 0.00, 0.44, 0.45, 1.00, 0.03, 0.00, 0.00, 0.00, 1.00, 0.00, 0.00, 0.00, 0.00, 1.00, 0.00, 1.00, 1.00, 0.00, 0.00, 0.00, 0.00, 0.00, 0.00
9009, 0, 339.652, 0.98, 1, 0.13, 0.05, 0.00, 0.00, 0.00, 0.00, 0.00, 0.00, 0.74, 0.22, 1.18, 0.82, 0.00, 0.32, 0.44, 1.01, 0.02, 0.00, 0.00, 0.00, 1.00, 0.00, 0.00, 0.00, 0.00, 1.00, 0.00, 1.00, 1.00, 0.00, 0.00, 0.00, 0.00, 0.00, 0.00
9010, 0, 339.690, 0.98, 1, 0.24, 0.00, 0.00, 0.00, 0.00, 0.07, 0.00, 0.01, 0.58, 0.00, 0.84, 0.78, 0.00, 0.17, 0.42, 0.91, 0.02, 0.00, 0.00, 0.00, 1.00, 0.00, 0.00, 0.00, 0.00, 1.00, 0.00, 1.00, 1.00, 0.00, 0.00, 0.00, 0.00, 0.00, 0.00
9011, 0, 339.728, 0.98, 1, 0.15, 0.00, 0.00, 0.00, 0.00, 0.26, 0.00, 0.01, 0.45, 0.00, 0.77, 0.44, 0.00, 0.06, 0.44, 0.89, 0.00, 0.00, 0.00, 0.00, 1.00, 0.00, 0.00, 0.00, 0.00, 1.00, 0.00, 1.00, 1.00, 0.00, 0.00, 0.00, 0.00, 0.00, 0.00
9012, 0, 339.765, 0.98, 1, 0.27, 0.00, 0.00, 0.00, 0.00, 0.32, 0.00, 0.02, 0.39, 0.00, 0.32, 0.23, 0.00, 0.00, 0.44, 0.78, 0.01, 0.00, 0.00, 0.00, 1.00, 0.00, 0.00, 0.00, 0.00, 1.00, 0.00, 1.00, 1.00, 0.00, 0.00, 0.00, 0.00, 0.00, 0.00
9013, 0, 339.803, 0.93, 1, 0.31, 0.00, 0.00, 0.00, 0.00, 0.25, 0.03, 0.09, 0.56, 0.00, 0.19, 0.07, 0.00, 0.00, 0.35, 0.81, 0.04, 0.00, 0.00, 0.00, 1.00, 0.00, 0.00, 0.00, 0.00, 1.00, 0.00, 1.00, 0.00, 0.00, 0.00, 0.00, 0.00, 0.00, 0.00
9014, 0, 339.841, 0.88, 1, 0.41, 0.00, 0.00, 0.00, 0.00, 0.06, 0.08, 0.09, 0.74, 0.00, 0.04, 0.28, 0.10, 0.00, 0.65, 0.82, 0.10, 0.00, 0.00, 0.00, 1.00, 0.00, 0.00, 0.00, 0.00, 1.00, 0.00, 1.00, 0.00, 0.00, 0.00, 0.00, 0.00, 0.00, 1.00
9015, 0, 339.879, 0.88, 1, 0.50, 0.02, 0.00, 0.00, 0.00, 0.00, 0.08, 0.08, 0.88, 0.03, 0.01, 0.24, 0.10, 0.00, 0.94, 0.56, 0.46, 0.00, 0.00, 0.00, 1.00, 0.00, 0.00, 0.00, 0.00, 1.00, 0.00, 1.00, 0.00, 0.00, 0.00, 1.00, 0.00, 0.00, 1.00
9016, 0, 339.916, 0.88, 1, 0.56, 0.02, 0.00, 0.00, 0.00, 0.00, 0.04, 0.00, 0.90, 0.07, 0.01, 0.21, 0.10, 0.00, 1.23, 0.33, 0.73, 0.00, 0.00, 0.00, 1.00, 0.00, 0.00, 0.00, 0.00, 1.00, 0.00, 0.00, 0.00, 0.00, 0.00, 1.00, 0.00, 0.00, 1.00
9017, 0, 339.954, 0.93, 1, 0.55, 0.03, 0.00, 0.00, 0.03, 0.00, 0.00, 0.00, 0.99, 0.18, 0.00, 0.00, 0.00, 0.00, 1.18, 0.23, 0.91, 0.00, 0.00, 0.00, 1.00, 0.00, 0.00, 0.00, 0.00, 1.00, 0.00, 0.00, 0.00, 0.00, 0.00, 1.00, 0.00, 0.00, 1.00
9018, 0, 339.992, 0.93, 1, 0.49, 0.08, 0.00, 0.00, 0.03, 0.00, 0.00, 0.00, 0.95, 0.28, 0.24, 0.00, 0.09, 0.00, 0.99, 0.37, 0.91, 0.00, 0.00, 0.00, 1.00, 0.00, 0.00, 0.00, 0.00, 1.00, 0.00, 0.00, 0.00, 0.00, 0.00, 1.00, 0.00, 0.00, 1.00
9019, 0, 340.029, 0.93, 1, 0.38, 0.15, 0.00, 0.00, 0.03, 0.00, 0.00, 0.00, 0.82, 0.24, 0.67, 0.00, 0.17, 0.00, 0.60, 0.45, 0.79, 0.00, 0.00, 0.00, 1.00, 0.00, 0.00, 0.00, 0.00, 1.00, 0.00, 0.00, 0.00, 0.00, 0.00, 1.00, 0.00, 0.00, 1.00
9020, 0, 340.067, 0.93, 1, 0.40, 0.40, 0.00, 0.10, 0.01, 0.00, 0.03, 0.00, 0.61, 0.24, 0.76, 0.08, 0.17, 0.00, 0.25, 0.42, 0.63, 0.00, 0.00, 0.00, 1.00, 0.00, 0.00, 0.00, 0.00, 1.00, 0.00, 1.00, 0.00, 0.00, 0.00, 0.00, 0.00, 0.00, 1.00
9021, 0, 340.105, 0.88, 1, 0.42, 0.34, 0.04, 0.10, 0.06, 0.17, 0.03, 0.00, 0.54, 0.14, 0.63, 0.17, 0.08, 0.00, 0.02, 0.58, 0.56, 0.00, 0.00, 0.00, 1.00, 0.00, 0.00, 0.00, 0.00, 1.00, 0.00, 1.00, 0.00, 0.00, 0.00, 0.00, 0.00, 0.00, 1.00
9022, 0, 340.143, 0.88, 1, 0.47, 0.26, 0.05, 0.11, 0.10, 0.38, 0.03, 0.00, 0.53, 0.26, 0.25, 0.30, 0.00, 0.00, 0.00, 0.79, 0.71, 0.00, 0.00, 0.00, 1.00, 0.00, 0.00, 0.00, 0.00, 1.00, 0.00, 1.00, 1.00, 0.00, 0.00, 0.00, 0.00, 0.00, 0.00
9023, 0, 340.180, 0.88, 1, 0.44, 0.02, 0.05, 0.14, 0.10, 0.38, 0.00, 0.00, 0.53, 0.21, 0.27, 0.41, 0.00, 0.00, 0.00, 1.02, 0.84, 0.00, 0.00, 0.00, 1.00, 0.00, 0.00, 0.00, 0.00, 1.00, 0.00, 1.00, 1.00, 0.00, 0.00, 0.00, 0.00, 0.00, 0.00
9024, 0, 340.218, 0.88, 1, 0.32, 0.02, 0.01, 0.14, 0.07, 0.21, 0.00, 0.00, 0.46, 0.18, 0.43, 0.55, 0.00, 0.00, 0.00, 1.07, 0.84, 0.00, 0.00, 0.00, 1.00, 0.00, 0.00, 0.00, 0.00, 1.00, 0.00, 1.00, 1.00, 0.00, 0.00, 0.00, 0.00, 0.00, 0.00
9025, 0, 340.256, 0.93, 1, 0.15, 0.11, 0.00, 0.13, 0.03, 0.00, 0.00, 0.00, 0.59, 0.29, 0.38, 0.65, 0.02, 0.08, 0.14, 1.55, 0.71, 0.00, 0.00, 0.00, 1.00, 0.00, 0.00, 0.00, 0.00, 1.00, 1.00, 1.00, 1.00, 0.00, 0.00, 0.00, 0.00, 0.00, 0.00
9026, 0, 340.293, 0.98, 1, 0.05, 0.09, 0.00, 0.00, 0.03, 0.01, 0.00, 0.00, 0.69, 0.45, 0.27, 0.65, 0.02, 0.10, 0.34, 1.80, 0.59, 0.00, 0.00, 0.00, 1.00, 0.00, 0.00, 0.00, 0.00, 1.00, 1.00, 1.00, 1.00, 0.00, 0.00, 0.00, 0.00, 0.00, 1.00
9027, 0, 340.331, 0.98, 1, 0.00, 0.09, 0.00, 0.00, 0.00, 0.01, 0.00, 0.00, 0.89, 0.62, 0.17, 0.61, 0.02, 0.10, 0.64, 2.17, 0.28, 0.00, 0.00, 0.00, 1.00, 0.00, 0.00, 0.00, 0.00, 1.00, 1.00, 1.00, 1.00, 0.00, 0.00, 1.00, 0.00, 0.00, 1.00
9028, 0, 340.369, 0.93, 1, 0.02, 0.00, 0.00, 0.00, 0.00, 0.07, 0.00, 0.00, 0.77, 0.40, 0.39, 0.73, 0.00, 0.13, 0.50, 2.03, 0.12, 0.00, 0.00, 0.00, 1.00, 0.00, 0.00, 0.00, 0.00, 1.00, 0.00, 1.00, 1.00, 0.00, 0.00, 1.00, 0.00, 0.00, 1.00
9029, 0, 340.406, 0.93, 1, 0.11, 0.00, 0.01, 0.00, 0.00, 0.06, 0.00, 0.00, 0.73, 0.23, 0.50, 0.82, 0.00, 0.21, 0.39, 1.83, 0.03, 0.00, 0.00, 0.00, 1.00, 0.00, 0.00, 0.00, 0.00, 1.00, 0.00, 1.00, 1.00, 0.00, 0.00, 1.00, 0.00, 0.00, 1.00
9030, 0, 340.444, 0.98, 1, 0.11, 0.00, 0.01, 0.00, 0.04, 0.06, 0.00, 0.00, 0.68, 0.06, 0.45, 1.04, 0.00, 0.35, 0.13, 1.61, 0.04, 0.00, 0.00, 0.00, 1.00, 0.00, 0.00, 0.00, 0.00, 1.00, 0.00, 1.00, 1.00, 0.00, 0.00, 0.00, 0.00, 0.00, 1.00
9031, 0, 340.482, 0.98, 1, 0.09, 0.00, 0.01, 0.00, 0.09, 0.00, 0.00, 0.00, 0.68, 0.05, 0.23, 0.90, 0.00, 0.29, 0.24, 1.37, 0.10, 0.00, 0.00, 0.00, 1.00, 0.00, 0.00, 0.00, 0.00, 1.00, 0.00, 0.00, 1.00, 0.00, 0.00, 0.00, 0.00, 0.00, 1.00
9032, 0, 340.520, 0.98, 1, 0.00, 0.00, 0.00, 0.00, 0.17, 0.00, 0.00, 0.00, 0.64, 0.00, 0.12, 0.72, 0.00, 0.19, 0.35, 1.16, 0.11, 0.00, 0.00, 0.00, 1.00, 0.00, 0.00, 0.00, 0.00, 1.00, 0.00, 0.00, 1.00, 0.00, 0.00, 0.00, 0.00, 0.00, 1.00
9033, 0, 340.557, 0.98, 1, 0.00, 0.00, 0.00, 0.00, 0.13, 0.00, 0.00, 0.00, 0.54, 0.18, 0.00, 0.52, 0.00, 0.07, 0.34, 0.90, 0.10, 0.00, 0.00, 0.00, 1.00, 0.00, 0.00, 0.00, 0.00, 1.00, 0.00, 0.00, 1.00, 0.00, 0.00, 0.00, 0.00, 0.00, 1.00
9034, 0, 340.595, 0.98, 1, 0.00, 0.00, 0.00, 0.00, 0.08, 0.00, 0.00, 0.00, 0.53, 0.32, 0.00, 0.47, 0.00, 0.03, 0.32, 0.78, 0.05, 0.00, 0.00, 0.00, 1.00, 0.00, 0.00, 0.00, 0.00, 1.00, 0.00, 0.00, 1.00, 0.00, 0.00, 0.00, 0.00, 0.00, 1.00
9035, 0, 340.633, 0.98, 1, 0.00, 0.00, 0.00, 0.00, 0.00, 0.00, 0.00, 0.00, 0.62, 0.32, 0.00, 0.47, 0.00, 0.03, 0.15, 0.51, 0.04, 0.00, 0.00, 0.00, 1.00, 0.00, 0.00, 0.00, 0.00, 1.00, 0.00, 0.00, 1.00, 0.00, 0.00, 0.00, 0.00, 0.00, 0.00
9036, 0, 340.670, 0.98, 1, 0.00, 0.00, 0.00, 0.00, 0.00, 0.00, 0.00, 0.00, 0.72, 0.15, 0.00, 0.33, 0.00, 0.00, 0.13, 0.32, 0.04, 0.00, 0.00, 0.00, 1.00, 0.00, 0.00, 0.00, 0.00, 1.00, 0.00, 0.00, 0.00, 0.00, 1.00, 0.00, 0.00, 0.00, 0.00
9037, 0, 340.708, 0.98, 1, 0.03, 0.00, 0.00, 0.00, 0.00, 0.00, 0.00, 0.00, 0.81, 0.11, 0.00, 0.34, 0.00, 0.00, 0.04, 0.21, 0.00, 0.00, 0.00, 0.00, 1.00, 0.00, 0.00, 0.00, 0.00, 1.00, 0.00, 0.00, 1.00, 0.00, 1.00, 0.00, 0.00, 0.00, 0.00
9038, 0, 340.746, 0.98, 1, 0.14, 0.00, 0.00, 0.00, 0.00, 0.00, 0.00, 0.00, 0.84, 0.27, 0.00, 0.28, 0.00, 0.00, 0.00, 0.21, 0.03, 0.00, 0.00, 0.00, 1.00, 0.00, 0.00, 0.00, 0.00, 1.00, 0.00, 0.00, 1.00, 0.00, 0.00, 0.00, 0.00, 0.00, 0.00
9039, 0, 340.783, 0.98, 1, 0.25, 0.00, 0.00, 0.00, 0.00, 0.00, 0.00, 0.00, 0.91, 0.52, 0.00, 0.28, 0.00, 0.00, 0.00, 0.17, 0.03, 0.00, 0.00, 0.00, 1.00, 0.00, 0.00, 0.00, 0.00, 1.00, 0.00, 0.00, 1.00, 0.00, 0.00, 0.00, 0.00, 0.00, 0.00
9040, 0, 340.821, 0.98, 1, 0.24, 0.00, 0.00, 0.00, 0.03, 0.00, 0.00, 0.15, 0.99, 0.42, 0.00, 0.33, 0.00, 0.02, 0.16, 0.00, 0.03, 0.00, 0.00, 0.00, 1.00, 0.00, 0.00, 0.00, 0.00, 1.00, 0.00, 0.00, 1.00, 0.00, 0.00, 0.00, 0.00, 0.00, 0.00
9041, 0, 340.859, 0.98, 1, 0.12, 0.00, 0.00, 0.00, 0.03, 0.00, 0.00, 0.25, 0.98, 0.26, 0.00, 0.51, 0.00, 0.03, 0.31, 0.00, 0.00, 0.00, 0.00, 0.00, 1.00, 0.00, 0.00, 0.00, 0.00, 1.00, 0.00, 0.00, 1.00, 0.00, 0.00, 0.00, 0.00, 0.00, 0.00
9042, 0, 340.897, 0.98, 1, 0.02, 0.00, 0.00, 0.00, 0.03, 0.00, 0.00, 0.41, 0.97, 0.09, 0.00, 0.69, 0.00, 0.03, 0.31, 0.00, 0.00, 0.00, 0.00, 0.00, 1.00, 0.00, 0.00, 0.00, 0.00, 1.00, 0.00, 0.00, 1.00, 0.00, 0.00, 0.00, 0.00, 0.00, 0.00
9043, 0, 340.934, 0.98, 1, 0.00, 0.00, 0.00, 0.00, 0.00, 0.00, 0.00, 0.40, 0.89, 0.12, 0.00, 0.62, 0.00, 0.02, 0.14, 0.00, 0.11, 0.00, 0.00, 0.00, 1.00, 0.00, 0.00, 0.00, 0.00, 1.00, 0.00, 1.00, 1.00, 0.00, 0.00, 0.00, 0.00, 0.00, 1.00
9044, 0, 340.972, 0.98, 1, 0.00, 0.00, 0.00, 0.00, 0.00, 0.00, 0.00, 0.44, 0.76, 0.12, 0.00, 0.46, 0.00, 0.11, 0.00, 0.00, 0.30, 0.00, 0.00, 0.00, 1.00, 0.00, 0.00, 0.00, 0.00, 0.00, 0.00, 1.00, 0.00, 0.00, 1.00, 0.00, 0.00, 0.00, 1.00
9045, 0, 341.010, 0.98, 1, 0.10, 0.00, 0.00, 0.00, 0.00, 0.00, 0.00, 0.46, 0.58, 0.03, 0.00, 0.36, 0.09, 0.18, 0.00, 0.00, 0.33, 0.00, 0.00, 0.00, 1.00, 0.00, 0.00, 0.00, 0.00, 0.00, 0.00, 1.00, 0.00, 0.00, 1.00, 0.00, 0.00, 0.00, 1.00
9046, 0, 341.047, 0.98, 1, 0.17, 0.00, 0.00, 0.00, 0.00, 0.00, 0.00, 0.44, 0.49, 0.00, 0.00, 0.38, 0.22, 0.30, 0.00, 0.00, 0.38, 0.00, 0.00, 0.00, 1.00, 0.00, 0.00, 0.00, 0.00, 0.00, 0.00, 1.00, 0.00, 0.00, 1.00, 0.00, 0.00, 0.00, 1.00
9047, 0, 341.085, 0.93, 1, 0.18, 0.00, 0.00, 0.00, 0.00, 0.00, 0.00, 0.38, 0.49, 0.00, 0.00, 0.54, 0.44, 0.34, 0.00, 0.00, 0.36, 0.00, 0.00, 0.00, 1.00, 0.00, 0.00, 0.00, 0.00, 0.00, 0.00, 1.00, 0.00, 0.00, 1.00, 0.00, 0.00, 0.00, 1.00
9048, 0, 341.123, 0.88, 1, 0.08, 0.00, 0.00, 0.00, 0.00, 0.00, 0.00, 0.19, 0.44, 0.17, 0.03, 0.70, 0.54, 0.26, 0.00, 0.03, 0.45, 0.00, 0.00, 0.00, 1.00, 0.00, 0.00, 0.00, 0.00, 0.00, 0.00, 1.00, 0.00, 0.00, 1.00, 0.00, 0.00, 0.00, 1.00
9049, 0, 341.161, 0.88, 1, 0.01, 0.00, 0.00, 0.00, 0.00, 0.00, 0.00, 0.08, 0.36, 0.30, 0.07, 0.80, 0.54, 0.13, 0.05, 0.13, 0.40, 0.00, 0.00, 0.00, 1.00, 0.00, 0.00, 0.00, 0.00, 0.00, 0.00, 1.00, 1.00, 0.00, 1.00, 0.00, 0.00, 0.00, 1.00
9050, 0, 341.198, 0.88, 1, 0.00, 0.00, 0.00, 0.00, 0.00, 0.00, 0.00, 0.30, 0.27, 0.30, 0.18, 0.73, 0.39, 0.02, 0.13, 0.13, 0.23, 0.00, 0.00, 0.00, 1.00, 0.00, 0.00, 0.00, 0.00, 0.00, 0.00, 1.00, 1.00, 0.00, 1.00, 0.00, 0.00, 0.00, 1.00
9051, 0, 341.236, 0.98, 1, 0.00, 0.00, 0.00, 0.00, 0.00, 0.00, 0.00, 0.61, 0.19, 0.13, 0.26, 0.62, 0.21, 0.05, 0.15, 0.11, 0.14, 0.00, 0.00, 0.00, 1.00, 0.00, 0.00, 0.00, 0.00, 0.00, 0.00, 1.00, 1.00, 0.00, 1.00, 0.00, 0.00, 0.00, 1.00
9052, 0, 341.274, 0.98, 1, 0.00, 0.00, 0.00, 0.00, 0.00, 0.00, 0.00, 0.87, 0.14, 0.00, 0.22, 0.70, 0.07, 0.08, 0.09, 0.27, 0.06, 0.00, 0.00, 0.00, 1.00, 0.00, 0.00, 0.00, 0.00, 0.00, 0.00, 1.00, 1.00, 0.00, 1.00, 0.00, 0.00, 0.00, 1.00
9053, 0, 341.311, 0.98, 1, 0.00, 0.00, 0.00, 0.00, 0.00, 0.00, 0.00, 0.84, 0.12, 0.00, 0.11, 0.83, 0.00, 0.07, 0.01, 0.53, 0.06, 0.00, 0.00, 0.00, 1.00, 0.00, 0.00, 0.00, 0.00, 0.00, 0.00, 1.00, 1.00, 0.00, 1.00, 0.00, 0.00, 0.00, 1.00
9054, 0, 341.349, 0.98, 1, 0.00, 0.00, 0.00, 0.00, 0.00, 0.00, 0.00, 0.71, 0.13, 0.04, 0.00, 0.72, 0.00, 0.07, 0.00, 0.71, 0.04, 0.00, 0.00, 0.00, 1.00, 0.00, 0.00, 0.00, 0.00, 0.00, 0.00, 1.00, 0.00, 0.00, 1.00, 0.00, 0.00, 0.00, 1.00
9055, 0, 341.387, 0.98, 1, 0.00, 0.17, 0.00, 0.00, 0.00, 0.00, 0.00, 0.58, 0.23, 0.26, 0.00, 0.36, 0.00, 0.08, 0.00, 0.77, 0.00, 0.00, 0.00, 0.00, 1.00, 0.00, 0.00, 0.00, 0.00, 0.00, 0.00, 0.00, 0.00, 0.00, 1.00, 0.00, 0.00, 0.00, 1.00
9056, 0, 341.424, 0.98, 1, 0.00, 0.17, 0.00, 0.00, 0.00, 0.00, 0.00, 0.42, 0.34, 0.49, 0.04, 0.15, 0.00, 0.12, 0.01, 0.69, 0.00, 0.00, 0.00, 0.00, 1.00, 0.00, 0.00, 0.00, 0.00, 0.00, 0.00, 0.00, 0.00, 0.00, 1.00, 0.00, 0.00, 0.00, 0.00
9057, 0, 341.462, 0.98, 1, 0.00, 0.17, 0.00, 0.00, 0.00, 0.00, 0.00, 0.37, 0.46, 0.57, 0.32, 0.11, 0.00, 0.17, 0.03, 0.62, 0.00, 0.00, 0.00, 0.00, 1.00, 0.00, 0.00, 0.00, 0.00, 0.00, 0.00, 0.00, 0.00, 0.00, 1.00, 0.00, 0.00, 0.00, 0.00
9058, 0, 341.500, 0.98, 1, 0.00, 0.00, 0.00, 0.00, 0.00, 0.00, 0.00, 0.49, 0.38, 0.47, 0.42, 0.32, 0.00, 0.13, 0.08, 0.39, 0.00, 0.00, 0.00, 0.00, 1.00, 0.00, 0.00, 0.00, 0.00, 0.00, 0.00, 0.00, 0.00, 0.00, 1.00, 0.00, 0.00, 0.00, 0.00
9059, 0, 341.538, 0.98, 1, 0.06, 0.07, 0.00, 0.00, 0.00, 0.00, 0.00, 0.72, 0.29, 0.24, 0.98, 0.48, 0.00, 0.08, 0.25, 0.60, 0.00, 0.00, 0.00, 0.00, 1.00, 0.00, 0.00, 0.00, 0.00, 0.00, 0.00, 0.00, 0.00, 0.00, 1.00, 0.00, 0.00, 0.00, 0.00
9060, 0, 341.575, 0.98, 1, 0.14, 0.07, 0.00, 0.00, 0.00, 0.00, 0.00, 0.83, 0.15, 0.12, 0.89, 0.49, 0.00, 0.03, 0.32, 0.67, 0.00, 0.00, 0.00, 0.00, 1.00, 0.00, 0.00, 0.00, 0.00, 0.00, 0.00, 1.00, 0.00, 0.00, 1.00, 0.00, 0.00, 0.00, 0.00
9061, 0, 341.613, 0.98, 1, 0.22, 0.07, 0.00, 0.00, 0.01, 0.00, 0.00, 0.83, 0.07, 0.00, 1.00, 0.35, 0.00, 0.08, 0.34, 0.75, 0.00, 0.00, 0.00, 0.00, 1.00, 0.00, 0.00, 0.00, 0.00, 0.00, 0.00, 1.00, 0.00, 0.00, 1.00, 0.00, 0.00, 0.00, 0.00
9062, 0, 341.651, 0.98, 1, 0.16, 0.00, 0.00, 0.00, 0.01, 0.00, 0.00, 0.89, 0.00, 0.00, 0.73, 0.15, 0.00, 0.08, 0.24, 0.56, 0.00, 0.00, 0.00, 0.00, 1.00, 0.00, 0.00, 0.00, 0.00, 0.00, 0.00, 1.00, 0.00, 0.00, 1.00, 0.00, 0.00, 0.00, 0.00
9063, 0, 341.688, 0.98, 1, 0.15, 0.00, 0.00, 0.00, 0.01, 0.00, 0.00, 1.01, 0.00, 0.00, 0.94, 0.22, 0.03, 0.05, 0.31, 0.64, 0.00, 0.00, 0.00, 0.00, 1.00, 0.00, 0.00, 0.00, 0.00, 0.00, 0.00, 1.00, 0.00, 0.00, 1.00, 0.00, 0.00, 0.00, 0.00
9064, 0, 341.726, 0.98, 1, 0.15, 0.00, 0.00, 0.00, 0.00, 0.00, 0.00, 1.05, 0.00, 0.00, 1.12, 0.49, 0.10, 0.00, 0.31, 0.72, 0.00, 0.00, 0.00, 0.00, 1.00, 0.00, 0.00, 0.00, 0.00, 0.00, 0.00, 1.00, 0.00, 0.00, 1.00, 0.00, 0.00, 0.00, 0.00
9065, 0, 341.764, 0.98, 1, 0.31, 0.00, 0.00, 0.00, 0.00, 0.00, 0.00, 1.22, 0.00, 0.00, 1.26, 0.91, 0.10, 0.15, 0.54, 0.78, 0.00, 0.00, 0.00, 0.00, 1.00, 0.00, 0.00, 0.00, 0.00, 0.00, 0.00, 1.00, 0.00, 0.00, 1.00, 0.00, 0.00, 0.00, 0.00
9066, 0, 341.802, 0.98, 1, 0.45, 0.00, 0.00, 0.00, 0.00, 0.00, 0.00, 1.40, 0.00, 0.00, 1.28, 1.04, 0.07, 0.15, 0.73, 0.84, 0.00, 0.00, 0.00, 0.00, 1.00, 0.00, 0.00, 0.00, 0.00, 0.00, 0.00, 1.00, 0.00, 0.00, 1.00, 0.00, 0.00, 0.00, 0.00
9067, 0, 341.839, 0.93, 1, 0.58, 0.00, 0.00, 0.00, 0.00, 0.00, 0.00, 1.69, 0.00, 0.00, 1.21, 0.93, 0.00, 0.15, 1.01, 0.90, 0.00, 0.00, 0.00, 0.00, 1.00, 0.00, 0.00, 0.00, 0.00, 0.00, 0.00, 1.00, 0.00, 0.00, 1.00, 1.00, 0.00, 0.00, 0.00
9068, 0, 341.877, 0.93, 1, 0.51, 0.00, 0.00, 0.00, 0.00, 0.00, 0.00, 1.67, 0.00, 0.00, 1.04, 0.65, 0.00, 0.05, 1.07, 1.01, 0.00, 0.00, 0.00, 0.00, 1.00, 0.00, 0.00, 0.00, 0.00, 0.00, 0.00, 1.00, 0.00, 0.00, 1.00, 1.00, 0.00, 0.00, 0.00
9069, 0, 341.915, 0.93, 1, 0.30, 0.00, 0.00, 0.00, 0.00, 0.00, 0.00, 1.70, 0.00, 0.17, 0.88, 0.65, 0.06, 0.09, 0.89, 1.21, 0.00, 0.00, 0.00, 0.00, 1.00, 0.00, 0.00, 0.00, 0.00, 0.00, 0.00, 1.00, 0.00, 0.00, 1.00, 1.00, 0.00, 0.00, 0.00
9070, 0, 341.952, 0.98, 1, 0.28, 0.20, 0.00, 0.00, 0.00, 0.00, 0.00, 1.25, 0.00, 0.32, 0.71, 0.50, 0.06, 0.16, 0.69, 1.16, 0.00, 0.00, 0.00, 0.00, 1.00, 0.00, 0.00, 0.00, 0.00, 0.00, 0.00, 1.00, 0.00, 0.00, 1.00, 1.00, 0.00, 0.00, 0.00
9071, 0, 341.990, 0.98, 1, 0.39, 0.20, 0.00, 0.00, 0.00, 0.00, 0.00, 0.81, 0.05, 0.50, 0.67, 0.37, 0.06, 0.16, 0.51, 1.20, 0.00, 0.00, 0.00, 0.00, 1.00, 0.00, 0.00, 0.00, 0.00, 0.00, 0.00, 1.00, 0.00, 0.00, 1.00, 0.00, 0.00, 0.00, 0.00
9072, 0, 342.028, 0.98, 1, 0.55, 0.26, 0.00, 0.00, 0.00, 0.00, 0.01, 0.36, 0.19, 0.64, 0.40, 0.19, 0.03, 0.16, 0.43, 1.02, 0.00, 0.00, 0.00, 0.00, 1.00, 0.00, 0.00, 0.00, 0.00, 0.00, 0.00, 1.00, 0.00, 0.00, 1.00, 0.00, 0.00, 0.00, 0.00
9073, 0, 342.065, 0.98, 1, 0.47, 0.11, 0.00, 0.00, 0.00, 0.00, 0.01, 0.24, 0.30, 0.88, 0.25, 0.10, 0.03, 0.09, 0.40, 1.10, 0.00, 0.00, 0.00, 0.00, 1.00, 0.00, 0.00, 0.00, 0.00, 0.00, 0.00, 1.00, 0.00, 0.00, 0.00, 0.00, 0.00, 0.00, 0.00
9074, 0, 342.103, 0.98, 1, 0.38, 0.11, 0.00, 0.00, 0.00, 0.00, 0.01, 0.14, 0.32, 1.07, 0.00, 0.09, 0.03, 0.04, 0.41, 1.05, 0.00, 0.00, 0.00, 0.00, 1.00, 0.00, 0.00, 0.00, 0.00, 1.00, 1.00, 1.00, 0.00, 0.00, 0.00, 0.00, 0.00, 0.00, 0.00
9075, 0, 342.141, 0.98, 1, 0.41, 0.05, 0.00, 0.00, 0.00, 0.00, 0.00, 0.16, 0.36, 1.02, 0.16, 0.36, 0.01, 0.00, 0.58, 1.07, 0.01, 0.00, 0.00, 0.00, 1.00, 0.00, 0.00, 0.00, 0.00, 1.00, 1.00, 1.00, 0.00, 0.00, 0.00, 0.00, 0.00, 0.00, 0.00
9076, 0, 342.179, 0.93, 1, 0.41, 0.00, 0.00, 0.00, 0.00, 0.00, 0.00, 0.36, 0.42, 1.01, 0.32, 0.67, 0.04, 0.00, 0.69, 0.98, 0.22, 0.00, 0.00, 0.00, 1.00, 0.00, 0.00, 0.00, 0.00, 1.00, 1.00, 0.00, 1.00, 0.00, 0.00, 0.00, 0.00, 0.00, 1.00
9077, 0, 342.216, 0.93, 1, 0.42, 0.02, 0.00, 0.00, 0.00, 0.00, 0.00, 0.53, 0.53, 0.98, 0.43, 0.95, 0.21, 0.00, 0.59, 0.85, 0.33, 0.00, 0.00, 0.00, 1.00, 0.00, 0.00, 0.00, 0.00, 1.00, 1.00, 0.00, 1.00, 0.00, 0.00, 0.00, 0.00, 0.00, 1.00
9078, 0, 342.254, 0.93, 1, 0.37, 0.08, 0.00, 0.00, 0.00, 0.00, 0.00, 0.51, 0.51, 1.10, 0.50, 0.82, 0.19, 0.00, 0.49, 0.80, 0.36, 0.00, 0.00, 0.00, 1.00, 0.00, 0.00, 0.00, 0.00, 1.00, 1.00, 0.00, 1.00, 1.00, 0.00, 0.00, 0.00, 0.00, 1.00
9079, 0, 342.292, 0.98, 1, 0.39, 0.17, 0.00, 0.00, 0.00, 0.00, 0.00, 0.30, 0.44, 1.04, 0.35, 0.69, 0.16, 0.07, 0.53, 0.94, 0.15, 0.00, 0.00, 0.00, 1.00, 0.00, 0.00, 0.00, 0.00, 1.00, 1.00, 0.00, 1.00, 1.00, 1.00, 0.00, 0.00, 0.00, 1.00
9080, 0, 342.329, 0.98, 1, 0.30, 0.15, 0.00, 0.00, 0.00, 0.00, 0.00, 0.30, 0.42, 0.76, 0.56, 0.45, 0.07, 0.09, 0.98, 1.10, 0.04, 0.00, 0.00, 0.00, 1.00, 0.00, 0.00, 0.00, 0.00, 1.00, 1.00, 0.00, 1.00, 1.00, 1.00, 1.00, 0.00, 0.00, 1.00
9081, 0, 342.367, 0.98, 1, 0.15, 0.14, 0.00, 0.00, 0.00, 0.00, 0.00, 0.36, 0.44, 0.44, 0.37, 0.21, 0.15, 0.12, 1.39, 1.15, 0.01, 0.00, 0.00, 0.00, 1.00, 0.00, 0.00, 0.00, 0.00, 0.00, 1.00, 0.00, 0.00, 1.00, 1.00, 1.00, 0.00, 0.00, 1.00
9082, 0, 342.405, 0.98, 1, 0.03, 0.13, 0.00, 0.00, 0.00, 0.00, 0.00, 0.36, 0.52, 0.15, 0.45, 0.04, 0.30, 0.05, 1.52, 1.02, 0.04, 0.00, 0.00, 0.00, 1.00, 0.00, 0.00, 0.00, 0.00, 0.00, 0.00, 0.00, 0.00, 0.00, 0.00, 1.00, 0.00, 0.00, 1.00
9083, 0, 342.443, 0.98, 1, 0.00, 0.16, 0.00, 0.00, 0.00, 0.00, 0.00, 0.29, 0.60, 0.40, 0.13, 0.00, 0.23, 0.03, 1.35, 0.88, 0.04, 0.00, 0.00, 0.00, 1.00, 0.00, 0.00, 0.00, 0.00, 0.00, 0.00, 0.00, 0.00, 0.00, 0.00, 1.00, 0.00, 0.00, 1.00
9084, 0, 342.480, 0.98, 1, 0.00, 0.11, 0.00, 0.00, 0.00, 0.00, 0.02, 0.19, 0.65, 0.64, 0.10, 0.00, 0.20, 0.01, 1.18, 0.84, 0.02, 0.00, 0.00, 0.00, 1.00, 0.00, 0.00, 0.00, 0.00, 0.00, 0.00, 0.00, 0.00, 0.00, 0.00, 1.00, 0.00, 0.00, 1.00
9085, 0, 342.518, 0.98, 1, 0.09, 0.05, 0.00, 0.00, 0.00, 0.00, 0.02, 0.33, 0.65, 0.61, 0.28, 0.06, 0.05, 0.01, 1.12, 0.87, 0.00, 0.00, 0.00, 0.00, 1.00, 0.00, 0.00, 0.00, 0.00, 0.00, 0.00, 0.00, 0.00, 0.00, 1.00, 1.00, 0.00, 0.00, 1.00
9086, 0, 342.556, 0.98, 1, 0.27, 0.08, 0.00, 0.03, 0.00, 0.00, 0.02, 0.39, 0.64, 0.28, 0.57, 0.14, 0.05, 0.01, 1.22, 1.07, 0.00, 0.00, 0.00, 0.00, 1.00, 0.00, 0.00, 0.00, 0.00, 0.00, 0.00, 0.00, 0.00, 0.00, 1.00, 1.00, 0.00, 0.00, 1.00
9087, 0, 342.593, 0.93, 1, 0.46, 0.08, 0.00, 0.03, 0.00, 0.00, 0.00, 0.40, 0.64, 0.03, 0.81, 0.17, 0.00, 0.00, 1.54, 1.27, 0.00, 0.00, 0.00, 0.00, 1.00, 0.00, 0.00, 0.00, 0.00, 0.00, 0.00, 0.00, 0.00, 0.00, 1.00, 1.00, 1.00, 0.00, 1.00
9088, 0, 342.631, 0.93, 1, 0.47, 0.08, 0.00, 0.05, 0.00, 0.00, 0.00, 0.27, 0.61, 0.12, 0.62, 0.11, 0.00, 0.00, 1.91, 1.57, 0.00, 0.00, 0.00, 0.00, 1.00, 0.00, 0.00, 0.00, 0.00, 0.00, 0.00, 0.00, 0.00, 0.00, 1.00, 1.00, 1.00, 0.00, 1.00
9089, 0, 342.669, 0.93, 1, 0.39, 0.12, 0.00, 0.01, 0.00, 0.00, 0.00, 0.10, 0.61, 0.19, 0.48, 0.12, 0.00, 0.00, 2.02, 1.77, 0.00, 0.00, 0.00, 0.00, 1.00, 0.00, 0.00, 0.00, 0.00, 0.00, 0.00, 1.00, 0.00, 0.00, 1.00, 1.00, 1.00, 0.00, 1.00
9090, 0, 342.706, 0.98, 1, 0.20, 0.16, 0.02, 0.01, 0.00, 0.00, 0.00, 0.24, 0.73, 0.23, 0.31, 0.11, 0.00, 0.00, 1.78, 1.73, 0.11, 0.00, 0.00, 0.00, 1.00, 0.00, 0.00, 0.00, 0.00, 0.00, 0.00, 1.00, 0.00, 0.00, 1.00, 1.00, 1.00, 0.00, 1.00
9091, 0, 342.744, 0.98, 1, 0.10, 0.17, 0.02, 0.00, 0.00, 0.00, 0.00, 0.50, 0.89, 0.45, 0.31, 0.14, 0.00, 0.00, 1.46, 1.62, 0.11, 0.00, 0.00, 0.00, 1.00, 0.00, 0.00, 0.00, 0.00, 1.00, 0.00, 1.00, 0.00, 0.00, 1.00, 1.00, 1.00, 0.00, 1.00
9092, 0, 342.782, 0.98, 1, 0.00, 0.08, 0.02, 0.00, 0.01, 0.00, 0.00, 0.67, 0.99, 0.69, 0.71, 0.24, 0.00, 0.03, 1.13, 1.43, 0.11, 0.00, 0.00, 0.00, 1.00, 0.00, 0.00, 0.00, 0.00, 1.00, 1.00, 1.00, 0.00, 0.00, 1.00, 1.00, 1.00, 0.00, 1.00
9093, 0, 342.820, 0.98, 1, 0.00, 0.04, 0.00, 0.00, 0.01, 0.00, 0.00, 0.57, 0.93, 0.90, 0.92, 0.30, 0.00, 0.03, 0.95, 1.51, 0.00, 0.00, 0.00, 0.00, 1.00, 0.00, 0.00, 0.00, 0.00, 1.00, 1.00, 1.00, 0.00, 0.00, 1.00, 1.00, 1.00, 0.00, 1.00
9094, 0, 342.857, 0.98, 1, 0.00, 0.00, 0.00, 0.00, 0.01, 0.00, 0.00, 0.51, 0.87, 1.03, 1.00, 0.47, 0.10, 0.04, 0.79, 1.47, 0.00, 0.00, 0.00, 0.00, 1.00, 0.00, 0.00, 0.00, 0.00, 1.00, 1.00, 1.00, 0.00, 0.00, 1.00, 1.00, 1.00, 0.00, 1.00
9095, 0, 342.895, 0.98, 1, 0.18, 0.00, 0.00, 0.00, 0.00, 0.01, 0.00, 0.87, 0.89, 0.85, 0.45, 0.61, 0.10, 0.04, 1.18, 1.39, 0.00, 0.00, 0.00, 0.00, 1.00, 0.00, 0.00, 0.00, 0.00, 1.00, 1.00, 1.00, 0.00, 0.00, 1.00, 1.00, 1.00, 0.00, 0.00
9096, 0, 342.933, 0.98, 1, 0.38, 0.00, 0.00, 0.00, 0.00, 0.01, 0.00, 1.26, 0.95, 0.71, 0.17, 0.80, 0.10, 0.04, 1.56, 1.15, 0.00, 0.00, 0.00, 0.00, 1.00, 0.00, 0.00, 0.00, 0.00, 1.00, 0.00, 1.00, 0.00, 0.00, 1.00, 1.00, 1.00, 0.00, 0.00
9097, 0, 342.970, 0.98, 1, 0.46, 0.00, 0.00, 0.00, 0.00, 0.01, 0.00, 1.37, 0.97, 0.58, 0.00, 0.84, 0.00, 0.04, 1.60, 1.19, 0.00, 0.00, 0.00, 0.00, 1.00, 0.00, 0.00, 0.00, 0.00, 1.00, 0.00, 1.00, 0.00, 0.00, 1.00, 1.00, 1.00, 0.00, 0.00
9098, 0, 343.008, 0.98, 1, 0.28, 0.00, 0.00, 0.00, 0.00, 0.00, 0.00, 1.08, 0.88, 0.68, 0.00, 0.58, 0.00, 0.08, 1.50, 1.32, 0.00, 0.00, 0.00, 0.00, 1.00, 0.00, 0.00, 0.00, 0.00, 1.00, 0.00, 0.00, 0.00, 0.00, 1.00, 1.00, 1.00, 0.00, 0.00
9099, 0, 343.046, 0.98, 1, 0.07, 0.08, 0.00, 0.00, 0.00, 0.00, 0.00, 0.86, 0.86, 1.04, 0.00, 0.52, 0.05, 0.13, 1.36, 1.49, 0.00, 0.00, 0.00, 0.00, 1.00, 0.00, 0.00, 0.00, 0.00, 1.00, 0.00, 0.00, 0.00, 0.00, 1.00, 1.00, 1.00, 0.00, 0.00
9100, 0, 343.084, 0.98, 1, 0.00, 0.08, 0.00, 0.00, 0.00, 0.00, 0.00, 0.59, 0.79, 1.24, 0.06, 0.45, 0.05, 0.12, 1.64, 1.83, 0.00, 0.00, 0.00, 0.00, 1.00, 0.00, 0.00, 0.00, 0.00, 1.00, 1.00, 0.00, 0.00, 0.00, 1.00, 1.00, 1.00, 0.00, 0.00
9101, 0, 343.121, 0.93, 1, 0.00, 0.08, 0.00, 0.00, 0.00, 0.00, 0.00, 0.69, 0.73, 1.57, 0.07, 0.58, 0.05, 0.10, 1.36, 2.13, 0.00, 0.00, 0.00, 0.00, 1.00, 0.00, 0.00, 0.00, 0.00, 1.00, 1.00, 0.00, 0.00, 0.00, 1.00, 1.00, 1.00, 0.00, 0.00
9102, 0, 343.159, 0.88, 1, 0.00, 0.00, 0.00, 0.00, 0.00, 0.00, 0.00, 0.72, 0.62, 1.60, 0.09, 0.54, 0.00, 0.08, 1.14, 2.41, 0.00, 0.00, 0.00, 0.00, 1.00, 0.00, 0.00, 0.00, 0.00, 1.00, 1.00, 0.00, 0.00, 0.00, 1.00, 1.00, 1.00, 0.00, 0.00
9103, 0, 343.197, 0.88, 1, 0.00, 0.00, 0.00, 0.00, 0.00, 0.00, 0.00, 0.88, 0.63, 1.52, 0.06, 0.65, 0.00, 0.10, 0.97, 2.37, 0.00, 0.00, 0.00, 0.00, 1.00, 0.00, 0.00, 0.00, 0.00, 0.00, 1.00, 0.00, 0.00, 0.00, 1.00, 1.00, 1.00, 0.00, 0.00
9104, 0, 343.234, 0.93, 1, 0.00, 0.15, 0.00, 0.00, 0.00, 0.00, 0.00, 0.74, 0.78, 1.29, 0.46, 0.79, 0.00, 0.16, 1.24, 2.23, 0.00, 0.00, 0.00, 0.00, 1.00, 0.00, 0.00, 0.00, 0.00, 0.00, 1.00, 0.00, 1.00, 0.00, 1.00, 0.00, 1.00, 0.00, 0.00
9105, 0, 343.272, 0.93, 1, 0.00, 0.15, 0.00, 0.00, 0.03, 0.00, 0.00, 1.05, 0.81, 1.26, 0.61, 0.87, 0.00, 0.21, 1.09, 1.92, 0.00, 0.00, 0.00, 0.00, 1.00, 0.00, 0.00, 0.00, 0.00, 0.00, 1.00, 0.00, 1.00, 0.00, 1.00, 0.00, 1.00, 0.00, 0.00
9106, 0, 343.310, 0.98, 1, 0.00, 0.15, 0.00, 0.00, 0.08, 0.00, 0.00, 1.24, 0.80, 1.37, 0.70, 0.86, 0.00, 0.38, 0.68, 1.56, 0.00, 0.00, 0.00, 0.00, 1.00, 0.00, 0.00, 0.00, 0.00, 0.00, 1.00, 1.00, 1.00, 0.00, 1.00, 0.00, 0.00, 0.00, 0.00
9107, 0, 343.347, 0.98, 1, 0.00, 0.03, 0.00, 0.00, 0.08, 0.21, 0.04, 1.38, 0.70, 1.37, 0.37, 0.90, 0.00, 0.38, 0.14, 1.20, 0.00, 0.00, 0.00, 0.00, 1.00, 0.00, 0.00, 0.00, 0.00, 1.00, 1.00, 1.00, 1.00, 0.00, 1.00, 0.00, 0.00, 0.00, 0.00
9108, 0, 343.385, 0.98, 1, 0.00, 0.03, 0.00, 0.00, 0.11, 0.47, 0.04, 1.02, 0.73, 1.23, 0.35, 1.06, 0.00, 0.46, 0.00, 1.01, 0.00, 0.00, 0.00, 0.00, 1.00, 0.00, 0.00, 0.00, 0.00, 1.00, 1.00, 1.00, 1.00, 0.00, 1.00, 0.00, 0.00, 0.00, 0.00
9109, 0, 343.423, 0.98, 1, 0.00, 0.03, 0.00, 0.00, 0.11, 0.73, 0.04, 0.92, 0.78, 1.05, 0.30, 1.16, 0.26, 0.45, 0.04, 0.82, 0.00, 0.00, 0.00, 0.00, 1.00, 0.00, 0.00, 0.00, 0.00, 1.00, 1.00, 1.00, 1.00, 0.00, 1.00, 0.00, 0.00, 0.00, 0.00
9110, 0, 343.461, 0.98, 1, 0.00, 0.03, 0.00, 0.03, 0.21, 0.77, 0.00, 0.62, 0.79, 0.80, 0.22, 0.84, 0.26, 0.35, 0.38, 0.53, 0.00, 0.00, 0.00, 0.00, 1.00, 0.00, 0.00, 0.00, 0.00, 1.00, 1.00, 1.00, 0.00, 0.00, 1.00, 0.00, 0.00, 0.00, 0.00
9111, 0, 343.498, 0.98, 1, 0.00, 0.03, 0.00, 0.03, 0.26, 0.76, 0.00, 0.49, 0.77, 0.54, 0.07, 0.56, 0.26, 0.18, 0.83, 0.43, 0.02, 0.00, 1.00, 0.00, 1.00, 0.00, 0.00, 0.00, 0.00, 1.00, 0.00, 0.00, 0.00, 0.00, 1.00, 0.00, 0.00, 0.00, 0.00
9112, 0, 343.536, 0.98, 1, 0.00, 0.03, 0.00, 0.03, 0.31, 0.60, 0.00, 0.44, 0.75, 0.44, 0.11, 0.18, 0.00, 0.02, 1.19, 0.44, 0.02, 0.00, 1.00, 0.00, 1.00, 0.00, 0.00, 0.00, 0.00, 1.00, 0.00, 0.00, 0.00, 0.00, 1.00, 1.00, 0.00, 0.00, 0.00
9113, 0, 343.574, 0.98, 1, 0.00, 0.03, 0.00, 0.00, 0.35, 0.35, 0.00, 0.57, 0.75, 0.60, 0.22, 0.26, 0.17, 0.02, 1.28, 0.62, 0.02, 0.00, 1.00, 0.00, 1.00, 0.00, 0.00, 0.00, 0.00, 1.00, 0.00, 0.00, 0.00, 0.00, 1.00, 1.00, 0.00, 0.00, 0.00
9114, 0, 343.611, 0.98, 1, 0.00, 0.08, 0.00, 0.00, 0.39, 0.10, 0.00, 0.62, 0.74, 0.79, 0.33, 0.22, 0.33, 0.02, 1.26, 0.60, 0.00, 0.00, 1.00, 0.00, 1.00, 0.00, 0.00, 0.00, 0.00, 1.00, 0.00, 0.00, 0.00, 0.00, 1.00, 1.00, 1.00, 0.00, 0.00
9115, 0, 343.649, 0.98, 1, 0.00, 0.08, 0.00, 0.00, 0.34, 0.21, 0.00, 0.94, 0.82, 1.04, 0.23, 0.28, 0.37, 0.06, 1.02, 0.60, 0.00, 0.00, 1.00, 0.00, 1.00, 0.00, 0.00, 0.00, 0.00, 1.00, 0.00, 0.00, 0.00, 0.00, 1.00, 1.00, 1.00, 0.00, 0.00
9116, 0, 343.687, 0.98, 1, 0.00, 0.05, 0.00, 0.00, 0.20, 0.21, 0.00, 1.21, 0.87, 1.27, 0.12, 0.19, 0.22, 0.06, 0.72, 0.76, 0.00, 0.00, 0.00, 0.00, 1.00, 0.00, 0.00, 0.00, 0.00, 1.00, 1.00, 0.00, 0.00, 0.00, 1.00, 1.00, 1.00, 0.00, 0.00
9117, 0, 343.725, 0.98, 1, 0.00, 0.00, 0.00, 0.17, 0.12, 0.21, 0.00, 1.33, 0.87, 1.46, 0.01, 0.13, 0.05, 0.06, 0.65, 0.86, 0.00, 0.00, 0.00, 0.00, 1.00, 0.00, 0.00, 0.00, 0.00, 1.00, 1.00, 0.00, 0.00, 0.00, 1.00, 1.00, 0.00, 0.00, 0.00
9118, 0, 343.762, 0.88, 1, 0.00, 0.00, 0.00, 0.17, 0.09, 0.00, 0.00, 1.02, 0.82, 1.31, 0.00, 0.18, 0.01, 0.00, 0.84, 0.90, 0.00, 0.00, 0.00, 0.00, 1.00, 0.00, 0.00, 0.00, 0.00, 1.00, 1.00, 0.00, 0.00, 0.00, 1.00, 1.00, 0.00, 0.00, 0.00
9119, 0, 343.800, 0.98, 1, 0.00, 0.02, 0.00, 0.17, 0.08, 0.00, 0.00, 0.81, 0.82, 1.09, 0.00, 0.16, 0.00, 0.04, 0.96, 0.74, 0.00, 0.00, 0.00, 0.00, 1.00, 0.00, 0.00, 0.00, 0.00, 1.00, 1.00, 0.00, 0.00, 0.00, 1.00, 1.00, 1.00, 0.00, 0.00
9120, 0, 343.838, 0.98, 1, 0.00, 0.02, 0.00, 0.00, 0.02, 0.00, 0.00, 0.68, 0.96, 1.05, 0.05, 0.11, 0.00, 0.06, 0.97, 0.75, 0.00, 0.00, 0.00, 0.00, 1.00, 0.00, 0.00, 0.00, 0.00, 1.00, 1.00, 0.00, 0.00, 0.00, 1.00, 1.00, 1.00, 0.00, 0.00
9121, 0, 343.875, 0.98, 1, 0.00, 0.05, 0.00, 0.00, 0.00, 0.00, 0.00, 0.55, 1.04, 1.30, 0.05, 0.00, 0.00, 0.06, 0.96, 0.69, 0.07, 0.00, 0.00, 0.00, 1.00, 0.00, 0.00, 0.00, 0.00, 1.00, 1.00, 0.00, 0.00, 0.00, 1.00, 1.00, 0.00, 0.00, 0.00
9122, 0, 343.913, 0.98, 1, 0.00, 0.19, 0.00, 0.00, 0.00, 0.00, 0.02, 0.48, 1.06, 1.68, 0.05, 0.00, 0.00, 0.02, 0.98, 0.73, 0.07, 0.00, 0.00, 0.00, 1.00, 0.00, 0.00, 0.00, 0.00, 1.00, 1.00, 0.00, 0.00, 0.00, 1.00, 1.00, 0.00, 0.00, 0.00
9123, 0, 343.951, 0.98, 1, 0.00, 0.19, 0.00, 0.00, 0.00, 0.00, 0.02, 0.44, 0.82, 1.53, 0.12, 0.21, 0.00, 0.00, 0.71, 0.63, 0.07, 0.00, 0.00, 0.00, 1.00, 0.00, 0.00, 0.00, 0.00, 1.00, 1.00, 0.00, 0.00, 0.00, 1.00, 1.00, 0.00, 0.00, 0.00
9124, 0, 343.988, 0.98, 1, 0.00, 0.15, 0.00, 0.00, 0.00, 0.00, 0.05, 0.52, 0.63, 1.64, 0.16, 0.52, 0.00, 0.05, 0.37, 0.82, 0.00, 0.00, 0.00, 0.00, 1.00, 0.00, 0.00, 0.00, 0.00, 1.00, 1.00, 0.00, 0.00, 0.00, 1.00, 1.00, 0.00, 0.00, 0.00
9125, 0, 344.026, 0.93, 1, 0.00, 0.00, 0.00, 0.00, 0.00, 0.00, 0.03, 0.52, 0.39, 1.12, 0.16, 0.60, 0.28, 0.06, 0.23, 0.79, 0.00, 0.00, 0.00, 0.00, 1.00, 0.00, 0.00, 0.00, 0.00, 1.00, 1.00, 0.00, 0.00, 0.00, 1.00, 1.00, 0.00, 0.00, 0.00
9126, 0, 344.064, 0.93, 1, 0.00, 0.00, 0.00, 0.00, 0.00, 0.00, 0.03, 0.59, 0.34, 1.15, 0.03, 0.39, 0.52, 0.06, 0.20, 0.82, 0.00, 0.00, 0.00, 0.00, 1.00, 0.00, 0.00, 0.00, 0.00, 1.00, 0.00, 0.00, 0.00, 0.00, 1.00, 1.00, 0.00, 0.00, 0.00
9127, 0, 344.102, 0.98, 1, 0.00, 0.00, 0.00, 0.00, 0.00, 0.00, 0.00, 0.75, 0.28, 0.67, 0.00, 0.26, 0.65, 0.00, 0.21, 0.57, 0.00, 0.00, 0.00, 0.00, 1.00, 0.00, 0.00, 0.00, 0.00, 1.00, 0.00, 0.00, 0.00, 0.00, 1.00, 0.00, 0.00, 0.00, 0.00
9128, 0, 344.139, 0.98, 1, 0.00, 0.00, 0.00, 0.00, 0.00, 0.00, 0.00, 0.98, 0.27, 0.74, 0.04, 0.42, 0.47, 0.00, 0.17, 0.38, 0.00, 0.00, 0.00, 0.00, 1.00, 0.00, 0.00, 0.00, 0.00, 1.00, 0.00, 1.00, 0.00, 0.00, 1.00, 0.00, 0.00, 0.00, 0.00
9129, 0, 344.177, 0.98, 1, 0.00, 0.00, 0.00, 0.00, 0.00, 0.00, 0.00, 1.32, 0.28, 0.59, 0.09, 0.62, 0.28, 0.00, 0.13, 0.16, 0.00, 0.00, 0.00, 0.00, 1.00, 0.00, 0.00, 0.00, 0.00, 0.00, 0.00, 1.00, 0.00, 0.00, 1.00, 0.00, 0.00, 0.00, 0.00
9130, 0, 344.215, 0.98, 1, 0.07, 0.00, 0.00, 0.07, 0.00, 0.00, 0.00, 1.41, 0.18, 0.38, 0.09, 0.44, 0.37, 0.00, 0.18, 0.21, 0.00, 0.00, 0.00, 0.00, 1.00, 0.00, 0.00, 0.00, 0.00, 0.00, 0.00, 1.00, 0.00, 0.00, 1.00, 0.00, 0.00, 0.00, 0.00
9131, 0, 344.252, 0.98, 1, 0.11, 0.00, 0.00, 0.15, 0.00, 0.00, 0.00, 1.47, 0.12, 0.18, 0.06, 0.20, 0.45, 0.00, 0.16, 0.43, 0.00, 0.00, 0.00, 0.00, 1.00, 0.00, 0.00, 0.00, 0.00, 0.00, 0.00, 1.00, 0.00, 0.00, 1.00, 0.00, 0.00, 0.00, 0.00
9132, 0, 344.290, 0.98, 1, 0.16, 0.00, 0.00, 0.16, 0.00, 0.00, 0.00, 1.31, 0.02, 0.05, 0.00, 0.00, 0.92, 0.00, 0.22, 0.58, 0.00, 0.00, 0.00, 0.00, 1.00, 0.00, 0.00, 0.00, 0.00, 0.00, 0.00, 1.00, 0.00, 0.00, 1.00, 0.00, 0.00, 0.00, 0.00
9133, 0, 344.328, 0.98, 1, 0.09, 0.00, 0.00, 0.09, 0.01, 0.00, 0.00, 1.23, 0.10, 0.05, 0.00, 0.20, 0.96, 0.00, 0.15, 0.59, 0.00, 0.00, 0.00, 0.00, 1.00, 0.00, 0.00, 0.00, 0.00, 0.00, 0.00, 1.00, 0.00, 0.00, 1.00, 0.00, 0.00, 0.00, 0.00
9134, 0, 344.366, 0.98, 1, 0.08, 0.18, 0.00, 0.01, 0.03, 0.00, 0.00, 0.88, 0.21, 0.05, 0.08, 0.61, 1.13, 0.01, 0.09, 0.50, 0.00, 0.00, 0.00, 0.00, 1.00, 0.00, 0.00, 0.00, 0.00, 0.00, 0.00, 1.00, 0.00, 0.00, 1.00, 0.00, 0.00, 0.00, 0.00
9135, 0, 344.403, 0.98, 1, 0.08, 0.18, 0.00, 0.00, 0.03, 0.00, 0.00, 0.86, 0.52, 0.21, 0.08, 0.96, 0.60, 0.09, 0.29, 0.61, 0.00, 0.00, 0.00, 0.00, 1.00, 0.00, 0.00, 0.00, 0.00, 0.00, 0.00, 1.00, 1.00, 0.00, 1.00, 0.00, 0.00, 0.00, 0.00
9136, 0, 344.441, 0.98, 1, 0.18, 0.18, 0.00, 0.00, 0.02, 0.00, 0.00, 0.71, 0.65, 0.70, 0.13, 0.99, 0.33, 0.16, 0.71, 0.50, 0.03, 0.00, 0.00, 0.00, 1.00, 0.00, 0.00, 0.00, 0.00, 1.00, 0.00, 1.00, 1.00, 0.00, 1.00, 0.00, 0.00, 0.00, 0.00
9137, 0, 344.479, 0.93, 1, 0.28, 0.00, 0.00, 0.00, 0.00, 0.00, 0.00, 0.86, 0.77, 1.13, 0.08, 0.83, 0.00, 0.22, 1.13, 0.50, 0.05, 0.00, 0.00, 0.00, 1.00, 0.00, 0.00, 0.00, 0.00, 1.00, 0.00, 1.00, 1.00, 0.00, 1.00, 1.00, 0.00, 0.00, 0.00
9138, 0, 344.516, 0.98, 1, 0.29, 0.00, 0.00, 0.00, 0.00, 0.00, 0.00, 0.75, 0.73, 1.36, 0.08, 0.67, 0.00, 0.24, 1.30, 0.40, 0.18, 0.00, 0.00, 0.00, 1.00, 0.00, 0.00, 0.00, 1.00, 1.00, 0.00, 1.00, 1.00, 0.00, 1.00, 1.00, 0.00, 0.00, 0.00
9139, 0, 344.554, 0.93, 1, 0.34, 0.00, 0.00, 0.00, 0.00, 0.00, 0.00, 0.82, 0.78, 1.15, 0.03, 0.61, 0.00, 0.23, 1.28, 0.45, 0.25, 0.00, 0.00, 0.00, 1.00, 0.00, 0.00, 0.00, 1.00, 1.00, 0.00, 1.00, 0.00, 0.00, 1.00, 1.00, 0.00, 0.00, 0.00
9140, 0, 344.592, 0.88, 1, 0.21, 0.00, 0.00, 0.00, 0.00, 0.00, 0.00, 0.98, 0.78, 0.71, 0.46, 0.58, 0.00, 0.15, 1.28, 0.33, 0.23, 0.00, 0.00, 0.00, 1.00, 0.00, 0.00, 0.00, 0.00, 1.00, 0.00, 1.00, 0.00, 0.00, 1.00, 1.00, 0.00, 0.00, 0.00
9141, 0, 344.629, 0.98, 1, 0.15, 0.00, 0.00, 0.00, 0.02, 0.00, 0.00, 1.10, 0.81, 0.42, 0.90, 0.55, 0.00, 0.05, 1.24, 0.21, 0.14, 0.00, 0.00, 0.00, 1.00, 0.00, 0.00, 0.00, 0.00, 1.00, 0.00, 0.00, 0.00, 0.00, 1.00, 1.00, 0.00, 0.00, 0.00
9142, 0, 344.667, 0.98, 1, 0.00, 0.00, 0.00, 0.00, 0.04, 0.00, 0.00, 1.34, 0.81, 0.38, 1.15, 0.60, 0.00, 0.01, 1.29, 0.25, 0.10, 0.00, 0.00, 0.00, 1.00, 0.00, 0.00, 0.00, 0.00, 1.00, 0.00, 0.00, 0.00, 0.00, 1.00, 1.00, 0.00, 0.00, 0.00
9143, 0, 344.705, 0.98, 1, 0.00, 0.06, 0.00, 0.00, 0.04, 0.00, 0.00, 1.40, 0.76, 0.47, 1.08, 0.43, 0.00, 0.01, 1.34, 0.41, 0.10, 0.00, 0.00, 0.00, 1.00, 0.00, 0.00, 0.00, 0.00, 1.00, 0.00, 0.00, 0.00, 0.00, 1.00, 1.00, 0.00, 0.00, 0.00
9144, 0, 344.743, 0.93, 1, 0.00, 0.12, 0.00, 0.00, 0.04, 0.00, 0.01, 1.61, 0.67, 0.33, 0.90, 0.49, 0.00, 0.01, 1.16, 0.41, 0.06, 0.00, 0.00, 0.00, 1.00, 0.00, 0.00, 0.00, 0.00, 1.00, 0.00, 0.00, 0.00, 0.00, 1.00, 0.00, 0.00, 0.00, 0.00
9145, 0, 344.780, 0.93, 1, 0.00, 0.13, 0.00, 0.01, 0.02, 0.00, 0.01, 1.38, 0.47, 0.09, 0.66, 0.63, 0.00, 0.10, 0.72, 0.22, 0.03, 0.00, 0.00, 0.00, 1.00, 0.00, 0.00, 0.00, 0.00, 0.00, 0.00, 0.00, 0.00, 0.00, 1.00, 0.00, 0.00, 0.00, 0.00
9146, 0, 344.818, 0.98, 1, 0.00, 0.07, 0.00, 0.01, 0.02, 0.00, 0.01, 1.30, 0.36, 0.15, 0.33, 0.93, 0.00, 0.17, 0.24, 0.06, 0.09, 0.00, 0.00, 0.00, 1.00, 0.00, 0.00, 0.00, 0.00, 0.00, 0.00, 1.00, 0.00, 0.00, 1.00, 0.00, 0.00, 0.00, 0.00
9147, 0, 344.856, 0.98, 1, 0.00, 0.01, 0.00, 0.01, 0.00, 0.00, 0.00, 1.20, 0.25, 0.33, 0.06, 0.99, 0.00, 0.21, 0.00, 0.00, 0.21, 0.00, 0.00, 0.00, 1.00, 0.00, 0.00, 0.00, 0.00, 0.00, 0.00, 1.00, 0.00, 0.00, 1.00, 0.00, 0.00, 0.00, 0.00
9148, 0, 344.893, 0.98, 1, 0.00, 0.00, 0.00, 0.00, 0.02, 0.00, 0.00, 1.32, 0.28, 0.60, 0.05, 0.89, 0.00, 0.12, 0.00, 0.14, 0.19, 0.00, 0.00, 0.00, 1.00, 0.00, 0.00, 0.00, 0.00, 0.00, 0.00, 1.00, 0.00, 0.00, 1.00, 0.00, 0.00, 0.00, 0.00
9149, 0, 344.931, 0.98, 1, 0.00, 0.00, 0.00, 0.00, 0.04, 0.00, 0.00, 1.40, 0.32, 0.70, 0.00, 0.66, 0.00, 0.07, 0.00, 0.16, 0.12, 0.00, 0.00, 0.00, 1.00, 0.00, 0.00, 0.00, 0.00, 0.00, 0.00, 1.00, 0.00, 0.00, 1.00, 0.00, 0.00, 0.00, 0.00
9150, 0, 344.969, 0.98, 1, 0.01, 0.00, 0.00, 0.00, 0.04, 0.00, 0.09, 1.25, 0.37, 0.67, 0.00, 0.47, 0.00, 0.02, 0.00, 0.16, 0.00, 0.00, 0.00, 0.00, 1.00, 0.00, 0.00, 0.00, 0.00, 0.00, 0.00, 1.00, 0.00, 0.00, 1.00, 0.00, 0.00, 0.00, 0.00
9151, 0, 345.007, 0.98, 1, 0.18, 0.00, 0.00, 0.00, 0.02, 0.10, 0.22, 1.18, 0.40, 0.63, 0.00, 0.23, 0.00, 0.01, 0.00, 0.02, 0.00, 0.00, 0.00, 0.00, 1.00, 0.00, 0.00, 0.00, 0.00, 0.00, 0.00, 1.00, 0.00, 0.00, 1.00, 0.00, 0.00, 0.00, 0.00
9152, 0, 345.044, 0.98, 1, 0.39, 0.00, 0.00, 0.00, 0.00, 0.10, 0.40, 1.10, 0.36, 0.60, 0.00, 0.15, 0.00, 0.00, 0.00, 0.03, 0.00, 0.00, 0.00, 0.00, 1.00, 0.00, 0.00, 0.00, 0.00, 0.00, 0.00, 1.00, 0.00, 0.00, 1.00, 0.00, 0.00, 0.00, 0.00
9153, 0, 345.082, 0.98, 1, 0.65, 0.00, 0.00, 0.06, 0.00, 0.10, 0.42, 1.19, 0.31, 0.75, 0.12, 0.22, 0.00, 0.00, 0.00, 0.07, 0.01, 0.00, 0.00, 0.00, 1.00, 0.00, 0.00, 0.00, 0.00, 0.00, 0.00, 1.00, 0.00, 0.00, 1.00, 0.00, 0.00, 0.00, 0.00
9154, 0, 345.120, 0.93, 1, 0.70, 0.07, 0.00, 0.16, 0.00, 0.00, 0.44, 1.23, 0.22, 0.53, 0.32, 0.33, 0.00, 0.00, 0.01, 0.21, 0.12, 0.00, 0.00, 0.00, 1.00, 0.00, 0.00, 0.00, 0.00, 0.00, 0.00, 1.00, 0.00, 0.00, 1.00, 0.00, 0.00, 0.00, 0.00
9155, 0, 345.157, 0.93, 1, 0.72, 0.07, 0.00, 0.16, 0.00, 0.00, 0.27, 1.26, 0.17, 0.54, 0.35, 0.28, 0.00, 0.00, 0.01, 0.18, 0.12, 0.00, 0.00, 0.00, 1.00, 0.00, 0.00, 0.00, 0.00, 0.00, 0.00, 1.00, 0.00, 0.00, 1.00, 0.00, 0.00, 0.00, 0.00
9156, 0, 345.195, 0.88, 1, 0.61, 0.07, 0.00, 0.09, 0.00, 0.00, 0.16, 1.15, 0.24, 0.43, 0.33, 0.18, 0.00, 0.00, 0.08, 0.20, 0.12, 0.00, 0.00, 0.00, 1.00, 0.00, 0.00, 0.00, 0.00, 0.00, 0.00, 1.00, 0.00, 0.00, 1.00, 0.00, 0.00, 0.00, 0.00
9157, 0, 345.233, 0.88, 1, 0.56, 0.18, 0.00, 0.00, 0.00, 0.00, 0.00, 0.94, 0.43, 0.61, 0.13, 0.05, 0.04, 0.00, 0.26, 0.07, 0.00, 0.00, 0.00, 0.00, 1.00, 0.00, 0.00, 0.00, 0.00, 0.00, 0.00, 1.00, 0.00, 0.00, 1.00, 0.00, 0.00, 0.00, 0.00
9158, 0, 345.270, 0.93, 1, 0.59, 0.32, 0.00, 0.00, 0.00, 0.00, 0.00, 0.65, 0.63, 0.58, 0.10, 0.10, 0.04, 0.00, 0.41, 0.08, 0.00, 0.00, 0.00, 0.00, 1.00, 0.00, 0.00, 0.00, 0.00, 1.00, 0.00, 0.00, 0.00, 0.00, 1.00, 1.00, 0.00, 0.00, 0.00
9159, 0, 345.308, 0.93, 1, 0.59, 0.63, 0.00, 0.01, 0.00, 0.00, 0.00, 0.57, 0.75, 0.63, 0.00, 0.19, 0.04, 0.00, 0.53, 0.17, 0.00, 0.00, 0.00, 0.00, 1.00, 0.00, 0.00, 0.00, 0.00, 1.00, 0.00, 0.00, 0.00, 0.00, 1.00, 1.00, 0.00, 0.00, 0.00
9160, 0, 345.346, 0.93, 1, 0.42, 0.51, 0.00, 0.01, 0.10, 0.00, 0.00, 0.67, 0.91, 0.45, 0.22, 0.48, 0.09, 0.02, 0.90, 0.23, 0.00, 0.00, 0.00, 0.00, 1.00, 0.00, 0.00, 0.00, 0.00, 1.00, 0.00, 0.00, 0.00, 0.00, 1.00, 1.00, 0.00, 0.00, 0.00
9161, 0, 345.384, 0.98, 1, 0.17, 0.40, 0.00, 0.01, 0.18, 0.00, 0.00, 0.85, 1.06, 0.24, 0.39, 0.76, 0.16, 0.04, 1.33, 0.32, 0.00, 0.00, 0.00, 0.00, 1.00, 0.00, 0.00, 0.00, 0.00, 1.00, 0.00, 0.00, 0.00, 0.00, 1.00, 1.00, 0.00, 0.00, 0.00
9162, 0, 345.421, 0.98, 1, 0.00, 0.11, 0.00, 0.02, 0.26, 0.00, 0.02, 1.05, 1.16, 0.00, 0.39, 0.72, 0.26, 0.04, 1.60, 0.53, 0.00, 0.00, 0.00, 0.00, 1.00, 0.00, 0.00, 0.00, 0.00, 1.00, 0.00, 0.00, 0.00, 0.00, 1.00, 1.00, 0.00, 0.00, 0.00
9163, 0, 345.459, 0.93, 1, 0.06, 0.05, 0.00, 0.02, 0.19, 0.00, 0.02, 1.16, 1.16, 0.20, 0.18, 0.58, 0.25, 0.02, 1.47, 0.93, 0.00, 0.00, 0.00, 0.00, 1.00, 0.00, 0.00, 0.00, 0.00, 1.00, 0.00, 0.00, 0.00, 0.00, 1.00, 1.00, 1.00, 0.00, 0.00
9164, 0, 345.497, 0.88, 1, 0.09, 0.14, 0.00, 0.02, 0.21, 0.05, 0.02, 1.21, 1.21, 0.47, 0.00, 0.38, 0.26, 0.00, 1.35, 1.40, 0.00, 0.00, 0.00, 0.00, 1.00, 0.00, 0.00, 0.00, 0.00, 1.00, 0.00, 0.00, 1.00, 0.00, 1.00, 1.00, 1.00, 0.00, 0.00
9165, 0, 345.534, 0.88, 1, 0.09, 0.13, 0.00, 0.00, 0.14, 0.05, 0.00, 1.08, 1.21, 0.65, 0.00, 0.72, 0.28, 0.04, 1.35, 1.52, 0.00, 0.00, 0.00, 0.00, 1.00, 0.00, 0.00, 0.00, 0.00, 1.00, 0.00, 0.00, 1.00, 0.00, 1.00, 1.00, 1.00, 0.00, 0.00
9166, 0, 345.572, 0.98, 1, 0.03, 0.13, 0.00, 0.00, 0.20, 0.05, 0.00, 1.09, 1.24, 0.45, 0.09, 0.95, 0.27, 0.04, 1.28, 1.38, 0.00, 0.00, 0.00, 0.00, 1.00, 0.00, 0.00, 0.00, 0.00, 1.00, 0.00, 0.00, 1.00, 0.00, 1.00, 1.00, 1.00, 0.00, 0.00
9167, 0, 345.610, 0.93, 1, 0.03, 0.00, 0.00, 0.00, 0.17, 0.00, 0.00, 1.14, 1.22, 0.19, 0.32, 1.18, 0.20, 0.04, 1.25, 1.10, 0.00, 0.00, 0.00, 0.00, 1.00, 0.00, 0.00, 0.00, 0.00, 1.00, 1.00, 0.00, 1.00, 0.00, 1.00, 1.00, 0.00, 0.00, 0.00
9168, 0, 345.648, 0.93, 1, 0.03, 0.04, 0.00, 0.00, 0.17, 0.00, 0.00, 1.12, 1.17, 0.33, 0.42, 0.98, 0.07, 0.00, 0.88, 0.91, 0.00, 0.00, 0.00, 0.00, 1.00, 0.00, 0.00, 0.00, 0.00, 1.00, 1.00, 0.00, 1.00, 0.00, 1.00, 1.00, 0.00, 0.00, 0.00
9169, 0, 345.685, 0.93, 1, 0.10, 0.04, 0.00, 0.00, 0.08, 0.00, 0.00, 0.76, 0.97, 0.59, 0.33, 0.86, 0.09, 0.00, 0.51, 0.69, 0.00, 0.00, 0.00, 0.00, 1.00, 0.00, 0.00, 0.00, 0.00, 1.00, 1.00, 0.00, 1.00, 0.00, 1.00, 0.00, 0.00, 0.00, 0.00
9170, 0, 345.723, 0.98, 1, 0.07, 0.04, 0.00, 0.11, 0.05, 0.00, 0.00, 0.86, 0.71, 0.90, 0.14, 0.74, 0.10, 0.00, 0.28, 0.77, 0.00, 0.00, 0.00, 0.00, 1.00, 0.00, 0.00, 0.00, 0.00, 1.00, 1.00, 0.00, 1.00, 0.00, 1.00, 0.00, 0.00, 0.00, 0.00
9171, 0, 345.761, 0.98, 1, 0.07, 0.00, 0.00, 0.22, 0.07, 0.00, 0.00, 0.89, 0.59, 1.08, 0.10, 0.85, 0.10, 0.13, 0.25, 0.93, 0.00, 0.00, 0.00, 0.00, 1.00, 0.00, 0.00, 0.00, 0.00, 1.00, 1.00, 0.00, 1.00, 0.00, 1.00, 0.00, 0.00, 0.00, 0.00
9172, 0, 345.798, 0.98, 1, 0.00, 0.02, 0.00, 0.31, 0.07, 0.00, 0.00, 1.01, 0.57, 1.35, 0.10, 0.81, 0.01, 0.29, 0.41, 1.26, 0.00, 0.00, 0.00, 0.00, 1.00, 0.00, 0.00, 0.00, 0.00, 1.00, 1.00, 0.00, 1.00, 0.00, 1.00, 0.00, 0.00, 0.00, 0.00
9173, 0, 345.836, 0.98, 1, 0.00, 0.02, 0.00, 0.28, 0.02, 0.00, 0.00, 0.70, 0.67, 1.44, 0.05, 0.86, 0.00, 0.38, 0.43, 1.28, 0.00, 0.00, 0.00, 0.00, 1.00, 0.00, 0.00, 0.00, 0.00, 1.00, 1.00, 0.00, 1.00, 0.00, 1.00, 0.00, 0.00, 0.00, 0.00
9174, 0, 345.874, 0.98, 1, 0.00, 0.06, 0.00, 0.18, 0.02, 0.00, 0.00, 0.71, 0.72, 1.25, 0.00, 0.63, 0.00, 0.28, 0.70, 1.20, 0.00, 0.00, 0.00, 0.00, 1.00, 0.00, 0.00, 0.00, 0.00, 1.00, 1.00, 0.00, 1.00, 0.00, 1.00, 0.00, 0.00, 0.00, 0.00
9175, 0, 345.911, 0.93, 1, 0.05, 0.24, 0.00, 0.09, 0.02, 0.00, 0.00, 0.90, 0.76, 0.72, 0.32, 0.52, 0.06, 0.13, 1.33, 0.77, 0.00, 0.00, 0.00, 0.00, 1.00, 0.00, 0.00, 0.00, 0.00, 1.00, 0.00, 0.00, 1.00, 0.00, 1.00, 0.00, 0.00, 0.00, 0.00
9176, 0, 345.949, 0.93, 1, 0.14, 0.40, 0.00, 0.15, 0.02, 0.00, 0.00, 1.05, 0.66, 0.32, 0.83, 0.41, 0.06, 0.03, 1.58, 0.39, 0.00, 0.00, 0.00, 0.00, 1.00, 0.00, 0.00, 0.00, 0.00, 1.00, 0.00, 0.00, 1.00, 0.00, 1.00, 0.00, 0.00, 0.00, 0.00
9177, 0, 345.987, 0.93, 1, 0.14, 0.54, 0.00, 0.15, 0.00, 0.00, 0.00, 1.31, 0.49, 0.00, 1.29, 0.69, 0.16, 0.00, 1.63, 0.08, 0.00, 0.00, 0.00, 0.00, 1.00, 0.00, 0.00, 0.00, 0.00, 0.00, 0.00, 0.00, 1.00, 0.00, 1.00, 0.00, 0.00, 0.00, 0.00
9178, 0, 346.025, 0.98, 1, 0.23, 0.65, 0.00, 0.15, 0.00, 0.00, 0.00, 1.51, 0.25, 0.00, 1.27, 0.87, 0.13, 0.00, 1.20, 0.18, 0.00, 0.00, 0.00, 0.00, 1.00, 0.00, 0.00, 0.00, 0.00, 0.00, 0.00, 0.00, 0.00, 0.00, 1.00, 0.00, 0.00, 0.00, 0.00
9179, 0, 346.062, 0.98, 1, 0.27, 0.76, 0.00, 0.00, 0.00, 0.00, 0.00, 1.69, 0.10, 0.00, 0.86, 0.99, 0.20, 0.00, 1.06, 0.24, 0.00, 0.00, 0.00, 0.00, 1.00, 0.00, 0.00, 0.00, 0.00, 0.00, 0.00, 1.00, 0.00, 0.00, 1.00, 0.00, 0.00, 0.00, 0.00
9180, 0, 346.100, 0.98, 1, 0.41, 0.64, 0.00, 0.00, 0.02, 0.00, 0.06, 1.33, 0.25, 0.27, 0.40, 0.71, 0.11, 0.00, 0.76, 0.17, 0.00, 0.00, 0.00, 0.00, 1.00, 0.00, 0.00, 0.00, 0.00, 0.00, 0.00, 1.00, 0.00, 0.00, 1.00, 0.00, 0.00, 0.00, 0.00
9181, 0, 346.138, 0.98, 1, 0.38, 0.42, 0.00, 0.00, 0.02, 0.06, 0.06, 0.98, 0.46, 0.43, 0.11, 0.56, 0.07, 0.00, 0.53, 0.27, 0.00, 0.00, 0.00, 0.00, 1.00, 0.00, 0.00, 0.00, 0.00, 0.00, 0.00, 1.00, 0.00, 0.00, 1.00, 0.00, 0.00, 0.00, 0.00
9182, 0, 346.175, 0.98, 1, 0.36, 0.19, 0.00, 0.00, 0.02, 0.06, 0.06, 0.70, 0.60, 0.44, 0.00, 0.43, 0.00, 0.00, 0.42, 0.48, 0.00, 0.00, 0.00, 0.00, 1.00, 0.00, 0.00, 0.00, 0.00, 0.00, 0.00, 1.00, 0.00, 0.00, 1.00, 0.00, 0.00, 0.00, 0.00
9183, 0, 346.213, 0.93, 1, 0.26, 0.14, 0.00, 0.00, 0.00, 0.06, 0.00, 0.71, 0.48, 0.17, 0.00, 0.46, 0.00, 0.05, 0.58, 0.59, 0.00, 0.00, 0.00, 0.00, 1.00, 0.00, 0.00, 0.00, 0.00, 0.00, 0.00, 0.00, 0.00, 0.00, 1.00, 0.00, 0.00, 0.00, 0.00
9184, 0, 346.251, 0.98, 1, 0.15, 0.05, 0.00, 0.00, 0.00, 0.00, 0.00, 0.68, 0.39, 0.06, 0.02, 0.36, 0.00, 0.14, 0.58, 0.40, 0.00, 0.00, 0.00, 0.00, 1.00, 0.00, 0.00, 0.00, 0.00, 0.00, 0.00, 0.00, 0.00, 0.00, 1.00, 1.00, 0.00, 0.00, 0.00
9185, 0, 346.289, 0.98, 1, 0.03, 0.00, 0.00, 0.00, 0.00, 0.00, 0.00, 0.89, 0.44, 0.20, 0.13, 0.43, 0.02, 0.22, 0.72, 0.13, 0.12, 0.00, 0.00, 0.00, 1.00, 0.00, 0.00, 0.00, 0.00, 0.00, 0.00, 0.00, 0.00, 0.00, 1.00, 1.00, 0.00, 0.00, 0.00
9186, 0, 346.326, 0.98, 1, 0.00, 0.00, 0.00, 0.00, 0.00, 0.00, 0.00, 1.00, 0.47, 0.45, 0.69, 0.49, 0.02, 0.21, 1.12, 0.12, 0.18, 0.00, 0.00, 0.00, 1.00, 0.00, 0.00, 0.00, 0.00, 0.00, 0.00, 0.00, 0.00, 0.00, 1.00, 1.00, 0.00, 0.00, 0.00
9187, 0, 346.364, 0.98, 1, 0.00, 0.00, 0.00, 0.00, 0.01, 0.00, 0.00, 1.17, 0.47, 0.69, 1.12, 0.58, 0.02, 0.13, 1.72, 0.26, 0.30, 0.00, 0.00, 0.00, 1.00, 0.00, 0.00, 0.00, 1.00, 0.00, 0.00, 0.00, 0.00, 0.00, 1.00, 1.00, 0.00, 0.00, 0.00
9188, 0, 346.402, 0.98, 1, 0.00, 0.00, 0.00, 0.00, 0.02, 0.00, 0.00, 1.16, 0.46, 0.84, 1.35, 0.66, 0.00, 0.07, 1.95, 0.45, 0.17, 0.00, 0.00, 0.00, 1.00, 0.00, 0.00, 0.00, 1.00, 0.00, 0.00, 0.00, 0.00, 0.00, 1.00, 1.00, 0.00, 0.00, 0.00
9189, 0, 346.439, 0.98, 1, 0.00, 0.00, 0.00, 0.00, 0.02, 0.00, 0.00, 1.31, 0.52, 0.82, 1.00, 0.85, 0.00, 0.04, 1.78, 0.63, 0.12, 0.00, 0.00, 0.00, 1.00, 0.00, 0.00, 0.00, 1.00, 0.00, 0.00, 0.00, 0.00, 0.00, 1.00, 1.00, 0.00, 0.00, 0.00
9190, 0, 346.477, 0.98, 1, 0.11, 0.11, 0.00, 0.00, 0.02, 0.00, 0.00, 1.29, 0.69, 0.59, 1.06, 0.79, 0.00, 0.03, 1.60, 0.65, 0.00, 0.00, 0.00, 0.00, 1.00, 0.00, 0.00, 0.00, 0.00, 0.00, 0.00, 0.00, 0.00, 0.00, 1.00, 1.00, 0.00, 0.00, 0.00
9191, 0, 346.515, 0.88, 1, 0.28, 0.18, 0.00, 0.00, 0.00, 0.00, 0.00, 1.09, 0.83, 0.46, 0.94, 0.59, 0.00, 0.00, 1.54, 0.63, 0.00, 0.00, 0.00, 0.00, 1.00, 0.00, 0.00, 0.00, 0.00, 1.00, 0.00, 0.00, 0.00, 0.00, 1.00, 1.00, 0.00, 0.00, 0.00
9192, 0, 346.552, 0.88, 1, 0.38, 0.23, 0.00, 0.00, 0.00, 0.00, 0.00, 0.80, 0.99, 0.39, 1.24, 0.34, 0.01, 0.00, 1.86, 0.34, 0.00, 0.00, 0.00, 0.00, 1.00, 0.00, 0.00, 0.00, 0.00, 1.00, 0.00, 0.00, 0.00, 0.00, 1.00, 1.00, 0.00, 0.00, 0.00
9193, 0, 346.590, 0.88, 1, 0.27, 0.12, 0.00, 0.00, 0.03, 0.00, 0.00, 0.80, 1.09, 0.62, 1.37, 0.45, 0.01, 0.00, 1.90, 0.26, 0.00, 0.00, 1.00, 0.00, 1.00, 0.00, 0.00, 0.00, 0.00, 1.00, 0.00, 0.00, 0.00, 0.00, 1.00, 0.00, 0.00, 0.00, 0.00
9194, 0, 346.628, 0.98, 1, 0.18, 0.13, 0.00, 0.00, 0.03, 0.00, 0.00, 0.76, 1.02, 0.63, 1.50, 0.48, 0.01, 0.00, 1.76, 0.08, 0.00, 0.00, 1.00, 0.00, 1.00, 0.00, 0.00, 0.00, 0.00, 1.00, 0.00, 0.00, 0.00, 0.00, 1.00, 0.00, 0.00, 0.00, 0.00
9195, 0, 346.666, 0.88, 1, 0.10, 0.24, 0.00, 0.12, 0.03, 0.00, 0.03, 1.07, 0.80, 0.51, 1.01, 0.72, 0.12, 0.03, 1.02, 0.11, 0.00, 0.00, 1.00, 0.00, 1.00, 0.00, 0.00, 0.00, 0.00, 1.00, 0.00, 0.00, 0.00, 0.00, 1.00, 0.00, 0.00, 0.00, 0.00
9196, 0, 346.703, 0.93, 1, 0.14, 0.33, 0.00, 0.12, 0.00, 0.04, 0.03, 1.09, 0.58, 0.28, 0.64, 0.70, 0.15, 0.03, 0.58, 0.03, 0.03, 0.00, 1.00, 0.00, 1.00, 0.00, 0.00, 0.00, 0.00, 1.00, 0.00, 0.00, 0.00, 0.00, 1.00, 0.00, 0.00, 0.00, 0.00
9197, 0, 346.741, 0.98, 1, 0.14, 0.33, 0.00, 0.12, 0.00, 0.04, 0.03, 1.19, 0.49, 0.12, 0.50, 0.75, 0.20, 0.03, 0.40, 0.03, 0.04, 0.00, 1.00, 0.00, 1.00, 0.00, 0.00, 0.00, 1.00, 1.00, 0.00, 0.00, 0.00, 0.00, 1.00, 0.00, 0.00, 0.00, 0.00
9198, 0, 346.779, 0.98, 1, 0.12, 0.17, 0.00, 0.02, 0.00, 0.09, 0.00, 0.91, 0.53, 0.08, 0.65, 0.58, 0.09, 0.00, 0.49, 0.00, 0.12, 0.00, 1.00, 0.00, 1.00, 0.00, 0.00, 0.00, 1.00, 1.00, 0.00, 0.00, 0.00, 0.00, 1.00, 0.00, 0.00, 0.00, 0.00
9199, 0, 346.816, 0.98, 1, 0.14, 0.08, 0.00, 0.11, 0.00, 0.05, 0.00, 0.96, 0.62, 0.25, 0.72, 0.65, 0.07, 0.00, 0.67, 0.00, 0.09, 0.00, 0.00, 0.00, 1.00, 0.00, 0.00, 0.00, 1.00, 1.00, 0.00, 0.00, 0.00, 0.00, 1.00, 0.00, 0.00, 0.00, 0.00
9200, 0, 346.854, 0.98, 1, 0.14, 0.02, 0.00, 0.11, 0.00, 0.05, 0.00, 0.80, 0.76, 0.36, 0.51, 0.67, 0.02, 0.00, 0.89, 0.00, 0.07, 0.00, 0.00, 0.00, 1.00, 0.00, 0.00, 0.00, 0.00, 1.00, 0.00, 0.00, 0.00, 0.00, 1.00, 0.00, 0.00, 0.00, 0.00
9201, 0, 346.892, 0.98, 1, 0.20, 0.02, 0.00, 0.09, 0.00, 0.00, 0.00, 0.74, 0.87, 0.72, 0.48, 0.71, 0.01, 0.00, 1.13, 0.00, 0.00, 0.00, 0.00, 0.00, 1.00, 0.00, 0.00, 0.00, 0.00, 1.00, 1.00, 0.00, 0.00, 0.00, 1.00, 0.00, 0.00, 0.00, 0.00
9202, 0, 346.930, 0.98, 1, 0.20, 0.11, 0.00, 0.00, 0.02, 0.00, 0.00, 0.43, 0.85, 0.67, 0.26, 0.58, 0.00, 0.00, 1.14, 0.00, 0.00, 0.00, 0.00, 0.00, 1.00, 0.00, 1.00, 0.00, 0.00, 1.00, 1.00, 0.00, 0.00, 0.00, 1.00, 1.00, 0.00, 0.00, 0.00
9203, 0, 346.967, 0.98, 1, 0.13, 0.08, 0.00, 0.00, 0.02, 0.00, 0.00, 0.27, 0.78, 0.60, 0.45, 0.55, 0.00, 0.00, 1.02, 0.00, 0.00, 0.00, 0.00, 0.00, 1.00, 0.00, 1.00, 0.00, 0.00, 1.00, 1.00, 0.00, 0.00, 0.00, 1.00, 0.00, 0.00, 0.00, 0.00
9204, 0, 347.005, 0.98, 1, 0.06, 0.08, 0.00, 0.00, 0.03, 0.00, 0.00, 0.19, 0.69, 0.24, 0.52, 0.37, 0.00, 0.00, 1.00, 0.00, 0.00, 0.00, 0.00, 0.00, 1.00, 0.00, 1.00, 0.00, 0.00, 1.00, 1.00, 0.00, 0.00, 0.00, 1.00, 0.00, 0.00, 0.00, 0.00
9205, 0, 347.043, 0.98, 1, 0.15, 0.17, 0.00, 0.00, 0.01, 0.00, 0.05, 0.14, 0.70, 0.17, 0.40, 0.24, 0.00, 0.00, 0.68, 0.00, 0.00, 0.00, 0.00, 0.00, 1.00, 0.00, 1.00, 0.00, 0.00, 1.00, 1.00, 0.00, 0.00, 0.00, 1.00, 0.00, 0.00, 0.00, 0.00
9206, 0, 347.080, 0.98, 1, 0.18, 0.18, 0.00, 0.00, 0.01, 0.00, 0.07, 0.24, 0.66, 0.17, 0.21, 0.08, 0.00, 0.00, 0.40, 0.00, 0.03, 0.00, 0.00, 0.00, 1.00, 0.00, 0.00, 0.00, 0.00, 1.00, 0.00, 0.00, 0.00, 0.00, 1.00, 0.00, 0.00, 0.00, 0.00
9207, 0, 347.118, 0.98, 1, 0.18, 0.24, 0.00, 0.00, 0.00, 0.00, 0.07, 0.26, 0.65, 0.27, 0.19, 0.03, 0.00, 0.00, 0.06, 0.00, 0.08, 0.00, 0.00, 0.00, 1.00, 0.00, 0.00, 0.00, 0.00, 1.00, 0.00, 0.00, 0.00, 0.00, 1.00, 0.00, 0.00, 0.00, 0.00
9208, 0, 347.156, 0.98, 1, 0.04, 0.15, 0.00, 0.00, 0.00, 0.00, 0.04, 0.24, 0.53, 0.26, 0.19, 0.03, 0.00, 0.00, 0.03, 0.00, 0.15, 0.00, 0.00, 0.00, 1.00, 0.00, 0.00, 0.00, 0.00, 1.00, 0.00, 0.00, 0.00, 0.00, 1.00, 0.00, 0.00, 0.00, 0.00
9209, 0, 347.193, 0.98, 1, 0.07, 0.36, 0.00, 0.00, 0.00, 0.00, 0.03, 0.12, 0.46, 0.32, 0.19, 0.03, 0.00, 0.00, 0.03, 0.00, 0.12, 0.00, 0.00, 0.00, 1.00, 0.00, 0.00, 0.00, 0.00, 1.00, 0.00, 0.00, 0.00, 0.00, 1.00, 0.00, 0.00, 0.00, 0.00
9210, 0, 347.231, 0.98, 1, 0.07, 0.44, 0.00, 0.00, 0.00, 0.00, 0.03, 0.02, 0.59, 0.56, 0.02, 0.17, 0.00, 0.00, 0.23, 0.00, 0.08, 0.00, 0.00, 0.00, 1.00, 0.00, 0.00, 0.00, 0.00, 1.00, 0.00, 0.00, 0.00, 0.00, 1.00, 0.00, 0.00, 0.00, 0.00
9211, 0, 347.269, 0.98, 1, 0.06, 0.57, 0.00, 0.00, 0.00, 0.00, 0.01, 0.09, 0.86, 0.85, 0.02, 0.31, 0.00, 0.00, 0.48, 0.00, 0.00, 0.00, 0.00, 0.00, 1.00, 0.00, 0.00, 0.00, 0.00, 1.00, 1.00, 0.00, 0.00, 0.00, 1.00, 0.00, 0.00, 0.00, 0.00
9212, 0, 347.307, 0.98, 1, 0.05, 0.50, 0.00, 0.03, 0.00, 0.00, 0.00, 0.17, 1.06, 1.17, 0.02, 0.39, 0.00, 0.00, 0.91, 0.06, 0.00, 0.00, 0.00, 0.00, 1.00, 0.00, 0.00, 0.00, 0.00, 1.00, 1.00, 0.00, 0.00, 0.00, 1.00, 1.00, 0.00, 0.00, 0.00
9213, 0, 347.344, 0.98, 1, 0.11, 0.55, 0.00, 0.03, 0.00, 0.00, 0.00, 0.35, 1.03, 1.31, 0.13, 0.40, 0.00, 0.00, 1.04, 0.32, 0.00, 0.00, 0.00, 0.00, 1.00, 0.00, 0.00, 0.00, 0.00, 1.00, 1.00, 0.00, 0.00, 0.00, 1.00, 1.00, 0.00, 0.00, 0.00
9214, 0, 347.382, 0.98, 1, 0.18, 0.58, 0.00, 0.03, 0.00, 0.00, 0.00, 0.52, 0.94, 1.36, 0.23, 0.49, 0.00, 0.00, 1.13, 0.57, 0.00, 0.00, 0.00, 0.00, 1.00, 0.00, 0.00, 0.00, 0.00, 1.00, 1.00, 0.00, 0.00, 0.00, 1.00, 1.00, 0.00, 0.00, 0.00
9215, 0, 347.420, 0.98, 1, 0.13, 0.46, 0.00, 0.00, 0.03, 0.00, 0.00, 0.90, 0.82, 0.91, 0.32, 0.53, 0.00, 0.00, 1.25, 0.51, 0.00, 0.00, 0.00, 0.00, 1.00, 0.00, 0.00, 0.00, 1.00, 1.00, 1.00, 0.00, 0.00, 0.00, 1.00, 1.00, 0.00, 0.00, 0.00
9216, 0, 347.457, 0.98, 1, 0.08, 0.27, 0.00, 0.00, 0.03, 0.00, 0.00, 1.05, 0.72, 0.45, 0.19, 0.44, 0.03, 0.00, 1.28, 0.25, 0.00, 0.00, 0.00, 0.00, 1.00, 0.00, 0.00, 0.00, 1.00, 1.00, 0.00, 0.00, 0.00, 0.00, 1.00, 1.00, 0.00, 0.00, 0.00
9217, 0, 347.495, 0.98, 1, 0.00, 0.05, 0.00, 0.06, 0.03, 0.00, 0.00, 1.16, 0.69, 0.12, 0.09, 0.31, 0.07, 0.00, 1.17, 0.00, 0.00, 0.00, 0.00, 0.00, 1.00, 0.00, 0.00, 0.00, 1.00, 1.00, 0.00, 0.00, 0.00, 0.00, 1.00, 1.00, 0.00, 0.00, 0.00
9218, 0, 347.533, 0.98, 1, 0.00, 0.00, 0.00, 0.06, 0.00, 0.31, 0.00, 0.89, 0.77, 0.12, 0.00, 0.24, 0.07, 0.00, 0.99, 0.00, 0.00, 0.00, 0.00, 0.00, 1.00, 0.00, 0.00, 0.00, 1.00, 1.00, 0.00, 0.00, 0.00, 0.00, 1.00, 1.00, 0.00, 0.00, 0.00
9219, 0, 347.571, 0.98, 1, 0.00, 0.00, 0.00, 0.06, 0.00, 0.45, 0.03, 0.91, 0.80, 0.17, 0.11, 0.18, 0.05, 0.00, 0.95, 0.00, 0.00, 0.00, 0.00, 0.00, 1.00, 0.00, 0.00, 0.00, 1.00, 1.00, 0.00, 0.00, 0.00, 0.00, 1.00, 1.00, 0.00, 0.00, 0.00
9220, 0, 347.608, 0.98, 1, 0.00, 0.25, 0.00, 0.00, 0.00, 0.45, 0.03, 0.82, 0.91, 0.36, 0.47, 0.29, 0.01, 0.00, 1.22, 0.00, 0.00, 0.00, 0.00, 0.00, 1.00, 0.00, 0.00, 0.00, 1.00, 1.00, 0.00, 0.00, 0.00, 0.00, 1.00, 1.00, 0.00, 0.00, 0.00
9221, 0, 347.646, 0.98, 1, 0.00, 0.37, 0.00, 0.00, 0.00, 0.14, 0.03, 0.91, 1.01, 0.53, 0.69, 0.43, 0.01, 0.00, 1.29, 0.00, 0.00, 0.00, 0.00, 0.00, 1.00, 0.00, 0.00, 0.00, 1.00, 1.00, 0.00, 0.00, 0.00, 0.00, 1.00, 1.00, 0.00, 0.00, 0.00
9222, 0, 347.684, 0.98, 1, 0.00, 0.48, 0.00, 0.00, 0.00, 0.00, 0.00, 0.91, 1.13, 0.64, 0.81, 0.69, 0.00, 0.00, 1.32, 0.00, 0.00, 0.00, 0.00, 0.00, 1.00, 0.00, 0.00, 0.00, 1.00, 1.00, 0.00, 0.00, 0.00, 0.00, 1.00, 1.00, 0.00, 0.00, 0.00
9223, 0, 347.721, 0.98, 1, 0.00, 0.25, 0.00, 0.00, 0.00, 0.00, 0.00, 1.10, 1.11, 0.50, 0.87, 0.66, 0.14, 0.00, 1.20, 0.00, 0.00, 0.00, 0.00, 0.00, 1.00, 0.00, 0.00, 0.00, 1.00, 1.00, 0.00, 1.00, 0.00, 0.00, 1.00, 1.00, 0.00, 0.00, 0.00
9224, 0, 347.759, 0.98, 1, 0.00, 0.13, 0.00, 0.00, 0.02, 0.00, 0.00, 1.27, 1.08, 0.58, 0.95, 0.70, 0.40, 0.00, 1.12, 0.00, 0.00, 0.00, 0.00, 0.00, 1.00, 0.00, 0.00, 0.00, 1.00, 1.00, 0.00, 1.00, 0.00, 0.00, 1.00, 1.00, 0.00, 0.00, 0.00
9225, 0, 347.797, 0.98, 1, 0.00, 0.14, 0.00, 0.00, 0.07, 0.00, 0.01, 1.51, 1.04, 0.73, 0.72, 0.48, 0.40, 0.00, 1.46, 0.27, 0.00, 0.00, 0.00, 0.00, 1.00, 0.00, 0.00, 0.00, 1.00, 1.00, 0.00, 1.00, 0.00, 0.00, 1.00, 1.00, 0.00, 0.00, 0.00
9226, 0, 347.834, 0.98, 1, 0.00, 0.25, 0.00, 0.00, 0.08, 0.00, 0.03, 1.71, 1.00, 0.89, 0.30, 0.36, 0.26, 0.00, 1.78, 0.52, 0.00, 0.00, 0.00, 0.00, 1.00, 0.00, 0.00, 0.00, 1.00, 1.00, 1.00, 1.00, 0.00, 0.00, 1.00, 1.00, 0.00, 0.00, 0.00
9227, 0, 347.872, 0.98, 1, 0.01, 0.35, 0.00, 0.00, 0.17, 0.00, 0.03, 1.99, 1.01, 0.96, 0.11, 0.22, 0.00, 0.01, 1.89, 0.72, 0.00, 0.00, 0.00, 0.00, 1.00, 0.00, 0.00, 0.00, 1.00, 1.00, 1.00, 1.00, 0.00, 0.00, 1.00, 1.00, 0.00, 0.00, 0.00
9228, 0, 347.910, 0.98, 1, 0.01, 0.28, 0.00, 0.00, 0.21, 0.00, 0.01, 1.95, 1.08, 1.01, 0.11, 0.15, 0.00, 0.01, 1.51, 0.76, 0.00, 0.00, 0.00, 0.00, 1.00, 0.00, 0.00, 0.00, 1.00, 1.00, 1.00, 1.00, 0.00, 0.00, 0.00, 1.00, 0.00, 0.00, 0.00
9229, 0, 347.948, 0.98, 1, 0.01, 0.29, 0.00, 0.00, 0.31, 0.00, 0.00, 1.83, 1.24, 0.95, 0.11, 0.16, 0.00, 0.02, 1.07, 0.84, 0.00, 0.00, 0.00, 0.00, 1.00, 0.00, 0.00, 0.00, 1.00, 1.00, 1.00, 1.00, 0.00, 0.00, 0.00, 1.00, 0.00, 0.00, 0.00
9230, 0, 347.985, 0.98, 1, 0.00, 0.23, 0.00, 0.12, 0.29, 0.00, 0.00, 1.49, 1.41, 1.08, 0.00, 0.32, 0.00, 0.01, 1.07, 0.88, 0.00, 0.00, 0.00, 0.00, 1.00, 0.00, 0.00, 0.00, 1.00, 1.00, 1.00, 0.00, 0.00, 0.00, 0.00, 1.00, 0.00, 0.00, 0.00
9231, 0, 348.023, 0.98, 1, 0.00, 0.19, 0.00, 0.12, 0.27, 0.00, 0.00, 1.34, 1.51, 0.86, 0.16, 0.49, 0.00, 0.01, 1.05, 0.71, 0.00, 0.00, 0.00, 0.00, 1.00, 0.00, 0.00, 0.00, 1.00, 1.00, 1.00, 0.00, 0.00, 0.00, 0.00, 1.00, 0.00, 0.00, 0.00
9232, 0, 348.061, 0.98, 1, 0.00, 0.06, 0.00, 0.12, 0.22, 0.00, 0.00, 1.28, 1.50, 0.80, 0.28, 0.47, 0.02, 0.00, 1.16, 0.55, 0.00, 0.00, 0.00, 0.00, 1.00, 0.00, 0.00, 0.00, 1.00, 1.00, 1.00, 0.00, 0.00, 0.00, 0.00, 1.00, 0.00, 0.00, 0.00
9233, 0, 348.098, 0.98, 1, 0.00, 0.05, 0.00, 0.00, 0.21, 0.00, 0.00, 1.27, 1.46, 0.55, 0.38, 0.27, 0.02, 0.00, 1.10, 0.58, 0.00, 0.00, 0.00, 0.00, 1.00, 0.00, 0.00, 0.00, 1.00, 1.00, 1.00, 0.00, 0.00, 0.00, 0.00, 1.00, 0.00, 0.00, 0.00
9234, 0, 348.136, 0.98, 1, 0.00, 0.04, 0.00, 0.00, 0.19, 0.00, 0.00, 1.19, 1.41, 0.46, 0.22, 0.29, 0.16, 0.00, 1.05, 0.43, 0.00, 0.00, 0.00, 0.00, 1.00, 0.00, 0.00, 0.00, 1.00, 1.00, 1.00, 0.00, 1.00, 0.00, 0.00, 1.00, 0.00, 0.00, 0.00
9235, 0, 348.174, 0.98, 1, 0.08, 0.04, 0.00, 0.00, 0.12, 0.00, 0.00, 0.87, 1.31, 0.40, 0.11, 0.68, 0.14, 0.00, 0.94, 0.25, 0.00, 0.00, 0.00, 0.00, 1.00, 0.00, 0.00, 0.00, 1.00, 1.00, 0.00, 0.00, 1.00, 0.00, 0.00, 1.00, 0.00, 0.00, 0.00
9236, 0, 348.212, 0.98, 1, 0.08, 0.00, 0.00, 0.00, 0.05, 0.00, 0.00, 0.61, 1.21, 0.31, 0.06, 0.94, 0.14, 0.00, 0.77, 0.00, 0.00, 0.00, 0.00, 0.00, 1.00, 0.00, 0.00, 0.00, 0.00, 1.00, 0.00, 0.00, 1.00, 0.00, 0.00, 1.00, 0.00, 0.00, 0.00
9237, 0, 348.249, 0.98, 1, 0.13, 0.15, 0.00, 0.00, 0.00, 0.00, 0.00, 0.39, 1.14, 0.38, 0.29, 1.06, 0.07, 0.00, 0.72, 0.00, 0.00, 0.00, 0.00, 0.00, 1.00, 0.00, 0.00, 0.00, 0.00, 1.00, 0.00, 0.00, 1.00, 0.00, 0.00, 0.00, 0.00, 0.00, 0.00
9238, 0, 348.287, 0.98, 1, 0.06, 0.19, 0.00, 0.00, 0.00, 0.00, 0.00, 0.39, 1.09, 0.32, 0.38, 0.96, 0.16, 0.00, 0.62, 0.00, 0.00, 0.00, 0.00, 0.00, 1.00, 0.00, 0.00, 0.00, 0.00, 1.00, 0.00, 0.00, 1.00, 0.00, 0.00, 0.00, 0.00, 0.00, 0.00
9239, 0, 348.325, 0.98, 1, 0.06, 0.31, 0.00, 0.00, 0.02, 0.00, 0.00, 0.51, 1.07, 0.24, 0.33, 0.87, 0.16, 0.00, 0.58, 0.09, 0.00, 0.00, 0.00, 0.00, 1.00, 0.00, 0.00, 0.00, 0.00, 1.00, 0.00, 0.00, 1.00, 0.00, 0.00, 0.00, 0.00, 0.00, 0.00
9240, 0, 348.362, 0.98, 1, 0.02, 0.16, 0.00, 0.00, 0.13, 0.11, 0.00, 0.44, 1.25, 0.12, 0.17, 0.93, 0.25, 0.04, 0.80, 0.09, 0.00, 0.00, 0.00, 0.00, 1.00, 0.00, 0.00, 0.00, 0.00, 1.00, 0.00, 0.00, 1.00, 0.00, 0.00, 0.00, 0.00, 0.00, 0.00
9241, 0, 348.400, 0.98, 1, 0.00, 0.12, 0.00, 0.00, 0.19, 0.11, 0.00, 0.61, 1.32, 0.13, 0.08, 0.75, 0.16, 0.04, 0.94, 0.18, 0.00, 0.00, 0.00, 0.00, 1.00, 0.00, 0.00, 0.00, 0.00, 1.00, 0.00, 0.00, 1.00, 0.00, 0.00, 0.00, 0.00, 0.00, 0.00
9242, 0, 348.438, 0.98, 1, 0.00, 0.00, 0.00, 0.00, 0.20, 0.11, 0.00, 0.53, 1.31, 0.24, 0.06, 0.78, 0.20, 0.08, 0.97, 0.24, 0.00, 0.00, 0.00, 0.00, 1.00, 0.00, 0.00, 0.00, 0.00, 1.00, 1.00, 0.00, 1.00, 0.00, 0.00, 0.00, 0.00, 0.00, 0.00
9243, 0, 348.475, 0.98, 1, 0.00, 0.00, 0.00, 0.00, 0.09, 0.00, 0.00, 0.62, 1.16, 0.54, 0.00, 0.48, 0.04, 0.04, 0.83, 0.31, 0.00, 0.00, 0.00, 0.00, 1.00, 0.00, 0.00, 0.00, 0.00, 1.00, 1.00, 0.00, 1.00, 0.00, 0.00, 0.00, 0.00, 0.00, 0.00
9244, 0, 348.513, 0.98, 1, 0.00, 0.00, 0.00, 0.00, 0.03, 0.00, 0.00, 0.44, 1.17, 0.84, 0.00, 0.54, 0.04, 0.04, 0.77, 0.38, 0.00, 0.00, 0.00, 0.00, 1.00, 0.00, 0.00, 0.00, 0.00, 1.00, 1.00, 0.00, 1.00, 0.00, 0.00, 0.00, 0.00, 0.00, 1.00
9245, 0, 348.551, 0.98, 1, 0.00, 0.21, 0.00, 0.00, 0.00, 0.00, 0.00, 0.55, 1.06, 0.85, 0.00, 0.33, 0.03, 0.07, 0.61, 0.23, 0.01, 0.00, 0.00, 0.00, 1.00, 0.00, 0.00, 0.00, 1.00, 1.00, 1.00, 0.00, 0.00, 0.00, 1.00, 0.00, 0.00, 0.00, 1.00
9246, 0, 348.589, 0.98, 1, 0.00, 0.21, 0.00, 0.00, 0.01, 0.00, 0.00, 0.71, 1.01, 0.82, 0.00, 0.32, 0.03, 0.09, 0.55, 0.17, 0.04, 0.00, 0.00, 0.00, 1.00, 0.00, 0.00, 0.00, 1.00, 0.00, 1.00, 0.00, 0.00, 0.00, 1.00, 0.00, 0.00, 0.00, 1.00
9247, 0, 348.626, 0.93, 1, 0.00, 0.21, 0.00, 0.00, 0.02, 0.00, 0.00, 0.88, 0.97, 0.71, 0.00, 0.17, 0.03, 0.11, 0.49, 0.00, 0.08, 0.00, 0.00, 0.00, 1.00, 0.00, 0.00, 0.00, 1.00, 0.00, 1.00, 0.00, 0.00, 0.00, 0.00, 1.00, 0.00, 0.00, 0.00
9248, 0, 348.664, 0.93, 1, 0.00, 0.00, 0.00, 0.00, 0.03, 0.00, 0.06, 0.89, 1.01, 0.77, 0.00, 0.12, 0.12, 0.04, 0.72, 0.00, 0.23, 0.00, 0.00, 0.00, 1.00, 0.00, 0.00, 0.00, 1.00, 0.00, 1.00, 0.00, 0.00, 0.00, 1.00, 1.00, 0.00, 0.00, 0.00
9249, 0, 348.702, 0.88, 1, 0.02, 0.00, 0.00, 0.00, 0.05, 0.00, 0.19, 0.75, 0.94, 0.65, 0.00, 0.06, 0.20, 0.02, 0.96, 0.00, 0.20, 0.00, 0.00, 0.00, 1.00, 0.00, 0.00, 0.00, 1.00, 0.00, 1.00, 0.00, 0.00, 0.00, 1.00, 1.00, 0.00, 0.00, 0.00
9250, 0, 348.739, 0.88, 1, 0.06, 0.00, 0.00, 0.00, 0.04, 0.00, 0.24, 0.73, 0.92, 0.71, 0.16, 0.00, 0.30, 0.00, 1.00, 0.00, 0.26, 0.00, 0.00, 0.00, 1.00, 0.00, 0.00, 0.00, 1.00, 1.00, 1.00, 0.00, 0.00, 0.00, 1.00, 1.00, 0.00, 0.00, 0.00
9251, 0, 348.777, 0.93, 1, 0.10, 0.00, 0.00, 0.00, 0.03, 0.00, 0.19, 0.71, 0.93, 0.85, 0.34, 0.00, 0.18, 0.00, 1.09, 0.00, 0.17, 0.00, 0.00, 0.00, 1.00, 0.00, 0.00, 0.00, 1.00, 1.00, 1.00, 0.00, 0.00, 0.00, 1.00, 1.00, 0.00, 0.00, 0.00
9252, 0, 348.815, 0.98, 1, 0.16, 0.00, 0.00, 0.00, 0.00, 0.00, 0.11, 0.54, 0.95, 0.69, 0.85, 0.00, 0.15, 0.00, 0.81, 0.00, 0.19, 0.00, 0.00, 0.00, 1.00, 0.00, 0.00, 0.00, 1.00, 1.00, 1.00, 0.00, 0.00, 0.00, 1.00, 1.00, 0.00, 0.00, 0.00
9253, 0, 348.853, 0.93, 1, 0.14, 0.00, 0.00, 0.00, 0.00, 0.00, 0.27, 0.32, 0.95, 0.62, 0.70, 0.00, 0.08, 0.00, 0.70, 0.00, 0.16, 0.00, 0.00, 0.00, 1.00, 0.00, 0.00, 0.00, 1.00, 1.00, 1.00, 0.00, 0.00, 0.00, 1.00, 1.00, 0.00, 0.00, 0.00
9254, 0, 348.890, 0.93, 1, 0.15, 0.00, 0.00, 0.00, 0.00, 0.00, 0.33, 0.17, 0.93, 0.28, 0.67, 0.00, 0.16, 0.00, 0.56, 0.00, 0.24, 0.00, 0.00, 0.00, 1.00, 0.00, 0.00, 0.00, 1.00, 1.00, 0.00, 0.00, 0.00, 0.00, 1.00, 1.00, 0.00, 0.00, 0.00
9255, 0, 348.928, 0.93, 1, 0.27, 0.15, 0.00, 0.00, 0.00, 0.00, 0.38, 0.37, 1.00, 0.28, 0.15, 0.00, 0.11, 0.00, 0.61, 0.00, 0.46, 0.00, 0.00, 0.00, 1.00, 0.00, 0.00, 0.00, 1.00, 1.00, 0.00, 0.00, 0.00, 0.00, 1.00, 1.00, 0.00, 0.00, 0.00
9256, 0, 348.966, 0.98, 1, 0.33, 0.31, 0.00, 0.00, 0.06, 0.06, 0.31, 0.54, 1.06, 0.08, 0.15, 0.00, 0.08, 0.00, 0.85, 0.00, 0.54, 0.00, 0.00, 0.00, 1.00, 0.00, 0.00, 0.00, 1.00, 1.00, 0.00, 0.00, 0.00, 0.00, 1.00, 1.00, 0.00, 0.00, 0.00
9257, 0, 349.003, 0.98, 1, 0.35, 0.49, 0.00, 0.00, 0.11, 0.15, 0.40, 0.65, 1.14, 0.19, 0.01, 0.00, 0.00, 0.00, 0.93, 0.00, 0.60, 0.00, 0.00, 0.00, 1.00, 0.00, 0.00, 0.00, 1.00, 1.00, 0.00, 0.00, 0.00, 0.00, 1.00, 1.00, 0.00, 0.00, 0.00
9258, 0, 349.041, 0.98, 1, 0.22, 0.34, 0.00, 0.00, 0.11, 0.15, 0.42, 0.64, 1.11, 0.41, 0.02, 0.00, 0.00, 0.00, 0.89, 0.00, 0.56, 0.00, 0.00, 0.00, 1.00, 0.00, 0.00, 0.00, 1.00, 1.00, 0.00, 0.00, 0.00, 0.00, 1.00, 1.00, 0.00, 0.00, 0.00
9259, 0, 349.079, 0.98, 1, 0.30, 0.18, 0.00, 0.00, 0.05, 0.08, 0.41, 0.73, 1.04, 0.73, 0.17, 0.00, 0.00, 0.00, 0.85, 0.00, 0.53, 0.00, 0.00, 0.00, 1.00, 0.00, 0.00, 0.00, 1.00, 1.00, 0.00, 0.00, 0.00, 0.00, 1.00, 0.00, 0.00, 0.00, 0.00
9260, 0, 349.116, 0.98, 1, 0.23, 0.00, 0.00, 0.00, 0.00, 0.00, 0.26, 0.77, 0.98, 0.62, 0.23, 0.05, 0.18, 0.00, 0.67, 0.00, 0.42, 0.00, 0.00, 0.00, 1.00, 0.00, 0.00, 0.00, 1.00, 1.00, 0.00, 0.00, 0.00, 0.00, 1.00, 0.00, 0.00, 0.00, 0.00
9261, 0, 349.154, 0.98, 1, 0.16, 0.00, 0.00, 0.00, 0.00, 0.00, 0.15, 0.90, 0.95, 0.50, 0.22, 0.23, 0.27, 0.00, 0.62, 0.00, 0.43, 0.00, 0.00, 0.00, 1.00, 0.00, 0.00, 0.00, 1.00, 1.00, 0.00, 1.00, 0.00, 0.00, 1.00, 0.00, 0.00, 0.00, 0.00
9262, 0, 349.192, 0.98, 1, 0.01, 0.00, 0.00, 0.00, 0.00, 0.00, 0.10, 0.78, 0.94, 0.10, 0.10, 0.29, 0.27, 0.00, 0.31, 0.00, 0.46, 0.00, 0.00, 0.00, 1.00, 0.00, 0.00, 0.00, 1.00, 1.00, 0.00, 1.00, 0.00, 0.00, 0.00, 0.00, 0.00, 0.00, 0.00
9263, 0, 349.230, 0.93, 1, 0.06, 0.00, 0.00, 0.00, 0.00, 0.00, 0.33, 0.80, 0.89, 0.38, 0.10, 0.34, 0.09, 0.00, 0.18, 0.00, 0.56, 0.00, 0.00, 0.00, 1.00, 0.00, 0.00, 0.00, 1.00, 1.00, 0.00, 1.00, 0.00, 0.00, 0.00, 0.00, 0.00, 0.00, 0.00
9264, 0, 349.267, 0.98, 1, 0.06, 0.00, 0.00, 0.00, 0.00, 0.00, 0.40, 0.90, 0.84, 0.33, 0.41, 0.34, 0.00, 0.00, 0.01, 0.00, 0.39, 0.00, 0.00, 0.00, 1.00, 0.00, 0.00, 0.00, 1.00, 1.00, 0.00, 1.00, 0.00, 0.00, 0.00, 0.00, 0.00, 0.00, 0.00
9265, 0, 349.305, 0.98, 1, 0.11, 0.00, 0.00, 0.00, 0.01, 0.00, 0.47, 1.14, 0.74, 0.49, 0.38, 0.43, 0.00, 0.00, 0.00, 0.18, 0.25, 0.00, 0.00, 0.00, 1.00, 0.00, 0.00, 0.00, 1.00, 1.00, 0.00, 1.00, 0.00, 0.00, 1.00, 0.00, 0.00, 0.00, 0.00
9266, 0, 349.343, 0.93, 1, 0.06, 0.00, 0.00, 0.14, 0.01, 0.00, 0.29, 1.26, 0.69, 0.75, 0.44, 0.41, 0.00, 0.00, 0.00, 0.28, 0.09, 0.00, 0.00, 0.00, 1.00, 0.00, 0.00, 0.00, 1.00, 1.00, 0.00, 1.00, 0.00, 0.00, 1.00, 0.00, 0.00, 0.00, 0.00
9267, 0, 349.380, 0.98, 1, 0.06, 0.00, 0.00, 0.25, 0.01, 0.00, 0.41, 1.18, 0.64, 0.99, 0.14, 0.45, 0.04, 0.00, 0.00, 0.35, 0.04, 0.00, 0.00, 0.00, 1.00, 0.00, 0.00, 0.00, 1.00, 1.00, 1.00, 1.00, 0.00, 0.00, 1.00, 0.00, 0.00, 0.00, 0.00
9268, 0, 349.418, 0.98, 1, 0.00, 0.00, 0.00, 0.37, 0.00, 0.00, 0.39, 1.15, 0.65, 1.14, 0.26, 0.44, 0.04, 0.00, 0.00, 0.17, 0.04, 0.00, 0.00, 0.00, 1.00, 0.00, 0.00, 0.00, 1.00, 1.00, 1.00, 1.00, 0.00, 0.00, 1.00, 0.00, 0.00, 0.00, 0.00
9269, 0, 349.456, 0.98, 1, 0.16, 0.00, 0.00, 0.42, 0.00, 0.00, 0.42, 1.09, 0.63, 1.02, 0.21, 0.55, 0.04, 0.00, 0.00, 0.22, 0.07, 0.00, 0.00, 0.00, 1.00, 0.00, 0.00, 0.00, 1.00, 1.00, 1.00, 1.00, 0.00, 0.00, 1.00, 0.00, 0.00, 0.00, 0.00
9270, 0, 349.494, 0.98, 1, 0.18, 0.00, 0.00, 0.32, 0.00, 0.00, 0.27, 0.88, 0.61, 0.74, 0.21, 0.60, 0.35, 0.00, 0.00, 0.15, 0.07, 0.00, 0.00, 0.00, 1.00, 0.00, 0.00, 0.00, 1.00, 1.00, 1.00, 0.00, 0.00, 0.00, 1.00, 0.00, 0.00, 0.00, 0.00
9271, 0, 349.531, 0.98, 1, 0.18, 0.00, 0.00, 0.19, 0.00, 0.08, 0.19, 0.86, 0.58, 0.42, 0.09, 0.70, 0.51, 0.00, 0.00, 0.15, 0.07, 0.00, 0.00, 0.00, 1.00, 0.00, 0.00, 0.00, 1.00, 1.00, 0.00, 1.00, 0.00, 0.00, 1.00, 0.00, 0.00, 0.00, 0.00
9272, 0, 349.569, 0.98, 1, 0.06, 0.00, 0.00, 0.00, 0.04, 0.10, 0.35, 0.97, 0.58, 0.04, 0.00, 0.71, 0.78, 0.00, 0.00, 0.00, 0.00, 0.00, 0.00, 0.00, 1.00, 0.00, 0.00, 0.00, 1.00, 1.00, 0.00, 1.00, 0.00, 0.00, 1.00, 0.00, 0.00, 0.00, 0.00
9273, 0, 349.607, 0.93, 1, 0.04, 0.00, 0.00, 0.00, 0.04, 0.10, 0.38, 1.44, 0.54, 0.02, 0.06, 0.91, 0.43, 0.00, 0.00, 0.00, 0.00, 0.00, 0.00, 0.00, 1.00, 0.00, 0.00, 0.00, 0.00, 1.00, 0.00, 0.00, 0.00, 0.00, 1.00, 0.00, 0.00, 0.00, 0.00
9274, 0, 349.644, 0.98, 1, 0.04, 0.00, 0.00, 0.00, 0.04, 0.02, 0.41, 1.69, 0.51, 0.02, 0.08, 1.11, 0.27, 0.00, 0.00, 0.00, 0.00, 0.00, 0.00, 0.00, 1.00, 0.00, 0.00, 0.00, 0.00, 1.00, 0.00, 0.00, 1.00, 0.00, 1.00, 0.00, 0.00, 0.00, 0.00
9275, 0, 349.682, 0.98, 1, 0.01, 0.00, 0.00, 0.00, 0.00, 0.00, 0.18, 1.31, 0.42, 0.09, 0.08, 1.40, 0.00, 0.00, 0.00, 0.00, 0.00, 0.00, 0.00, 0.00, 1.00, 0.00, 1.00, 0.00, 0.00, 1.00, 0.00, 1.00, 1.00, 0.00, 1.00, 0.00, 0.00, 0.00, 0.00
9276, 0, 349.720, 0.98, 1, 0.07, 0.00, 0.00, 0.00, 0.00, 0.06, 0.10, 0.96, 0.40, 0.11, 0.10, 1.29, 0.01, 0.00, 0.00, 0.00, 0.00, 0.00, 0.00, 0.00, 1.00, 0.00, 1.00, 0.00, 1.00, 1.00, 0.00, 1.00, 1.00, 0.00, 1.00, 0.00, 0.00, 0.00, 0.00
9277, 0, 349.757, 0.98, 1, 0.24, 0.00, 0.00, 0.11, 0.00, 0.19, 0.08, 0.79, 0.29, 0.11, 0.38, 1.23, 0.29, 0.00, 0.00, 0.00, 0.00, 0.00, 0.00, 0.00, 1.00, 0.00, 0.00, 0.00, 1.00, 1.00, 0.00, 1.00, 1.00, 0.00, 1.00, 0.00, 0.00, 0.00, 0.00
9278, 0, 349.795, 0.98, 1, 0.39, 0.00, 0.00, 0.21, 0.07, 0.19, 0.12, 1.47, 0.26, 0.01, 0.65, 0.85, 0.45, 0.00, 0.00, 0.00, 0.07, 0.00, 0.00, 0.00, 1.00, 0.00, 0.00, 0.00, 1.00, 1.00, 0.00, 1.00, 1.00, 1.00, 1.00, 0.00, 0.00, 0.00, 0.00
9279, 0, 349.833, 0.98, 1, 0.49, 0.00, 0.00, 0.26, 0.13, 0.13, 0.16, 1.97, 0.24, 0.00, 0.98, 0.69, 0.65, 0.00, 0.00, 0.00, 0.21, 0.00, 0.00, 0.00, 1.00, 0.00, 0.00, 0.00, 1.00, 1.00, 0.00, 1.00, 1.00, 1.00, 1.00, 0.00, 0.00, 0.00, 0.00
9280, 0, 349.871, 0.98, 1, 0.40, 0.00, 0.00, 0.15, 0.13, 0.00, 0.16, 2.22, 0.20, 0.00, 0.69, 0.75, 0.78, 0.00, 0.00, 0.00, 0.21, 0.00, 0.00, 0.00, 1.00, 0.00, 0.00, 0.00, 1.00, 1.00, 0.00, 1.00, 0.00, 1.00, 1.00, 0.00, 0.00, 0.00, 0.00
9281, 0, 349.908, 0.98, 1, 0.42, 0.00, 0.00, 0.06, 0.06, 0.00, 0.11, 2.26, 0.24, 0.30, 0.47, 0.85, 0.76, 0.00, 0.00, 0.00, 0.13, 0.00, 0.00, 0.00, 1.00, 0.00, 0.00, 0.00, 1.00, 1.00, 0.00, 1.00, 0.00, 1.00, 1.00, 0.00, 0.00, 0.00, 0.00
9282, 0, 349.946, 0.98, 1, 0.33, 0.00, 0.00, 0.00, 0.00, 0.00, 0.06, 2.32, 0.19, 0.58, 0.35, 1.18, 0.65, 0.00, 0.00, 0.00, 0.00, 0.00, 0.00, 0.00, 1.00, 0.00, 0.00, 0.00, 1.00, 1.00, 0.00, 1.00, 0.00, 0.00, 1.00, 0.00, 0.00, 0.00, 0.00
9283, 0, 349.984, 0.98, 1, 0.26, 0.00, 0.00, 0.00, 0.00, 0.00, 0.00, 2.45, 0.25, 0.85, 0.55, 1.09, 0.24, 0.01, 0.00, 0.00, 0.00, 0.00, 0.00, 0.00, 1.00, 0.00, 0.00, 0.00, 1.00, 1.00, 0.00, 1.00, 0.00, 0.00, 1.00, 0.00, 0.00, 0.00, 0.00
9284, 0, 350.021, 0.93, 1, 0.12, 0.00, 0.00, 0.00, 0.00, 0.00, 0.00, 2.48, 0.22, 1.02, 0.82, 1.31, 0.10, 0.01, 0.00, 0.00, 0.00, 0.00, 0.00, 0.00, 1.00, 0.00, 0.00, 0.00, 1.00, 1.00, 0.00, 1.00, 0.00, 0.00, 1.00, 0.00, 0.00, 0.00, 0.00
9285, 0, 350.059, 0.88, 1, 0.11, 0.00, 0.00, 0.00, 0.00, 0.00, 0.00, 2.33, 0.19, 0.82, 0.90, 0.92, 0.00, 0.00, 0.00, 0.00, 0.15, 1.00, 0.00, 0.00, 1.00, 0.00, 0.00, 0.00, 1.00, 1.00, 0.00, 1.00, 0.00, 0.00, 1.00, 0.00, 0.00, 0.00, 0.00
9286, 0, 350.097, 0.88, 1, 0.18, 0.00, 0.00, 0.00, 0.00, 0.00, 0.00, 2.32, 0.19, 1.40, 0.89, 0.87, 0.00, 0.00, 0.00, 0.04, 0.15, 1.00, 0.00, 0.00, 1.00, 0.00, 0.00, 0.00, 1.00, 1.00, 0.00, 1.00, 0.00, 0.00, 1.00, 0.00, 0.00, 0.00, 0.00
9287, 0, 350.134, 0.98, 1, 0.34, 0.00, 0.00, 0.00, 0.00, 0.00, 0.00, 2.25, 0.13, 1.62, 0.74, 0.62, 0.00, 0.02, 0.00, 0.04, 0.15, 1.00, 0.00, 0.00, 1.00, 0.00, 0.00, 0.00, 1.00, 1.00, 0.00, 1.00, 0.00, 0.00, 1.00, 0.00, 0.00, 0.00, 0.00
9288, 0, 350.172, 0.98, 1, 0.43, 0.00, 0.00, 0.00, 0.00, 0.00, 0.00, 1.67, 0.10, 1.55, 0.94, 1.03, 0.78, 0.02, 1.30, 0.04, 0.00, 1.00, 0.00, 0.00, 1.00, 0.00, 0.00, 0.00, 0.00, 1.00, 0.00, 1.00, 0.00, 0.00, 1.00, 0.00, 0.00, 0.00, 0.00
9289, 0, 350.210, 0.98, 1, 0.62, 0.00, 0.00, 0.00, 0.00, 0.00, 0.00, 1.63, 0.22, 0.69, 2.42, 1.82, 1.36, 0.02, 2.96, 0.20, 0.00, 0.00, 0.00, 0.00, 1.00, 0.00, 0.00, 0.00, 0.00, 0.00, 0.00, 1.00, 0.00, 1.00, 1.00, 0.00, 0.00, 0.00, 0.00
9290, 0, 350.248, 0.98, 1, 0.56, 0.00, 0.00, 0.00, 0.03, 0.19, 0.00, 1.79, 0.18, 0.00, 3.91, 2.76, 2.68, 0.00, 4.47, 0.26, 0.00, 0.00, 0.00, 0.00, 1.00, 0.00, 0.00, 0.00, 0.00, 0.00, 0.00, 1.00, 1.00, 1.00, 0.00, 0.00, 0.00, 0.00, 0.00
9291, 0, 350.285, 0.98, 1, 0.52, 0.00, 0.20, 0.00, 0.03, 0.19, 0.00, 2.53, 0.18, 0.00, 5.00, 2.96, 3.57, 0.00, 4.57, 0.58, 0.00, 0.00, 0.00, 1.00, 1.00, 0.00, 0.00, 0.00, 0.00, 0.00, 0.00, 1.00, 1.00, 1.00, 0.00, 0.00, 0.00, 0.00, 0.00
9292, 0, 350.323, 0.98, 1, 0.39, 0.00, 0.43, 0.00, 0.03, 0.19, 0.00, 2.67, 0.00, 0.00, 5.00, 2.50, 4.65, 0.00, 4.27, 0.59, 0.00, 0.00, 0.00, 1.00, 1.00, 0.00, 0.00, 0.00, 0.00, 0.00, 0.00, 1.00, 1.00, 1.00, 0.00, 0.00, 0.00, 0.00, 0.00
9293, 0, 350.361, 0.98, 1, 0.43, 0.00, 0.59, 0.00, 0.01, 0.00, 0.00, 2.91, 0.00, 0.00, 5.00, 2.28, 4.19, 0.00, 4.44, 0.92, 0.00, 0.00, 0.00, 1.00, 1.00, 0.00, 0.00, 0.00, 0.00, 0.00, 0.00, 1.00, 1.00, 1.00, 0.00, 0.00, 0.00, 0.00, 0.00
9294, 0, 350.398, 0.98, 1, 0.44, 0.00, 0.59, 0.00, 0.00, 0.00, 0.00, 3.24, 0.00, 0.00, 5.00, 2.31, 3.22, 0.00, 4.71, 0.60, 0.00, 0.00, 0.00, 1.00, 0.00, 0.00, 0.00, 0.00, 0.00, 0.00, 0.00, 1.00, 1.00, 1.00, 0.00, 0.00, 0.00, 0.00, 0.00
9295, 0, 350.436, 0.88, 1, 0.39, 0.00, 0.54, 0.00, 0.03, 0.00, 0.00, 3.99, 0.00, 0.00, 5.00, 2.63, 3.22, 0.00, 5.00, 0.39, 0.00, 0.00, 0.00, 1.00, 0.00, 0.00, 0.00, 0.00, 0.00, 0.00, 0.00, 0.00, 1.00, 1.00, 0.00, 0.00, 0.00, 0.00, 0.00
9296, 0, 350.474, 0.88, 1, 0.39, 0.00, 0.64, 0.00, 0.03, 0.00, 0.00, 4.04, 0.00, 0.00, 5.00, 2.97, 4.01, 0.00, 5.00, 0.00, 0.00, 0.00, 0.00, 1.00, 0.00, 0.00, 0.00, 0.00, 0.00, 0.00, 0.00, 0.00, 1.00, 1.00, 0.00, 0.00, 0.00, 0.00, 0.00
9297, 0, 350.512, 0.88, 1, 0.36, 0.00, 0.79, 0.00, 0.03, 0.00, 0.00, 3.63, 0.00, 0.00, 5.00, 3.47, 4.98, 0.00, 5.00, 0.00, 0.00, 0.00, 0.00, 1.00, 0.00, 0.00, 0.00, 0.00, 0.00, 0.00, 0.00, 0.00, 1.00, 1.00, 0.00, 0.00, 0.00, 0.00, 0.00
9298, 0, 350.549, 0.88, 1, 0.26, 0.00, 0.75, 0.00, 0.10, 0.00, 0.00, 2.37, 0.12, 0.00, 4.04, 3.63, 4.06, 0.05, 3.77, 0.00, 0.00, 0.00, 0.00, 1.00, 0.00, 0.00, 0.00, 0.00, 0.00, 0.00, 0.00, 0.00, 1.00, 1.00, 0.00, 0.00, 0.00, 0.00, 0.00
9299, 0, 350.587, 0.77, 1, 0.12, 0.00, 0.75, 0.00, 0.21, 0.00, 0.00, 1.27, 0.36, 0.00, 3.67, 3.46, 4.08, 0.05, 3.14, 0.00, 0.00, 0.00, 0.00, 1.00, 0.00, 0.00, 0.00, 0.00, 0.00, 0.00, 0.00, 0.00, 1.00, 1.00, 0.00, 0.00, 0.00, 0.00, 0.00
9300, 0, 350.625, 0.98, 1, 0.03, 0.00, 0.61, 0.00, 0.33, 0.00, 0.00, 1.02, 0.36, 0.00, 3.67, 2.18, 2.58, 0.33, 2.23, 0.00, 0.00, 0.00, 0.00, 1.00, 0.00, 0.00, 0.00, 0.00, 0.00, 0.00, 0.00, 0.00, 1.00, 1.00, 0.00, 0.00, 0.00, 0.00, 0.00
9301, 0, 350.662, 0.93, 1, 0.08, 0.00, 0.58, 0.00, 0.23, 0.00, 0.00, 1.25, 0.25, 0.00, 4.48, 1.24, 2.37, 0.45, 2.53, 0.00, 0.00, 0.00, 0.00, 1.00, 0.00, 0.00, 0.00, 0.00, 0.00, 0.00, 0.00, 0.00, 0.00, 1.00, 0.00, 0.00, 0.00, 0.00, 0.00
9302, 0, 350.700, 0.98, 1, 0.13, 0.00, 0.50, 0.00, 0.12, 0.00, 0.00, 1.78, 0.00, 0.00, 4.85, 0.50, 1.51, 0.57, 2.93, 0.00, 0.00, 0.00, 0.00, 1.00, 0.00, 0.00, 0.00, 0.00, 0.00, 0.00, 0.00, 0.00, 0.00, 1.00, 0.00, 0.00, 0.00, 0.00, 0.00
9303, 0, 350.738, 0.93, 1, 0.27, 0.00, 0.41, 0.00, 0.00, 0.00, 0.00, 2.15, 0.00, 0.00, 4.78, 0.97, 2.20, 0.38, 3.27, 0.00, 0.00, 0.00, 0.00, 1.00, 0.00, 0.00, 0.00, 0.00, 0.00, 0.00, 0.00, 0.00, 0.00, 1.00, 0.00, 0.00, 0.00, 0.00, 0.00
9304, 0, 350.775, 0.93, 1, 0.35, 0.00, 0.48, 0.00, 0.00, 0.00, 0.00, 2.37, 0.00, 0.00, 4.93, 0.91, 2.21, 0.21, 3.78, 0.00, 0.00, 0.00, 0.00, 1.00, 0.00, 0.00, 0.00, 0.00, 0.00, 0.00, 0.00, 0.00, 0.00, 1.00, 0.00, 0.00, 0.00, 0.00, 0.00
9305, 0, 350.813, 0.93, 1, 0.36, 0.00, 0.30, 0.00, 0.03, 0.00, 0.00, 2.84, 0.00, 0.00, 4.71, 0.96, 1.78, 0.12, 2.65, 0.00, 0.00, 0.00, 0.00, 1.00, 0.00, 0.00, 0.00, 0.00, 0.00, 0.00, 0.00, 0.00, 0.00, 1.00, 0.00, 0.00, 0.00, 0.00, 0.00
9306, 0, 350.851, 0.93, 1, 0.21, 0.00, 0.19, 0.00, 0.04, 0.00, 0.00, 2.95, 0.00, 0.00, 4.13, 0.74, 1.25, 0.11, 1.91, 0.00, 0.00, 0.00, 0.00, 1.00, 0.00, 0.00, 0.00, 0.00, 0.00, 0.00, 0.00, 0.00, 0.00, 1.00, 0.00, 0.00, 0.00, 0.00, 0.00
9307, 0, 350.889, 0.98, 1, 0.10, 0.00, 0.00, 0.00, 0.05, 0.00, 0.00, 3.17, 0.00, 0.00, 3.61, 1.05, 1.06, 0.16, 1.22, 0.05, 0.00, 0.00, 0.00, 1.00, 0.00, 0.00, 0.00, 0.00, 0.00, 0.00, 0.00, 0.00, 0.00, 1.00, 0.00, 0.00, 0.00, 0.00, 0.00
9308, 0, 350.926, 0.98, 1, 0.04, 0.00, 0.10, 0.00, 0.05, 0.00, 0.00, 3.32, 0.00, 0.00, 3.83, 1.29, 1.20, 0.24, 1.77, 0.05, 0.00, 0.00, 0.00, 1.00, 1.00, 0.00, 0.00, 0.00, 0.00, 0.00, 0.00, 0.00, 0.00, 1.00, 0.00, 0.00, 0.00, 0.00, 0.00
9309, 0, 350.964, 0.93, 1, 0.11, 0.00, 0.10, 0.00, 0.19, 0.00, 0.00, 3.71, 0.00, 0.00, 4.48, 1.74, 1.31, 0.16, 2.27, 0.05, 0.00, 0.00, 0.00, 1.00, 1.00, 0.00, 0.00, 0.00, 0.00, 0.00, 0.00, 0.00, 0.00, 1.00, 0.00, 0.00, 0.00, 0.00, 0.00
9310, 0, 351.002, 0.93, 1, 0.35, 0.00, 0.19, 0.00, 0.24, 0.00, 0.00, 3.50, 0.00, 0.00, 5.00, 1.32, 0.96, 0.11, 2.53, 0.00, 0.00, 0.00, 0.00, 1.00, 1.00, 0.00, 0.00, 0.00, 0.00, 0.00, 0.00, 0.00, 0.00, 1.00, 0.00, 0.00, 0.00, 0.00, 0.00
9311, 0, 351.039, 0.98, 1, 0.54, 0.00, 0.11, 0.00, 0.27, 0.00, 0.00, 3.03, 0.00, 0.00, 5.00, 0.71, 0.45, 0.00, 2.41, 0.00, 0.00, 0.00, 0.00, 1.00, 1.00, 0.00, 0.00, 0.00, 1.00, 0.00, 0.00, 0.00, 0.00, 1.00, 0.00, 0.00, 0.00, 0.00, 0.00
9312, 0, 351.077, 0.98, 1, 0.56, 0.00, 0.11, 0.00, 0.24, 0.00, 0.00, 2.78, 0.02, 0.00, 5.00, 0.48, 0.53, 0.00, 2.99, 0.00, 0.00, 0.00, 0.00, 1.00, 1.00, 0.00, 0.00, 0.00, 1.00, 0.00, 0.00, 0.00, 1.00, 1.00, 0.00, 0.00, 0.00, 0.00, 0.00
9313, 0, 351.115, 0.98, 1, 0.44, 0.00, 0.02, 0.00, 0.29, 0.00, 0.00, 3.12, 0.05, 0.00, 5.00, 0.84, 1.25, 0.00, 3.52, 0.00, 0.00, 0.00, 0.00, 1.00, 1.00, 0.00, 0.00, 0.00, 1.00, 0.00, 0.00, 0.00, 0.00, 1.00, 0.00, 0.00, 0.00, 0.00, 0.00
9314, 0, 351.153, 0.98, 1, 0.49, 0.00, 0.05, 0.00, 0.29, 0.00, 0.00, 3.51, 0.05, 0.00, 5.00, 1.47, 2.09, 0.00, 3.71, 0.03, 0.00, 0.00, 0.00, 1.00, 1.00, 0.00, 0.00, 0.00, 1.00, 1.00, 0.00, 0.00, 0.00, 1.00, 0.00, 0.00, 0.00, 0.00, 0.00
9315, 0, 351.190, 0.98, 1, 0.41, 0.00, 0.10, 0.00, 0.18, 0.00, 0.00, 3.22, 0.12, 0.00, 4.70, 1.32, 1.88, 0.14, 2.71, 0.03, 0.00, 0.00, 0.00, 1.00, 1.00, 0.00, 0.00, 0.00, 1.00, 1.00, 0.00, 0.00, 0.00, 1.00, 0.00, 0.00, 0.00, 0.00, 0.00
9316, 0, 351.228, 0.93, 1, 0.32, 0.00, 0.10, 0.00, 0.05, 0.00, 0.00, 3.04, 0.17, 0.00, 3.96, 1.29, 1.49, 0.16, 1.55, 0.03, 0.00, 0.00, 0.00, 0.00, 1.00, 0.00, 0.00, 0.00, 1.00, 1.00, 0.00, 0.00, 0.00, 1.00, 0.00, 0.00, 0.00, 0.00, 0.00
9317, 0, 351.266, 0.93, 1, 0.13, 0.00, 0.05, 0.00, 0.00, 0.00, 0.00, 2.81, 0.25, 0.00, 3.29, 0.98, 1.08, 0.21, 0.77, 0.00, 0.00, 0.00, 0.00, 0.00, 1.00, 0.00, 0.00, 0.00, 1.00, 1.00, 0.00, 0.00, 0.00, 1.00, 0.00, 0.00, 0.00, 0.00, 0.00
9318, 0, 351.303, 0.93, 1, 0.17, 0.00, 0.00, 0.00, 0.00, 0.00, 0.00, 3.04, 0.25, 0.00, 3.32, 1.14, 1.37, 0.07, 0.96, 0.00, 0.02, 0.00, 0.00, 0.00, 1.00, 0.00, 0.00, 0.00, 1.00, 1.00, 0.00, 0.00, 0.00, 1.00, 0.00, 0.00, 0.00, 0.00, 0.00
9319, 0, 351.341, 0.93, 1, 0.26, 0.00, 0.00, 0.00, 0.00, 0.00, 0.00, 3.02, 0.23, 0.00, 4.04, 1.29, 1.46, 0.05, 1.60, 0.00, 0.02, 0.00, 0.00, 0.00, 1.00, 0.00, 0.00, 0.00, 1.00, 1.00, 0.00, 0.00, 0.00, 1.00, 1.00, 0.00, 0.00, 0.00, 0.00
9320, 0, 351.379, 0.93, 1, 0.32, 0.00, 0.00, 0.00, 0.05, 0.00, 0.00, 2.97, 0.27, 0.00, 4.09, 1.31, 1.39, 0.00, 2.12, 0.00, 0.02, 0.00, 0.00, 0.00, 1.00, 0.00, 0.00, 0.00, 1.00, 1.00, 0.00, 0.00, 0.00, 1.00, 1.00, 0.00, 0.00, 0.00, 0.00
9321, 0, 351.416, 0.98, 1, 0.37, 0.00, 0.02, 0.00, 0.05, 0.00, 0.00, 2.99, 0.29, 0.00, 3.88, 1.18, 1.02, 0.00, 2.09, 0.00, 0.00, 0.00, 0.00, 0.00, 1.00, 0.00, 0.00, 0.00, 1.00, 1.00, 0.00, 0.00, 0.00, 1.00, 0.00, 0.00, 0.00, 0.00, 0.00
9322, 0, 351.454, 0.98, 1, 0.42, 0.00, 0.02, 0.00, 0.09, 0.00, 0.00, 3.06, 0.26, 0.17, 3.51, 0.95, 1.06, 0.00, 2.12, 0.00, 0.00, 0.00, 0.00, 0.00, 1.00, 0.00, 0.00, 0.00, 1.00, 1.00, 0.00, 0.00, 0.00, 1.00, 1.00, 0.00, 0.00, 0.00, 0.00
9323, 0, 351.492, 0.98, 1, 0.46, 0.00, 0.05, 0.00, 0.10, 0.00, 0.00, 3.19, 0.17, 0.20, 4.04, 0.92, 1.19, 0.00, 2.35, 0.00, 0.00, 0.00, 0.00, 0.00, 1.00, 0.00, 0.00, 0.00, 1.00, 1.00, 0.00, 0.00, 0.00, 1.00, 1.00, 0.00, 0.00, 0.00, 0.00
9324, 0, 351.530, 0.98, 1, 0.41, 0.00, 0.10, 0.00, 0.15, 0.00, 0.00, 3.11, 0.12, 0.20, 3.91, 1.00, 1.22, 0.00, 2.46, 0.00, 0.00, 0.00, 0.00, 0.00, 1.00, 0.00, 0.00, 0.00, 1.00, 1.00, 0.00, 0.00, 0.00, 1.00, 1.00, 0.00, 0.00, 0.00, 0.00
9325, 0, 351.567, 0.98, 1, 0.31, 0.00, 0.10, 0.00, 0.20, 0.00, 0.00, 2.67, 0.18, 0.03, 3.99, 0.75, 1.31, 0.00, 2.42, 0.00, 0.00, 0.00, 0.00, 0.00, 1.00, 0.00, 0.00, 0.00, 1.00, 1.00, 0.00, 0.00, 0.00, 1.00, 1.00, 0.00, 0.00, 0.00, 0.00
9326, 0, 351.605, 0.98, 1, 0.29, 0.00, 0.07, 0.00, 0.15, 0.00, 0.00, 2.44, 0.32, 0.00, 4.05, 0.46, 1.47, 0.00, 2.79, 0.00, 0.00, 0.00, 0.00, 0.00, 1.00, 0.00, 0.00, 0.00, 1.00, 1.00, 0.00, 0.00, 0.00, 1.00, 0.00, 0.00, 0.00, 0.00, 0.00
9327, 0, 351.643, 0.98, 1, 0.37, 0.00, 0.00, 0.00, 0.25, 0.00, 0.00, 2.33, 0.43, 0.00, 4.66, 0.21, 1.63, 0.00, 3.43, 0.00, 0.00, 0.00, 0.00, 0.00, 1.00, 0.00, 0.00, 0.00, 1.00, 1.00, 0.00, 0.00, 0.00, 1.00, 0.00, 0.00, 0.00, 0.00, 0.00
9328, 0, 351.680, 0.98, 1, 0.35, 0.00, 0.00, 0.00, 0.33, 0.00, 0.00, 2.65, 0.48, 0.00, 4.97, 0.50, 1.64, 0.00, 4.02, 0.07, 0.00, 0.00, 0.00, 0.00, 1.00, 0.00, 0.00, 0.00, 1.00, 1.00, 0.00, 0.00, 0.00, 1.00, 0.00, 0.00, 0.00, 0.00, 0.00
9329, 0, 351.718, 0.88, 1, 0.35, 0.00, 0.00, 0.00, 0.48, 0.00, 0.00, 2.83, 0.45, 0.00, 5.00, 0.89, 1.67, 0.00, 4.15, 0.25, 0.00, 0.00, 0.00, 0.00, 1.00, 0.00, 0.00, 0.00, 1.00, 1.00, 0.00, 0.00, 0.00, 1.00, 0.00, 0.00, 0.00, 0.00, 0.00
9330, 0, 351.756, 0.98, 1, 0.43, 0.01, 0.00, 0.00, 0.35, 0.00, 0.00, 2.81, 0.43, 0.06, 4.58, 0.99, 1.77, 0.00, 3.84, 0.42, 0.00, 0.00, 0.00, 0.00, 1.00, 0.00, 0.00, 0.00, 1.00, 1.00, 0.00, 0.00, 0.00, 1.00, 0.00, 0.00, 0.00, 0.00, 0.00
9331, 0, 351.794, 0.88, 1, 0.59, 0.01, 0.00, 0.00, 0.24, 0.00, 0.00, 2.84, 0.47, 0.15, 4.54, 0.92, 1.79, 0.00, 3.40, 0.44, 0.03, 0.00, 0.00, 0.00, 1.00, 0.00, 0.00, 0.00, 1.00, 1.00, 0.00, 0.00, 0.00, 1.00, 0.00, 0.00, 0.00, 0.00, 0.00
9332, 0, 351.831, 0.88, 1, 0.56, 0.01, 0.00, 0.00, 0.16, 0.00, 0.00, 2.83, 0.48, 0.15, 4.54, 0.82, 1.99, 0.00, 2.85, 0.42, 0.03, 0.00, 0.00, 0.00, 1.00, 0.00, 0.00, 0.00, 1.00, 1.00, 0.00, 0.00, 0.00, 1.00, 0.00, 0.00, 0.00, 0.00, 0.00
9333, 0, 351.869, 0.88, 1, 0.34, 0.00, 0.00, 0.00, 0.23, 0.00, 0.00, 2.86, 0.45, 0.09, 4.26, 1.10, 2.25, 0.05, 2.44, 0.75, 0.10, 0.00, 0.00, 0.00, 1.00, 0.00, 0.00, 0.00, 1.00, 1.00, 0.00, 0.00, 0.00, 1.00, 0.00, 0.00, 0.00, 0.00, 0.00
9334, 0, 351.907, 0.88, 1, 0.10, 0.00, 0.00, 0.00, 0.28, 0.00, 0.00, 2.75, 0.38, 0.04, 3.48, 1.50, 2.56, 0.05, 2.05, 1.15, 0.15, 0.00, 0.00, 0.00, 1.00, 0.00, 0.00, 0.00, 1.00, 1.00, 0.00, 0.00, 0.00, 1.00, 1.00, 0.00, 0.00, 0.00, 0.00
9335, 0, 351.944, 0.88, 1, 0.00, 0.00, 0.00, 0.00, 0.22, 0.00, 0.00, 2.69, 0.44, 0.05, 3.48, 1.56, 2.08, 0.05, 2.28, 1.09, 0.15, 0.00, 0.00, 0.00, 1.00, 0.00, 0.00, 0.00, 1.00, 1.00, 0.00, 0.00, 0.00, 1.00, 1.00, 0.00, 0.00, 0.00, 0.00
9336, 0, 351.982, 0.88, 1, 0.00, 0.00, 0.00, 0.00, 0.15, 0.00, 0.00, 2.58, 0.50, 0.10, 4.18, 1.29, 1.40, 0.01, 2.44, 0.79, 0.08, 0.00, 0.00, 0.00, 1.00, 0.00, 0.00, 0.00, 1.00, 1.00, 0.00, 0.00, 0.00, 1.00, 1.00, 0.00, 0.00, 0.00, 0.00
9337, 0, 352.020, 0.88, 1, 0.17, 0.00, 0.00, 0.00, 0.12, 0.00, 0.00, 2.58, 0.53, 0.06, 5.00, 1.01, 0.60, 0.00, 2.47, 0.30, 0.00, 0.00, 0.00, 0.00, 1.00, 0.00, 0.00, 0.00, 1.00, 0.00, 0.00, 0.00, 0.00, 1.00, 1.00, 0.00, 0.00, 0.00, 0.00
9338, 0, 352.057, 0.88, 1, 0.34, 0.00, 0.00, 0.00, 0.13, 0.00, 0.00, 2.45, 0.42, 0.05, 5.00, 0.84, 0.20, 0.00, 2.07, 0.20, 0.05, 0.00, 0.00, 0.00, 1.00, 0.00, 0.00, 0.00, 1.00, 1.00, 0.00, 0.00, 0.00, 1.00, 1.00, 0.00, 0.00, 0.00, 0.00
9339, 0, 352.095, 0.88, 1, 0.55, 0.00, 0.00, 0.00, 0.15, 0.00, 0.00, 2.46, 0.35, 0.00, 5.00, 0.82, 0.10, 0.00, 2.08, 0.00, 0.09, 0.00, 0.00, 0.00, 1.00, 0.00, 0.00, 0.00, 1.00, 1.00, 0.00, 0.00, 0.00, 1.00, 1.00, 0.00, 0.00, 0.00, 0.00
9340, 0, 352.133, 0.88, 1, 0.66, 0.00, 0.00, 0.00, 0.17, 0.39, 0.01, 2.50, 0.26, 0.00, 4.75, 0.80, 0.78, 0.00, 2.31, 0.00, 0.17, 0.00, 0.00, 0.00, 1.00, 0.00, 0.00, 0.00, 1.00, 0.00, 0.00, 0.00, 0.00, 1.00, 1.00, 0.00, 0.00, 0.00, 0.00
9341, 0, 352.171, 0.98, 1, 0.67, 0.00, 0.00, 0.00, 0.17, 0.41, 0.01, 2.52, 0.15, 0.00, 4.75, 0.87, 1.29, 0.00, 2.32, 0.00, 0.17, 0.00, 0.00, 0.00, 1.00, 0.00, 0.00, 0.00, 1.00, 0.00, 0.00, 0.00, 0.00, 1.00, 1.00, 0.00, 0.00, 0.00, 0.00
9342, 0, 352.208, 0.98, 1, 0.53, 0.00, 0.03, 0.00, 0.22, 0.41, 0.01, 2.42, 0.08, 0.06, 4.68, 0.82, 1.69, 0.00, 2.50, 0.00, 0.12, 0.00, 0.00, 0.00, 1.00, 0.00, 0.00, 0.00, 1.00, 0.00, 0.00, 0.00, 0.00, 1.00, 1.00, 0.00, 0.00, 0.00, 0.00
9343, 0, 352.246, 0.88, 1, 0.35, 0.00, 0.03, 0.00, 0.15, 0.03, 0.00, 2.17, 0.06, 0.06, 4.93, 0.69, 1.55, 0.00, 2.90, 0.00, 0.04, 0.00, 0.00, 0.00, 1.00, 0.00, 0.00, 0.00, 1.00, 1.00, 0.00, 0.00, 0.00, 1.00, 1.00, 0.00, 0.00, 0.00, 0.00
9344, 0, 352.284, 0.88, 1, 0.23, 0.00, 0.03, 0.00, 0.11, 0.00, 0.00, 2.03, 0.10, 0.06, 4.93, 0.62, 1.45, 0.00, 3.21, 0.00, 0.00, 0.00, 0.00, 0.00, 1.00, 0.00, 0.00, 0.00, 1.00, 1.00, 0.00, 0.00, 0.00, 1.00, 1.00, 0.00, 0.00, 0.00, 0.00
9345, 0, 352.321, 0.88, 1, 0.39, 0.00, 0.00, 0.00, 0.08, 0.00, 0.00, 2.08, 0.17, 0.00, 5.00, 0.72, 1.81, 0.00, 2.95, 0.00, 0.00, 0.00, 0.00, 0.00, 1.00, 0.00, 0.00, 0.00, 1.00, 1.00, 0.00, 0.00, 0.00, 1.00, 1.00, 0.00, 0.00, 0.00, 0.00
9346, 0, 352.359, 0.93, 1, 0.57, 0.02, 0.00, 0.00, 0.16, 0.00, 0.00, 2.21, 0.26, 0.04, 4.84, 0.84, 1.79, 0.00, 2.32, 0.00, 0.00, 0.00, 0.00, 0.00, 1.00, 0.00, 0.00, 0.00, 1.00, 1.00, 0.00, 0.00, 0.00, 1.00, 1.00, 0.00, 0.00, 0.00, 0.00
9347, 0, 352.397, 0.93, 1, 0.83, 0.02, 0.00, 0.00, 0.22, 0.00, 0.00, 2.48, 0.34, 0.07, 4.84, 1.08, 2.18, 0.00, 2.12, 0.11, 0.03, 0.00, 0.00, 0.00, 1.00, 0.00, 0.00, 0.00, 1.00, 1.00, 0.00, 0.00, 0.00, 1.00, 1.00, 0.00, 0.00, 0.00, 0.00
9348, 0, 352.435, 0.93, 1, 0.85, 0.02, 0.00, 0.00, 0.20, 0.00, 0.00, 2.62, 0.34, 0.11, 4.84, 1.22, 2.31, 0.00, 2.14, 0.24, 0.12, 0.00, 0.00, 0.00, 1.00, 0.00, 0.00, 0.00, 1.00, 1.00, 0.00, 0.00, 0.00, 1.00, 1.00, 0.00, 0.00, 0.00, 0.00
9349, 0, 352.472, 0.93, 1, 0.73, 0.00, 0.00, 0.00, 0.14, 0.00, 0.00, 2.78, 0.34, 0.23, 4.32, 1.42, 2.35, 0.00, 2.12, 0.35, 0.22, 0.00, 0.00, 0.00, 1.00, 0.00, 0.00, 0.00, 1.00, 1.00, 0.00, 0.00, 0.00, 1.00, 1.00, 0.00, 0.00, 0.00, 0.00
9350, 0, 352.510, 0.98, 1, 0.59, 0.00, 0.00, 0.00, 0.09, 0.00, 0.00, 2.59, 0.37, 0.20, 4.31, 1.12, 2.12, 0.00, 2.34, 0.24, 0.19, 0.00, 0.00, 0.00, 1.00, 0.00, 0.00, 0.00, 1.00, 1.00, 0.00, 0.00, 0.00, 1.00, 1.00, 0.00, 0.00, 0.00, 0.00
9351, 0, 352.548, 0.93, 1, 0.68, 0.00, 0.02, 0.00, 0.04, 0.00, 0.00, 2.65, 0.39, 0.17, 4.31, 1.12, 1.93, 0.00, 2.76, 0.11, 0.12, 0.00, 0.00, 0.00, 1.00, 0.00, 0.00, 0.00, 1.00, 1.00, 0.00, 0.00, 0.00, 1.00, 1.00, 0.00, 0.00, 0.00, 0.00
9352, 0, 352.585, 0.98, 1, 0.89, 0.00, 0.07, 0.00, 0.03, 0.00, 0.00, 2.63, 0.38, 0.00, 4.99, 1.10, 1.95, 0.00, 3.13, 0.05, 0.02, 0.00, 0.00, 0.00, 1.00, 0.00, 0.00, 0.00, 1.00, 1.00, 0.00, 0.00, 0.00, 1.00, 1.00, 0.00, 0.00, 0.00, 0.00
9353, 0, 352.623, 0.98, 1, 0.94, 0.00, 0.12, 0.00, 0.02, 0.00, 0.00, 2.85, 0.32, 0.13, 5.00, 1.32, 2.09, 0.00, 2.81, 0.05, 0.02, 0.00, 0.00, 0.00, 1.00, 0.00, 0.00, 0.00, 1.00, 1.00, 0.00, 0.00, 0.00, 1.00, 1.00, 0.00, 0.00, 0.00, 0.00
9354, 0, 352.661, 0.98, 1, 0.74, 0.00, 0.09, 0.00, 0.02, 0.00, 0.00, 2.77, 0.28, 0.21, 5.00, 1.18, 1.98, 0.00, 2.33, 0.05, 0.00, 0.00, 0.00, 0.00, 1.00, 0.00, 0.00, 0.00, 1.00, 1.00, 0.00, 0.00, 0.00, 1.00, 1.00, 0.00, 0.00, 0.00, 0.00
9355, 0, 352.698, 0.98, 1, 0.42, 0.00, 0.05, 0.00, 0.10, 0.00, 0.00, 2.54, 0.32, 0.43, 4.44, 0.70, 1.68, 0.00, 2.05, 0.00, 0.00, 0.00, 0.00, 0.00, 1.00, 0.00, 0.00, 0.00, 1.00, 1.00, 0.00, 0.00, 0.00, 1.00, 1.00, 0.00, 0.00, 0.00, 0.00
9356, 0, 352.736, 0.98, 1, 0.25, 0.00, 0.00, 0.00, 0.16, 0.00, 0.00, 2.11, 0.39, 0.66, 4.25, 0.32, 1.15, 0.00, 2.06, 0.00, 0.00, 0.00, 0.00, 0.00, 1.00, 0.00, 0.00, 0.00, 1.00, 1.00, 0.00, 1.00, 0.00, 1.00, 1.00, 0.00, 0.00, 0.00, 0.00
9357, 0, 352.774, 0.98, 1, 0.18, 0.00, 0.00, 0.00, 0.16, 0.00, 0.00, 1.81, 0.37, 0.82, 3.92, 0.00, 0.59, 0.00, 2.06, 0.00, 0.00, 0.00, 0.00, 0.00, 1.00, 0.00, 0.00, 0.00, 1.00, 1.00, 0.00, 1.00, 0.00, 1.00, 1.00, 0.00, 0.00, 0.00, 0.00
9358, 0, 352.812, 0.98, 1, 0.24, 0.00, 0.00, 0.00, 0.10, 0.00, 0.00, 1.83, 0.34, 0.84, 4.37, 0.10, 0.78, 0.02, 2.24, 0.00, 0.00, 0.00, 0.00, 0.00, 1.00, 0.00, 0.00, 0.00, 1.00, 1.00, 0.00, 1.00, 0.00, 1.00, 1.00, 0.00, 0.00, 0.00, 0.00
9359, 0, 352.849, 0.98, 1, 0.27, 0.00, 0.00, 0.00, 0.04, 0.00, 0.00, 2.06, 0.26, 0.76, 3.82, 0.24, 0.89, 0.02, 1.88, 0.00, 0.00, 0.00, 0.00, 0.00, 1.00, 0.00, 0.00, 0.00, 1.00, 1.00, 0.00, 1.00, 0.00, 1.00, 1.00, 0.00, 0.00, 0.00, 0.00
9360, 0, 352.887, 0.93, 1, 0.33, 0.00, 0.00, 0.00, 0.05, 0.00, 0.00, 2.54, 0.30, 0.67, 4.15, 0.34, 1.38, 0.02, 1.60, 0.00, 0.09, 0.00, 0.00, 0.00, 1.00, 0.00, 0.00, 0.00, 1.00, 1.00, 0.00, 1.00, 0.00, 1.00, 1.00, 0.00, 0.00, 0.00, 0.00
9361, 0, 352.925, 0.93, 1, 0.46, 0.00, 0.00, 0.00, 0.00, 0.00, 0.00, 2.94, 0.25, 0.43, 4.05, 0.53, 1.47, 0.00, 1.15, 0.00, 0.09, 0.00, 0.00, 0.00, 1.00, 0.00, 0.00, 0.00, 1.00, 1.00, 0.00, 1.00, 0.00, 1.00, 1.00, 0.00, 0.00, 0.00, 0.00
9362, 0, 352.962, 0.93, 1, 0.69, 0.00, 0.00, 0.00, 0.00, 0.00, 0.00, 3.32, 0.16, 0.15, 4.54, 0.69, 1.85, 0.00, 1.14, 0.00, 0.09, 0.00, 1.00, 0.00, 1.00, 0.00, 0.00, 0.00, 1.00, 1.00, 0.00, 1.00, 0.00, 1.00, 0.00, 0.00, 0.00, 0.00, 0.00
9363, 0, 353.000, 0.93, 1, 0.79, 0.00, 0.00, 0.00, 0.00, 0.00, 0.00, 3.27, 0.06, 0.00, 4.29, 0.88, 1.93, 0.01, 1.14, 0.00, 0.01, 0.00, 1.00, 0.00, 1.00, 0.00, 0.00, 0.00, 1.00, 1.00, 0.00, 1.00, 0.00, 1.00, 0.00, 0.00, 0.00, 0.00, 0.00
9364, 0, 353.038, 0.93, 1, 0.61, 0.00, 0.00, 0.00, 0.00, 0.00, 0.00, 3.23, 0.00, 0.00, 4.50, 0.97, 1.87, 0.02, 1.16, 0.00, 0.14, 0.00, 1.00, 0.00, 1.00, 0.00, 0.00, 0.00, 1.00, 1.00, 0.00, 1.00, 0.00, 1.00, 0.00, 0.00, 0.00, 0.00, 0.00
9365, 0, 353.076, 0.98, 1, 0.54, 0.00, 0.00, 0.00, 0.00, 0.00, 0.02, 3.09, 0.00, 0.00, 4.40, 1.08, 1.21, 0.11, 1.29, 0.00, 0.29, 0.00, 0.00, 0.00, 1.00, 0.00, 0.00, 0.00, 1.00, 1.00, 0.00, 1.00, 0.00, 1.00, 0.00, 0.00, 0.00, 0.00, 0.00
9366, 0, 353.113, 0.98, 1, 0.48, 0.00, 0.00, 0.00, 0.00, 0.00, 0.02, 2.99, 0.00, 0.00, 4.14, 0.99, 0.65, 0.21, 1.12, 0.00, 0.47, 0.00, 0.00, 0.00, 1.00, 0.00, 0.00, 0.00, 1.00, 0.00, 0.00, 1.00, 0.00, 1.00, 0.00, 0.00, 0.00, 0.00, 0.00
9367, 0, 353.151, 0.98, 1, 0.59, 0.00, 0.06, 0.00, 0.00, 0.00, 0.02, 2.73, 0.00, 0.00, 3.60, 0.67, 0.06, 0.25, 0.91, 0.00, 0.44, 0.00, 0.00, 0.00, 1.00, 0.00, 0.00, 0.00, 1.00, 0.00, 0.00, 1.00, 0.00, 1.00, 0.00, 0.00, 0.00, 0.00, 0.00
9368, 0, 353.189, 0.98, 1, 0.52, 0.00, 0.06, 0.00, 0.00, 0.00, 0.00, 2.57, 0.00, 0.00, 3.53, 0.50, 0.17, 0.27, 0.76, 0.00, 0.29, 0.00, 0.00, 0.00, 1.00, 0.00, 0.00, 0.00, 1.00, 0.00, 0.00, 1.00, 0.00, 1.00, 0.00, 0.00, 0.00, 0.00, 0.00
9369, 0, 353.226, 0.98, 1, 0.51, 0.00, 0.06, 0.00, 0.00, 0.00, 0.00, 2.44, 0.00, 0.00, 3.54, 0.48, 0.22, 0.29, 0.78, 0.00, 0.09, 0.00, 0.00, 0.00, 1.00, 0.00, 0.00, 0.00, 1.00, 0.00, 0.00, 1.00, 0.00, 1.00, 0.00, 0.00, 0.00, 0.00, 0.00
9370, 0, 353.264, 0.98, 1, 0.69, 0.00, 0.13, 0.00, 0.03, 0.12, 0.00, 2.57, 0.00, 0.00, 3.44, 0.86, 0.25, 0.30, 1.12, 0.00, 0.07, 0.00, 0.00, 0.00, 1.00, 0.00, 0.00, 0.00, 1.00, 0.00, 0.00, 1.00, 0.00, 1.00, 0.00, 0.00, 0.00, 0.00, 0.00
9371, 0, 353.302, 0.98, 1, 0.84, 0.00, 0.27, 0.00, 0.03, 0.12, 0.00, 2.75, 0.00, 0.06, 3.51, 1.09, 0.18, 0.25, 1.20, 0.00, 0.07, 0.00, 0.00, 1.00, 1.00, 0.00, 0.00, 0.00, 1.00, 1.00, 0.00, 1.00, 0.00, 1.00, 0.00, 0.00, 0.00, 0.00, 0.00
9372, 0, 353.339, 0.98, 1, 0.99, 0.00, 0.46, 0.00, 0.03, 0.12, 0.00, 2.95, 0.00, 0.26, 3.35, 1.49, 0.14, 0.12, 1.23, 0.00, 0.07, 0.00, 0.00, 1.00, 1.00, 0.00, 0.00, 0.00, 1.00, 1.00, 0.00, 1.00, 0.00, 1.00, 0.00, 0.00, 0.00, 0.00, 0.00
9373, 0, 353.377, 0.98, 1, 0.79, 0.00, 0.40, 0.00, 0.00, 0.00, 0.02, 2.95, 0.00, 0.26, 3.49, 1.51, 0.23, 0.06, 1.10, 0.00, 0.00, 1.00, 0.00, 1.00, 1.00, 0.00, 0.00, 0.00, 1.00, 1.00, 0.00, 1.00, 0.00, 1.00, 0.00, 0.00, 0.00, 0.00, 0.00
9374, 0, 353.415, 0.98, 1, 0.48, 0.00, 0.30, 0.00, 0.02, 0.00, 0.07, 2.82, 0.01, 0.20, 2.98, 1.36, 0.18, 0.00, 1.03, 0.00, 0.00, 1.00, 0.00, 1.00, 1.00, 0.00, 0.00, 0.00, 1.00, 1.00, 0.00, 1.00, 0.00, 1.00, 0.00, 0.00, 0.00, 0.00, 0.00
9375, 0, 353.453, 0.98, 1, 0.21, 0.00, 0.17, 0.00, 0.02, 0.00, 0.07, 2.57, 0.01, 0.00, 3.32, 0.96, 0.57, 0.05, 1.27, 0.00, 0.00, 1.00, 0.00, 1.00, 1.00, 0.00, 0.00, 0.00, 1.00, 1.00, 0.00, 0.00, 0.00, 1.00, 0.00, 0.00, 0.00, 0.00, 0.00
9376, 0, 353.490, 0.98, 1, 0.10, 0.00, 0.10, 0.00, 0.02, 0.00, 0.05, 2.44, 0.01, 0.00, 3.76, 0.68, 1.05, 0.15, 1.40, 0.00, 0.00, 1.00, 0.00, 1.00, 1.00, 0.00, 0.00, 0.00, 1.00, 0.00, 0.00, 0.00, 0.00, 1.00, 0.00, 0.00, 0.00, 0.00, 0.00
9377, 0, 353.528, 0.98, 1, 0.32, 0.12, 0.05, 0.00, 0.00, 0.00, 0.00, 2.29, 0.00, 0.00, 3.93, 0.46, 1.64, 0.35, 1.20, 0.00, 0.00, 1.00, 0.00, 1.00, 1.00, 0.00, 0.00, 0.00, 1.00, 0.00, 0.00, 0.00, 0.00, 1.00, 0.00, 0.00, 0.00, 0.00, 0.00
9378, 0, 353.566, 0.98, 1, 0.45, 0.12, 0.00, 0.00, 0.00, 0.00, 0.00, 2.32, 0.00, 0.00, 3.70, 0.31, 1.51, 0.33, 1.03, 0.00, 0.00, 1.00, 0.00, 1.00, 1.00, 0.00, 0.00, 0.00, 1.00, 0.00, 0.00, 0.00, 0.00, 1.00, 0.00, 0.00, 0.00, 0.00, 0.00
9379, 0, 353.603, 0.98, 1, 0.50, 0.12, 0.04, 0.00, 0.06, 0.00, 0.00, 2.29, 0.00, 0.00, 3.77, 0.23, 1.35, 0.24, 1.03, 0.00, 0.00, 1.00, 0.00, 1.00, 1.00, 0.00, 0.00, 0.00, 1.00, 0.00, 0.00, 0.00, 0.00, 1.00, 0.00, 0.00, 0.00, 0.00, 0.00
9380, 0, 353.641, 0.98, 1, 0.49, 0.00, 0.16, 0.00, 0.06, 0.00, 0.00, 2.15, 0.00, 0.00, 3.89, 0.33, 1.17, 0.07, 1.34, 0.00, 0.13, 0.00, 0.00, 0.00, 1.00, 0.00, 0.00, 0.00, 1.00, 0.00, 0.00, 0.00, 0.00, 1.00, 0.00, 0.00, 0.00, 0.00, 0.00
9381, 0, 353.679, 0.98, 1, 0.51, 0.00, 0.26, 0.00, 0.06, 0.00, 0.00, 2.01, 0.00, 0.00, 4.16, 0.40, 1.31, 0.05, 1.49, 0.00, 0.26, 0.00, 0.00, 0.00, 1.00, 0.00, 0.00, 0.00, 1.00, 0.00, 0.00, 0.00, 0.00, 1.00, 0.00, 0.00, 0.00, 0.00, 0.00
9382, 0, 353.717, 0.98, 1, 0.68, 0.00, 0.22, 0.00, 0.00, 0.00, 0.02, 1.95, 0.00, 0.00, 3.00, 0.39, 1.29, 0.15, 1.34, 0.00, 0.26, 0.00, 0.00, 0.00, 1.00, 0.00, 0.00, 0.00, 1.00, 0.00, 0.00, 0.00, 0.00, 1.00, 0.00, 0.00, 0.00, 0.00, 0.00
9383, 0, 353.754, 0.98, 1, 0.78, 0.00, 0.15, 0.00, 0.00, 0.00, 0.08, 1.89, 0.00, 0.00, 2.19, 0.31, 1.25, 0.24, 0.90, 0.06, 0.13, 0.00, 0.00, 0.00, 1.00, 0.00, 0.00, 0.00, 1.00, 0.00, 0.00, 0.00, 0.00, 1.00, 0.00, 0.00, 0.00, 0.00, 0.00
9384, 0, 353.792, 0.98, 1, 0.79, 0.00, 0.12, 0.00, 0.00, 0.00, 0.19, 1.72, 0.00, 0.00, 1.10, 0.19, 1.20, 0.34, 0.53, 0.08, 0.00, 0.00, 0.00, 0.00, 1.00, 0.00, 0.00, 0.00, 1.00, 0.00, 0.00, 0.00, 0.00, 1.00, 0.00, 0.00, 0.00, 0.00, 0.00
9385, 0, 353.830, 0.98, 1, 0.87, 0.00, 0.15, 0.00, 0.00, 0.00, 0.17, 1.83, 0.00, 0.00, 2.26, 0.44, 0.81, 0.40, 0.66, 0.08, 0.00, 0.00, 0.00, 0.00, 1.00, 0.00, 0.00, 0.00, 0.00, 0.00, 0.00, 1.00, 0.00, 1.00, 0.00, 0.00, 0.00, 0.00, 0.00
9386, 0, 353.867, 0.98, 1, 0.77, 0.00, 0.22, 0.00, 0.00, 0.00, 0.11, 2.06, 0.00, 0.00, 3.62, 0.74, 0.44, 0.45, 1.08, 0.06, 0.00, 0.00, 0.00, 0.00, 1.00, 0.00, 0.00, 0.00, 0.00, 0.00, 0.00, 1.00, 0.00, 1.00, 0.00, 0.00, 0.00, 0.00, 0.00
9387, 0, 353.905, 0.98, 1, 0.76, 0.00, 0.29, 0.00, 0.00, 0.00, 0.00, 2.35, 0.00, 0.00, 5.00, 1.16, 0.05, 0.49, 1.47, 0.08, 0.00, 0.00, 0.00, 0.00, 1.00, 0.00, 0.00, 0.00, 0.00, 0.00, 0.00, 0.00, 0.00, 1.00, 0.00, 0.00, 0.00, 0.00, 0.00
9388, 0, 353.943, 0.98, 1, 0.53, 0.00, 0.32, 0.00, 0.00, 0.00, 0.00, 2.27, 0.00, 0.00, 4.33, 1.25, 0.00, 0.50, 1.26, 0.08, 0.00, 0.00, 0.00, 0.00, 1.00, 0.00, 0.00, 0.00, 0.00, 0.00, 0.00, 1.00, 0.00, 1.00, 0.00, 0.00, 0.00, 0.00, 0.00
9389, 0, 353.980, 0.98, 1, 0.32, 0.00, 0.20, 0.00, 0.00, 0.00, 0.00, 2.34, 0.00, 0.00, 3.72, 1.07, 0.00, 0.53, 1.14, 0.04, 0.00, 0.00, 0.00, 0.00, 1.00, 0.00, 0.00, 0.00, 0.00, 0.00, 0.00, 1.00, 0.00, 0.00, 0.00, 0.00, 0.00, 0.00, 0.00
9390, 0, 354.018, 0.98, 1, 0.12, 0.00, 0.07, 0.00, 0.04, 0.00, 0.00, 1.84, 0.00, 0.00, 3.72, 0.85, 0.00, 0.53, 0.95, 0.25, 0.00, 0.00, 0.00, 0.00, 1.00, 0.00, 0.00, 0.00, 0.00, 0.00, 0.00, 1.00, 0.00, 0.00, 0.00, 0.00, 0.00, 0.00, 0.00
9391, 0, 354.056, 0.98, 1, 0.00, 0.00, 0.00, 0.00, 0.04, 0.00, 0.00, 1.40, 0.00, 0.00, 4.36, 0.67, 0.00, 0.49, 0.98, 0.46, 0.00, 0.00, 0.00, 0.00, 1.00, 0.00, 0.00, 0.00, 1.00, 0.00, 0.00, 1.00, 0.00, 0.00, 1.00, 0.00, 0.00, 0.00, 0.00
9392, 0, 354.094, 0.98, 1, 0.07, 0.00, 0.00, 0.00, 0.09, 0.00, 0.07, 1.13, 0.00, 0.00, 4.70, 0.84, 0.00, 0.29, 0.91, 0.64, 0.00, 0.00, 0.00, 0.00, 1.00, 0.00, 0.00, 0.00, 1.00, 0.00, 0.00, 1.00, 0.00, 0.00, 1.00, 0.00, 0.00, 0.00, 0.00
9393, 0, 354.131, 0.98, 1, 0.18, 0.00, 0.01, 0.00, 0.05, 0.00, 0.12, 1.48, 0.01, 0.00, 4.01, 1.05, 0.00, 0.11, 0.84, 0.52, 0.00, 0.00, 0.00, 1.00, 1.00, 0.00, 0.00, 0.00, 0.00, 0.00, 0.00, 1.00, 0.00, 0.00, 1.00, 0.00, 0.00, 0.00, 0.00
9394, 0, 354.169, 0.98, 1, 0.31, 0.00, 0.01, 0.00, 0.05, 0.00, 0.12, 1.68, 0.01, 0.00, 3.31, 1.23, 0.07, 0.09, 0.84, 0.30, 0.00, 0.00, 0.00, 1.00, 1.00, 0.00, 0.00, 0.00, 0.00, 0.00, 0.00, 1.00, 0.00, 0.00, 1.00, 0.00, 0.00, 0.00, 0.00
9395, 0, 354.207, 0.98, 1, 0.41, 0.00, 0.19, 0.00, 0.09, 0.23, 0.04, 1.86, 0.01, 0.00, 2.68, 1.42, 0.43, 0.35, 0.76, 0.17, 0.00, 0.00, 0.00, 0.00, 1.00, 0.00, 0.00, 0.00, 0.00, 0.00, 0.00, 0.00, 0.00, 0.00, 0.00, 0.00, 0.00, 0.00, 0.00
9396, 0, 354.244, 0.98, 1, 0.45, 0.00, 0.30, 0.00, 0.10, 0.27, 0.00, 2.09, 0.00, 0.00, 2.58, 1.68, 0.91, 0.56, 0.89, 0.24, 0.00, 0.00, 0.00, 0.00, 1.00, 0.00, 0.00, 0.00, 0.00, 0.00, 0.00, 0.00, 1.00, 1.00, 0.00, 0.00, 0.00, 0.00, 0.00
9397, 0, 354.282, 0.98, 1, 0.43, 0.00, 0.41, 0.00, 0.10, 0.27, 0.00, 2.33, 0.00, 0.00, 2.31, 2.16, 1.29, 0.80, 0.91, 0.45, 0.00, 0.00, 0.00, 1.00, 1.00, 0.00, 0.00, 0.00, 0.00, 0.00, 0.00, 0.00, 1.00, 1.00, 0.00, 0.00, 0.00, 0.00, 0.00
9398, 0, 354.320, 0.93, 1, 0.38, 0.00, 0.44, 0.00, 0.02, 0.04, 0.00, 2.57, 0.00, 0.00, 2.54, 2.41, 1.51, 0.71, 1.14, 0.71, 0.00, 0.00, 0.00, 1.00, 1.00, 0.00, 0.00, 0.00, 0.00, 0.00, 0.00, 0.00, 1.00, 1.00, 0.00, 0.00, 0.00, 0.00, 0.00
9399, 0, 354.358, 0.98, 1, 0.37, 0.00, 0.53, 0.00, 0.00, 0.00, 0.00, 2.67, 0.00, 0.00, 2.77, 2.54, 1.59, 0.67, 1.14, 0.79, 0.00, 0.00, 0.00, 1.00, 1.00, 0.00, 0.00, 0.00, 0.00, 0.00, 0.00, 0.00, 1.00, 1.00, 0.00, 0.00, 0.00, 0.00, 0.00
9400, 0, 354.395, 0.98, 1, 0.27, 0.00, 0.56, 0.00, 0.13, 0.06, 0.00, 2.96, 0.00, 0.03, 3.77, 2.01, 1.90, 0.37, 1.99, 0.58, 0.00, 0.00, 0.00, 1.00, 1.00, 0.00, 0.00, 0.00, 0.00, 0.00, 0.00, 0.00, 1.00, 1.00, 0.00, 0.00, 0.00, 0.00, 0.00
9401, 0, 354.433, 0.98, 1, 0.14, 0.00, 0.48, 0.00, 0.21, 0.07, 0.00, 2.89, 0.00, 0.15, 4.44, 1.52, 1.86, 0.21, 2.71, 0.28, 0.00, 0.00, 0.00, 1.00, 1.00, 0.00, 0.00, 0.00, 0.00, 1.00, 0.00, 0.00, 0.00, 1.00, 0.00, 0.00, 0.00, 0.00, 0.00
9402, 0, 354.471, 0.98, 1, 0.00, 0.00, 0.42, 0.00, 0.26, 0.07, 0.00, 2.60, 0.00, 0.15, 5.00, 1.09, 1.61, 0.06, 3.27, 0.00, 0.00, 0.00, 0.00, 1.00, 1.00, 0.00, 0.00, 0.00, 0.00, 1.00, 0.00, 0.00, 0.00, 1.00, 0.00, 0.00, 0.00, 0.00, 0.00
9403, 0, 354.508, 0.93, 1, 0.00, 0.00, 0.40, 0.00, 0.16, 0.01, 0.00, 2.20, 0.00, 0.11, 5.00, 0.96, 1.06, 0.08, 2.91, 0.00, 0.00, 0.00, 0.00, 1.00, 1.00, 0.00, 0.00, 0.00, 0.00, 1.00, 0.00, 0.00, 0.00, 1.00, 0.00, 0.00, 0.00, 0.00, 0.00
9404, 0, 354.546, 0.93, 1, 0.03, 0.00, 0.39, 0.00, 0.09, 0.00, 0.00, 2.04, 0.07, 0.16, 5.00, 0.93, 0.70, 0.06, 2.63, 0.00, 0.00, 0.00, 0.00, 1.00, 1.00, 0.00, 0.00, 0.00, 0.00, 1.00, 0.00, 0.00, 0.00, 1.00, 0.00, 0.00, 0.00, 0.00, 0.00
9405, 0, 354.584, 0.98, 1, 0.12, 0.00, 0.23, 0.00, 0.06, 0.00, 0.00, 2.15, 0.07, 0.16, 5.00, 0.80, 0.99, 0.04, 2.38, 0.14, 0.00, 0.00, 0.00, 0.00, 1.00, 0.00, 0.00, 0.00, 0.00, 1.00, 0.00, 0.00, 0.00, 1.00, 0.00, 0.00, 0.00, 0.00, 0.00
9406, 0, 354.621, 0.93, 1, 0.21, 0.00, 0.12, 0.00, 0.04, 0.00, 0.00, 2.33, 0.09, 0.16, 5.00, 0.86, 1.23, 0.00, 2.16, 0.22, 0.00, 0.00, 0.00, 0.00, 1.00, 0.00, 0.00, 0.00, 0.00, 1.00, 0.00, 0.00, 0.00, 1.00, 0.00, 0.00, 0.00, 0.00, 0.00
9407, 0, 354.659, 0.93, 1, 0.37, 0.00, 0.00, 0.00, 0.03, 0.00, 0.00, 2.46, 0.09, 0.00, 5.00, 1.01, 1.52, 0.00, 1.93, 0.36, 0.01, 0.00, 0.00, 0.00, 1.00, 0.00, 0.00, 0.00, 0.00, 1.00, 0.00, 0.00, 0.00, 1.00, 0.00, 0.00, 0.00, 0.00, 0.00
9408, 0, 354.697, 0.93, 1, 0.36, 0.00, 0.00, 0.00, 0.01, 0.00, 0.00, 2.37, 0.18, 0.02, 5.00, 1.07, 1.29, 0.00, 1.78, 0.25, 0.01, 0.00, 0.00, 0.00, 1.00, 0.00, 0.00, 0.00, 0.00, 1.00, 0.00, 0.00, 0.00, 1.00, 0.00, 0.00, 0.00, 0.00, 0.00
9409, 0, 354.735, 0.93, 1, 0.38, 0.06, 0.00, 0.00, 0.01, 0.00, 0.00, 2.23, 0.25, 0.03, 4.80, 1.10, 1.23, 0.00, 1.87, 0.17, 0.01, 0.00, 0.00, 0.00, 1.00, 0.00, 0.00, 0.00, 0.00, 1.00, 0.00, 0.00, 0.00, 1.00, 0.00, 0.00, 0.00, 0.00, 0.00
9410, 0, 354.772, 0.93, 1, 0.31, 0.06, 0.13, 0.00, 0.02, 0.00, 0.00, 2.26, 0.25, 0.14, 4.40, 1.00, 1.16, 0.14, 1.80, 0.17, 0.01, 0.00, 0.00, 0.00, 1.00, 0.00, 0.00, 0.00, 0.00, 1.00, 0.00, 0.00, 0.00, 1.00, 0.00, 0.00, 0.00, 0.00, 0.00
9411, 0, 354.810, 0.93, 1, 0.34, 0.06, 0.26, 0.00, 0.02, 0.00, 0.00, 2.50, 0.22, 0.25, 4.17, 1.03, 1.20, 0.27, 1.80, 0.24, 0.01, 0.00, 0.00, 0.00, 1.00, 0.00, 0.00, 0.00, 0.00, 1.00, 0.00, 0.00, 0.00, 1.00, 0.00, 0.00, 0.00, 0.00, 0.00
9412, 0, 354.848, 0.93, 1, 0.33, 0.00, 0.35, 0.00, 0.05, 0.00, 0.00, 2.73, 0.14, 0.47, 3.91, 1.28, 1.44, 0.45, 1.67, 0.24, 0.01, 0.00, 0.00, 0.00, 1.00, 0.00, 0.00, 0.00, 0.00, 1.00, 0.00, 0.00, 0.00, 1.00, 1.00, 0.00, 0.00, 0.00, 0.00
9413, 0, 354.885, 0.93, 1, 0.26, 0.00, 0.30, 0.00, 0.05, 0.00, 0.00, 2.64, 0.08, 0.49, 3.54, 1.43, 1.71, 0.56, 1.53, 0.11, 0.00, 0.00, 0.00, 0.00, 1.00, 0.00, 0.00, 0.00, 0.00, 1.00, 0.00, 0.00, 0.00, 1.00, 1.00, 0.00, 0.00, 0.00, 0.00
9414, 0, 354.923, 0.93, 1, 0.15, 0.00, 0.22, 0.00, 0.08, 0.00, 0.00, 2.55, 0.06, 0.42, 3.12, 1.69, 1.93, 0.70, 1.28, 0.01, 0.00, 0.00, 0.00, 0.00, 1.00, 0.00, 0.00, 0.00, 0.00, 1.00, 0.00, 0.00, 0.00, 1.00, 1.00, 0.00, 0.00, 0.00, 0.00
9415, 0, 354.961, 0.93, 1, 0.14, 0.00, 0.14, 0.00, 0.16, 0.00, 0.00, 2.76, 0.10, 0.19, 3.58, 1.42, 1.68, 0.51, 2.01, 0.01, 0.03, 0.00, 0.00, 0.00, 1.00, 0.00, 0.00, 0.00, 1.00, 0.00, 0.00, 0.00, 0.00, 1.00, 0.00, 0.00, 0.00, 0.00, 0.00
9416, 0, 354.999, 0.93, 1, 0.22, 0.00, 0.27, 0.00, 0.17, 0.00, 0.00, 3.03, 0.10, 0.17, 4.35, 1.20, 1.16, 0.27, 2.71, 0.00, 0.03, 0.00, 0.00, 0.00, 1.00, 0.00, 0.00, 0.00, 1.00, 0.00, 0.00, 0.00, 0.00, 1.00, 0.00, 0.00, 0.00, 0.00, 0.00
9417, 0, 355.036, 0.98, 1, 0.36, 0.00, 0.40, 0.00, 0.16, 0.00, 0.00, 3.19, 0.06, 0.10, 5.00, 0.74, 0.92, 0.00, 3.71, 0.00, 0.03, 0.00, 0.00, 1.00, 1.00, 0.00, 0.00, 0.00, 1.00, 0.00, 0.00, 0.00, 0.00, 1.00, 0.00, 0.00, 0.00, 0.00, 0.00
9418, 0, 355.074, 0.98, 1, 0.28, 0.00, 0.57, 0.00, 0.09, 0.00, 0.00, 3.03, 0.00, 0.11, 4.99, 0.76, 0.90, 0.10, 3.20, 0.00, 0.00, 0.00, 0.00, 1.00, 1.00, 0.00, 0.00, 0.00, 1.00, 0.00, 0.00, 0.00, 0.00, 1.00, 0.00, 0.00, 0.00, 0.00, 0.00
9419, 0, 355.112, 0.93, 1, 0.14, 0.00, 0.55, 0.00, 0.10, 0.00, 0.00, 2.92, 0.00, 0.04, 4.79, 0.72, 1.14, 0.22, 2.75, 0.00, 0.00, 0.00, 0.00, 1.00, 1.00, 0.00, 0.00, 0.00, 1.00, 0.00, 0.00, 0.00, 0.00, 1.00, 0.00, 0.00, 0.00, 0.00, 0.00
9420, 0, 355.149, 0.93, 1, 0.08, 0.00, 0.52, 0.00, 0.06, 0.00, 0.00, 2.98, 0.00, 0.04, 4.79, 0.89, 1.46, 0.30, 2.38, 0.31, 0.00, 0.00, 0.00, 1.00, 1.00, 0.00, 0.00, 0.00, 1.00, 0.00, 0.00, 0.00, 0.00, 1.00, 0.00, 0.00, 0.00, 0.00, 0.00
9421, 0, 355.187, 0.98, 1, 0.08, 0.00, 0.42, 0.00, 0.03, 0.00, 0.00, 3.11, 0.00, 0.04, 4.80, 0.84, 1.88, 0.22, 2.58, 0.56, 0.00, 0.00, 0.00, 1.00, 1.00, 0.00, 0.00, 0.00, 1.00, 0.00, 0.00, 0.00, 0.00, 1.00, 0.00, 0.00, 0.00, 0.00, 0.00
9422, 0, 355.225, 0.98, 1, 0.08, 0.00, 0.26, 0.00, 0.03, 0.00, 0.00, 3.31, 0.00, 0.00, 4.43, 0.88, 2.25, 0.21, 2.61, 0.74, 0.00, 0.00, 0.00, 1.00, 1.00, 0.00, 0.00, 0.00, 1.00, 0.00, 0.00, 0.00, 0.00, 1.00, 0.00, 0.00, 0.00, 0.00, 0.00
9423, 0, 355.262, 0.98, 1, 0.00, 0.00, 0.14, 0.00, 0.03, 0.00, 0.00, 3.34, 0.00, 0.00, 3.98, 0.85, 2.05, 0.20, 2.29, 0.66, 0.00, 0.00, 0.00, 1.00, 1.00, 0.00, 0.00, 0.00, 1.00, 0.00, 0.00, 0.00, 0.00, 1.00, 0.00, 0.00, 0.00, 0.00, 0.00
9424, 0, 355.300, 0.98, 1, 0.00, 0.00, 0.14, 0.00, 0.07, 0.00, 0.00, 3.32, 0.00, 0.00, 3.66, 0.85, 1.61, 0.20, 1.97, 0.58, 0.00, 0.00, 0.00, 1.00, 1.00, 0.00, 0.00, 0.00, 1.00, 0.00, 0.00, 0.00, 0.00, 1.00, 0.00, 0.00, 0.00, 0.00, 0.00
9425, 0, 355.338, 0.98, 1, 0.22, 0.00, 0.19, 0.00, 0.04, 0.00, 0.00, 3.04, 0.00, 0.00, 4.14, 1.03, 1.39, 0.15, 1.95, 0.41, 0.01, 0.00, 0.00, 1.00, 1.00, 0.00, 0.00, 0.00, 1.00, 0.00, 0.00, 0.00, 0.00, 1.00, 0.00, 0.00, 0.00, 0.00, 0.00
9426, 0, 355.376, 0.93, 1, 0.40, 0.00, 0.21, 0.00, 0.04, 0.00, 0.00, 2.85, 0.00, 0.01, 4.56, 1.36, 1.44, 0.18, 1.83, 0.35, 0.01, 0.00, 0.00, 1.00, 1.00, 0.00, 0.00, 0.00, 1.00, 0.00, 0.00, 0.00, 0.00, 1.00, 0.00, 0.00, 0.00, 0.00, 0.00
9427, 0, 355.413, 0.93, 1, 0.65, 0.00, 0.27, 0.00, 0.00, 0.00, 0.00, 2.72, 0.00, 0.04, 4.88, 1.86, 1.69, 0.27, 1.70, 0.25, 0.01, 0.00, 0.00, 1.00, 1.00, 0.00, 0.00, 0.00, 1.00, 0.00, 0.00, 0.00, 0.00, 1.00, 1.00, 0.00, 0.00, 0.00, 0.00
9428, 0, 355.451, 0.93, 1, 0.57, 0.00, 0.38, 0.00, 0.00, 0.00, 0.00, 2.91, 0.00, 0.05, 4.97, 2.10, 1.46, 0.23, 1.56, 0.35, 0.00, 0.00, 0.00, 1.00, 1.00, 0.00, 0.00, 0.00, 1.00, 0.00, 0.00, 0.00, 0.00, 1.00, 1.00, 0.00, 0.00, 0.00, 0.00
9429, 0, 355.489, 0.93, 1, 0.54, 0.00, 0.45, 0.00, 0.00, 0.00, 0.00, 3.09, 0.00, 0.04, 5.00, 2.28, 1.39, 0.21, 1.65, 0.33, 0.00, 0.00, 0.00, 1.00, 1.00, 0.00, 0.00, 0.00, 1.00, 0.00, 0.00, 0.00, 0.00, 1.00, 1.00, 0.00, 0.00, 0.00, 0.00
9430, 0, 355.526, 0.93, 1, 0.57, 0.00, 0.58, 0.00, 0.00, 0.00, 0.00, 2.81, 0.04, 0.01, 4.04, 1.89, 0.80, 0.18, 1.26, 0.29, 0.02, 0.00, 0.00, 1.00, 1.00, 0.00, 0.00, 0.00, 1.00, 0.00, 0.00, 0.00, 0.00, 1.00, 0.00, 0.00, 0.00, 0.00, 0.00
9431, 0, 355.564, 0.93, 1, 0.69, 0.00, 0.57, 0.00, 0.00, 0.00, 0.00, 2.45, 0.10, 0.00, 3.69, 1.66, 0.67, 0.18, 1.27, 0.28, 0.02, 0.00, 0.00, 1.00, 1.00, 0.00, 0.00, 0.00, 0.00, 0.00, 0.00, 0.00, 0.00, 1.00, 0.00, 0.00, 0.00, 0.00, 0.00
9432, 0, 355.602, 0.93, 1, 0.79, 0.00, 0.69, 0.00, 0.01, 0.00, 0.00, 2.03, 0.13, 0.00, 3.69, 1.14, 0.19, 0.11, 1.39, 0.11, 0.02, 0.00, 0.00, 1.00, 1.00, 0.00, 0.00, 0.00, 0.00, 0.00, 0.00, 0.00, 0.00, 1.00, 0.00, 0.00, 0.00, 0.00, 0.00
9433, 0, 355.640, 0.93, 1, 0.67, 0.00, 0.51, 0.00, 0.09, 0.00, 0.00, 2.05, 0.08, 0.00, 4.65, 1.01, 0.29, 0.03, 2.10, 0.09, 0.00, 0.00, 0.00, 1.00, 1.00, 0.00, 0.00, 0.00, 0.00, 0.00, 0.00, 0.00, 0.00, 1.00, 0.00, 0.00, 0.00, 0.00, 0.00
9434, 0, 355.677, 0.93, 1, 0.58, 0.12, 0.58, 0.00, 0.26, 0.00, 0.00, 1.93, 0.03, 0.00, 5.00, 0.62, 0.10, 0.00, 2.45, 0.16, 0.00, 0.00, 1.00, 1.00, 1.00, 0.00, 0.00, 0.00, 0.00, 0.00, 0.00, 0.00, 0.00, 1.00, 0.00, 0.00, 0.00, 0.00, 0.00
9435, 0, 355.715, 0.98, 1, 0.41, 0.12, 0.69, 0.00, 0.38, 0.00, 0.00, 2.00, 0.00, 0.00, 4.99, 0.84, 0.71, 0.05, 2.41, 0.24, 0.00, 0.00, 0.00, 1.00, 1.00, 0.00, 0.00, 0.00, 0.00, 0.00, 0.00, 0.00, 0.00, 1.00, 0.00, 0.00, 0.00, 0.00, 0.00
9436, 0, 355.753, 0.98, 1, 0.37, 0.12, 0.83, 0.00, 0.40, 0.00, 0.00, 2.07, 0.00, 0.00, 4.99, 1.27, 1.12, 0.13, 2.08, 0.35, 0.00, 0.00, 0.00, 1.00, 1.00, 0.00, 0.00, 0.00, 0.00, 0.00, 0.00, 0.00, 0.00, 1.00, 0.00, 0.00, 0.00, 0.00, 0.00
9437, 0, 355.790, 0.98, 1, 0.46, 0.00, 0.72, 0.00, 0.26, 0.00, 0.00, 2.12, 0.00, 0.00, 4.99, 1.61, 1.40, 0.18, 1.88, 0.18, 0.00, 0.00, 0.00, 1.00, 1.00, 0.00, 0.00, 0.00, 0.00, 0.00, 0.00, 0.00, 0.00, 1.00, 0.00, 0.00, 0.00, 0.00, 0.00
9438, 0, 355.828, 0.98, 1, 0.59, 0.05, 0.51, 0.00, 0.17, 0.00, 0.00, 2.02, 0.00, 0.00, 5.00, 1.50, 1.03, 0.14, 1.88, 0.11, 0.00, 0.00, 0.00, 1.00, 1.00, 0.00, 0.00, 0.00, 0.00, 0.00, 0.00, 0.00, 0.00, 1.00, 0.00, 0.00, 0.00, 0.00, 0.00
9439, 0, 355.866, 0.98, 1, 0.67, 0.06, 0.40, 0.00, 0.08, 0.00, 0.00, 1.89, 0.00, 0.00, 5.00, 1.13, 1.01, 0.06, 1.96, 0.01, 0.00, 0.00, 0.00, 1.00, 1.00, 0.00, 0.00, 0.00, 0.00, 0.00, 0.00, 0.00, 0.00, 1.00, 0.00, 0.00, 0.00, 0.00, 0.00
9440, 0, 355.903, 0.98, 1, 0.63, 0.06, 0.53, 0.00, 0.06, 0.00, 0.00, 2.28, 0.00, 0.00, 5.00, 1.19, 1.59, 0.12, 2.04, 0.18, 0.00, 0.00, 0.00, 1.00, 1.00, 0.00, 0.00, 0.00, 0.00, 0.00, 0.00, 0.00, 0.00, 1.00, 0.00, 0.00, 0.00, 0.00, 0.00
9441, 0, 355.941, 0.98, 1, 0.55, 0.01, 0.47, 0.00, 0.02, 0.00, 0.00, 2.65, 0.00, 0.00, 4.80, 1.41, 2.08, 0.33, 2.02, 0.44, 0.00, 0.00, 0.00, 1.00, 1.00, 0.00, 0.00, 0.00, 0.00, 0.00, 0.00, 0.00, 0.00, 1.00, 0.00, 0.00, 0.00, 0.00, 0.00
9442, 0, 355.979, 0.98, 1, 0.43, 0.00, 0.41, 0.00, 0.01, 0.00, 0.00, 2.86, 0.00, 0.00, 4.33, 1.63, 2.16, 0.55, 1.86, 0.57, 0.00, 0.00, 0.00, 1.00, 1.00, 0.00, 0.00, 0.00, 0.00, 0.00, 0.00, 0.00, 0.00, 1.00, 0.00, 0.00, 0.00, 0.00, 0.00
9443, 0, 356.017, 0.98, 1, 0.39, 0.00, 0.29, 0.00, 0.00, 0.00, 0.00, 2.89, 0.00, 0.00, 3.80, 1.67, 2.03, 0.63, 1.50, 0.60, 0.00, 0.00, 0.00, 1.00, 1.00, 0.00, 0.00, 0.00, 0.00, 0.00, 0.00, 0.00, 0.00, 1.00, 0.00, 0.00, 0.00, 0.00, 0.00
9444, 0, 356.054, 0.98, 1, 0.39, 0.00, 0.35, 0.00, 0.03, 0.00, 0.00, 3.07, 0.00, 0.00, 3.67, 1.81, 2.17, 0.59, 1.45, 0.80, 0.01, 0.00, 0.00, 1.00, 1.00, 0.00, 0.00, 0.00, 0.00, 0.00, 0.00, 0.00, 0.00, 1.00, 0.00, 0.00, 0.00, 0.00, 0.00
9445, 0, 356.092, 0.98, 1, 0.52, 0.00, 0.49, 0.00, 0.06, 0.08, 0.00, 2.94, 0.00, 0.00, 3.59, 1.45, 1.85, 0.60, 1.24, 0.86, 0.01, 0.00, 0.00, 1.00, 1.00, 0.00, 0.00, 0.00, 0.00, 0.00, 0.00, 0.00, 0.00, 1.00, 0.00, 0.00, 0.00, 0.00, 0.00
9446, 0, 356.130, 0.98, 1, 0.48, 0.00, 0.55, 0.00, 0.08, 0.11, 0.00, 2.46, 0.00, 0.00, 3.49, 0.90, 1.38, 0.67, 1.00, 0.69, 0.01, 0.00, 1.00, 1.00, 1.00, 0.00, 0.00, 0.00, 0.00, 0.00, 0.00, 0.00, 0.00, 1.00, 0.00, 0.00, 0.00, 0.00, 0.00
9447, 0, 356.167, 0.98, 1, 0.55, 0.00, 0.56, 0.00, 0.05, 0.31, 0.00, 1.70, 0.00, 0.00, 3.48, 0.16, 0.87, 0.60, 0.75, 0.27, 0.00, 0.00, 1.00, 0.00, 1.00, 0.00, 0.00, 0.00, 0.00, 0.00, 0.00, 0.00, 0.00, 1.00, 0.00, 0.00, 0.00, 0.00, 0.00
9448, 0, 356.205, 0.98, 1, 0.46, 0.00, 0.35, 0.00, 0.02, 0.23, 0.00, 1.96, 0.00, 0.00, 3.27, 0.65, 0.70, 0.52, 0.65, 0.50, 0.00, 0.00, 0.00, 0.00, 1.00, 0.00, 0.00, 0.00, 0.00, 0.00, 0.00, 0.00, 0.00, 1.00, 0.00, 0.00, 0.00, 0.00, 0.00
9449, 0, 356.243, 0.98, 1, 0.44, 0.00, 0.17, 0.00, 0.00, 0.20, 0.00, 2.36, 0.00, 0.00, 3.22, 1.27, 0.44, 0.37, 0.58, 0.87, 0.00, 0.00, 0.00, 0.00, 1.00, 0.00, 0.00, 0.00, 0.00, 0.00, 0.00, 0.00, 0.00, 1.00, 0.00, 0.00, 0.00, 0.00, 0.00
9450, 0, 356.281, 0.98, 1, 0.40, 0.00, 0.21, 0.00, 0.01, 0.00, 0.00, 2.77, 0.00, 0.00, 3.55, 1.88, 0.08, 0.32, 0.49, 0.82, 0.00, 0.00, 0.00, 0.00, 1.00, 0.00, 0.00, 0.00, 0.00, 0.00, 0.00, 0.00, 1.00, 1.00, 0.00, 0.00, 0.00, 0.00, 0.00
9451, 0, 356.318, 0.98, 1, 0.49, 0.00, 0.42, 0.00, 0.01, 0.00, 0.00, 2.65, 0.00, 0.00, 4.32, 1.93, 0.00, 0.21, 0.76, 0.42, 0.00, 0.00, 0.00, 1.00, 1.00, 0.00, 0.00, 0.00, 0.00, 0.00, 0.00, 0.00, 1.00, 1.00, 1.00, 0.00, 0.00, 0.00, 0.00
9452, 0, 356.356, 0.98, 1, 0.50, 0.00, 0.57, 0.00, 0.01, 0.00, 0.00, 2.70, 0.00, 0.00, 5.00, 2.01, 0.31, 0.09, 1.13, 0.09, 0.00, 1.00, 0.00, 1.00, 1.00, 0.00, 0.00, 0.00, 0.00, 0.00, 0.00, 0.00, 1.00, 1.00, 1.00, 0.00, 0.00, 0.00, 0.00
9453, 0, 356.394, 0.98, 1, 0.56, 0.00, 0.51, 0.00, 0.00, 0.00, 0.00, 2.47, 0.00, 0.00, 4.80, 2.00, 1.04, 0.16, 0.89, 0.41, 0.00, 1.00, 0.00, 1.00, 1.00, 0.00, 0.00, 0.00, 0.00, 0.00, 0.00, 0.00, 0.00, 1.00, 1.00, 0.00, 0.00, 0.00, 0.00
9454, 0, 356.431, 0.98, 1, 0.66, 0.00, 0.36, 0.00, 0.00, 0.00, 0.00, 2.13, 0.00, 0.00, 4.80, 1.99, 1.68, 0.31, 0.48, 0.66, 0.00, 1.00, 0.00, 1.00, 1.00, 0.00, 0.00, 0.00, 0.00, 0.00, 0.00, 0.00, 0.00, 1.00, 1.00, 0.00, 0.00, 0.00, 0.00
9455, 0, 356.469, 0.98, 1, 0.78, 0.00, 0.36, 0.00, 0.00, 0.00, 0.00, 1.63, 0.00, 0.00, 4.50, 1.39, 1.84, 0.44, 0.56, 0.76, 0.00, 1.00, 0.00, 1.00, 1.00, 0.00, 0.00, 0.00, 0.00, 0.00, 0.00, 0.00, 0.00, 1.00, 1.00, 0.00, 0.00, 0.00, 0.00
9456, 0, 356.507, 0.98, 1, 0.84, 0.00, 0.24, 0.00, 0.00, 0.00, 0.00, 1.78, 0.00, 0.00, 4.70, 0.99, 1.38, 0.32, 1.51, 0.74, 0.04, 1.00, 0.00, 1.00, 0.00, 0.00, 0.00, 0.00, 0.00, 0.00, 0.00, 0.00, 0.00, 1.00, 1.00, 0.00, 0.00, 0.00, 0.00
9457, 0, 356.544, 0.98, 1, 0.87, 0.00, 0.18, 0.00, 0.00, 0.00, 0.00, 1.77, 0.00, 0.00, 4.59, 0.49, 1.33, 0.33, 1.84, 0.71, 0.22, 1.00, 0.00, 1.00, 0.00, 0.00, 0.00, 0.00, 0.00, 0.00, 0.00, 0.00, 0.00, 1.00, 1.00, 0.00, 0.00, 0.00, 0.00
9458, 0, 356.582, 0.93, 1, 0.88, 0.00, 0.09, 0.00, 0.00, 0.00, 0.00, 1.99, 0.00, 0.00, 4.39, 0.65, 1.12, 0.27, 1.61, 0.83, 0.22, 1.00, 0.00, 1.00, 0.00, 0.00, 0.00, 0.00, 0.00, 0.00, 0.00, 0.00, 0.00, 1.00, 1.00, 0.00, 0.00, 0.00, 0.00
9459, 0, 356.620, 0.93, 1, 0.71, 0.00, 0.28, 0.00, 0.00, 0.00, 0.00, 1.50, 0.00, 0.00, 4.22, 0.46, 0.85, 0.36, 0.85, 1.35, 0.18, 1.00, 1.00, 1.00, 1.00, 0.00, 0.00, 0.00, 0.00, 0.00, 0.00, 0.00, 0.00, 1.00, 0.00, 0.00, 0.00, 0.00, 0.00
9460, 0, 356.658, 0.93, 1, 0.62, 0.00, 0.53, 0.00, 0.00, 0.00, 0.00, 1.77, 0.00, 0.00, 4.32, 0.61, 0.45, 0.16, 1.17, 1.30, 0.00, 1.00, 1.00, 1.00, 1.00, 0.00, 0.00, 0.00, 0.00, 0.00, 0.00, 0.00, 0.00, 1.00, 0.00, 0.00, 0.00, 0.00, 0.00
9461, 0, 356.695, 0.98, 1, 0.68, 0.00, 0.72, 0.00, 0.00, 0.00, 0.00, 1.84, 0.00, 0.00, 4.58, 0.65, 0.39, 0.09, 1.43, 1.21, 0.00, 1.00, 1.00, 1.00, 1.00, 0.00, 0.00, 0.00, 0.00, 0.00, 0.00, 0.00, 0.00, 1.00, 0.00, 0.00, 0.00, 0.00, 0.00
9462, 0, 356.733, 0.98, 1, 0.78, 0.00, 0.66, 0.00, 0.00, 0.00, 0.00, 2.23, 0.00, 0.00, 4.54, 0.87, 0.65, 0.00, 1.84, 0.46, 0.00, 1.00, 0.00, 1.00, 1.00, 0.00, 0.00, 0.00, 0.00, 0.00, 0.00, 0.00, 0.00, 1.00, 0.00, 0.00, 0.00, 0.00, 0.00
9463, 0, 356.771, 0.98, 1, 0.95, 0.00, 0.57, 0.00, 0.00, 0.00, 0.00, 2.10, 0.00, 0.00, 4.56, 0.82, 0.76, 0.00, 1.78, 0.37, 0.00, 1.00, 0.00, 1.00, 1.00, 0.00, 0.00, 0.00, 0.00, 0.00, 0.00, 0.00, 0.00, 1.00, 0.00, 0.00, 0.00, 0.00, 0.00
9464, 0, 356.808, 0.98, 1, 0.88, 0.00, 0.49, 0.00, 0.00, 0.00, 0.00, 2.05, 0.00, 0.00, 4.79, 0.74, 0.94, 0.00, 1.73, 0.23, 0.00, 1.00, 0.00, 1.00, 1.00, 0.00, 0.00, 0.00, 0.00, 0.00, 0.00, 0.00, 0.00, 1.00, 0.00, 0.00, 0.00, 0.00, 0.00
9465, 0, 356.846, 0.98, 1, 1.00, 0.00, 0.38, 0.00, 0.00, 0.00, 0.00, 2.36, 0.00, 0.00, 4.51, 1.07, 1.01, 0.00, 1.61, 0.18, 0.00, 1.00, 1.00, 1.00, 1.00, 0.00, 0.00, 0.00, 0.00, 0.00, 0.00, 0.00, 0.00, 1.00, 0.00, 0.00, 0.00, 0.00, 0.00
9466, 0, 356.884, 0.98, 1, 0.95, 0.00, 0.32, 0.00, 0.00, 0.00, 0.00, 2.63, 0.00, 0.00, 4.00, 1.30, 1.01, 0.00, 1.49, 0.11, 0.00, 1.00, 0.00, 1.00, 1.00, 0.00, 0.00, 0.00, 0.00, 0.00, 0.00, 0.00, 0.00, 1.00, 0.00, 0.00, 0.00, 0.00, 0.00
9467, 0, 356.922, 0.98, 1, 1.07, 0.00, 0.27, 0.00, 0.00, 0.00, 0.00, 2.84, 0.00, 0.00, 3.93, 1.30, 0.91, 0.00, 1.68, 0.07, 0.00, 1.00, 0.00, 1.00, 1.00, 0.00, 0.00, 0.00, 0.00, 0.00, 0.00, 0.00, 0.00, 1.00, 0.00, 0.00, 0.00, 0.00, 0.00
9468, 0, 356.959, 0.98, 1, 1.15, 0.00, 0.22, 0.00, 0.00, 0.00, 0.00, 2.51, 0.00, 0.00, 3.90, 0.89, 0.79, 0.00, 1.60, 0.13, 0.00, 1.00, 0.00, 1.00, 1.00, 0.00, 0.00, 0.00, 0.00, 0.00, 0.00, 0.00, 0.00, 1.00, 0.00, 0.00, 0.00, 0.00, 0.00
9469, 0, 356.997, 0.98, 1, 1.19, 0.00, 0.12, 0.00, 0.00, 0.00, 0.00, 2.13, 0.00, 0.00, 4.00, 0.36, 0.81, 0.00, 1.34, 0.24, 0.00, 1.00, 0.00, 1.00, 1.00, 0.00, 0.00, 0.00, 0.00, 0.00, 0.00, 0.00, 0.00, 1.00, 0.00, 0.00, 0.00, 0.00, 0.00
9470, 0, 357.035, 0.93, 1, 1.05, 0.00, 0.01, 0.00, 0.00, 0.00, 0.00, 1.78, 0.00, 0.00, 4.07, 0.24, 0.66, 0.02, 1.34, 0.39, 0.00, 1.00, 0.00, 1.00, 1.00, 0.00, 0.00, 0.00, 0.00, 0.00, 0.00, 0.00, 0.00, 1.00, 0.00, 0.00, 0.00, 0.00, 0.00
9471, 0, 357.072, 0.93, 1, 0.95, 0.00, 0.00, 0.00, 0.00, 0.00, 0.00, 1.98, 0.00, 0.00, 4.59, 0.34, 0.80, 0.02, 1.63, 0.64, 0.00, 0.00, 0.00, 1.00, 1.00, 0.00, 0.00, 0.00, 0.00, 0.00, 0.00, 0.00, 0.00, 1.00, 0.00, 0.00, 0.00, 0.00, 0.00
9472, 0, 357.110, 0.93, 1, 0.83, 0.00, 0.00, 0.00, 0.00, 0.00, 0.00, 2.35, 0.00, 0.00, 5.00, 0.60, 0.91, 0.02, 2.40, 0.76, 0.00, 0.00, 0.00, 1.00, 1.00, 0.00, 0.00, 0.00, 0.00, 0.00, 0.00, 0.00, 0.00, 1.00, 0.00, 0.00, 0.00, 0.00, 0.00
9473, 0, 357.148, 0.98, 1, 0.81, 0.00, 0.00, 0.00, 0.00, 0.00, 0.00, 2.75, 0.00, 0.00, 4.97, 0.77, 1.16, 0.01, 2.60, 0.91, 0.00, 0.00, 0.00, 1.00, 0.00, 0.00, 0.00, 0.00, 0.00, 0.00, 0.00, 0.00, 0.00, 1.00, 0.00, 0.00, 0.00, 0.00, 0.00
9474, 0, 357.185, 0.98, 1, 0.63, 0.00, 0.02, 0.00, 0.00, 0.00, 0.00, 2.82, 0.00, 0.00, 4.72, 0.80, 1.19, 0.00, 2.77, 0.58, 0.00, 0.00, 0.00, 1.00, 0.00, 0.00, 0.00, 0.00, 0.00, 0.00, 0.00, 0.00, 0.00, 1.00, 0.00, 0.00, 0.00, 0.00, 0.00
9475, 0, 357.223, 0.98, 1, 0.59, 0.00, 0.34, 0.00, 0.00, 0.00, 0.00, 2.36, 0.00, 0.00, 4.09, 0.82, 0.94, 0.05, 2.20, 0.74, 0.00, 1.00, 0.00, 1.00, 1.00, 0.00, 0.00, 0.00, 0.00, 0.00, 0.00, 0.00, 0.00, 1.00, 0.00, 0.00, 0.00, 0.00, 0.00
9476, 0, 357.261, 0.98, 1, 0.66, 0.00, 0.63, 0.00, 0.00, 0.00, 0.00, 1.84, 0.00, 0.00, 3.17, 0.93, 0.73, 0.09, 1.56, 0.95, 0.00, 1.00, 0.00, 1.00, 1.00, 0.00, 0.00, 0.00, 0.00, 0.00, 0.00, 0.00, 0.00, 1.00, 0.00, 0.00, 0.00, 0.00, 0.00
9477, 0, 357.299, 0.98, 1, 0.62, 0.00, 0.68, 0.00, 0.00, 0.00, 0.00, 1.49, 0.00, 0.00, 2.84, 1.11, 0.53, 0.21, 1.10, 1.64, 0.00, 1.00, 0.00, 1.00, 1.00, 0.00, 0.00, 0.00, 0.00, 0.00, 0.00, 0.00, 0.00, 1.00, 1.00, 0.00, 0.00, 0.00, 0.00
9478, 0, 357.336, 0.98, 1, 0.50, 0.00, 0.45, 0.00, 0.00, 0.00, 0.00, 1.59, 0.00, 0.00, 2.87, 1.21, 0.53, 0.26, 1.14, 1.87, 0.00, 1.00, 0.00, 1.00, 1.00, 0.00, 0.00, 0.00, 0.00, 0.00, 0.00, 0.00, 0.00, 1.00, 1.00, 0.00, 0.00, 0.00, 0.00
9479, 0, 357.374, 0.98, 1, 0.46, 0.00, 0.36, 0.00, 0.00, 0.00, 0.00, 1.87, 0.00, 0.00, 3.37, 1.23, 0.45, 0.23, 1.01, 1.87, 0.00, 1.00, 0.00, 1.00, 1.00, 0.00, 0.00, 0.00, 0.00, 0.00, 0.00, 0.00, 0.00, 1.00, 1.00, 0.00, 0.00, 0.00, 0.00
9480, 0, 357.412, 0.98, 1, 0.57, 0.00, 0.38, 0.00, 0.00, 0.00, 0.00, 1.77, 0.00, 0.00, 3.46, 0.78, 0.28, 0.11, 0.86, 1.18, 0.00, 1.00, 0.00, 1.00, 1.00, 0.00, 0.00, 0.00, 0.00, 0.00, 0.00, 0.00, 0.00, 1.00, 1.00, 0.00, 0.00, 0.00, 0.00
9481, 0, 357.449, 0.98, 1, 0.65, 0.00, 0.54, 0.00, 0.00, 0.00, 0.00, 1.62, 0.00, 0.00, 3.21, 0.39, 0.17, 0.02, 0.71, 0.53, 0.00, 0.00, 0.00, 1.00, 1.00, 0.00, 0.00, 0.00, 0.00, 0.00, 0.00, 0.00, 0.00, 1.00, 0.00, 0.00, 0.00, 0.00, 0.00
9482, 0, 357.487, 0.98, 1, 0.63, 0.00, 0.60, 0.00, 0.00, 0.00, 0.03, 1.37, 0.00, 0.00, 2.93, 0.00, 0.25, 0.03, 0.89, 0.02, 0.00, 0.00, 0.00, 1.00, 1.00, 0.00, 0.00, 0.00, 0.00, 0.00, 0.00, 0.00, 0.00, 1.00, 0.00, 0.00, 0.00, 0.00, 0.00
9483, 0, 357.525, 0.98, 1, 0.54, 0.00, 0.56, 0.00, 0.00, 0.00, 0.03, 1.36, 0.00, 0.00, 2.89, 0.00, 0.37, 0.03, 1.16, 0.00, 0.00, 0.00, 0.00, 1.00, 1.00, 0.00, 0.00, 0.00, 0.00, 0.00, 0.00, 0.00, 0.00, 1.00, 0.00, 0.00, 0.00, 0.00, 0.00
9484, 0, 357.563, 0.98, 1, 0.53, 0.00, 0.34, 0.00, 0.00, 0.00, 0.03, 1.41, 0.00, 0.00, 3.33, 0.00, 0.64, 0.01, 1.51, 0.00, 0.00, 0.00, 0.00, 1.00, 1.00, 0.00, 0.00, 0.00, 0.00, 0.00, 0.00, 0.00, 0.00, 1.00, 0.00, 0.00, 0.00, 0.00, 0.00
9485, 0, 357.600, 0.98, 1, 0.49, 0.00, 0.14, 0.00, 0.00, 0.00, 0.00, 1.57, 0.00, 0.00, 3.45, 0.25, 0.97, 0.03, 1.70, 0.12, 0.00, 0.00, 0.00, 1.00, 1.00, 0.00, 0.00, 0.00, 0.00, 0.00, 0.00, 0.00, 0.00, 1.00, 0.00, 0.00, 0.00, 0.00, 0.00
9486, 0, 357.638, 0.98, 1, 0.48, 0.00, 0.11, 0.00, 0.00, 0.00, 0.00, 1.94, 0.00, 0.00, 3.16, 0.55, 1.18, 0.11, 1.69, 0.21, 0.00, 0.00, 0.00, 1.00, 1.00, 0.00, 0.00, 0.00, 0.00, 0.00, 0.00, 0.00, 0.00, 1.00, 0.00, 0.00, 0.00, 0.00, 0.00
9487, 0, 357.676, 0.98, 1, 0.43, 0.00, 0.19, 0.00, 0.00, 0.00, 0.00, 2.60, 0.00, 0.00, 3.12, 1.01, 1.42, 0.12, 1.70, 0.38, 0.00, 0.00, 0.00, 1.00, 1.00, 0.00, 0.00, 0.00, 0.00, 0.00, 0.00, 0.00, 0.00, 1.00, 0.00, 0.00, 0.00, 0.00, 0.00
9488, 0, 357.713, 0.98, 1, 0.40, 0.00, 0.19, 0.00, 0.00, 0.00, 0.00, 2.91, 0.00, 0.00, 2.80, 1.14, 1.53, 0.11, 1.57, 0.47, 0.00, 0.00, 0.00, 1.00, 1.00, 0.00, 0.00, 0.00, 0.00, 0.00, 0.00, 0.00, 0.00, 1.00, 0.00, 0.00, 0.00, 0.00, 0.00
9489, 0, 357.751, 0.98, 1, 0.37, 0.00, 0.21, 0.00, 0.00, 0.00, 0.00, 2.84, 0.00, 0.00, 2.91, 1.10, 1.60, 0.18, 1.55, 0.49, 0.00, 0.00, 0.00, 1.00, 1.00, 0.00, 0.00, 0.00, 0.00, 0.00, 0.00, 0.00, 0.00, 1.00, 0.00, 0.00, 0.00, 0.00, 0.00
9490, 0, 357.789, 0.98, 1, 0.38, 0.00, 0.34, 0.00, 0.00, 0.00, 0.10, 2.49, 0.00, 0.14, 2.33, 0.93, 1.36, 0.28, 0.95, 0.54, 0.00, 0.00, 0.00, 1.00, 1.00, 0.00, 0.00, 0.00, 0.00, 0.00, 0.00, 0.00, 0.00, 1.00, 0.00, 0.00, 0.00, 0.00, 0.00
9491, 0, 357.826, 0.93, 1, 0.58, 0.11, 0.49, 0.00, 0.00, 0.00, 0.23, 2.31, 0.00, 0.26, 2.41, 0.73, 0.85, 0.35, 0.57, 0.46, 0.00, 0.00, 1.00, 1.00, 1.00, 0.00, 0.00, 0.00, 0.00, 0.00, 0.00, 0.00, 0.00, 1.00, 0.00, 0.00, 0.00, 0.00, 0.00
9492, 0, 357.864, 0.93, 1, 0.82, 0.19, 0.67, 0.00, 0.00, 0.00, 0.32, 2.40, 0.00, 0.31, 2.54, 0.64, 0.62, 0.29, 0.18, 0.44, 0.00, 0.00, 1.00, 1.00, 1.00, 0.00, 0.00, 0.00, 0.00, 0.00, 0.00, 0.00, 0.00, 1.00, 0.00, 0.00, 0.00, 0.00, 0.00
9493, 0, 357.902, 0.98, 1, 0.85, 0.19, 0.58, 0.00, 0.00, 0.00, 0.28, 2.39, 0.00, 0.17, 2.81, 0.69, 0.66, 0.30, 0.31, 0.46, 0.00, 0.00, 1.00, 1.00, 1.00, 0.00, 0.00, 0.00, 0.00, 0.00, 0.00, 0.00, 0.00, 1.00, 0.00, 0.00, 0.00, 0.00, 0.00
9494, 0, 357.940, 0.98, 1, 0.68, 0.08, 0.55, 0.00, 0.00, 0.00, 0.19, 2.28, 0.00, 0.05, 2.88, 0.81, 0.86, 0.35, 0.39, 0.48, 0.00, 0.00, 1.00, 1.00, 1.00, 0.00, 0.00, 0.00, 0.00, 0.00, 0.00, 0.00, 0.00, 1.00, 0.00, 0.00, 0.00, 0.00, 0.00
9495, 0, 357.977, 0.98, 1, 0.50, 0.00, 0.33, 0.00, 0.00, 0.00, 0.10, 2.52, 0.00, 0.00, 3.47, 1.15, 1.34, 0.40, 1.33, 0.83, 0.00, 0.00, 1.00, 1.00, 1.00, 0.00, 0.00, 0.00, 0.00, 0.00, 0.00, 0.00, 0.00, 1.00, 0.00, 0.00, 0.00, 0.00, 0.00
9496, 0, 358.015, 0.98, 1, 0.51, 0.00, 0.18, 0.00, 0.00, 0.00, 0.04, 2.74, 0.00, 0.00, 4.23, 1.47, 1.60, 0.40, 2.04, 1.09, 0.00, 0.00, 0.00, 1.00, 1.00, 0.00, 0.00, 0.00, 0.00, 0.00, 0.00, 0.00, 0.00, 1.00, 0.00, 0.00, 0.00, 0.00, 0.00
9497, 0, 358.053, 0.98, 1, 0.53, 0.00, 0.12, 0.00, 0.00, 0.00, 0.00, 2.85, 0.00, 0.00, 4.76, 1.78, 1.60, 0.46, 2.33, 1.40, 0.00, 0.00, 0.00, 1.00, 1.00, 0.00, 0.00, 0.00, 0.00, 0.00, 0.00, 0.00, 1.00, 1.00, 0.00, 0.00, 0.00, 0.00, 0.00
9498, 0, 358.090, 0.98, 1, 0.58, 0.00, 0.12, 0.00, 0.00, 0.00, 0.00, 2.46, 0.00, 0.00, 4.27, 1.89, 1.40, 0.55, 1.68, 1.33, 0.00, 0.00, 0.00, 1.00, 1.00, 0.00, 0.00, 0.00, 0.00, 0.00, 0.00, 0.00, 1.00, 1.00, 0.00, 0.00, 0.00, 0.00, 0.00
9499, 0, 358.128, 0.98, 1, 0.73, 0.00, 0.19, 0.00, 0.00, 0.00, 0.00, 2.33, 0.00, 0.00, 3.84, 1.83, 1.12, 0.59, 1.15, 1.26, 0.00, 0.00, 0.00, 1.00, 1.00, 0.00, 0.00, 0.00, 0.00, 0.00, 0.00, 0.00, 1.00, 1.00, 0.00, 0.00, 0.00, 0.00, 0.00
9500, 0, 358.166, 0.98, 1, 0.74, 0.00, 0.11, 0.00, 0.00, 0.00, 0.00, 2.16, 0.00, 0.00, 3.76, 1.31, 1.27, 0.49, 1.48, 0.87, 0.00, 0.00, 0.00, 1.00, 1.00, 0.00, 0.00, 0.00, 0.00, 0.00, 0.00, 0.00, 1.00, 1.00, 0.00, 0.00, 0.00, 0.00, 0.00
9501, 0, 358.204, 0.98, 1, 0.60, 0.00, 0.10, 0.00, 0.00, 0.00, 0.00, 2.10, 0.00, 0.00, 3.94, 0.71, 1.16, 0.33, 1.79, 0.51, 0.00, 0.00, 0.00, 1.00, 1.00, 0.00, 0.00, 0.00, 0.00, 0.00, 0.00, 0.00, 0.00, 1.00, 0.00, 0.00, 0.00, 0.00, 0.00
9502, 0, 358.241, 0.98, 1, 0.28, 0.00, 0.21, 0.00, 0.00, 0.00, 0.00, 1.86, 0.00, 0.00, 4.06, 0.23, 1.20, 0.26, 1.96, 0.08, 0.00, 0.00, 0.00, 1.00, 1.00, 0.00, 0.00, 0.00, 0.00, 0.00, 0.00, 0.00, 0.00, 1.00, 0.00, 0.00, 0.00, 0.00, 0.00
9503, 0, 358.279, 0.98, 1, 0.14, 0.00, 0.29, 0.00, 0.00, 0.00, 0.00, 1.81, 0.00, 0.00, 3.69, 0.19, 1.21, 0.26, 1.59, 0.02, 0.00, 0.00, 0.00, 1.00, 1.00, 0.00, 0.00, 0.00, 0.00, 0.00, 0.00, 0.00, 0.00, 1.00, 0.00, 0.00, 0.00, 0.00, 0.00
9504, 0, 358.317, 0.98, 1, 0.23, 0.00, 0.34, 0.00, 0.00, 0.00, 0.00, 1.97, 0.00, 0.00, 3.64, 0.26, 1.46, 0.26, 1.53, 0.07, 0.00, 0.00, 0.00, 1.00, 1.00, 0.00, 0.00, 0.00, 0.00, 0.00, 0.00, 0.00, 0.00, 1.00, 0.00, 0.00, 0.00, 0.00, 0.00
9505, 0, 358.354, 0.98, 1, 0.33, 0.00, 0.15, 0.00, 0.00, 0.00, 0.00, 2.43, 0.00, 0.00, 3.66, 0.50, 1.40, 0.16, 1.47, 0.23, 0.00, 0.00, 0.00, 1.00, 1.00, 0.00, 0.00, 0.00, 0.00, 0.00, 0.00, 0.00, 0.00, 1.00, 0.00, 0.00, 0.00, 0.00, 0.00
9506, 0, 358.392, 0.98, 1, 0.36, 0.00, 0.05, 0.00, 0.00, 0.00, 0.00, 2.82, 0.00, 0.00, 4.26, 0.75, 1.19, 0.08, 1.56, 0.41, 0.00, 0.00, 0.00, 1.00, 1.00, 0.00, 0.00, 0.00, 0.00, 0.00, 0.00, 0.00, 0.00, 1.00, 0.00, 0.00, 0.00, 0.00, 0.00
9507, 0, 358.430, 0.98, 1, 0.44, 0.00, 0.00, 0.00, 0.00, 0.00, 0.00, 2.98, 0.00, 0.00, 4.61, 1.06, 1.13, 0.02, 1.45, 0.51, 0.00, 0.00, 0.00, 1.00, 1.00, 0.00, 0.00, 0.00, 0.00, 0.00, 0.00, 0.00, 0.00, 1.00, 0.00, 0.00, 0.00, 0.00, 0.00
9508, 0, 358.467, 0.98, 1, 0.61, 0.00, 0.04, 0.00, 0.00, 0.00, 0.00, 2.72, 0.00, 0.00, 4.84, 1.20, 1.02, 0.03, 1.32, 0.75, 0.00, 0.00, 0.00, 1.00, 1.00, 0.00, 0.00, 0.00, 0.00, 0.00, 0.00, 0.00, 0.00, 1.00, 0.00, 0.00, 0.00, 0.00, 0.00
9509, 0, 358.505, 0.98, 1, 0.82, 0.00, 0.07, 0.00, 0.00, 0.00, 0.00, 2.54, 0.00, 0.00, 4.93, 1.18, 1.38, 0.03, 1.73, 0.91, 0.00, 0.00, 0.00, 1.00, 1.00, 0.00, 0.00, 0.00, 0.00, 0.00, 0.00, 0.00, 0.00, 1.00, 0.00, 0.00, 0.00, 0.00, 0.00
9510, 0, 358.543, 0.98, 1, 0.88, 0.00, 0.30, 0.00, 0.00, 0.00, 0.00, 2.24, 0.00, 0.00, 4.81, 0.89, 1.30, 0.14, 1.33, 0.90, 0.00, 0.00, 1.00, 1.00, 1.00, 0.00, 0.00, 0.00, 0.00, 0.00, 0.00, 0.00, 0.00, 1.00, 0.00, 0.00, 0.00, 0.00, 0.00
9511, 0, 358.581, 0.98, 1, 0.88, 0.00, 0.42, 0.00, 0.00, 0.00, 0.00, 2.24, 0.00, 0.00, 4.88, 0.53, 1.52, 0.26, 1.31, 0.74, 0.00, 1.00, 1.00, 1.00, 1.00, 0.00, 0.00, 0.00, 0.00, 0.00, 0.00, 0.00, 0.00, 1.00, 0.00, 0.00, 0.00, 0.00, 0.00
9512, 0, 358.618, 0.93, 1, 0.85, 0.00, 0.55, 0.00, 0.00, 0.00, 0.00, 2.17, 0.00, 0.00, 4.88, 0.42, 1.35, 0.42, 0.76, 0.61, 0.00, 1.00, 1.00, 1.00, 1.00, 0.00, 0.00, 0.00, 0.00, 0.00, 0.00, 0.00, 0.00, 1.00, 0.00, 0.00, 0.00, 0.00, 0.00
9513, 0, 358.656, 0.93, 1, 0.87, 0.00, 0.45, 0.00, 0.00, 0.00, 0.00, 2.18, 0.00, 0.00, 5.00, 0.43, 1.31, 0.40, 0.91, 0.52, 0.00, 1.00, 1.00, 1.00, 1.00, 0.00, 0.00, 0.00, 0.00, 0.00, 0.00, 0.00, 0.00, 1.00, 0.00, 0.00, 0.00, 0.00, 0.00
9514, 0, 358.694, 0.98, 1, 0.81, 0.00, 0.36, 0.00, 0.00, 0.00, 0.00, 2.08, 0.00, 0.00, 5.00, 0.43, 1.24, 0.27, 1.09, 0.35, 0.00, 1.00, 0.00, 1.00, 1.00, 0.00, 0.00, 0.00, 0.00, 0.00, 0.00, 0.00, 0.00, 1.00, 0.00, 0.00, 0.00, 0.00, 0.00
9515, 0, 358.731, 0.98, 1, 0.80, 0.00, 0.43, 0.00, 0.00, 0.00, 0.00, 2.31, 0.00, 0.00, 5.00, 0.89, 2.00, 0.10, 1.90, 0.32, 0.00, 0.00, 0.00, 1.00, 1.00, 0.00, 0.00, 0.00, 0.00, 0.00, 0.00, 0.00, 0.00, 1.00, 0.00, 0.00, 0.00, 0.00, 0.00
9516, 0, 358.769, 0.93, 1, 0.68, 0.00, 0.42, 0.00, 0.00, 0.00, 0.00, 2.74, 0.00, 0.00, 5.00, 1.29, 2.69, 0.01, 2.59, 0.45, 0.00, 0.00, 0.00, 1.00, 1.00, 0.00, 0.00, 0.00, 0.00, 0.00, 0.00, 0.00, 0.00, 1.00, 0.00, 0.00, 0.00, 0.00, 0.00
9517, 0, 358.807, 0.98, 1, 0.68, 0.00, 0.48, 0.00, 0.00, 0.00, 0.00, 3.08, 0.00, 0.00, 5.00, 1.71, 3.46, 0.00, 3.07, 0.62, 0.00, 0.00, 0.00, 1.00, 1.00, 0.00, 0.00, 0.00, 0.00, 0.00, 0.00, 0.00, 0.00, 1.00, 0.00, 0.00, 0.00, 0.00, 0.00
9518, 0, 358.844, 0.98, 1, 0.64, 0.00, 0.37, 0.00, 0.00, 0.00, 0.00, 2.91, 0.00, 0.00, 4.80, 1.48, 2.89, 0.00, 2.70, 0.58, 0.00, 0.00, 0.00, 1.00, 1.00, 0.00, 0.00, 0.00, 0.00, 0.00, 0.00, 0.00, 0.00, 1.00, 0.00, 0.00, 0.00, 0.00, 0.00
9519, 0, 358.882, 0.98, 1, 0.56, 0.00, 0.38, 0.00, 0.00, 0.00, 0.00, 2.55, 0.00, 0.00, 4.80, 1.11, 2.20, 0.00, 2.59, 0.53, 0.00, 0.00, 0.00, 1.00, 1.00, 0.00, 0.00, 0.00, 0.00, 0.00, 0.00, 0.00, 1.00, 1.00, 0.00, 0.00, 0.00, 0.00, 0.00
9520, 0, 358.920, 0.98, 1, 0.46, 0.00, 0.28, 0.00, 0.03, 0.00, 0.00, 2.62, 0.00, 0.00, 4.80, 1.16, 1.47, 0.00, 2.31, 0.52, 0.00, 0.00, 0.00, 1.00, 1.00, 0.00, 0.00, 0.00, 0.00, 0.00, 0.00, 0.00, 0.00, 1.00, 0.00, 0.00, 0.00, 0.00, 0.00
9521, 0, 358.958, 0.98, 1, 0.47, 0.00, 0.34, 0.00, 0.03, 0.00, 0.00, 2.70, 0.00, 0.00, 4.98, 1.37, 1.26, 0.00, 2.32, 0.73, 0.00, 0.00, 0.00, 1.00, 1.00, 0.00, 0.00, 0.00, 0.00, 0.00, 0.00, 0.00, 0.00, 1.00, 0.00, 0.00, 0.00, 0.00, 0.00
9522, 0, 358.995, 0.98, 1, 0.50, 0.00, 0.32, 0.00, 0.03, 0.00, 0.00, 2.79, 0.00, 0.00, 4.98, 1.78, 1.10, 0.00, 2.40, 1.04, 0.00, 0.00, 0.00, 1.00, 1.00, 0.00, 0.00, 0.00, 0.00, 0.00, 0.00, 0.00, 0.00, 1.00, 0.00, 0.00, 0.00, 0.00, 0.00
9523, 0, 359.033, 0.98, 1, 0.51, 0.00, 0.51, 0.00, 0.00, 0.00, 0.00, 2.52, 0.00, 0.00, 4.98, 1.78, 0.97, 0.00, 2.57, 1.26, 0.00, 0.00, 0.00, 1.00, 1.00, 0.00, 0.00, 0.00, 0.00, 0.00, 0.00, 0.00, 0.00, 1.00, 0.00, 0.00, 0.00, 0.00, 0.00
9524, 0, 359.071, 0.98, 1, 0.47, 0.00, 0.74, 0.00, 0.01, 0.00, 0.00, 2.32, 0.00, 0.00, 4.48, 1.47, 0.89, 0.14, 2.06, 1.14, 0.00, 0.00, 0.00, 1.00, 1.00, 0.00, 0.00, 0.00, 0.00, 0.00, 0.00, 0.00, 0.00, 1.00, 0.00, 0.00, 0.00, 0.00, 0.00
9525, 0, 359.108, 0.98, 1, 0.33, 0.00, 0.65, 0.00, 0.01, 0.00, 0.00, 2.41, 0.00, 0.00, 4.07, 1.43, 1.17, 0.23, 1.64, 1.15, 0.00, 0.00, 0.00, 1.00, 1.00, 0.00, 0.00, 0.00, 0.00, 0.00, 0.00, 0.00, 0.00, 1.00, 0.00, 0.00, 0.00, 0.00, 0.00
9526, 0, 359.146, 0.98, 1, 0.21, 0.00, 0.44, 0.00, 0.01, 0.00, 0.00, 2.45, 0.00, 0.00, 3.50, 1.45, 1.52, 0.31, 1.20, 1.31, 0.00, 0.00, 0.00, 1.00, 1.00, 0.00, 0.00, 0.00, 0.00, 0.00, 0.00, 0.00, 0.00, 1.00, 0.00, 0.00, 0.00, 0.00, 0.00
9527, 0, 359.184, 0.98, 1, 0.01, 0.00, 0.03, 0.00, 0.00, 0.00, 0.00, 2.36, 0.00, 0.00, 3.53, 1.47, 1.58, 0.28, 1.47, 1.50, 0.00, 0.00, 0.00, 1.00, 1.00, 0.00, 0.00, 0.00, 0.00, 0.00, 0.00, 0.00, 0.00, 1.00, 0.00, 0.00, 0.00, 0.00, 0.00
9528, 0, 359.222, 0.98, 1, 0.21, 0.00, 0.00, 0.00, 0.00, 0.00, 0.00, 2.39, 0.00, 0.00, 3.94, 1.22, 1.63, 0.19, 2.18, 1.09, 0.00, 1.00, 0.00, 1.00, 1.00, 0.00, 0.00, 0.00, 0.00, 0.00, 0.00, 0.00, 0.00, 1.00, 0.00, 0.00, 0.00, 0.00, 0.00
9529, 0, 359.259, 0.93, 1, 0.47, 0.00, 0.00, 0.00, 0.00, 0.00, 0.00, 2.44, 0.00, 0.00, 4.51, 0.88, 1.16, 0.11, 2.86, 0.56, 0.00, 1.00, 0.00, 1.00, 1.00, 0.00, 0.00, 0.00, 0.00, 0.00, 0.00, 0.00, 0.00, 1.00, 0.00, 0.00, 0.00, 0.00, 0.00
9530, 0, 359.297, 0.93, 1, 0.80, 0.00, 0.00, 0.00, 0.00, 0.00, 0.00, 2.74, 0.00, 0.00, 3.94, 0.98, 1.35, 0.00, 2.48, 0.47, 0.07, 1.00, 0.00, 1.00, 1.00, 0.00, 0.00, 0.00, 0.00, 0.00, 0.00, 0.00, 0.00, 1.00, 0.00, 0.00, 0.00, 0.00, 0.00
9531, 0, 359.335, 0.98, 1, 0.84, 0.00, 0.07, 0.00, 0.00, 0.00, 0.00, 2.51, 0.00, 0.00, 3.00, 0.82, 1.05, 0.09, 1.49, 0.64, 0.07, 1.00, 0.00, 1.00, 1.00, 0.00, 0.00, 0.00, 0.00, 0.00, 0.00, 0.00, 0.00, 1.00, 0.00, 0.00, 0.00, 0.00, 0.00
9532, 0, 359.372, 0.98, 1, 0.86, 0.00, 0.18, 0.00, 0.00, 0.00, 0.01, 2.52, 0.00, 0.00, 2.13, 1.13, 1.67, 0.12, 0.77, 0.78, 0.07, 1.00, 0.00, 1.00, 1.00, 0.00, 0.00, 0.00, 0.00, 0.00, 0.00, 0.00, 0.00, 1.00, 0.00, 0.00, 0.00, 0.00, 0.00
9533, 0, 359.410, 0.98, 1, 0.73, 0.00, 0.31, 0.00, 0.00, 0.00, 0.04, 2.52, 0.00, 0.00, 2.16, 1.35, 1.93, 0.12, 0.90, 0.63, 0.00, 1.00, 0.00, 1.00, 1.00, 0.00, 0.00, 0.00, 0.00, 0.00, 0.00, 0.00, 0.00, 1.00, 0.00, 0.00, 0.00, 0.00, 0.00
9534, 0, 359.448, 0.98, 1, 0.73, 0.00, 0.38, 0.00, 0.00, 0.00, 0.06, 2.74, 0.00, 0.00, 1.61, 2.04, 2.65, 0.20, 0.89, 0.77, 0.00, 1.00, 0.00, 1.00, 1.00, 0.00, 0.00, 0.00, 0.00, 0.00, 0.00, 0.00, 0.00, 1.00, 0.00, 0.00, 0.00, 0.00, 0.00
9535, 0, 359.485, 0.98, 1, 0.75, 0.00, 0.46, 0.00, 0.00, 0.00, 0.07, 2.35, 0.00, 0.00, 1.40, 2.12, 2.16, 0.28, 0.81, 0.85, 0.00, 1.00, 0.00, 1.00, 1.00, 0.00, 0.00, 0.00, 0.00, 0.00, 0.00, 0.00, 0.00, 1.00, 0.00, 0.00, 0.00, 0.00, 0.00
9536, 0, 359.523, 0.98, 1, 0.92, 0.00, 0.46, 0.00, 0.00, 0.00, 0.03, 2.14, 0.00, 0.00, 1.65, 1.83, 1.51, 0.36, 0.80, 0.83, 0.00, 1.00, 0.00, 1.00, 1.00, 0.00, 0.00, 0.00, 0.00, 0.00, 0.00, 0.00, 0.00, 1.00, 0.00, 0.00, 0.00, 0.00, 0.00
9537, 0, 359.561, 0.98, 1, 1.04, 0.00, 0.44, 0.00, 0.00, 0.00, 0.02, 1.98, 0.00, 0.00, 2.10, 1.48, 0.88, 0.23, 0.91, 0.75, 0.00, 0.00, 0.00, 1.00, 1.00, 0.00, 0.00, 0.00, 0.00, 0.00, 0.00, 0.00, 0.00, 1.00, 0.00, 0.00, 0.00, 0.00, 0.00
9538, 0, 359.599, 0.98, 1, 1.02, 0.00, 0.33, 0.00, 0.00, 0.00, 0.00, 2.22, 0.00, 0.00, 2.03, 1.31, 0.91, 0.14, 0.81, 0.68, 0.00, 0.00, 1.00, 1.00, 1.00, 0.00, 0.00, 0.00, 0.00, 0.00, 0.00, 0.00, 0.00, 1.00, 0.00, 0.00, 0.00, 0.00, 0.00
9539, 0, 359.636, 0.98, 1, 0.82, 0.00, 0.29, 0.00, 0.00, 0.00, 0.00, 2.47, 0.00, 0.00, 1.80, 1.42, 0.82, 0.10, 0.73, 0.82, 0.00, 0.00, 1.00, 1.00, 1.00, 0.00, 0.00, 0.00, 0.00, 0.00, 0.00, 0.00, 0.00, 1.00, 0.00, 0.00, 0.00, 0.00, 0.00
9540, 0, 359.674, 0.98, 1, 0.74, 0.00, 0.42, 0.00, 0.00, 0.00, 0.00, 2.72, 0.00, 0.00, 2.45, 1.54, 0.73, 0.05, 0.92, 0.93, 0.04, 0.00, 1.00, 1.00, 1.00, 0.00, 0.00, 0.00, 0.00, 0.00, 0.00, 0.00, 0.00, 1.00, 0.00, 0.00, 0.00, 0.00, 0.00
9541, 0, 359.712, 0.98, 1, 0.79, 0.00, 0.62, 0.00, 0.00, 0.00, 0.00, 2.84, 0.00, 0.00, 3.33, 1.56, 0.59, 0.06, 1.23, 1.01, 0.04, 0.00, 1.00, 1.00, 1.00, 0.00, 0.00, 0.00, 0.00, 0.00, 0.00, 0.00, 0.00, 1.00, 0.00, 0.00, 0.00, 0.00, 0.00
9542, 0, 359.749, 0.98, 1, 0.96, 0.00, 0.70, 0.00, 0.00, 0.00, 0.00, 2.83, 0.00, 0.00, 4.34, 1.61, 1.03, 0.02, 1.84, 1.22, 0.04, 0.00, 0.00, 1.00, 1.00, 0.00, 0.00, 0.00, 0.00, 0.00, 0.00, 0.00, 0.00, 1.00, 0.00, 0.00, 0.00, 0.00, 0.00
9543, 0, 359.787, 0.98, 1, 0.86, 0.00, 0.63, 0.00, 0.00, 0.00, 0.00, 2.84, 0.00, 0.00, 4.35, 1.59, 1.43, 0.02, 1.89, 1.48, 0.00, 0.00, 0.00, 1.00, 1.00, 0.00, 0.00, 0.00, 0.00, 0.00, 0.00, 0.00, 0.00, 1.00, 0.00, 0.00, 0.00, 0.00, 0.00
9544, 0, 359.825, 0.98, 1, 0.76, 0.00, 0.59, 0.00, 0.02, 0.00, 0.00, 2.68, 0.00, 0.00, 4.61, 1.35, 1.70, 0.00, 2.16, 1.53, 0.00, 0.00, 0.00, 1.00, 1.00, 0.00, 0.00, 0.00, 0.00, 0.00, 0.00, 0.00, 0.00, 1.00, 0.00, 0.00, 0.00, 0.00, 0.00
9545, 0, 359.863, 0.98, 1, 0.54, 0.00, 0.55, 0.00, 0.02, 0.00, 0.05, 2.05, 0.00, 0.00, 3.94, 0.87, 1.36, 0.03, 1.52, 1.51, 0.00, 0.00, 0.00, 1.00, 1.00, 0.00, 0.00, 0.00, 0.00, 0.00, 0.00, 0.00, 0.00, 1.00, 0.00, 0.00, 0.00, 0.00, 0.00
9546, 0, 359.900, 0.98, 1, 0.47, 0.00, 0.67, 0.00, 0.02, 0.00, 0.06, 1.52, 0.00, 0.00, 3.96, 0.42, 0.82, 0.03, 1.13, 1.26, 0.00, 0.00, 0.00, 1.00, 1.00, 0.00, 0.00, 0.00, 0.00, 0.00, 0.00, 0.00, 0.00, 1.00, 0.00, 0.00, 0.00, 0.00, 0.00
9547, 0, 359.938, 0.98, 1, 0.37, 0.00, 0.73, 0.00, 0.00, 0.00, 0.12, 1.23, 0.00, 0.00, 3.33, 0.36, 0.40, 0.03, 0.51, 1.39, 0.00, 0.00, 0.00, 1.00, 1.00, 0.00, 0.00, 0.00, 0.00, 0.00, 0.00, 0.00, 0.00, 1.00, 0.00, 0.00, 0.00, 0.00, 0.00
9548, 0, 359.976, 0.98, 1, 0.44, 0.00, 0.84, 0.00, 0.00, 0.00, 0.16, 1.35, 0.00, 0.00, 2.85, 0.59, 0.31, 0.02, 0.32, 1.46, 0.00, 0.00, 0.00, 1.00, 1.00, 0.00, 0.00, 0.00, 0.00, 0.00, 0.00, 0.00, 0.00, 1.00, 0.00, 0.00, 0.00, 0.00, 0.00
9549, 0, 360.013, 0.98, 1, 0.48, 0.00, 0.72, 0.00, 0.00, 0.00, 0.23, 1.32, 0.00, 0.00, 2.05, 0.79, 0.37, 0.07, 0.25, 1.66, 0.00, 0.00, 0.00, 1.00, 1.00, 0.00, 0.00, 0.00, 0.00, 0.00, 0.00, 0.00, 0.00, 1.00, 0.00, 0.00, 0.00, 0.00, 0.00
9550, 0, 360.051, 0.98, 1, 0.63, 0.00, 0.59, 0.00, 0.00, 0.00, 0.17, 1.78, 0.00, 0.00, 2.68, 0.99, 0.87, 0.07, 1.03, 1.73, 0.00, 0.00, 0.00, 1.00, 1.00, 0.00, 0.00, 0.00, 0.00, 0.00, 0.00, 0.00, 0.00, 1.00, 0.00, 0.00, 0.00, 0.00, 0.00
9551, 0, 360.089, 0.98, 1, 0.76, 0.00, 0.49, 0.00, 0.00, 0.00, 0.08, 2.32, 0.00, 0.00, 3.83, 1.09, 1.26, 0.05, 1.72, 1.78, 0.00, 1.00, 0.00, 0.00, 1.00, 0.00, 0.00, 0.00, 0.00, 0.00, 0.00, 0.00, 0.00, 1.00, 0.00, 0.00, 0.00, 0.00, 0.00
9552, 0, 360.126, 0.98, 1, 0.91, 0.00, 0.37, 0.00, 0.00, 0.00, 0.00, 2.93, 0.00, 0.00, 5.00, 1.38, 1.58, 0.00, 2.19, 1.97, 0.00, 1.00, 0.00, 0.00, 1.00, 0.00, 0.00, 0.00, 0.00, 0.00, 0.00, 0.00, 0.00, 1.00, 0.00, 0.00, 0.00, 0.00, 0.00
9553, 0, 360.164, 0.98, 1, 0.95, 0.00, 0.33, 0.00, 0.00, 0.00, 0.00, 2.99, 0.00, 0.00, 4.64, 1.56, 1.58, 0.01, 1.61, 2.22, 0.00, 1.00, 0.00, 0.00, 1.00, 0.00, 0.00, 0.00, 0.00, 0.00, 0.00, 0.00, 0.00, 1.00, 0.00, 0.00, 0.00, 0.00, 0.00
9554, 0, 360.202, 0.98, 1, 0.89, 0.00, 0.43, 0.00, 0.00, 0.00, 0.00, 2.97, 0.00, 0.00, 4.54, 1.65, 1.37, 0.01, 1.20, 2.33, 0.00, 1.00, 0.00, 0.00, 1.00, 0.00, 0.00, 0.00, 0.00, 0.00, 0.00, 0.00, 0.00, 1.00, 0.00, 0.00, 0.00, 0.00, 0.00
9555, 0, 360.240, 0.98, 1, 0.84, 0.00, 0.35, 0.00, 0.00, 0.00, 0.00, 2.84, 0.00, 0.00, 4.18, 1.48, 0.99, 0.01, 1.02, 1.93, 0.00, 1.00, 0.00, 0.00, 1.00, 0.00, 0.00, 0.00, 0.00, 0.00, 0.00, 0.00, 0.00, 1.00, 0.00, 0.00, 0.00, 0.00, 0.00
9556, 0, 360.277, 0.98, 1, 0.88, 0.17, 0.25, 0.00, 0.00, 0.00, 0.00, 2.30, 0.00, 0.00, 3.65, 0.93, 0.41, 0.01, 0.99, 1.48, 0.00, 1.00, 0.00, 0.00, 1.00, 0.00, 0.00, 0.00, 0.00, 0.00, 0.00, 0.00, 0.00, 1.00, 0.00, 0.00, 0.00, 0.00, 0.00
9557, 0, 360.315, 0.98, 1, 1.05, 0.41, 0.10, 0.00, 0.00, 0.00, 0.01, 1.69, 0.00, 0.00, 2.59, 0.53, 0.11, 0.01, 0.98, 1.10, 0.00, 1.00, 1.00, 1.00, 1.00, 0.00, 0.00, 0.00, 0.00, 0.00, 0.00, 0.00, 0.00, 1.00, 0.00, 0.00, 0.00, 0.00, 0.00
9558, 0, 360.353, 0.98, 1, 1.28, 0.68, 0.19, 0.00, 0.00, 0.00, 0.01, 1.20, 0.00, 0.00, 1.69, 0.10, 0.08, 0.02, 1.03, 1.03, 0.00, 1.00, 1.00, 1.00, 1.00, 0.00, 0.00, 0.00, 0.00, 0.00, 0.00, 0.00, 0.00, 1.00, 0.00, 0.00, 0.00, 0.00, 0.00
9559, 0, 360.390, 0.98, 1, 1.43, 0.83, 0.37, 0.00, 0.00, 0.00, 0.01, 1.14, 0.00, 0.00, 1.63, 0.04, 0.24, 0.06, 1.34, 0.97, 0.00, 1.00, 1.00, 1.00, 1.00, 0.00, 0.00, 0.00, 0.00, 0.00, 0.00, 0.00, 0.00, 1.00, 0.00, 0.00, 0.00, 0.00, 0.00
9560, 0, 360.428, 0.98, 1, 1.60, 0.65, 0.64, 0.00, 0.00, 0.00, 0.00, 1.62, 0.00, 0.00, 1.58, 0.23, 0.47, 0.06, 1.14, 1.22, 0.00, 1.00, 1.00, 1.00, 1.00, 0.00, 0.00, 0.00, 0.00, 0.00, 0.00, 0.00, 0.00, 1.00, 0.00, 0.00, 0.00, 0.00, 0.00
9561, 0, 360.466, 0.98, 1, 1.74, 0.38, 0.76, 0.00, 0.00, 0.00, 0.00, 1.71, 0.00, 0.00, 1.88, 0.23, 0.53, 0.05, 0.76, 1.37, 0.00, 1.00, 1.00, 1.00, 1.00, 0.00, 0.00, 0.00, 0.00, 0.00, 0.00, 0.00, 0.00, 1.00, 0.00, 0.00, 0.00, 0.00, 0.00
9562, 0, 360.504, 0.98, 1, 1.90, 0.07, 0.80, 0.00, 0.00, 0.00, 0.00, 1.91, 0.00, 0.00, 1.74, 0.23, 0.38, 0.00, 0.22, 1.60, 0.00, 1.00, 1.00, 1.00, 1.00, 0.00, 0.00, 0.00, 0.00, 0.00, 0.00, 0.00, 0.00, 1.00, 0.00, 0.00, 0.00, 0.00, 0.00
9563, 0, 360.541, 0.98, 1, 1.82, 0.01, 0.66, 0.00, 0.00, 0.00, 0.00, 1.81, 0.00, 0.00, 2.69, 0.39, 0.70, 0.00, 0.56, 1.40, 0.00, 1.00, 1.00, 1.00, 1.00, 0.00, 0.00, 0.00, 0.00, 0.00, 0.00, 0.00, 0.00, 1.00, 0.00, 0.00, 0.00, 0.00, 0.00
9564, 0, 360.579, 0.98, 1, 1.66, 0.01, 0.70, 0.00, 0.00, 0.00, 0.00, 1.91, 0.00, 0.00, 3.47, 0.65, 1.20, 0.00, 0.94, 1.15, 0.00, 1.00, 1.00, 1.00, 1.00, 0.00, 0.00, 0.00, 0.00, 0.00, 0.00, 0.00, 0.00, 1.00, 0.00, 0.00, 0.00, 0.00, 0.00
9565, 0, 360.617, 0.98, 1, 1.56, 0.03, 0.46, 0.00, 0.00, 0.00, 0.00, 2.03, 0.00, 0.00, 4.11, 0.75, 1.72, 0.00, 1.61, 0.83, 0.00, 1.00, 1.00, 1.00, 1.00, 0.00, 0.00, 0.00, 0.00, 0.00, 0.00, 0.00, 0.00, 1.00, 0.00, 0.00, 0.00, 0.00, 0.00
9566, 0, 360.654, 0.98, 1, 1.65, 0.03, 0.26, 0.00, 0.00, 0.00, 0.00, 2.04, 0.00, 0.00, 4.35, 0.72, 1.77, 0.00, 2.27, 0.97, 0.00, 1.00, 1.00, 1.00, 1.00, 0.00, 0.00, 0.00, 0.00, 0.00, 0.00, 0.00, 0.00, 1.00, 0.00, 0.00, 0.00, 0.00, 0.00
9567, 0, 360.692, 0.98, 1, 1.71, 0.08, 0.03, 0.00, 0.00, 0.00, 0.00, 2.49, 0.00, 0.00, 4.55, 0.97, 1.77, 0.00, 3.40, 1.26, 0.00, 1.00, 1.00, 0.00, 1.00, 0.00, 0.00, 0.00, 0.00, 0.00, 0.00, 0.00, 0.00, 1.00, 0.00, 0.00, 0.00, 0.00, 0.00
9568, 0, 360.730, 0.93, 1, 1.61, 0.05, 0.02, 0.00, 0.00, 0.00, 0.00, 2.72, 0.00, 0.00, 5.00, 1.33, 1.89, 0.00, 3.72, 1.62, 0.06, 1.00, 1.00, 0.00, 1.00, 0.00, 0.00, 0.00, 0.00, 0.00, 0.00, 0.00, 0.00, 1.00, 0.00, 0.00, 0.00, 0.00, 0.00
9569, 0, 360.767, 0.93, 1, 1.45, 0.05, 0.01, 0.00, 0.00, 0.00, 0.00, 2.93, 0.00, 0.00, 5.00, 1.41, 1.83, 0.00, 3.68, 1.74, 0.14, 1.00, 0.00, 0.00, 1.00, 0.00, 0.00, 0.00, 0.00, 0.00, 0.00, 0.00, 0.00, 1.00, 0.00, 0.00, 0.00, 0.00, 0.00
9570, 0, 360.805, 0.98, 1, 1.14, 0.00, 0.04, 0.00, 0.00, 0.00, 0.00, 2.80, 0.00, 0.00, 5.00, 1.14, 1.41, 0.03, 2.78, 1.54, 0.34, 1.00, 0.00, 0.00, 1.00, 0.00, 0.00, 0.00, 0.00, 0.00, 0.00, 0.00, 0.00, 1.00, 0.00, 0.00, 0.00, 0.00, 0.00
9571, 0, 360.843, 0.98, 1, 0.88, 0.00, 0.10, 0.00, 0.00, 0.00, 0.00, 2.66, 0.00, 0.00, 4.71, 0.88, 0.93, 0.06, 2.11, 1.47, 0.48, 0.00, 0.00, 0.00, 1.00, 0.00, 0.00, 0.00, 0.00, 0.00, 0.00, 0.00, 0.00, 1.00, 0.00, 0.00, 0.00, 0.00, 0.00
9572, 0, 360.881, 0.98, 1, 0.52, 0.00, 0.18, 0.00, 0.00, 0.00, 0.00, 2.49, 0.00, 0.00, 4.07, 0.60, 0.72, 0.20, 1.42, 1.36, 0.40, 0.00, 0.00, 0.00, 1.00, 0.00, 0.00, 0.00, 0.00, 0.00, 0.00, 0.00, 0.00, 1.00, 0.00, 0.00, 0.00, 0.00, 0.00
9573, 0, 360.918, 0.93, 1, 0.34, 0.00, 0.20, 0.00, 0.00, 0.00, 0.00, 2.46, 0.00, 0.00, 3.95, 0.55, 0.73, 0.24, 1.32, 1.32, 0.20, 0.00, 0.00, 0.00, 1.00, 0.00, 0.00, 0.00, 0.00, 0.00, 0.00, 0.00, 0.00, 1.00, 0.00, 0.00, 0.00, 0.00, 0.00
9574, 0, 360.956, 0.98, 1, 0.15, 0.00, 0.14, 0.00, 0.00, 0.00, 0.00, 2.53, 0.00, 0.00, 3.61, 0.63, 0.93, 0.26, 1.14, 1.29, 0.00, 0.00, 0.00, 1.00, 1.00, 0.00, 0.00, 0.00, 0.00, 0.00, 0.00, 0.00, 0.00, 1.00, 0.00, 0.00, 0.00, 0.00, 0.00
9575, 0, 360.994, 0.98, 1, 0.27, 0.00, 0.12, 0.00, 0.00, 0.00, 0.00, 2.47, 0.00, 0.00, 3.53, 0.86, 1.30, 0.24, 1.00, 1.47, 0.03, 0.00, 0.00, 1.00, 1.00, 0.00, 0.00, 0.00, 0.00, 0.00, 0.00, 0.00, 0.00, 1.00, 0.00, 0.00, 0.00, 0.00, 0.00
9576, 0, 361.031, 0.98, 1, 0.36, 0.00, 0.13, 0.00, 0.00, 0.00, 0.00, 2.26, 0.00, 0.00, 2.88, 1.02, 1.79, 0.30, 0.68, 1.84, 0.03, 0.00, 0.00, 1.00, 1.00, 0.00, 0.00, 0.00, 0.00, 0.00, 0.00, 0.00, 0.00, 1.00, 0.00, 0.00, 0.00, 0.00, 0.00
9577, 0, 361.069, 0.98, 1, 0.52, 0.00, 0.19, 0.00, 0.00, 0.00, 0.00, 1.90, 0.00, 0.00, 2.80, 1.26, 1.81, 0.29, 0.63, 1.92, 0.03, 0.00, 0.00, 1.00, 1.00, 0.00, 0.00, 0.00, 0.00, 0.00, 0.00, 0.00, 0.00, 1.00, 0.00, 0.00, 0.00, 0.00, 0.00
9578, 0, 361.107, 0.98, 1, 0.50, 0.00, 0.24, 0.00, 0.00, 0.00, 0.00, 1.95, 0.00, 0.00, 3.09, 1.51, 1.75, 0.21, 0.93, 2.02, 0.00, 0.00, 0.00, 1.00, 1.00, 0.00, 0.00, 0.00, 0.00, 0.00, 0.00, 0.00, 0.00, 1.00, 0.00, 0.00, 0.00, 0.00, 0.00
9579, 0, 361.145, 0.98, 1, 0.59, 0.00, 0.26, 0.00, 0.00, 0.00, 0.00, 1.85, 0.00, 0.00, 3.01, 1.73, 1.43, 0.24, 0.94, 2.14, 0.00, 0.00, 0.00, 1.00, 1.00, 0.00, 0.00, 0.00, 0.00, 0.00, 0.00, 0.00, 0.00, 1.00, 0.00, 0.00, 0.00, 0.00, 0.00
9580, 0, 361.182, 0.98, 1, 0.47, 0.00, 0.47, 0.00, 0.00, 0.00, 0.00, 2.15, 0.00, 0.00, 2.88, 1.86, 1.39, 0.28, 1.08, 2.19, 0.00, 0.00, 0.00, 1.00, 1.00, 0.00, 0.00, 0.00, 0.00, 0.00, 0.00, 0.00, 0.00, 1.00, 0.00, 0.00, 0.00, 0.00, 0.00
9581, 0, 361.220, 0.98, 1, 0.30, 0.00, 0.52, 0.00, 0.00, 0.00, 0.00, 2.37, 0.00, 0.00, 2.68, 1.76, 1.18, 0.39, 0.90, 1.93, 0.00, 1.00, 1.00, 1.00, 1.00, 0.00, 0.00, 0.00, 0.00, 0.00, 0.00, 0.00, 0.00, 1.00, 0.00, 0.00, 0.00, 0.00, 0.00
9582, 0, 361.258, 0.98, 1, 0.07, 0.00, 0.58, 0.00, 0.00, 0.00, 0.00, 2.75, 0.00, 0.00, 2.70, 1.76, 1.18, 0.38, 0.97, 1.71, 0.00, 1.00, 0.00, 1.00, 1.00, 0.00, 0.00, 0.00, 0.00, 0.00, 0.00, 0.00, 0.00, 1.00, 0.00, 0.00, 0.00, 0.00, 0.00
9583, 0, 361.295, 0.98, 1, 0.20, 0.02, 0.49, 0.00, 0.00, 0.00, 0.00, 2.71, 0.00, 0.00, 2.73, 1.63, 1.26, 0.47, 0.89, 1.69, 0.00, 0.00, 0.00, 1.00, 1.00, 0.00, 0.00, 0.00, 0.00, 0.00, 0.00, 0.00, 0.00, 1.00, 0.00, 0.00, 0.00, 0.00, 0.00
9584, 0, 361.333, 0.98, 1, 0.26, 0.02, 0.55, 0.00, 0.00, 0.00, 0.00, 2.54, 0.00, 0.00, 2.41, 1.56, 1.34, 0.49, 0.80, 1.71, 0.00, 0.00, 0.00, 1.00, 1.00, 0.00, 0.00, 0.00, 0.00, 0.00, 0.00, 0.00, 0.00, 1.00, 0.00, 0.00, 0.00, 0.00, 0.00
9585, 0, 361.371, 0.98, 1, 0.36, 0.02, 0.67, 0.00, 0.00, 0.00, 0.00, 1.98, 0.00, 0.00, 2.55, 1.01, 0.95, 0.44, 0.73, 1.11, 0.00, 0.00, 0.00, 1.00, 1.00, 0.00, 0.00, 0.00, 0.00, 0.00, 0.00, 0.00, 0.00, 1.00, 0.00, 0.00, 0.00, 0.00, 0.00
9586, 0, 361.408, 0.98, 1, 0.24, 0.00, 0.68, 0.00, 0.00, 0.03, 0.01, 1.68, 0.00, 0.00, 2.41, 0.54, 0.75, 0.38, 0.73, 0.59, 0.00, 0.00, 0.00, 1.00, 1.00, 0.00, 0.00, 0.00, 0.00, 0.00, 0.00, 0.00, 0.00, 1.00, 0.00, 0.00, 0.00, 0.00, 0.00
9587, 0, 361.446, 0.98, 1, 0.25, 0.00, 0.58, 0.00, 0.00, 0.03, 0.01, 1.36, 0.00, 0.00, 2.64, 0.09, 0.24, 0.21, 0.76, 0.04, 0.00, 0.00, 0.00, 1.00, 1.00, 0.00, 0.00, 0.00, 0.00, 0.00, 0.00, 0.00, 0.00, 1.00, 0.00, 0.00, 0.00, 0.00, 0.00
9588, 0, 361.484, 0.98, 1, 0.21, 0.00, 0.56, 0.00, 0.00, 0.03, 0.01, 1.47, 0.00, 0.00, 2.56, 0.25, 0.32, 0.11, 0.77, 0.20, 0.00, 0.00, 0.00, 1.00, 1.00, 0.00, 0.00, 0.00, 0.00, 0.00, 0.00, 0.00, 0.00, 1.00, 0.00, 0.00, 0.00, 0.00, 0.00
9589, 0, 361.522, 0.98, 1, 0.14, 0.00, 0.57, 0.00, 0.00, 0.00, 0.04, 1.46, 0.00, 0.00, 2.81, 0.24, 0.18, 0.01, 0.84, 0.20, 0.00, 0.00, 0.00, 1.00, 1.00, 0.00, 0.00, 0.00, 0.00, 0.00, 0.00, 0.00, 0.00, 1.00, 0.00, 0.00, 0.00, 0.00, 0.00
9590, 0, 361.559, 0.98, 1, 0.29, 0.00, 0.66, 0.00, 0.00, 0.00, 0.14, 1.82, 0.00, 0.00, 2.44, 0.57, 0.43, 0.09, 0.57, 0.57, 0.00, 0.00, 0.00, 1.00, 1.00, 0.00, 0.00, 0.00, 0.00, 0.00, 0.00, 0.00, 0.00, 1.00, 0.00, 0.00, 0.00, 0.00, 0.00
9591, 0, 361.597, 0.98, 1, 0.49, 0.00, 0.67, 0.00, 0.00, 0.00, 0.17, 1.99, 0.00, 0.00, 2.38, 0.54, 0.45, 0.20, 0.41, 0.77, 0.00, 0.00, 0.00, 1.00, 1.00, 0.00, 0.00, 0.00, 0.00, 0.00, 0.00, 0.00, 0.00, 1.00, 0.00, 0.00, 0.00, 0.00, 0.00
9592, 0, 361.635, 0.98, 1, 0.80, 0.00, 0.61, 0.00, 0.00, 0.00, 0.13, 2.27, 0.00, 0.00, 2.55, 0.75, 0.48, 0.28, 0.40, 1.16, 0.00, 0.00, 0.00, 1.00, 1.00, 0.00, 0.00, 0.00, 0.00, 0.00, 0.00, 0.00, 0.00, 1.00, 0.00, 0.00, 0.00, 0.00, 0.00
9593, 0, 361.672, 0.98, 1, 0.88, 0.00, 0.45, 0.00, 0.00, 0.00, 0.03, 2.29, 0.00, 0.00, 3.06, 0.64, 0.28, 0.27, 0.45, 1.13, 0.00, 0.00, 0.00, 1.00, 1.00, 0.00, 0.00, 0.00, 0.00, 0.00, 0.00, 0.00, 0.00, 1.00, 0.00, 0.00, 0.00, 0.00, 0.00
9594, 0, 361.710, 0.98, 1, 0.95, 0.00, 0.31, 0.00, 0.00, 0.00, 0.00, 2.39, 0.00, 0.00, 3.45, 0.76, 0.21, 0.23, 0.54, 1.17, 0.00, 1.00, 0.00, 1.00, 1.00, 0.00, 0.00, 0.00, 0.00, 0.00, 0.00, 0.00, 0.00, 1.00, 0.00, 0.00, 0.00, 0.00, 0.00
9595, 0, 361.748, 0.98, 1, 0.98, 0.00, 0.34, 0.00, 0.00, 0.00, 0.00, 2.68, 0.00, 0.00, 3.98, 1.15, 0.56, 0.14, 1.19, 1.14, 0.00, 0.00, 0.00, 1.00, 1.00, 0.00, 0.00, 0.00, 0.00, 0.00, 0.00, 0.00, 0.00, 1.00, 0.00, 0.00, 0.00, 0.00, 0.00
9596, 0, 361.786, 0.98, 1, 1.03, 0.00, 0.46, 0.00, 0.00, 0.00, 0.00, 2.82, 0.00, 0.00, 4.56, 1.48, 1.16, 0.07, 2.14, 1.32, 0.00, 0.00, 0.00, 1.00, 1.00, 0.00, 0.00, 0.00, 0.00, 0.00, 0.00, 0.00, 0.00, 1.00, 0.00, 0.00, 0.00, 0.00, 0.00
9597, 0, 361.823, 0.98, 1, 1.17, 0.00, 0.64, 0.00, 0.00, 0.00, 0.00, 2.98, 0.00, 0.00, 5.00, 1.90, 2.02, 0.00, 2.88, 1.64, 0.00, 1.00, 0.00, 1.00, 1.00, 0.00, 0.00, 0.00, 0.00, 0.00, 0.00, 0.00, 0.00, 1.00, 0.00, 0.00, 0.00, 0.00, 0.00
9598, 0, 361.861, 0.98, 1, 1.22, 0.05, 0.69, 0.00, 0.00, 0.00, 0.00, 2.65, 0.00, 0.00, 4.84, 1.51, 1.68, 0.00, 2.53, 1.46, 0.00, 1.00, 0.00, 1.00, 1.00, 0.00, 0.00, 0.00, 0.00, 0.00, 0.00, 0.00, 0.00, 1.00, 0.00, 0.00, 0.00, 0.00, 0.00
9599, 0, 361.899, 0.98, 1, 1.20, 0.07, 0.73, 0.00, 0.00, 0.00, 0.00, 2.39, 0.00, 0.00, 4.58, 1.23, 1.38, 0.00, 2.19, 1.09, 0.00, 1.00, 0.00, 1.00, 1.00, 0.00, 0.00, 0.00, 0.00, 0.00, 0.00, 0.00, 0.00, 1.00, 0.00, 0.00, 0.00, 0.00, 0.00
9600, 0, 361.936, 0.98, 1, 0.91, 0.07, 0.70, 0.00, 0.00, 0.00, 0.00, 2.03, 0.00, 0.00, 3.62, 0.54, 0.90, 0.00, 1.66, 0.49, 0.00, 0.00, 0.00, 1.00, 1.00, 0.00, 0.00, 0.00, 0.00, 0.00, 0.00, 0.00, 0.00, 1.00, 0.00, 0.00, 0.00, 0.00, 0.00
9601, 0, 361.974, 0.98, 1, 0.71, 0.02, 0.70, 0.00, 0.00, 0.01, 0.00, 1.96, 0.00, 0.00, 2.99, 0.34, 1.31, 0.00, 1.49, 0.50, 0.00, 0.00, 0.00, 1.00, 1.00, 0.00, 0.00, 0.00, 0.00, 0.00, 0.00, 0.00, 0.00, 1.00, 0.00, 0.00, 0.00, 0.00, 0.00
9602, 0, 362.012, 0.98, 1, 0.56, 0.00, 0.67, 0.00, 0.00, 0.03, 0.00, 2.01, 0.00, 0.00, 2.79, 0.10, 1.40, 0.00, 1.29, 0.67, 0.00, 1.00, 0.00, 1.00, 1.00, 0.00, 0.00, 0.00, 0.00, 0.00, 0.00, 0.00, 0.00, 1.00, 0.00, 0.00, 0.00, 0.00, 0.00
9603, 0, 362.049, 0.98, 1, 0.63, 0.00, 0.56, 0.00, 0.00, 0.03, 0.00, 1.99, 0.00, 0.00, 3.12, 0.12, 1.37, 0.00, 1.45, 1.06, 0.00, 0.00, 0.00, 1.00, 1.00, 0.00, 0.00, 0.00, 0.00, 0.00, 0.00, 0.00, 0.00, 1.00, 0.00, 0.00, 0.00, 0.00, 0.00
9604, 0, 362.087, 0.98, 1, 0.54, 0.00, 0.39, 0.00, 0.00, 0.02, 0.00, 1.96, 0.00, 0.00, 3.07, 0.07, 1.20, 0.01, 1.60, 1.13, 0.00, 0.00, 0.00, 1.00, 1.00, 0.00, 0.00, 0.00, 0.00, 0.00, 0.00, 0.00, 0.00, 1.00, 0.00, 0.00, 0.00, 0.00, 0.00
9605, 0, 362.125, 0.98, 1, 0.60, 0.00, 0.39, 0.00, 0.02, 0.00, 0.00, 1.99, 0.00, 0.00, 3.13, 0.34, 1.33, 0.10, 1.75, 1.33, 0.00, 0.00, 0.00, 1.00, 1.00, 0.00, 0.00, 0.00, 0.00, 0.00, 0.00, 0.00, 0.00, 1.00, 0.00, 0.00, 0.00, 0.00, 0.00
9606, 0, 362.163, 0.98, 1, 0.60, 0.00, 0.40, 0.00, 0.03, 0.00, 0.00, 2.25, 0.00, 0.00, 3.36, 0.65, 1.52, 0.20, 1.88, 1.38, 0.00, 0.00, 0.00, 1.00, 1.00, 0.00, 0.00, 0.00, 0.00, 0.00, 0.00, 0.00, 0.00, 1.00, 0.00, 0.00, 0.00, 0.00, 0.00
9607, 0, 362.200, 0.98, 1, 0.79, 0.00, 0.64, 0.00, 0.03, 0.00, 0.00, 2.38, 0.00, 0.00, 3.55, 0.82, 1.66, 0.28, 1.82, 1.73, 0.00, 0.00, 0.00, 1.00, 1.00, 0.00, 0.00, 0.00, 0.00, 0.00, 0.00, 0.00, 0.00, 1.00, 0.00, 0.00, 0.00, 0.00, 0.00
9608, 0, 362.238, 0.98, 1, 0.86, 0.00, 0.78, 0.00, 0.01, 0.00, 0.00, 2.37, 0.00, 0.00, 3.19, 0.68, 1.33, 0.30, 1.75, 1.76, 0.00, 0.00, 0.00, 1.00, 1.00, 0.00, 0.00, 0.00, 0.00, 0.00, 0.00, 0.00, 0.00, 1.00, 0.00, 0.00, 0.00, 0.00, 0.00
9609, 0, 362.276, 0.98, 1, 0.97, 0.00, 0.94, 0.00, 0.00, 0.00, 0.00, 2.35, 0.00, 0.00, 3.02, 0.91, 1.09, 0.38, 1.58, 1.82, 0.00, 0.00, 0.00, 1.00, 1.00, 0.00, 0.00, 0.00, 0.00, 0.00, 0.00, 0.00, 0.00, 1.00, 0.00, 0.00, 0.00, 0.00, 0.00
9610, 0, 362.313, 0.98, 1, 0.86, 0.00, 0.96, 0.00, 0.01, 0.00, 0.00, 2.15, 0.00, 0.00, 2.69, 0.75, 0.59, 0.34, 1.27, 1.16, 0.00, 0.00, 0.00, 1.00, 1.00, 0.00, 0.00, 0.00, 0.00, 0.00, 0.00, 0.00, 1.00, 1.00, 0.00, 0.00, 0.00, 0.00, 0.00
9611, 0, 362.351, 0.98, 1, 0.70, 0.00, 0.76, 0.00, 0.01, 0.00, 0.00, 1.96, 0.00, 0.00, 2.72, 0.61, 0.34, 0.27, 1.08, 0.60, 0.00, 0.00, 0.00, 1.00, 1.00, 0.00, 0.00, 0.00, 0.00, 0.00, 0.00, 0.00, 0.00, 1.00, 0.00, 0.00, 0.00, 0.00, 0.00
9612, 0, 362.389, 0.98, 1, 0.50, 0.00, 0.37, 0.00, 0.00, 0.00, 0.00, 1.76, 0.00, 0.00, 2.83, 0.13, 0.00, 0.12, 1.04, 0.00, 0.00, 0.00, 0.00, 1.00, 1.00, 0.00, 0.00, 0.00, 0.00, 0.00, 0.00, 0.00, 0.00, 1.00, 0.00, 0.00, 0.00, 0.00, 0.00
